,AGEP,COW,SCHL,MAR,OCCP,POBP,RELP,WKHP,SEX,RAC1P,PINCP
0,69.0,1.0,21.0,1.0,0,49.0,0.0,45.0,1,1,1
1,27.0,1.0,16.0,5.0,1,49.0,2.0,15.0,1,1,0
2,41.0,6.0,16.0,1.0,1,49.0,1.0,3.0,0,1,0
3,49.0,1.0,19.0,1.0,2,36.0,0.0,6.0,0,1,0
4,55.0,1.0,16.0,4.0,2,49.0,0.0,40.0,0,1,0
5,62.0,6.0,16.0,1.0,2,49.0,1.0,30.0,0,1,0
6,76.0,2.0,19.0,5.0,2,49.0,0.0,50.0,1,1,0
7,43.0,3.0,19.0,1.0,0,38.0,1.0,40.0,0,1,0
8,23.0,1.0,16.0,5.0,0,49.0,2.0,40.0,1,1,0
9,41.0,1.0,16.0,1.0,1,467.0,1.0,40.0,0,0,0
10,27.0,6.0,16.0,5.0,1,49.0,17.0,20.0,0,1,0
11,23.0,1.0,19.0,1.0,4,12.0,0.0,40.0,0,1,0
12,54.0,7.0,18.0,1.0,4,6.0,1.0,30.0,0,0,0
13,47.0,1.0,17.0,3.0,1,37.0,0.0,32.0,0,0,0
14,37.0,1.0,16.0,1.0,4,49.0,1.0,40.0,1,1,1
15,40.0,1.0,21.0,1.0,0,110.0,1.0,40.0,0,1,0
16,17.0,1.0,14.0,5.0,2,13.0,2.0,40.0,0,1,0
17,19.0,4.0,18.0,5.0,0,49.0,3.0,40.0,0,1,0
18,24.0,1.0,16.0,4.0,1,54.0,2.0,62.0,1,1,0
19,66.0,3.0,22.0,3.0,0,40.0,0.0,40.0,0,1,1
20,52.0,1.0,20.0,3.0,2,49.0,13.0,40.0,0,1,0
21,28.0,2.0,18.0,1.0,0,41.0,1.0,38.0,0,1,1
22,56.0,4.0,21.0,1.0,2,150.0,1.0,40.0,0,1,1
23,70.0,1.0,15.0,5.0,4,49.0,13.0,52.0,1,1,1
24,36.0,1.0,19.0,1.0,1,314.0,1.0,40.0,0,1,1
25,67.0,1.0,23.0,1.0,0,49.0,0.0,52.0,1,1,1
26,35.0,4.0,16.0,5.0,1,49.0,2.0,40.0,0,1,0
27,62.0,5.0,16.0,4.0,3,49.0,0.0,50.0,1,1,1
28,21.0,1.0,19.0,5.0,3,6.0,2.0,40.0,1,1,0
29,31.0,1.0,21.0,1.0,0,49.0,0.0,48.0,1,1,1
30,63.0,1.0,22.0,1.0,0,49.0,1.0,40.0,1,1,1
31,36.0,3.0,18.0,1.0,1,49.0,0.0,17.0,0,1,0
32,19.0,1.0,18.0,5.0,1,31.0,17.0,15.0,0,0,0
33,48.0,6.0,16.0,1.0,4,370.0,1.0,70.0,1,1,1
34,61.0,1.0,21.0,1.0,0,49.0,0.0,40.0,1,1,1
35,34.0,1.0,17.0,1.0,0,4.0,1.0,45.0,0,1,1
36,47.0,1.0,17.0,5.0,2,31.0,0.0,50.0,1,1,1
37,54.0,6.0,19.0,1.0,0,49.0,1.0,30.0,1,1,0
38,55.0,4.0,15.0,3.0,2,48.0,0.0,20.0,0,1,0
39,39.0,5.0,20.0,1.0,3,49.0,1.0,40.0,1,1,1
40,56.0,3.0,21.0,1.0,0,49.0,0.0,24.0,0,1,0
41,30.0,1.0,20.0,1.0,0,49.0,0.0,40.0,1,1,1
42,27.0,1.0,21.0,1.0,0,301.0,0.0,45.0,1,1,1
43,41.0,1.0,16.0,4.0,3,303.0,16.0,30.0,1,1,0
44,23.0,1.0,16.0,5.0,0,6.0,15.0,40.0,0,1,0
45,18.0,1.0,19.0,5.0,2,242.0,17.0,40.0,1,1,0
46,38.0,4.0,22.0,1.0,0,53.0,0.0,45.0,0,1,1
47,60.0,1.0,21.0,1.0,0,49.0,0.0,52.0,1,1,1
48,31.0,6.0,19.0,1.0,0,49.0,0.0,15.0,0,1,0
49,18.0,1.0,18.0,5.0,2,49.0,17.0,18.0,0,1,0
50,55.0,1.0,20.0,1.0,3,15.0,0.0,40.0,0,0,1
51,56.0,1.0,22.0,3.0,0,49.0,0.0,5.0,1,1,1
52,39.0,1.0,21.0,1.0,0,49.0,0.0,40.0,1,1,1
53,39.0,2.0,20.0,3.0,1,49.0,0.0,40.0,0,1,0
54,45.0,7.0,16.0,1.0,2,53.0,0.0,75.0,0,1,0
55,18.0,3.0,14.0,5.0,1,49.0,2.0,40.0,0,1,0
56,57.0,7.0,19.0,1.0,2,56.0,1.0,50.0,0,0,1
57,56.0,1.0,21.0,1.0,0,49.0,0.0,45.0,0,1,1
58,57.0,3.0,21.0,5.0,0,49.0,0.0,38.0,1,1,1
59,27.0,1.0,21.0,1.0,0,49.0,0.0,40.0,1,1,1
60,42.0,1.0,21.0,1.0,2,49.0,1.0,35.0,0,1,0
61,21.0,1.0,20.0,1.0,4,49.0,0.0,40.0,1,1,1
62,48.0,2.0,21.0,1.0,0,42.0,0.0,10.0,0,1,0
63,45.0,1.0,22.0,1.0,0,515.0,1.0,50.0,0,1,1
64,60.0,1.0,19.0,1.0,0,162.0,0.0,40.0,1,1,1
65,32.0,2.0,18.0,1.0,2,49.0,1.0,20.0,1,1,1
66,66.0,3.0,21.0,1.0,0,49.0,0.0,50.0,0,1,1
67,29.0,1.0,19.0,1.0,1,49.0,2.0,40.0,1,1,0
68,21.0,1.0,16.0,5.0,3,35.0,12.0,5.0,1,1,0
69,43.0,1.0,16.0,1.0,2,49.0,1.0,30.0,0,1,0
70,62.0,1.0,19.0,1.0,4,49.0,1.0,45.0,1,1,1
71,26.0,4.0,22.0,5.0,0,49.0,0.0,40.0,0,1,1
72,46.0,1.0,16.0,1.0,4,49.0,0.0,40.0,1,1,1
73,52.0,1.0,22.0,1.0,0,49.0,0.0,70.0,1,1,1
74,40.0,5.0,21.0,1.0,0,49.0,0.0,40.0,0,1,1
75,24.0,6.0,16.0,5.0,1,6.0,13.0,22.0,1,1,0
76,18.0,1.0,16.0,3.0,1,49.0,2.0,6.0,0,1,0
77,45.0,1.0,21.0,1.0,1,49.0,1.0,35.0,0,1,0
78,75.0,4.0,19.0,2.0,2,49.0,0.0,40.0,1,1,1
79,69.0,6.0,21.0,1.0,0,39.0,0.0,30.0,0,1,0
80,45.0,3.0,21.0,1.0,0,49.0,1.0,40.0,0,1,1
81,28.0,1.0,16.0,3.0,4,49.0,2.0,30.0,1,1,0
82,53.0,5.0,16.0,1.0,1,16.0,0.0,40.0,0,1,1
83,44.0,1.0,21.0,1.0,2,53.0,1.0,50.0,1,1,1
84,36.0,1.0,21.0,1.0,4,49.0,0.0,40.0,1,1,0
85,35.0,1.0,17.0,1.0,4,49.0,16.0,42.0,1,1,0
86,18.0,5.0,16.0,5.0,4,49.0,2.0,40.0,1,1,0
87,42.0,1.0,15.0,1.0,1,49.0,0.0,45.0,1,1,1
88,34.0,1.0,22.0,1.0,0,49.0,0.0,40.0,0,1,0
89,63.0,4.0,21.0,1.0,4,49.0,0.0,40.0,1,1,1
90,24.0,1.0,16.0,5.0,2,49.0,5.0,40.0,0,1,0
91,63.0,5.0,21.0,5.0,0,49.0,17.0,40.0,1,1,1
92,56.0,1.0,21.0,1.0,2,49.0,0.0,50.0,1,1,1
93,66.0,7.0,16.0,1.0,4,6.0,1.0,55.0,1,1,1
94,20.0,1.0,16.0,5.0,1,49.0,11.0,34.0,0,1,0
95,27.0,7.0,20.0,1.0,1,49.0,0.0,40.0,1,1,1
96,48.0,1.0,21.0,1.0,4,49.0,0.0,40.0,1,1,1
97,46.0,1.0,21.0,1.0,0,49.0,0.0,60.0,1,0,1
98,39.0,3.0,19.0,1.0,1,49.0,1.0,18.0,0,1,0
99,40.0,1.0,20.0,3.0,4,37.0,0.0,40.0,0,1,1
100,47.0,3.0,21.0,1.0,0,40.0,0.0,50.0,0,1,1
101,38.0,1.0,16.0,1.0,4,49.0,1.0,40.0,1,1,1
102,32.0,1.0,21.0,1.0,0,16.0,1.0,45.0,1,1,1
103,40.0,4.0,21.0,1.0,0,49.0,1.0,40.0,1,1,0
104,53.0,1.0,16.0,3.0,4,42.0,2.0,60.0,1,1,1
105,61.0,1.0,14.0,1.0,3,48.0,0.0,40.0,1,1,1
106,45.0,1.0,18.0,3.0,2,6.0,0.0,18.0,0,0,0
107,40.0,2.0,19.0,1.0,2,40.0,1.0,40.0,0,1,0
108,50.0,1.0,16.0,5.0,2,49.0,0.0,80.0,0,0,1
109,37.0,1.0,18.0,1.0,4,49.0,1.0,30.0,1,1,0
110,51.0,6.0,21.0,5.0,0,41.0,0.0,60.0,1,1,1
111,63.0,3.0,1.0,1.0,1,49.0,17.0,10.0,1,1,0
112,27.0,1.0,23.0,1.0,0,49.0,0.0,40.0,0,1,1
113,33.0,1.0,20.0,1.0,1,66.0,0.0,40.0,0,0,1
114,45.0,1.0,15.0,1.0,4,49.0,0.0,42.0,1,0,1
115,39.0,1.0,18.0,5.0,3,6.0,0.0,40.0,1,1,1
116,18.0,1.0,19.0,5.0,1,312.0,17.0,45.0,0,0,0
117,21.0,3.0,19.0,5.0,0,233.0,17.0,40.0,0,0,0
118,21.0,1.0,18.0,5.0,3,49.0,2.0,40.0,1,1,0
119,18.0,1.0,18.0,5.0,1,49.0,2.0,8.0,0,1,0
120,20.0,4.0,19.0,5.0,2,17.0,2.0,15.0,0,1,0
121,46.0,1.0,16.0,1.0,3,30.0,1.0,40.0,1,1,1
122,63.0,5.0,21.0,1.0,0,49.0,0.0,40.0,0,1,1
123,66.0,1.0,20.0,3.0,0,16.0,0.0,16.0,0,1,0
124,70.0,3.0,19.0,1.0,0,17.0,0.0,14.0,1,1,1
125,57.0,1.0,16.0,3.0,4,49.0,10.0,40.0,1,1,0
126,63.0,1.0,24.0,1.0,0,6.0,0.0,40.0,1,1,1
127,49.0,1.0,18.0,1.0,1,6.0,0.0,20.0,0,1,0
128,30.0,7.0,20.0,1.0,0,48.0,0.0,30.0,0,1,0
129,33.0,1.0,12.0,5.0,3,49.0,2.0,60.0,1,1,1
130,18.0,1.0,15.0,5.0,2,49.0,2.0,50.0,0,1,0
131,21.0,1.0,19.0,5.0,1,26.0,0.0,40.0,0,1,0
132,43.0,1.0,17.0,5.0,4,16.0,10.0,20.0,1,1,0
133,69.0,1.0,24.0,1.0,0,49.0,0.0,40.0,1,1,1
134,17.0,1.0,14.0,5.0,4,49.0,5.0,40.0,1,1,0
135,75.0,2.0,22.0,2.0,0,6.0,0.0,30.0,0,1,0
136,38.0,1.0,16.0,1.0,3,49.0,1.0,80.0,1,1,1
137,59.0,1.0,16.0,4.0,2,49.0,6.0,41.0,0,1,0
138,41.0,1.0,16.0,5.0,0,49.0,0.0,8.0,0,1,0
139,22.0,1.0,16.0,5.0,4,49.0,2.0,40.0,1,1,0
140,71.0,6.0,19.0,3.0,1,49.0,0.0,44.0,1,1,1
141,52.0,1.0,19.0,1.0,0,362.0,0.0,50.0,1,1,1
142,40.0,1.0,8.0,3.0,3,6.0,7.0,40.0,1,1,0
143,22.0,1.0,15.0,5.0,2,49.0,2.0,40.0,0,1,0
144,69.0,3.0,19.0,1.0,1,66.0,1.0,40.0,1,0,0
145,67.0,7.0,9.0,1.0,0,11.0,1.0,40.0,1,1,1
146,27.0,1.0,17.0,5.0,4,49.0,10.0,40.0,1,1,1
147,35.0,4.0,21.0,3.0,2,49.0,15.0,40.0,0,1,1
148,25.0,6.0,21.0,1.0,2,49.0,10.0,15.0,1,1,0
149,57.0,1.0,16.0,1.0,2,16.0,0.0,20.0,1,1,0
150,56.0,1.0,18.0,1.0,4,49.0,0.0,40.0,0,0,0
151,46.0,4.0,21.0,1.0,0,49.0,1.0,40.0,0,1,1
152,53.0,3.0,18.0,1.0,0,303.0,1.0,40.0,0,1,0
153,25.0,1.0,21.0,1.0,0,303.0,0.0,43.0,1,1,1
154,27.0,1.0,19.0,5.0,3,217.0,13.0,40.0,1,0,1
155,42.0,7.0,19.0,1.0,-1,49.0,1.0,45.0,1,1,1
156,20.0,1.0,16.0,5.0,4,49.0,2.0,40.0,1,1,0
157,17.0,1.0,14.0,5.0,2,48.0,2.0,20.0,0,1,0
158,45.0,1.0,21.0,1.0,0,6.0,0.0,50.0,1,1,1
159,21.0,1.0,18.0,5.0,2,55.0,8.0,40.0,0,1,0
160,50.0,4.0,19.0,2.0,1,49.0,12.0,40.0,0,0,0
161,39.0,1.0,20.0,1.0,0,49.0,1.0,40.0,0,1,1
162,46.0,1.0,17.0,3.0,2,364.0,0.0,40.0,1,1,1
163,34.0,1.0,22.0,1.0,0,49.0,0.0,70.0,1,1,1
164,60.0,1.0,19.0,1.0,1,49.0,1.0,40.0,0,1,1
165,28.0,1.0,19.0,1.0,0,49.0,0.0,45.0,1,1,1
166,22.0,1.0,18.0,1.0,2,49.0,1.0,40.0,0,1,0
167,50.0,1.0,21.0,3.0,0,362.0,0.0,40.0,0,1,1
168,39.0,3.0,16.0,1.0,1,49.0,1.0,28.0,0,1,0
169,49.0,1.0,21.0,1.0,3,231.0,0.0,42.0,1,0,1
170,37.0,1.0,22.0,1.0,0,6.0,0.0,80.0,1,1,1
171,48.0,4.0,21.0,1.0,0,8.0,1.0,12.0,0,1,0
172,52.0,1.0,19.0,1.0,2,49.0,1.0,37.0,0,1,1
173,24.0,1.0,20.0,1.0,2,49.0,1.0,24.0,0,1,0
174,52.0,1.0,16.0,3.0,2,49.0,10.0,45.0,0,1,1
175,29.0,3.0,22.0,1.0,0,48.0,0.0,40.0,1,1,1
176,60.0,2.0,21.0,1.0,2,49.0,0.0,40.0,0,1,0
177,39.0,1.0,22.0,1.0,0,49.0,0.0,45.0,0,1,1
178,58.0,6.0,24.0,1.0,1,49.0,0.0,40.0,1,1,1
179,63.0,6.0,19.0,1.0,0,49.0,0.0,35.0,0,1,0
180,38.0,1.0,19.0,1.0,2,451.0,1.0,30.0,0,0,0
181,41.0,1.0,13.0,1.0,1,49.0,1.0,40.0,1,1,1
182,17.0,2.0,13.0,5.0,1,6.0,4.0,19.0,0,1,0
183,25.0,1.0,23.0,1.0,0,49.0,1.0,40.0,1,1,0
184,25.0,1.0,19.0,5.0,3,49.0,2.0,36.0,1,1,0
185,59.0,4.0,20.0,3.0,0,49.0,0.0,40.0,1,1,1
186,21.0,1.0,20.0,1.0,1,360.0,1.0,40.0,0,1,0
187,44.0,3.0,19.0,5.0,2,6.0,0.0,40.0,0,1,1
188,39.0,1.0,13.0,1.0,0,2.0,1.0,40.0,0,1,1
189,77.0,1.0,16.0,1.0,3,49.0,1.0,40.0,1,1,1
190,37.0,1.0,20.0,1.0,4,49.0,0.0,40.0,1,1,0
191,18.0,1.0,16.0,5.0,1,49.0,2.0,50.0,0,1,0
192,50.0,4.0,21.0,1.0,0,49.0,0.0,20.0,0,1,0
193,32.0,1.0,19.0,1.0,0,49.0,1.0,50.0,1,1,1
194,33.0,2.0,20.0,1.0,2,32.0,2.0,40.0,0,1,1
195,53.0,1.0,20.0,1.0,0,49.0,1.0,50.0,0,1,1
196,27.0,1.0,21.0,1.0,0,6.0,0.0,40.0,0,1,1
197,42.0,1.0,19.0,1.0,1,17.0,1.0,20.0,0,1,0
198,34.0,1.0,17.0,1.0,2,49.0,0.0,50.0,0,1,0
199,30.0,1.0,11.0,5.0,1,49.0,5.0,30.0,1,1,0
200,30.0,1.0,21.0,5.0,-1,38.0,0.0,40.0,0,1,1
201,43.0,1.0,16.0,1.0,3,49.0,1.0,60.0,1,1,1
202,54.0,1.0,18.0,1.0,2,31.0,0.0,40.0,1,1,1
203,36.0,1.0,20.0,1.0,0,34.0,1.0,50.0,1,1,1
204,28.0,1.0,19.0,3.0,2,6.0,0.0,40.0,0,1,1
205,74.0,6.0,19.0,1.0,0,49.0,0.0,45.0,1,1,1
206,42.0,5.0,14.0,3.0,2,49.0,0.0,40.0,1,1,1
207,59.0,1.0,19.0,1.0,3,49.0,1.0,30.0,1,1,0
208,52.0,6.0,12.0,2.0,1,26.0,6.0,10.0,0,1,0
209,23.0,1.0,20.0,5.0,0,49.0,2.0,40.0,0,1,0
210,21.0,1.0,16.0,3.0,4,49.0,12.0,16.0,1,1,1
211,40.0,1.0,20.0,3.0,0,49.0,0.0,40.0,1,1,1
212,55.0,2.0,14.0,1.0,1,26.0,1.0,40.0,1,1,0
213,42.0,3.0,16.0,1.0,2,41.0,0.0,70.0,1,1,0
214,34.0,1.0,19.0,1.0,3,247.0,1.0,40.0,1,0,1
215,55.0,1.0,18.0,1.0,4,217.0,0.0,35.0,1,0,1
216,44.0,4.0,21.0,1.0,0,49.0,0.0,35.0,0,1,0
217,27.0,4.0,16.0,1.0,1,303.0,0.0,25.0,0,0,0
218,33.0,1.0,17.0,3.0,1,16.0,2.0,40.0,0,1,0
219,31.0,2.0,21.0,1.0,0,247.0,0.0,40.0,1,0,1
220,45.0,1.0,18.0,1.0,4,49.0,1.0,30.0,0,1,0
221,58.0,1.0,16.0,1.0,3,370.0,1.0,40.0,1,0,1
222,59.0,1.0,21.0,1.0,2,8.0,0.0,35.0,1,1,1
223,18.0,1.0,15.0,5.0,1,17.0,2.0,36.0,0,1,0
224,33.0,3.0,21.0,5.0,0,32.0,17.0,20.0,0,1,0
225,57.0,1.0,15.0,3.0,4,49.0,0.0,48.0,1,1,1
226,42.0,7.0,21.0,1.0,3,4.0,0.0,50.0,1,0,1
227,18.0,1.0,18.0,5.0,0,16.0,17.0,20.0,0,1,0
228,43.0,3.0,21.0,1.0,0,49.0,1.0,5.0,1,1,1
229,28.0,5.0,21.0,5.0,0,49.0,0.0,40.0,1,1,1
230,67.0,1.0,19.0,5.0,-1,49.0,0.0,40.0,0,1,1
231,22.0,1.0,19.0,1.0,2,49.0,1.0,40.0,1,1,0
232,36.0,1.0,19.0,1.0,2,49.0,0.0,20.0,1,1,0
233,30.0,1.0,20.0,1.0,0,49.0,1.0,55.0,1,1,1
234,73.0,3.0,18.0,5.0,0,247.0,0.0,25.0,0,0,0
235,21.0,1.0,19.0,5.0,0,49.0,0.0,50.0,1,1,1
236,25.0,4.0,20.0,5.0,2,49.0,12.0,30.0,0,1,0
237,38.0,1.0,20.0,1.0,3,12.0,1.0,45.0,0,1,1
238,56.0,3.0,21.0,3.0,0,19.0,0.0,5.0,0,1,1
239,68.0,1.0,16.0,3.0,1,49.0,2.0,55.0,1,1,1
240,49.0,1.0,21.0,1.0,0,49.0,1.0,40.0,0,1,0
241,22.0,6.0,19.0,5.0,1,49.0,0.0,29.0,0,1,0
242,66.0,4.0,22.0,3.0,1,49.0,11.0,55.0,1,1,1
243,28.0,1.0,19.0,1.0,2,49.0,1.0,2.0,0,1,0
244,27.0,1.0,21.0,1.0,4,49.0,0.0,50.0,1,1,0
245,55.0,4.0,20.0,1.0,0,6.0,0.0,20.0,0,1,0
246,48.0,1.0,15.0,5.0,4,49.0,2.0,40.0,1,1,0
247,21.0,2.0,18.0,5.0,2,49.0,2.0,12.0,0,1,0
248,35.0,1.0,20.0,1.0,4,6.0,1.0,80.0,1,1,1
249,21.0,1.0,19.0,5.0,0,6.0,2.0,35.0,1,1,0
250,18.0,1.0,16.0,5.0,1,55.0,15.0,43.0,0,1,0
251,57.0,1.0,18.0,1.0,3,49.0,0.0,36.0,1,1,1
252,59.0,1.0,18.0,1.0,3,49.0,1.0,40.0,1,1,1
253,18.0,1.0,19.0,5.0,1,51.0,2.0,40.0,1,1,0
254,18.0,1.0,13.0,5.0,1,49.0,16.0,20.0,1,1,0
255,20.0,1.0,16.0,5.0,2,16.0,3.0,35.0,0,1,0
256,34.0,6.0,17.0,1.0,4,49.0,0.0,15.0,1,1,0
257,64.0,1.0,13.0,1.0,3,15.0,0.0,52.0,1,0,1
258,63.0,6.0,21.0,1.0,1,6.0,0.0,45.0,1,1,1
259,25.0,1.0,21.0,5.0,4,8.0,12.0,43.0,1,0,0
260,24.0,1.0,19.0,5.0,4,303.0,2.0,20.0,1,0,0
261,61.0,1.0,6.0,2.0,3,49.0,0.0,3.0,0,0,0
262,54.0,1.0,1.0,1.0,4,49.0,1.0,40.0,1,1,1
263,29.0,1.0,20.0,1.0,0,49.0,0.0,50.0,1,1,0
264,47.0,7.0,21.0,1.0,1,48.0,1.0,40.0,0,1,0
265,40.0,1.0,19.0,1.0,1,49.0,0.0,40.0,1,1,1
266,28.0,1.0,17.0,5.0,2,49.0,7.0,40.0,0,1,0
267,66.0,4.0,21.0,1.0,0,49.0,0.0,40.0,1,1,1
268,42.0,1.0,21.0,1.0,0,110.0,0.0,40.0,1,1,1
269,17.0,1.0,17.0,5.0,3,49.0,2.0,30.0,1,0,0
270,49.0,3.0,20.0,1.0,1,49.0,1.0,25.0,0,1,0
271,60.0,5.0,16.0,1.0,2,49.0,1.0,16.0,0,1,0
272,34.0,1.0,22.0,3.0,0,42.0,0.0,65.0,0,1,1
273,49.0,1.0,21.0,1.0,0,49.0,1.0,40.0,1,1,1
274,59.0,1.0,21.0,1.0,4,49.0,1.0,50.0,1,1,1
275,52.0,1.0,16.0,1.0,3,110.0,0.0,24.0,0,1,0
276,41.0,4.0,21.0,1.0,0,49.0,0.0,40.0,0,1,1
277,54.0,1.0,16.0,1.0,0,303.0,1.0,42.0,1,1,1
278,68.0,6.0,19.0,1.0,2,26.0,0.0,15.0,0,1,0
279,40.0,4.0,22.0,1.0,0,49.0,0.0,45.0,0,1,1
280,24.0,4.0,21.0,5.0,0,49.0,2.0,12.0,1,1,0
281,54.0,1.0,14.0,1.0,1,39.0,0.0,40.0,1,1,0
282,38.0,1.0,18.0,1.0,3,49.0,0.0,40.0,1,1,0
283,49.0,1.0,22.0,5.0,0,2.0,0.0,40.0,0,1,1
284,21.0,1.0,20.0,5.0,1,49.0,2.0,40.0,0,1,0
285,36.0,1.0,16.0,4.0,1,53.0,0.0,40.0,0,1,1
286,34.0,1.0,24.0,1.0,0,49.0,0.0,40.0,0,1,1
287,47.0,7.0,16.0,1.0,-1,49.0,1.0,30.0,0,1,1
288,34.0,1.0,21.0,1.0,0,6.0,0.0,38.0,1,1,1
289,17.0,3.0,13.0,5.0,1,16.0,2.0,10.0,0,1,0
290,22.0,1.0,19.0,5.0,0,49.0,17.0,55.0,1,1,0
291,21.0,3.0,20.0,5.0,2,49.0,2.0,25.0,0,1,0
292,63.0,1.0,16.0,1.0,2,49.0,0.0,40.0,0,1,1
293,62.0,1.0,16.0,1.0,2,49.0,0.0,40.0,1,1,1
294,62.0,7.0,21.0,1.0,0,42.0,0.0,40.0,1,1,1
295,19.0,1.0,19.0,1.0,4,49.0,2.0,20.0,1,1,0
296,49.0,2.0,21.0,5.0,2,49.0,0.0,40.0,0,1,1
297,25.0,1.0,21.0,1.0,0,6.0,1.0,42.0,0,1,0
298,22.0,7.0,20.0,1.0,1,49.0,0.0,20.0,0,1,0
299,34.0,1.0,20.0,1.0,3,16.0,1.0,40.0,1,0,1
300,58.0,1.0,16.0,1.0,2,49.0,1.0,40.0,1,1,1
301,54.0,1.0,16.0,1.0,3,233.0,0.0,55.0,1,0,1
302,62.0,1.0,18.0,1.0,4,27.0,1.0,40.0,1,1,1
303,39.0,1.0,17.0,5.0,4,49.0,2.0,60.0,1,1,1
304,46.0,1.0,23.0,1.0,0,49.0,1.0,40.0,1,1,1
305,17.0,1.0,14.0,5.0,2,303.0,2.0,15.0,0,1,0
306,24.0,1.0,19.0,1.0,0,11.0,1.0,40.0,0,1,0
307,39.0,1.0,16.0,1.0,3,49.0,1.0,42.0,1,1,1
308,55.0,1.0,19.0,1.0,1,49.0,0.0,40.0,1,1,1
309,70.0,1.0,15.0,2.0,2,49.0,8.0,40.0,0,1,1
310,19.0,1.0,16.0,5.0,2,6.0,2.0,40.0,1,1,0
311,42.0,4.0,22.0,3.0,0,48.0,0.0,35.0,0,1,1
312,47.0,7.0,19.0,3.0,2,6.0,11.0,40.0,1,1,1
313,68.0,1.0,18.0,1.0,0,51.0,0.0,40.0,1,1,1
314,51.0,2.0,21.0,1.0,2,49.0,0.0,40.0,0,1,1
315,24.0,1.0,18.0,1.0,4,49.0,0.0,40.0,1,1,0
316,17.0,1.0,14.0,5.0,1,303.0,2.0,55.0,1,0,0
317,58.0,1.0,14.0,1.0,4,217.0,0.0,40.0,1,0,1
318,33.0,1.0,22.0,3.0,0,49.0,2.0,40.0,0,1,1
319,51.0,1.0,22.0,1.0,0,49.0,0.0,40.0,1,1,0
320,20.0,1.0,19.0,1.0,1,49.0,12.0,20.0,0,1,0
321,17.0,1.0,14.0,5.0,1,49.0,2.0,40.0,1,1,0
322,19.0,5.0,19.0,5.0,2,126.0,0.0,40.0,0,1,0
323,35.0,2.0,22.0,1.0,0,49.0,0.0,20.0,0,1,0
324,51.0,7.0,19.0,1.0,2,49.0,1.0,25.0,0,1,0
325,55.0,5.0,16.0,3.0,4,49.0,0.0,50.0,1,1,1
326,59.0,7.0,20.0,1.0,2,51.0,0.0,40.0,1,1,1
327,36.0,1.0,16.0,5.0,1,49.0,3.0,40.0,1,1,0
328,20.0,1.0,18.0,5.0,1,49.0,17.0,35.0,0,0,0
329,65.0,5.0,21.0,1.0,-1,49.0,1.0,80.0,0,1,1
330,36.0,1.0,21.0,1.0,2,49.0,1.0,42.0,1,1,1
331,61.0,1.0,19.0,1.0,3,49.0,0.0,50.0,1,1,1
332,62.0,2.0,19.0,1.0,2,49.0,1.0,40.0,1,1,1
333,45.0,1.0,18.0,1.0,3,49.0,0.0,65.0,1,1,1
334,30.0,1.0,19.0,3.0,1,49.0,0.0,40.0,0,1,0
335,55.0,6.0,23.0,1.0,0,6.0,0.0,25.0,1,1,1
336,29.0,1.0,19.0,1.0,2,26.0,0.0,40.0,1,1,1
337,39.0,1.0,16.0,1.0,2,49.0,1.0,50.0,0,1,0
338,17.0,2.0,14.0,5.0,2,36.0,2.0,40.0,0,1,0
339,37.0,1.0,20.0,5.0,0,49.0,0.0,42.0,0,1,1
340,25.0,5.0,18.0,1.0,3,49.0,1.0,40.0,1,1,0
341,27.0,1.0,21.0,1.0,0,49.0,1.0,40.0,1,1,1
342,75.0,1.0,17.0,1.0,3,17.0,0.0,55.0,1,1,1
343,18.0,1.0,14.0,5.0,2,49.0,4.0,99.0,1,1,0
344,33.0,1.0,22.0,1.0,0,4.0,1.0,40.0,1,1,1
345,31.0,1.0,22.0,3.0,0,49.0,0.0,55.0,1,1,1
346,53.0,2.0,21.0,1.0,0,49.0,1.0,40.0,0,1,1
347,33.0,1.0,16.0,5.0,4,49.0,17.0,40.0,1,1,0
348,23.0,4.0,20.0,5.0,2,49.0,5.0,25.0,1,1,0
349,34.0,1.0,21.0,1.0,4,49.0,0.0,25.0,0,0,0
350,26.0,1.0,16.0,1.0,1,49.0,9.0,20.0,1,1,0
351,63.0,4.0,22.0,1.0,0,49.0,0.0,43.0,1,1,1
352,22.0,1.0,20.0,5.0,4,301.0,7.0,20.0,0,1,0
353,35.0,2.0,19.0,1.0,4,6.0,0.0,36.0,0,1,0
354,52.0,1.0,13.0,5.0,1,53.0,0.0,44.0,1,1,1
355,73.0,6.0,18.0,1.0,4,56.0,0.0,30.0,0,1,0
356,36.0,7.0,20.0,1.0,1,49.0,0.0,58.0,1,1,1
357,31.0,1.0,20.0,3.0,0,16.0,0.0,30.0,0,1,0
358,44.0,2.0,20.0,1.0,1,49.0,1.0,10.0,0,1,0
359,50.0,1.0,19.0,5.0,1,49.0,0.0,20.0,0,1,0
360,77.0,7.0,19.0,1.0,1,55.0,0.0,35.0,1,1,1
361,64.0,1.0,15.0,2.0,1,49.0,13.0,30.0,1,1,0
362,62.0,1.0,16.0,1.0,0,49.0,0.0,27.0,0,1,0
363,40.0,5.0,19.0,5.0,3,49.0,12.0,40.0,1,1,0
364,24.0,1.0,20.0,1.0,1,49.0,1.0,40.0,0,1,0
365,21.0,2.0,19.0,5.0,1,6.0,2.0,30.0,1,1,0
366,41.0,1.0,21.0,3.0,0,16.0,0.0,10.0,1,1,0
367,39.0,1.0,22.0,1.0,0,49.0,0.0,40.0,1,1,1
368,27.0,1.0,18.0,3.0,0,49.0,2.0,36.0,1,1,1
369,34.0,4.0,21.0,1.0,0,49.0,0.0,30.0,0,1,0
370,37.0,3.0,14.0,1.0,1,49.0,3.0,18.0,1,1,0
371,21.0,1.0,16.0,5.0,4,30.0,12.0,42.0,0,1,0
372,29.0,1.0,22.0,1.0,2,49.0,1.0,42.0,0,1,1
373,33.0,1.0,16.0,5.0,0,49.0,2.0,40.0,1,1,0
374,47.0,1.0,19.0,1.0,0,49.0,0.0,40.0,1,1,1
375,18.0,3.0,15.0,5.0,1,49.0,10.0,20.0,0,1,0
376,64.0,1.0,15.0,2.0,0,303.0,0.0,45.0,0,0,1
377,17.0,4.0,14.0,5.0,2,17.0,2.0,40.0,1,1,0
378,25.0,1.0,18.0,1.0,2,49.0,0.0,40.0,1,1,1
379,33.0,1.0,19.0,1.0,2,49.0,0.0,10.0,0,1,0
380,53.0,1.0,19.0,1.0,4,49.0,0.0,40.0,1,1,1
381,27.0,2.0,16.0,3.0,0,49.0,0.0,35.0,0,1,0
382,53.0,1.0,19.0,1.0,4,49.0,1.0,50.0,1,1,1
383,55.0,6.0,17.0,5.0,1,228.0,3.0,25.0,0,0,0
384,46.0,2.0,22.0,1.0,0,26.0,0.0,50.0,1,1,1
385,29.0,1.0,22.0,1.0,0,139.0,0.0,40.0,1,1,1
386,61.0,7.0,21.0,1.0,0,49.0,1.0,40.0,1,1,1
387,43.0,5.0,18.0,1.0,4,49.0,0.0,40.0,1,1,1
388,25.0,1.0,19.0,5.0,2,49.0,0.0,40.0,1,1,1
389,25.0,1.0,21.0,5.0,1,49.0,2.0,30.0,0,1,0
390,52.0,1.0,14.0,1.0,2,49.0,1.0,40.0,1,1,0
391,31.0,1.0,18.0,1.0,2,8.0,0.0,10.0,0,1,0
392,23.0,1.0,18.0,5.0,2,22.0,2.0,20.0,0,1,0
393,52.0,1.0,21.0,1.0,0,49.0,0.0,38.0,1,1,0
394,48.0,1.0,15.0,1.0,0,49.0,1.0,50.0,0,1,1
395,20.0,1.0,20.0,5.0,1,210.0,2.0,39.0,0,0,0
396,70.0,6.0,19.0,1.0,4,49.0,1.0,12.0,0,1,0
397,56.0,1.0,19.0,1.0,0,16.0,0.0,40.0,1,1,1
398,55.0,7.0,18.0,1.0,2,6.0,1.0,55.0,1,1,1
399,20.0,3.0,19.0,5.0,0,49.0,17.0,40.0,0,1,0
400,66.0,1.0,21.0,5.0,4,56.0,13.0,40.0,1,1,1
401,55.0,1.0,21.0,1.0,0,49.0,0.0,45.0,1,1,1
402,19.0,1.0,19.0,5.0,0,35.0,2.0,20.0,0,1,0
403,25.0,5.0,16.0,5.0,3,26.0,2.0,40.0,1,1,0
404,48.0,1.0,16.0,1.0,0,49.0,0.0,40.0,0,1,0
405,25.0,6.0,16.0,1.0,1,40.0,0.0,20.0,0,1,0
406,18.0,1.0,14.0,5.0,1,22.0,2.0,40.0,1,1,0
407,20.0,1.0,13.0,5.0,2,49.0,2.0,32.0,0,1,0
408,58.0,1.0,16.0,1.0,0,49.0,0.0,30.0,0,1,0
409,23.0,1.0,19.0,5.0,2,49.0,17.0,10.0,0,1,0
410,54.0,1.0,21.0,1.0,2,53.0,1.0,40.0,0,1,1
411,43.0,6.0,19.0,1.0,0,49.0,0.0,50.0,1,1,1
412,80.0,3.0,14.0,1.0,1,49.0,0.0,20.0,0,1,0
413,40.0,1.0,16.0,3.0,4,34.0,0.0,30.0,0,1,0
414,56.0,1.0,24.0,1.0,0,48.0,1.0,40.0,1,1,1
415,38.0,1.0,22.0,5.0,0,49.0,17.0,40.0,1,1,1
416,60.0,5.0,16.0,1.0,0,49.0,0.0,40.0,1,1,1
417,19.0,1.0,18.0,5.0,3,9.0,2.0,18.0,1,0,0
418,41.0,3.0,24.0,1.0,0,6.0,1.0,40.0,1,1,1
419,22.0,1.0,20.0,5.0,0,49.0,0.0,40.0,0,1,0
420,24.0,1.0,17.0,1.0,0,48.0,0.0,40.0,1,1,1
421,19.0,1.0,19.0,1.0,0,49.0,1.0,40.0,0,1,1
422,55.0,1.0,15.0,1.0,2,27.0,1.0,40.0,0,1,0
423,17.0,1.0,14.0,5.0,1,49.0,2.0,25.0,0,1,0
424,35.0,4.0,21.0,1.0,0,49.0,9.0,40.0,1,1,1
425,44.0,3.0,17.0,1.0,2,32.0,1.0,45.0,1,1,1
426,23.0,1.0,19.0,1.0,2,55.0,12.0,40.0,1,1,0
427,46.0,1.0,18.0,1.0,4,49.0,1.0,55.0,1,1,1
428,34.0,1.0,17.0,5.0,4,49.0,17.0,40.0,1,1,1
429,67.0,1.0,21.0,1.0,1,49.0,0.0,40.0,0,1,1
430,25.0,1.0,21.0,1.0,0,49.0,1.0,8.0,0,1,0
431,47.0,1.0,16.0,1.0,0,49.0,1.0,50.0,1,1,1
432,55.0,1.0,19.0,3.0,2,4.0,0.0,40.0,0,1,1
433,35.0,1.0,21.0,5.0,4,12.0,2.0,50.0,1,1,1
434,30.0,1.0,21.0,1.0,0,6.0,0.0,40.0,1,1,1
435,51.0,1.0,19.0,1.0,1,49.0,1.0,40.0,0,1,1
436,49.0,1.0,21.0,1.0,0,49.0,1.0,55.0,1,1,1
437,18.0,1.0,18.0,5.0,4,6.0,17.0,40.0,1,1,0
438,43.0,1.0,19.0,1.0,4,49.0,0.0,40.0,1,1,1
439,28.0,1.0,21.0,1.0,0,110.0,1.0,25.0,0,0,0
440,28.0,5.0,23.0,5.0,2,6.0,11.0,16.0,1,1,0
441,30.0,1.0,19.0,1.0,2,48.0,0.0,36.0,0,1,0
442,43.0,1.0,23.0,1.0,0,49.0,1.0,40.0,1,1,1
443,54.0,6.0,21.0,1.0,1,4.0,1.0,20.0,0,0,0
444,19.0,1.0,15.0,5.0,1,49.0,0.0,20.0,0,1,0
445,53.0,1.0,20.0,3.0,4,49.0,0.0,40.0,0,1,1
446,58.0,1.0,20.0,3.0,0,6.0,5.0,30.0,1,1,0
447,40.0,2.0,18.0,1.0,2,303.0,1.0,36.0,0,1,1
448,36.0,1.0,18.0,1.0,1,303.0,0.0,40.0,1,1,0
449,54.0,1.0,21.0,3.0,0,16.0,0.0,35.0,1,1,1
450,39.0,1.0,16.0,1.0,2,6.0,0.0,60.0,1,1,1
451,37.0,1.0,9.0,5.0,0,49.0,12.0,50.0,1,1,0
452,40.0,1.0,21.0,5.0,0,6.0,0.0,45.0,0,1,1
453,37.0,1.0,20.0,3.0,4,49.0,13.0,35.0,1,1,1
454,42.0,5.0,21.0,3.0,1,49.0,0.0,40.0,1,1,1
455,46.0,2.0,21.0,1.0,0,49.0,0.0,15.0,0,1,0
456,40.0,1.0,21.0,1.0,4,207.0,0.0,50.0,1,0,1
457,36.0,1.0,16.0,1.0,4,49.0,1.0,50.0,1,1,1
458,20.0,1.0,19.0,5.0,0,49.0,17.0,25.0,0,1,0
459,63.0,1.0,21.0,1.0,0,49.0,0.0,50.0,1,1,1
460,44.0,1.0,14.0,1.0,0,51.0,0.0,42.0,1,1,0
461,19.0,1.0,18.0,5.0,4,49.0,2.0,50.0,1,1,0
462,57.0,3.0,19.0,1.0,1,49.0,1.0,30.0,0,1,0
463,33.0,7.0,16.0,1.0,1,32.0,1.0,35.0,0,1,0
464,61.0,1.0,21.0,1.0,1,49.0,0.0,40.0,0,1,0
465,36.0,1.0,21.0,1.0,0,49.0,0.0,45.0,0,1,1
466,35.0,2.0,21.0,1.0,0,312.0,0.0,60.0,0,1,1
467,69.0,1.0,20.0,1.0,0,25.0,1.0,45.0,1,1,1
468,44.0,3.0,23.0,1.0,0,49.0,1.0,40.0,1,1,1
469,63.0,1.0,22.0,1.0,2,49.0,0.0,40.0,1,1,1
470,64.0,1.0,21.0,1.0,0,28.0,0.0,28.0,0,1,1
471,46.0,1.0,19.0,1.0,4,49.0,0.0,22.0,0,1,0
472,46.0,5.0,18.0,1.0,0,49.0,0.0,40.0,1,1,1
473,42.0,3.0,16.0,1.0,1,49.0,0.0,45.0,0,1,1
474,61.0,1.0,21.0,1.0,2,49.0,1.0,45.0,0,0,0
475,58.0,1.0,23.0,3.0,0,8.0,0.0,40.0,0,1,1
476,38.0,1.0,20.0,1.0,2,49.0,0.0,38.0,0,1,0
477,27.0,1.0,15.0,5.0,2,49.0,13.0,38.0,0,1,0
478,42.0,1.0,16.0,1.0,-1,19.0,0.0,45.0,1,1,1
479,36.0,6.0,22.0,1.0,0,56.0,1.0,55.0,1,1,1
480,41.0,3.0,21.0,1.0,0,56.0,0.0,50.0,0,1,1
481,63.0,3.0,20.0,1.0,0,41.0,0.0,35.0,0,1,0
482,42.0,1.0,22.0,1.0,0,49.0,0.0,45.0,1,1,1
483,82.0,1.0,21.0,5.0,2,6.0,2.0,48.0,0,1,0
484,73.0,3.0,16.0,1.0,0,49.0,4.0,56.0,0,1,1
485,46.0,1.0,16.0,5.0,0,4.0,16.0,40.0,0,1,0
486,71.0,7.0,23.0,1.0,0,303.0,0.0,30.0,0,1,1
487,49.0,4.0,21.0,1.0,2,49.0,1.0,30.0,0,1,0
488,25.0,1.0,20.0,1.0,2,110.0,1.0,50.0,0,1,1
489,58.0,1.0,21.0,1.0,2,28.0,1.0,40.0,0,1,1
490,21.0,1.0,18.0,1.0,2,49.0,0.0,45.0,1,1,1
491,28.0,1.0,22.0,1.0,0,49.0,0.0,24.0,1,1,1
492,28.0,1.0,19.0,5.0,0,4.0,0.0,40.0,1,1,0
493,50.0,2.0,21.0,3.0,2,6.0,0.0,40.0,1,1,1
494,34.0,1.0,22.0,5.0,0,49.0,2.0,40.0,0,1,0
495,26.0,1.0,16.0,1.0,1,49.0,0.0,18.0,1,1,0
496,58.0,1.0,17.0,3.0,0,17.0,0.0,10.0,0,1,0
497,30.0,1.0,10.0,1.0,3,6.0,1.0,40.0,1,1,0
498,36.0,6.0,20.0,5.0,0,8.0,0.0,40.0,1,1,1
499,17.0,1.0,14.0,5.0,2,49.0,2.0,8.0,1,1,0
500,37.0,1.0,14.0,5.0,4,6.0,3.0,45.0,1,1,0
501,19.0,1.0,16.0,5.0,4,30.0,0.0,40.0,1,1,1
502,40.0,1.0,21.0,1.0,2,48.0,1.0,40.0,0,1,1
503,73.0,1.0,1.0,1.0,2,49.0,4.0,12.0,0,1,0
504,50.0,7.0,19.0,1.0,1,49.0,0.0,10.0,0,1,0
505,19.0,1.0,19.0,5.0,4,49.0,17.0,40.0,1,1,0
506,34.0,1.0,19.0,1.0,0,49.0,1.0,52.0,1,1,1
507,28.0,1.0,21.0,5.0,2,26.0,2.0,28.0,0,1,0
508,47.0,5.0,19.0,1.0,0,36.0,1.0,40.0,1,1,1
509,18.0,1.0,16.0,5.0,1,47.0,4.0,30.0,1,1,0
510,60.0,1.0,18.0,3.0,4,164.0,0.0,28.0,0,1,0
511,25.0,1.0,19.0,1.0,0,6.0,1.0,40.0,0,1,0
512,26.0,1.0,16.0,5.0,4,53.0,2.0,25.0,1,1,0
513,41.0,1.0,20.0,1.0,4,24.0,10.0,50.0,1,1,0
514,27.0,1.0,19.0,1.0,4,49.0,1.0,15.0,0,1,0
515,20.0,1.0,16.0,5.0,0,110.0,12.0,6.0,0,1,0
516,58.0,1.0,18.0,5.0,2,49.0,0.0,38.0,0,1,0
517,22.0,1.0,21.0,1.0,0,49.0,1.0,50.0,1,1,1
518,24.0,2.0,21.0,1.0,0,49.0,1.0,35.0,0,1,0
519,28.0,1.0,19.0,5.0,1,6.0,12.0,35.0,0,1,0
520,71.0,3.0,16.0,1.0,1,8.0,1.0,25.0,0,1,0
521,26.0,5.0,21.0,5.0,2,49.0,10.0,40.0,0,1,0
522,32.0,1.0,16.0,5.0,2,49.0,0.0,45.0,1,1,1
523,67.0,2.0,22.0,1.0,0,37.0,1.0,40.0,1,0,1
524,20.0,2.0,19.0,5.0,2,49.0,12.0,46.0,1,1,0
525,61.0,2.0,21.0,1.0,0,6.0,1.0,40.0,0,1,1
526,55.0,1.0,18.0,1.0,2,49.0,1.0,40.0,0,1,0
527,58.0,4.0,21.0,1.0,5,16.0,1.0,40.0,1,1,1
528,18.0,1.0,16.0,5.0,1,35.0,2.0,30.0,0,1,0
529,26.0,6.0,21.0,1.0,1,49.0,1.0,13.0,0,1,0
530,59.0,1.0,20.0,3.0,0,6.0,0.0,30.0,0,1,1
531,57.0,4.0,23.0,1.0,0,6.0,0.0,8.0,0,0,0
532,78.0,6.0,20.0,3.0,1,6.0,0.0,40.0,1,1,0
533,54.0,2.0,23.0,3.0,2,42.0,0.0,49.0,0,1,0
534,61.0,7.0,15.0,3.0,1,49.0,2.0,30.0,0,1,0
535,34.0,1.0,19.0,1.0,0,213.0,0.0,70.0,1,1,1
536,38.0,1.0,22.0,1.0,0,6.0,1.0,40.0,1,1,1
537,70.0,1.0,22.0,1.0,2,8.0,0.0,50.0,1,1,1
538,30.0,4.0,16.0,5.0,0,16.0,13.0,40.0,1,1,1
539,28.0,1.0,19.0,5.0,0,17.0,0.0,20.0,0,1,0
540,61.0,4.0,19.0,1.0,0,49.0,0.0,40.0,0,1,1
541,51.0,4.0,21.0,1.0,0,49.0,0.0,40.0,0,1,0
542,50.0,4.0,21.0,1.0,0,49.0,0.0,40.0,0,1,1
543,25.0,1.0,16.0,5.0,1,16.0,2.0,34.0,0,1,0
544,23.0,1.0,19.0,5.0,0,49.0,17.0,40.0,0,1,0
545,54.0,1.0,21.0,1.0,0,27.0,1.0,35.0,0,1,1
546,38.0,1.0,21.0,5.0,2,49.0,0.0,10.0,1,1,0
547,41.0,1.0,19.0,1.0,0,49.0,0.0,40.0,1,1,1
548,63.0,1.0,19.0,1.0,2,49.0,0.0,40.0,0,1,1
549,54.0,2.0,22.0,1.0,0,18.0,0.0,40.0,0,1,1
550,62.0,1.0,16.0,1.0,4,49.0,0.0,40.0,1,0,0
551,20.0,4.0,19.0,5.0,2,18.0,17.0,40.0,1,1,0
552,44.0,2.0,21.0,1.0,0,49.0,0.0,42.0,1,1,1
553,63.0,1.0,16.0,1.0,4,49.0,1.0,70.0,1,1,1
554,23.0,1.0,19.0,1.0,2,16.0,1.0,40.0,0,1,0
555,27.0,1.0,16.0,1.0,2,49.0,1.0,40.0,1,1,1
556,48.0,1.0,19.0,1.0,4,49.0,0.0,32.0,0,1,0
557,43.0,2.0,21.0,1.0,0,303.0,0.0,40.0,1,0,1
558,27.0,1.0,16.0,4.0,2,49.0,13.0,35.0,0,1,0
559,46.0,1.0,16.0,1.0,0,49.0,1.0,5.0,0,1,1
560,27.0,1.0,21.0,1.0,1,49.0,1.0,20.0,0,1,0
561,48.0,5.0,19.0,1.0,0,6.0,9.0,40.0,1,1,1
562,55.0,6.0,21.0,1.0,0,49.0,1.0,15.0,0,1,0
563,28.0,1.0,19.0,5.0,1,49.0,15.0,45.0,1,1,1
564,59.0,5.0,18.0,1.0,2,110.0,0.0,40.0,1,1,1
565,30.0,1.0,19.0,5.0,3,215.0,0.0,48.0,1,0,1
566,67.0,2.0,18.0,3.0,4,17.0,0.0,36.0,0,1,0
567,51.0,1.0,19.0,3.0,4,51.0,0.0,40.0,0,1,0
568,28.0,2.0,22.0,5.0,0,49.0,2.0,40.0,1,1,1
569,19.0,1.0,16.0,5.0,1,49.0,0.0,35.0,1,1,0
570,39.0,1.0,16.0,1.0,2,49.0,0.0,45.0,1,1,1
571,36.0,2.0,22.0,1.0,0,30.0,1.0,40.0,0,1,1
572,28.0,1.0,21.0,1.0,0,49.0,1.0,20.0,0,1,0
573,43.0,1.0,21.0,1.0,2,49.0,1.0,25.0,0,1,0
574,60.0,5.0,19.0,1.0,0,6.0,1.0,40.0,0,1,0
575,39.0,1.0,16.0,1.0,3,49.0,0.0,40.0,1,1,1
576,61.0,1.0,20.0,1.0,4,6.0,0.0,40.0,1,1,0
577,33.0,1.0,23.0,5.0,1,303.0,3.0,40.0,1,1,0
578,41.0,1.0,15.0,1.0,4,32.0,1.0,36.0,0,1,0
579,44.0,3.0,21.0,1.0,0,49.0,1.0,18.0,1,1,0
580,57.0,1.0,16.0,1.0,2,6.0,0.0,72.0,0,1,0
581,37.0,1.0,21.0,1.0,0,49.0,0.0,35.0,0,1,1
582,27.0,1.0,15.0,5.0,0,49.0,13.0,20.0,1,1,0
583,20.0,3.0,16.0,5.0,4,55.0,11.0,20.0,1,1,0
584,17.0,3.0,14.0,5.0,1,49.0,2.0,15.0,1,1,0
585,27.0,1.0,21.0,1.0,2,49.0,0.0,40.0,1,1,0
586,45.0,1.0,18.0,4.0,0,49.0,0.0,35.0,0,1,0
587,31.0,6.0,19.0,1.0,1,25.0,0.0,25.0,1,1,0
588,52.0,7.0,21.0,1.0,0,53.0,0.0,40.0,1,1,1
589,37.0,1.0,21.0,1.0,2,49.0,0.0,25.0,0,1,0
590,21.0,1.0,19.0,5.0,1,207.0,17.0,37.0,0,0,0
591,28.0,4.0,21.0,5.0,0,49.0,0.0,40.0,0,1,0
592,20.0,1.0,19.0,5.0,1,4.0,2.0,25.0,0,1,0
593,43.0,2.0,18.0,1.0,2,36.0,0.0,40.0,1,1,1
594,23.0,1.0,19.0,5.0,2,4.0,5.0,8.0,1,1,0
595,22.0,1.0,16.0,1.0,0,49.0,2.0,40.0,0,1,0
596,64.0,4.0,22.0,1.0,0,49.0,1.0,40.0,1,1,1
597,17.0,1.0,13.0,5.0,1,33.0,2.0,40.0,1,1,0
598,23.0,1.0,19.0,5.0,0,231.0,12.0,40.0,1,1,0
599,63.0,2.0,20.0,1.0,0,49.0,0.0,40.0,0,1,1
600,63.0,7.0,24.0,1.0,0,49.0,1.0,50.0,1,1,1
601,55.0,3.0,16.0,1.0,1,6.0,1.0,40.0,0,1,0
602,22.0,1.0,13.0,5.0,0,303.0,2.0,40.0,1,0,0
603,42.0,1.0,20.0,1.0,4,49.0,0.0,35.0,1,1,1
604,26.0,6.0,16.0,5.0,1,34.0,0.0,20.0,0,1,0
605,59.0,1.0,16.0,1.0,0,49.0,0.0,40.0,1,1,1
606,58.0,6.0,23.0,1.0,0,40.0,0.0,50.0,1,1,1
607,53.0,6.0,20.0,1.0,0,312.0,1.0,50.0,1,1,1
608,72.0,4.0,22.0,1.0,2,49.0,0.0,15.0,0,1,1
609,56.0,1.0,19.0,1.0,4,42.0,0.0,55.0,1,1,1
610,73.0,2.0,21.0,1.0,0,25.0,1.0,48.0,0,1,1
611,34.0,4.0,21.0,5.0,0,49.0,0.0,50.0,0,1,1
612,37.0,6.0,16.0,1.0,2,49.0,0.0,40.0,1,1,1
613,32.0,1.0,18.0,1.0,2,6.0,0.0,50.0,1,1,1
614,62.0,1.0,16.0,3.0,2,49.0,0.0,40.0,0,1,1
615,34.0,1.0,16.0,1.0,0,6.0,1.0,45.0,0,1,1
616,45.0,3.0,21.0,3.0,0,48.0,12.0,25.0,0,1,0
617,37.0,1.0,22.0,1.0,0,49.0,1.0,50.0,1,1,1
618,25.0,1.0,19.0,1.0,2,6.0,0.0,40.0,0,1,0
619,20.0,1.0,16.0,5.0,4,49.0,0.0,40.0,0,1,0
620,37.0,1.0,18.0,1.0,0,6.0,0.0,21.0,1,1,1
621,32.0,1.0,18.0,1.0,3,370.0,1.0,40.0,1,1,0
622,38.0,2.0,21.0,1.0,0,49.0,1.0,40.0,0,1,0
623,39.0,4.0,21.0,1.0,0,48.0,1.0,30.0,0,1,0
624,42.0,1.0,16.0,4.0,3,49.0,0.0,40.0,1,1,1
625,18.0,1.0,16.0,5.0,1,360.0,2.0,45.0,1,0,0
626,37.0,1.0,21.0,1.0,0,312.0,1.0,40.0,1,0,1
627,23.0,1.0,20.0,5.0,4,31.0,2.0,40.0,1,1,0
628,34.0,1.0,23.0,1.0,0,49.0,0.0,35.0,1,1,1
629,42.0,3.0,21.0,1.0,1,49.0,0.0,20.0,0,1,0
630,31.0,2.0,19.0,5.0,2,49.0,0.0,66.0,0,1,1
631,55.0,7.0,20.0,1.0,0,120.0,1.0,40.0,1,1,1
632,74.0,6.0,23.0,1.0,0,16.0,0.0,25.0,0,1,0
633,39.0,1.0,21.0,1.0,0,8.0,0.0,35.0,1,1,1
634,36.0,1.0,19.0,5.0,3,49.0,0.0,40.0,1,1,0
635,66.0,1.0,18.0,1.0,2,49.0,1.0,20.0,0,1,0
636,47.0,4.0,22.0,1.0,0,49.0,0.0,45.0,1,1,1
637,17.0,1.0,14.0,5.0,1,49.0,2.0,40.0,0,1,0
638,45.0,1.0,22.0,3.0,0,49.0,0.0,40.0,1,1,1
639,25.0,1.0,19.0,1.0,0,49.0,2.0,80.0,0,1,0
640,26.0,1.0,16.0,5.0,3,6.0,10.0,40.0,1,1,0
641,46.0,1.0,18.0,1.0,3,6.0,1.0,24.0,1,1,1
642,62.0,1.0,16.0,4.0,2,6.0,11.0,16.0,0,1,0
643,64.0,4.0,18.0,5.0,2,49.0,0.0,45.0,1,1,1
644,51.0,2.0,21.0,1.0,0,49.0,0.0,40.0,1,1,1
645,43.0,2.0,21.0,1.0,0,49.0,0.0,40.0,1,1,1
646,20.0,1.0,16.0,5.0,3,49.0,2.0,32.0,1,1,0
647,37.0,4.0,16.0,1.0,1,49.0,0.0,15.0,0,1,0
648,28.0,6.0,16.0,1.0,1,49.0,0.0,2.0,0,1,0
649,24.0,1.0,19.0,5.0,0,6.0,0.0,45.0,0,0,1
650,18.0,1.0,16.0,1.0,1,4.0,9.0,40.0,1,1,0
651,30.0,2.0,22.0,1.0,0,49.0,0.0,40.0,1,1,1
652,54.0,6.0,21.0,1.0,0,6.0,1.0,32.0,0,1,1
653,19.0,6.0,16.0,5.0,3,49.0,3.0,40.0,1,1,0
654,40.0,1.0,16.0,5.0,3,53.0,0.0,30.0,1,1,1
655,64.0,1.0,19.0,1.0,4,49.0,0.0,40.0,1,1,1
656,49.0,1.0,18.0,3.0,3,6.0,0.0,35.0,0,1,0
657,23.0,1.0,21.0,5.0,1,49.0,0.0,15.0,0,1,0
658,31.0,1.0,21.0,1.0,0,49.0,1.0,40.0,1,1,1
659,20.0,2.0,19.0,5.0,0,49.0,17.0,3.0,0,1,0
660,43.0,7.0,21.0,1.0,0,303.0,0.0,10.0,0,1,0
661,51.0,1.0,15.0,1.0,1,49.0,1.0,40.0,1,1,1
662,21.0,1.0,16.0,5.0,1,49.0,2.0,10.0,1,1,0
663,56.0,1.0,21.0,1.0,2,49.0,1.0,40.0,0,1,1
664,22.0,1.0,18.0,5.0,2,49.0,2.0,32.0,0,1,0
665,41.0,1.0,21.0,1.0,2,49.0,6.0,40.0,0,1,1
666,37.0,4.0,22.0,1.0,0,6.0,0.0,70.0,0,1,0
667,27.0,1.0,20.0,1.0,2,49.0,1.0,40.0,0,1,1
668,20.0,1.0,18.0,5.0,2,49.0,17.0,40.0,0,1,0
669,56.0,7.0,16.0,1.0,3,373.0,0.0,50.0,1,1,1
670,39.0,1.0,21.0,3.0,0,49.0,0.0,45.0,0,1,0
671,58.0,1.0,19.0,1.0,2,150.0,0.0,45.0,0,1,1
672,20.0,1.0,19.0,5.0,1,49.0,2.0,12.0,1,1,0
673,31.0,1.0,18.0,1.0,3,36.0,0.0,35.0,1,1,1
674,21.0,6.0,20.0,5.0,0,26.0,17.0,10.0,0,1,0
675,30.0,4.0,16.0,1.0,0,303.0,0.0,40.0,0,1,1
676,20.0,1.0,16.0,5.0,1,49.0,17.0,20.0,0,1,0
677,21.0,1.0,19.0,5.0,2,49.0,2.0,25.0,1,1,0
678,50.0,1.0,21.0,1.0,0,49.0,0.0,45.0,1,1,1
679,26.0,1.0,20.0,1.0,4,49.0,1.0,40.0,1,1,0
680,27.0,1.0,16.0,1.0,2,49.0,1.0,44.0,1,1,1
681,31.0,5.0,16.0,1.0,2,327.0,0.0,60.0,1,0,1
682,29.0,1.0,16.0,1.0,0,49.0,6.0,50.0,1,1,0
683,18.0,1.0,16.0,5.0,0,49.0,12.0,15.0,0,1,0
684,51.0,2.0,16.0,3.0,1,49.0,13.0,25.0,0,1,0
685,66.0,6.0,14.0,5.0,2,49.0,0.0,6.0,0,0,0
686,26.0,1.0,15.0,1.0,4,6.0,0.0,30.0,1,1,0
687,24.0,4.0,16.0,5.0,2,48.0,13.0,28.0,0,1,0
688,17.0,1.0,13.0,5.0,4,49.0,2.0,40.0,1,1,1
689,23.0,1.0,18.0,5.0,3,4.0,2.0,40.0,1,0,0
690,45.0,8.0,16.0,1.0,3,49.0,1.0,53.0,1,1,1
691,57.0,6.0,19.0,1.0,3,49.0,0.0,50.0,1,1,1
692,24.0,2.0,21.0,5.0,0,49.0,5.0,48.0,1,1,0
693,41.0,4.0,21.0,1.0,0,49.0,0.0,40.0,0,1,0
694,54.0,1.0,18.0,1.0,0,49.0,1.0,40.0,0,1,1
695,34.0,1.0,21.0,5.0,0,49.0,15.0,20.0,0,1,0
696,18.0,1.0,14.0,5.0,0,10.0,2.0,45.0,1,1,0
697,23.0,1.0,20.0,1.0,0,49.0,0.0,40.0,1,1,0
698,35.0,4.0,22.0,5.0,1,49.0,14.0,45.0,1,1,1
699,24.0,1.0,16.0,5.0,4,6.0,15.0,16.0,1,1,0
700,56.0,1.0,16.0,2.0,4,49.0,0.0,20.0,0,1,0
701,52.0,6.0,22.0,1.0,0,49.0,0.0,40.0,1,1,1
702,18.0,1.0,15.0,5.0,1,32.0,2.0,25.0,0,1,0
703,43.0,1.0,18.0,3.0,2,373.0,0.0,45.0,0,1,1
704,48.0,3.0,21.0,1.0,0,8.0,1.0,25.0,0,1,0
705,35.0,1.0,16.0,1.0,3,46.0,2.0,50.0,1,1,1
706,24.0,1.0,21.0,5.0,0,19.0,2.0,46.0,1,1,1
707,30.0,1.0,16.0,1.0,3,49.0,0.0,40.0,1,1,1
708,19.0,1.0,14.0,5.0,1,49.0,2.0,32.0,0,1,0
709,34.0,1.0,21.0,1.0,1,36.0,0.0,30.0,0,1,0
710,28.0,6.0,18.0,1.0,4,49.0,1.0,20.0,0,1,0
711,24.0,2.0,16.0,1.0,0,31.0,1.0,40.0,0,1,0
712,28.0,1.0,20.0,5.0,0,48.0,0.0,40.0,1,1,1
713,58.0,1.0,21.0,1.0,0,48.0,1.0,40.0,1,1,1
714,31.0,1.0,19.0,1.0,0,27.0,1.0,40.0,0,0,0
715,32.0,1.0,19.0,1.0,3,128.0,0.0,40.0,1,1,1
716,31.0,1.0,18.0,3.0,2,16.0,0.0,40.0,1,0,1
717,32.0,1.0,21.0,5.0,0,49.0,7.0,40.0,0,1,1
718,19.0,2.0,23.0,5.0,0,49.0,2.0,12.0,1,1,0
719,80.0,3.0,19.0,1.0,4,49.0,0.0,40.0,0,1,1
720,62.0,3.0,18.0,1.0,1,49.0,0.0,40.0,0,1,0
721,22.0,1.0,20.0,5.0,2,49.0,2.0,30.0,0,1,0
722,33.0,2.0,20.0,1.0,2,8.0,0.0,40.0,0,1,0
723,52.0,1.0,19.0,1.0,2,29.0,0.0,30.0,1,1,0
724,21.0,1.0,19.0,5.0,2,16.0,2.0,20.0,0,1,0
725,36.0,4.0,21.0,1.0,2,49.0,0.0,40.0,1,1,0
726,23.0,1.0,10.0,1.0,3,49.0,1.0,40.0,1,1,1
727,49.0,1.0,19.0,1.0,3,49.0,0.0,40.0,1,1,0
728,39.0,6.0,16.0,3.0,3,49.0,2.0,16.0,1,1,1
729,39.0,1.0,16.0,1.0,1,49.0,0.0,40.0,0,1,0
730,28.0,1.0,16.0,1.0,3,49.0,1.0,20.0,1,1,0
731,49.0,7.0,23.0,1.0,0,49.0,0.0,40.0,1,1,0
732,43.0,1.0,21.0,1.0,0,49.0,0.0,30.0,0,1,0
733,33.0,1.0,21.0,1.0,0,49.0,0.0,48.0,1,1,1
734,46.0,1.0,21.0,1.0,0,49.0,1.0,45.0,0,1,1
735,21.0,1.0,19.0,1.0,4,51.0,17.0,33.0,1,1,0
736,31.0,2.0,20.0,1.0,1,72.0,0.0,16.0,0,1,0
737,29.0,1.0,21.0,1.0,2,303.0,0.0,32.0,0,1,0
738,34.0,1.0,19.0,5.0,0,49.0,0.0,40.0,0,1,1
739,71.0,4.0,16.0,1.0,2,49.0,1.0,20.0,1,1,0
740,27.0,1.0,19.0,3.0,0,49.0,0.0,40.0,1,1,1
741,20.0,1.0,16.0,1.0,2,49.0,0.0,22.0,0,1,0
742,25.0,1.0,16.0,1.0,4,49.0,0.0,18.0,0,1,0
743,64.0,8.0,16.0,1.0,3,49.0,0.0,58.0,1,1,1
744,42.0,1.0,19.0,1.0,2,6.0,1.0,25.0,0,1,0
745,33.0,1.0,21.0,1.0,0,49.0,1.0,45.0,1,1,1
746,61.0,3.0,14.0,5.0,3,49.0,13.0,28.0,0,1,0
747,28.0,1.0,21.0,5.0,0,303.0,10.0,52.0,1,0,1
748,19.0,1.0,16.0,5.0,4,6.0,2.0,60.0,1,0,0
749,57.0,1.0,18.0,1.0,0,6.0,0.0,50.0,1,1,1
750,60.0,1.0,21.0,1.0,2,49.0,1.0,45.0,1,1,1
751,52.0,1.0,21.0,1.0,0,49.0,1.0,50.0,1,1,1
752,56.0,4.0,22.0,1.0,3,49.0,0.0,40.0,1,1,1
753,18.0,1.0,19.0,5.0,4,53.0,2.0,50.0,1,1,0
754,36.0,1.0,16.0,1.0,3,49.0,1.0,40.0,1,1,1
755,23.0,2.0,19.0,5.0,1,49.0,17.0,24.0,0,1,0
756,26.0,1.0,16.0,5.0,0,49.0,4.0,40.0,1,1,1
757,29.0,1.0,16.0,5.0,4,49.0,0.0,40.0,1,0,1
758,65.0,3.0,21.0,1.0,0,49.0,0.0,40.0,0,1,1
759,17.0,1.0,14.0,5.0,2,49.0,2.0,25.0,0,1,0
760,38.0,1.0,21.0,3.0,0,1.0,0.0,45.0,0,1,1
761,38.0,1.0,20.0,1.0,1,42.0,1.0,32.0,0,1,0
762,33.0,4.0,22.0,1.0,0,49.0,1.0,40.0,0,1,1
763,32.0,1.0,19.0,1.0,2,36.0,1.0,6.0,0,1,0
764,46.0,2.0,19.0,3.0,4,49.0,0.0,40.0,0,1,0
765,25.0,1.0,18.0,5.0,2,49.0,12.0,12.0,0,1,0
766,37.0,4.0,21.0,5.0,0,48.0,0.0,30.0,1,1,0
767,22.0,1.0,16.0,5.0,1,49.0,2.0,40.0,1,1,0
768,60.0,1.0,22.0,1.0,0,6.0,1.0,27.0,0,1,1
769,49.0,7.0,23.0,1.0,0,27.0,0.0,40.0,0,1,1
770,42.0,3.0,22.0,1.0,2,49.0,1.0,40.0,0,1,1
771,54.0,1.0,16.0,3.0,0,49.0,0.0,40.0,0,1,1
772,30.0,1.0,16.0,5.0,0,49.0,11.0,30.0,0,1,0
773,42.0,1.0,16.0,1.0,4,35.0,0.0,33.0,0,1,0
774,43.0,2.0,22.0,1.0,0,49.0,1.0,50.0,0,1,1
775,55.0,1.0,16.0,1.0,1,49.0,1.0,32.0,0,1,0
776,69.0,2.0,22.0,1.0,0,49.0,0.0,40.0,1,1,1
777,28.0,1.0,17.0,1.0,3,49.0,1.0,60.0,1,1,0
778,52.0,1.0,20.0,3.0,0,25.0,13.0,40.0,1,1,1
779,18.0,1.0,16.0,5.0,4,49.0,2.0,24.0,0,1,0
780,21.0,1.0,20.0,5.0,3,49.0,11.0,45.0,1,1,0
781,18.0,1.0,16.0,5.0,0,49.0,2.0,40.0,1,1,0
782,62.0,1.0,19.0,1.0,0,49.0,1.0,16.0,0,1,0
783,42.0,1.0,16.0,3.0,2,49.0,12.0,40.0,0,1,0
784,23.0,1.0,21.0,5.0,0,49.0,17.0,22.0,0,1,0
785,39.0,1.0,19.0,5.0,2,49.0,2.0,40.0,1,1,0
786,39.0,1.0,21.0,1.0,1,48.0,1.0,48.0,1,1,1
787,19.0,1.0,16.0,5.0,3,370.0,2.0,15.0,1,0,0
788,23.0,1.0,19.0,5.0,0,49.0,2.0,40.0,1,1,1
789,48.0,1.0,9.0,1.0,1,49.0,0.0,40.0,0,0,1
790,35.0,4.0,21.0,1.0,0,49.0,0.0,15.0,0,1,0
791,48.0,3.0,21.0,1.0,0,6.0,1.0,40.0,1,1,0
792,41.0,7.0,16.0,1.0,2,11.0,1.0,50.0,1,1,1
793,39.0,2.0,19.0,5.0,0,6.0,0.0,40.0,0,1,0
794,42.0,1.0,16.0,1.0,1,8.0,1.0,12.0,0,1,0
795,39.0,7.0,22.0,1.0,0,49.0,0.0,25.0,0,1,1
796,47.0,6.0,19.0,1.0,0,49.0,0.0,20.0,1,1,1
797,84.0,1.0,1.0,5.0,4,20.0,17.0,40.0,1,1,0
798,50.0,1.0,20.0,3.0,1,8.0,0.0,40.0,0,1,1
799,54.0,1.0,18.0,1.0,0,49.0,1.0,45.0,1,1,1
800,50.0,7.0,20.0,1.0,1,515.0,1.0,10.0,1,0,0
801,36.0,1.0,21.0,5.0,0,49.0,0.0,30.0,0,1,0
802,33.0,1.0,16.0,1.0,0,210.0,1.0,40.0,1,0,1
803,62.0,1.0,16.0,1.0,3,49.0,1.0,40.0,1,1,1
804,31.0,1.0,16.0,5.0,2,49.0,0.0,20.0,0,1,0
805,55.0,5.0,18.0,3.0,3,49.0,0.0,40.0,1,1,1
806,28.0,1.0,14.0,1.0,1,49.0,0.0,20.0,0,1,0
807,28.0,1.0,16.0,5.0,3,49.0,0.0,45.0,1,1,0
808,18.0,1.0,16.0,5.0,0,51.0,4.0,35.0,0,1,0
809,28.0,1.0,21.0,1.0,0,16.0,0.0,15.0,1,1,1
810,17.0,1.0,14.0,5.0,1,9.0,2.0,40.0,1,1,0
811,50.0,5.0,19.0,1.0,1,6.0,1.0,40.0,0,1,0
812,27.0,1.0,18.0,5.0,3,49.0,2.0,40.0,1,1,1
813,63.0,1.0,19.0,3.0,0,41.0,0.0,40.0,1,1,1
814,39.0,1.0,20.0,1.0,1,49.0,0.0,35.0,0,1,0
815,74.0,6.0,15.0,2.0,1,49.0,3.0,10.0,0,1,0
816,40.0,3.0,21.0,1.0,0,32.0,1.0,20.0,0,1,0
817,18.0,1.0,18.0,5.0,2,19.0,4.0,40.0,0,1,0
818,24.0,1.0,18.0,4.0,2,48.0,0.0,40.0,1,1,0
819,35.0,2.0,22.0,1.0,0,49.0,1.0,45.0,0,1,1
820,53.0,3.0,21.0,1.0,0,49.0,1.0,40.0,0,1,1
821,24.0,1.0,19.0,5.0,0,49.0,0.0,38.0,0,1,0
822,41.0,1.0,18.0,1.0,3,47.0,0.0,40.0,1,0,1
823,28.0,1.0,21.0,5.0,2,210.0,0.0,50.0,1,0,1
824,28.0,1.0,20.0,5.0,2,56.0,2.0,48.0,0,1,0
825,32.0,1.0,19.0,1.0,0,49.0,0.0,38.0,1,1,0
826,46.0,2.0,19.0,1.0,0,29.0,1.0,46.0,1,1,1
827,57.0,1.0,20.0,1.0,0,49.0,0.0,32.0,0,1,1
828,25.0,1.0,16.0,1.0,3,8.0,0.0,40.0,1,1,1
829,55.0,3.0,21.0,3.0,0,49.0,0.0,88.0,0,1,0
830,56.0,6.0,19.0,1.0,0,242.0,1.0,30.0,0,0,0
831,76.0,2.0,21.0,2.0,0,49.0,0.0,40.0,0,1,0
832,18.0,1.0,15.0,5.0,2,49.0,10.0,30.0,1,0,0
833,36.0,1.0,19.0,4.0,2,49.0,0.0,40.0,0,0,1
834,36.0,1.0,19.0,1.0,0,41.0,1.0,40.0,1,1,1
835,21.0,1.0,20.0,5.0,0,49.0,17.0,40.0,1,1,0
836,53.0,1.0,19.0,1.0,3,49.0,0.0,40.0,1,1,1
837,18.0,1.0,15.0,5.0,1,46.0,2.0,20.0,1,1,0
838,25.0,1.0,21.0,1.0,2,19.0,1.0,35.0,0,1,0
839,46.0,2.0,21.0,1.0,0,49.0,1.0,45.0,0,1,1
840,30.0,4.0,16.0,5.0,0,49.0,2.0,40.0,0,1,0
841,32.0,1.0,22.0,5.0,0,48.0,0.0,48.0,1,1,1
842,52.0,1.0,18.0,1.0,4,49.0,1.0,40.0,1,1,1
843,21.0,1.0,20.0,5.0,2,49.0,17.0,20.0,0,1,0
844,72.0,4.0,22.0,3.0,0,49.0,0.0,40.0,1,1,1
845,42.0,3.0,16.0,1.0,0,106.0,1.0,28.0,0,1,0
846,37.0,1.0,20.0,3.0,2,49.0,0.0,40.0,0,1,1
847,43.0,2.0,18.0,1.0,2,49.0,1.0,8.0,0,1,0
848,32.0,3.0,19.0,1.0,1,49.0,1.0,15.0,1,1,0
849,36.0,1.0,19.0,1.0,3,6.0,0.0,50.0,1,1,1
850,23.0,1.0,21.0,1.0,0,8.0,1.0,24.0,1,1,0
851,35.0,1.0,20.0,1.0,2,49.0,1.0,30.0,1,1,0
852,61.0,1.0,22.0,1.0,0,6.0,0.0,40.0,0,1,1
853,60.0,1.0,16.0,1.0,3,49.0,0.0,49.0,1,1,1
854,28.0,3.0,16.0,1.0,0,2.0,9.0,12.0,1,1,0
855,23.0,1.0,19.0,5.0,0,49.0,2.0,40.0,1,1,0
856,32.0,6.0,19.0,1.0,1,217.0,0.0,60.0,0,0,0
857,54.0,1.0,20.0,1.0,1,49.0,1.0,10.0,1,1,0
858,55.0,1.0,16.0,1.0,0,49.0,1.0,25.0,0,1,0
859,38.0,5.0,21.0,1.0,1,49.0,0.0,40.0,1,1,1
860,63.0,5.0,19.0,1.0,0,49.0,0.0,40.0,0,1,1
861,22.0,1.0,18.0,5.0,2,9.0,2.0,30.0,1,1,0
862,34.0,1.0,18.0,3.0,1,49.0,0.0,32.0,0,1,0
863,22.0,4.0,16.0,5.0,1,49.0,12.0,40.0,1,1,0
864,45.0,1.0,16.0,1.0,1,49.0,1.0,40.0,1,1,1
865,24.0,2.0,16.0,3.0,1,303.0,2.0,40.0,1,1,0
866,24.0,1.0,19.0,1.0,1,16.0,1.0,45.0,1,1,0
867,28.0,1.0,22.0,5.0,0,8.0,0.0,40.0,0,1,1
868,52.0,1.0,15.0,1.0,2,24.0,10.0,27.0,0,1,0
869,33.0,2.0,24.0,1.0,0,6.0,1.0,40.0,1,1,0
870,30.0,1.0,20.0,1.0,0,110.0,1.0,80.0,0,1,1
871,55.0,5.0,17.0,1.0,1,49.0,1.0,23.0,0,1,0
872,23.0,1.0,21.0,1.0,2,303.0,1.0,20.0,0,0,0
873,29.0,1.0,16.0,5.0,1,49.0,15.0,40.0,0,0,0
874,51.0,6.0,18.0,1.0,2,16.0,0.0,20.0,0,1,0
875,17.0,1.0,14.0,5.0,1,13.0,2.0,30.0,1,1,0
876,25.0,1.0,18.0,5.0,1,49.0,2.0,40.0,1,1,0
877,61.0,6.0,21.0,1.0,3,314.0,0.0,40.0,1,1,1
878,22.0,1.0,19.0,1.0,2,39.0,0.0,40.0,1,1,1
879,53.0,1.0,16.0,1.0,2,13.0,1.0,45.0,1,1,1
880,41.0,1.0,22.0,3.0,0,49.0,0.0,40.0,0,1,1
881,25.0,1.0,21.0,5.0,1,49.0,12.0,40.0,1,1,0
882,76.0,6.0,19.0,1.0,0,49.0,0.0,40.0,1,1,1
883,22.0,2.0,16.0,5.0,2,49.0,2.0,40.0,0,1,0
884,27.0,1.0,21.0,1.0,0,37.0,1.0,40.0,1,1,1
885,45.0,3.0,21.0,1.0,0,303.0,1.0,20.0,1,0,1
886,44.0,1.0,20.0,1.0,4,49.0,1.0,30.0,1,1,0
887,62.0,7.0,22.0,1.0,0,32.0,0.0,40.0,1,1,1
888,27.0,1.0,21.0,1.0,3,53.0,1.0,60.0,1,1,1
889,48.0,4.0,18.0,1.0,1,49.0,0.0,40.0,1,1,0
890,66.0,1.0,21.0,1.0,2,49.0,1.0,40.0,1,1,1
891,23.0,1.0,20.0,1.0,2,6.0,1.0,35.0,0,1,0
892,53.0,4.0,21.0,1.0,0,49.0,0.0,52.0,0,1,1
893,53.0,1.0,21.0,1.0,0,4.0,2.0,30.0,1,0,0
894,41.0,1.0,21.0,1.0,0,49.0,1.0,40.0,0,1,0
895,43.0,3.0,21.0,1.0,4,49.0,12.0,50.0,1,1,1
896,37.0,1.0,20.0,3.0,2,49.0,0.0,10.0,0,1,0
897,67.0,1.0,20.0,3.0,0,37.0,0.0,50.0,1,1,1
898,33.0,1.0,17.0,5.0,4,49.0,13.0,40.0,1,1,1
899,17.0,1.0,13.0,5.0,2,49.0,2.0,40.0,0,1,0
900,67.0,3.0,19.0,1.0,1,303.0,0.0,40.0,1,0,0
901,37.0,5.0,19.0,5.0,4,32.0,2.0,40.0,1,1,0
902,20.0,1.0,19.0,5.0,1,49.0,5.0,32.0,0,1,0
903,22.0,1.0,21.0,1.0,-1,6.0,0.0,40.0,1,1,1
904,55.0,1.0,21.0,1.0,2,49.0,0.0,30.0,0,1,0
905,42.0,5.0,20.0,4.0,0,49.0,0.0,45.0,1,1,0
906,32.0,1.0,18.0,5.0,1,49.0,0.0,30.0,0,1,0
907,51.0,1.0,16.0,1.0,4,6.0,1.0,40.0,1,1,0
908,40.0,1.0,21.0,1.0,0,49.0,1.0,40.0,1,1,1
909,17.0,1.0,22.0,1.0,2,49.0,1.0,40.0,0,1,0
910,32.0,1.0,16.0,1.0,0,49.0,9.0,40.0,1,1,1
911,22.0,1.0,19.0,5.0,2,56.0,17.0,15.0,0,1,0
912,74.0,6.0,12.0,2.0,2,49.0,6.0,60.0,1,1,1
913,33.0,1.0,22.0,1.0,0,56.0,0.0,40.0,1,1,1
914,28.0,5.0,19.0,1.0,0,6.0,1.0,39.0,0,1,0
915,45.0,1.0,22.0,1.0,0,24.0,0.0,40.0,1,1,1
916,28.0,6.0,19.0,1.0,1,49.0,1.0,4.0,0,1,0
917,18.0,1.0,18.0,5.0,2,17.0,2.0,35.0,0,1,0
918,40.0,1.0,21.0,1.0,2,25.0,0.0,32.0,0,1,0
919,19.0,1.0,16.0,5.0,1,66.0,3.0,50.0,0,0,0
920,18.0,1.0,18.0,5.0,1,48.0,2.0,40.0,1,1,0
921,33.0,1.0,16.0,1.0,4,6.0,0.0,10.0,1,0,1
922,75.0,2.0,23.0,2.0,0,49.0,0.0,40.0,0,1,1
923,55.0,1.0,20.0,1.0,0,15.0,0.0,40.0,1,0,1
924,48.0,7.0,20.0,1.0,0,49.0,1.0,60.0,1,1,1
925,57.0,1.0,17.0,5.0,2,49.0,0.0,40.0,0,1,1
926,30.0,6.0,16.0,1.0,3,49.0,1.0,40.0,1,1,0
927,61.0,1.0,16.0,1.0,4,22.0,1.0,40.0,1,0,1
928,27.0,4.0,20.0,5.0,0,51.0,2.0,25.0,0,0,0
929,21.0,1.0,21.0,5.0,0,49.0,0.0,25.0,0,1,1
930,21.0,1.0,19.0,5.0,0,49.0,0.0,8.0,0,1,0
931,24.0,1.0,19.0,5.0,0,56.0,2.0,35.0,1,1,0
932,34.0,1.0,20.0,1.0,2,6.0,1.0,40.0,1,1,0
933,46.0,1.0,21.0,1.0,0,303.0,1.0,40.0,1,1,1
934,61.0,7.0,19.0,1.0,0,49.0,1.0,40.0,1,1,1
935,26.0,1.0,20.0,1.0,2,49.0,1.0,40.0,1,1,1
936,51.0,1.0,16.0,1.0,0,49.0,1.0,40.0,0,1,1
937,50.0,3.0,19.0,1.0,3,6.0,0.0,40.0,1,1,1
938,58.0,1.0,21.0,1.0,0,16.0,1.0,30.0,0,1,0
939,71.0,4.0,22.0,3.0,0,49.0,0.0,40.0,0,1,0
940,47.0,1.0,21.0,1.0,-1,49.0,0.0,42.0,1,1,1
941,63.0,7.0,18.0,1.0,2,49.0,1.0,32.0,0,1,0
942,54.0,6.0,19.0,1.0,3,303.0,1.0,40.0,1,0,1
943,57.0,2.0,23.0,1.0,0,49.0,0.0,40.0,1,1,1
944,24.0,1.0,20.0,1.0,2,29.0,0.0,7.0,0,1,0
945,57.0,6.0,16.0,1.0,1,6.0,0.0,60.0,0,1,1
946,55.0,6.0,19.0,1.0,1,49.0,0.0,2.0,0,1,0
947,61.0,1.0,19.0,3.0,2,49.0,0.0,37.0,0,1,0
948,20.0,1.0,15.0,5.0,0,49.0,2.0,80.0,0,1,0
949,29.0,1.0,16.0,5.0,3,49.0,2.0,45.0,1,1,1
950,33.0,1.0,21.0,1.0,1,6.0,0.0,16.0,0,1,0
951,56.0,3.0,18.0,2.0,2,49.0,0.0,40.0,0,1,1
952,28.0,1.0,19.0,1.0,1,49.0,1.0,40.0,1,1,0
953,44.0,1.0,21.0,1.0,2,41.0,11.0,40.0,1,1,0
954,56.0,1.0,22.0,1.0,0,51.0,1.0,50.0,1,0,1
955,18.0,1.0,19.0,5.0,2,49.0,2.0,4.0,0,1,0
956,21.0,4.0,19.0,5.0,1,16.0,17.0,40.0,0,1,0
957,21.0,1.0,19.0,5.0,4,2.0,12.0,20.0,0,1,0
958,26.0,1.0,22.0,1.0,0,303.0,0.0,40.0,0,1,1
959,65.0,1.0,20.0,3.0,2,12.0,15.0,17.0,0,1,0
960,42.0,1.0,21.0,3.0,0,49.0,0.0,30.0,0,1,1
961,31.0,1.0,18.0,5.0,1,49.0,0.0,40.0,1,1,1
962,37.0,5.0,21.0,1.0,0,49.0,0.0,40.0,1,1,1
963,36.0,1.0,18.0,3.0,4,49.0,13.0,40.0,1,1,1
964,51.0,1.0,19.0,1.0,2,16.0,1.0,40.0,0,1,0
965,42.0,1.0,13.0,1.0,3,49.0,1.0,40.0,1,1,1
966,51.0,6.0,12.0,1.0,1,37.0,1.0,25.0,1,0,0
967,54.0,1.0,21.0,1.0,0,138.0,0.0,30.0,0,1,1
968,22.0,4.0,19.0,5.0,0,49.0,14.0,45.0,1,1,1
969,55.0,1.0,18.0,1.0,0,16.0,0.0,30.0,1,1,1
970,64.0,3.0,22.0,1.0,0,49.0,1.0,43.0,0,1,1
971,38.0,1.0,22.0,1.0,0,49.0,0.0,50.0,1,1,1
972,21.0,1.0,16.0,5.0,0,6.0,15.0,22.0,0,1,0
973,31.0,1.0,16.0,1.0,2,49.0,9.0,30.0,0,1,0
974,57.0,2.0,20.0,1.0,2,49.0,1.0,30.0,0,1,0
975,35.0,3.0,20.0,1.0,3,440.0,0.0,40.0,1,0,1
976,42.0,1.0,16.0,1.0,1,49.0,1.0,40.0,1,1,0
977,62.0,6.0,16.0,3.0,2,49.0,0.0,40.0,1,1,1
978,59.0,6.0,16.0,1.0,2,49.0,1.0,10.0,0,1,0
979,25.0,1.0,18.0,1.0,3,53.0,17.0,35.0,1,1,1
980,52.0,4.0,19.0,5.0,4,49.0,5.0,30.0,1,1,0
981,22.0,1.0,21.0,3.0,0,49.0,2.0,35.0,0,1,0
982,35.0,1.0,20.0,5.0,4,49.0,0.0,36.0,1,1,0
983,22.0,1.0,16.0,1.0,4,49.0,0.0,40.0,1,1,0
984,65.0,3.0,20.0,1.0,1,49.0,0.0,20.0,0,1,0
985,27.0,5.0,19.0,5.0,2,49.0,2.0,12.0,0,1,0
986,33.0,4.0,21.0,1.0,0,49.0,1.0,40.0,1,1,0
987,20.0,1.0,19.0,5.0,2,6.0,2.0,36.0,0,1,0
988,39.0,1.0,21.0,1.0,0,36.0,1.0,30.0,0,1,0
989,21.0,1.0,20.0,5.0,2,49.0,0.0,40.0,0,1,0
990,32.0,1.0,19.0,5.0,1,49.0,2.0,40.0,0,1,0
991,22.0,3.0,19.0,5.0,0,49.0,17.0,20.0,1,1,0
992,60.0,3.0,21.0,1.0,0,49.0,0.0,40.0,1,1,1
993,19.0,1.0,16.0,5.0,4,49.0,7.0,18.0,0,1,0
994,35.0,1.0,19.0,1.0,0,49.0,0.0,54.0,1,1,1
995,21.0,1.0,19.0,5.0,0,32.0,17.0,10.0,0,1,0
996,70.0,2.0,18.0,1.0,2,205.0,0.0,36.0,0,0,1
997,38.0,1.0,20.0,1.0,2,49.0,1.0,35.0,1,1,0
998,40.0,1.0,21.0,3.0,2,49.0,0.0,25.0,0,1,0
999,42.0,1.0,19.0,1.0,0,49.0,1.0,50.0,1,1,1
1000,27.0,2.0,22.0,1.0,0,49.0,0.0,40.0,0,1,0
1001,21.0,1.0,19.0,5.0,0,49.0,17.0,30.0,0,1,0
1002,36.0,1.0,16.0,5.0,2,49.0,13.0,20.0,1,1,0
1003,34.0,1.0,21.0,1.0,2,6.0,1.0,32.0,0,1,0
1004,63.0,1.0,20.0,1.0,2,39.0,1.0,50.0,0,1,1
1005,38.0,1.0,21.0,1.0,0,49.0,0.0,40.0,1,1,1
1006,19.0,1.0,18.0,5.0,4,49.0,2.0,20.0,1,1,0
1007,17.0,1.0,14.0,5.0,2,49.0,2.0,18.0,1,1,0
1008,34.0,2.0,20.0,1.0,0,30.0,0.0,10.0,0,1,0
1009,37.0,6.0,21.0,5.0,2,16.0,0.0,20.0,0,1,0
1010,57.0,3.0,20.0,1.0,4,49.0,0.0,40.0,1,1,1
1011,50.0,4.0,16.0,1.0,0,126.0,1.0,45.0,0,1,1
1012,56.0,1.0,21.0,1.0,0,17.0,1.0,20.0,1,1,1
1013,55.0,2.0,20.0,1.0,0,49.0,1.0,40.0,0,1,1
1014,42.0,1.0,22.0,1.0,0,49.0,0.0,40.0,1,1,1
1015,19.0,1.0,18.0,5.0,2,49.0,2.0,40.0,1,1,0
1016,65.0,1.0,21.0,1.0,0,53.0,0.0,60.0,0,1,1
1017,21.0,1.0,19.0,5.0,3,12.0,17.0,40.0,0,1,0
1018,44.0,1.0,21.0,5.0,2,49.0,0.0,34.0,0,1,0
1019,50.0,3.0,21.0,1.0,-1,49.0,1.0,45.0,1,1,1
1020,72.0,1.0,12.0,1.0,1,49.0,1.0,40.0,1,1,1
1021,75.0,3.0,22.0,2.0,0,49.0,0.0,60.0,1,1,1
1022,51.0,1.0,18.0,1.0,3,49.0,1.0,60.0,1,1,1
1023,21.0,1.0,16.0,5.0,1,49.0,4.0,40.0,0,1,0
1024,24.0,1.0,16.0,5.0,3,49.0,2.0,62.0,1,1,0
1025,30.0,4.0,21.0,5.0,0,49.0,0.0,50.0,1,1,1
1026,42.0,1.0,21.0,1.0,2,361.0,1.0,32.0,0,1,0
1027,18.0,1.0,19.0,5.0,1,49.0,2.0,3.0,0,1,0
1028,54.0,1.0,22.0,1.0,0,51.0,1.0,60.0,0,1,0
1029,31.0,1.0,18.0,1.0,4,49.0,0.0,32.0,1,1,0
1030,65.0,1.0,21.0,2.0,2,233.0,0.0,40.0,0,0,0
1031,62.0,1.0,19.0,1.0,0,49.0,0.0,20.0,0,1,1
1032,43.0,1.0,16.0,3.0,2,49.0,0.0,40.0,1,1,1
1033,36.0,1.0,22.0,1.0,-1,49.0,1.0,40.0,1,1,1
1034,38.0,1.0,16.0,3.0,0,49.0,0.0,36.0,0,1,0
1035,26.0,1.0,18.0,5.0,0,32.0,13.0,40.0,1,1,1
1036,46.0,7.0,23.0,1.0,0,49.0,1.0,15.0,0,1,0
1037,56.0,1.0,18.0,1.0,0,49.0,1.0,40.0,0,1,1
1038,55.0,5.0,21.0,1.0,0,49.0,1.0,40.0,1,1,1
1039,17.0,1.0,14.0,5.0,1,49.0,2.0,36.0,0,1,0
1040,19.0,1.0,16.0,5.0,4,49.0,15.0,40.0,1,1,0
1041,55.0,4.0,18.0,1.0,0,49.0,1.0,40.0,0,1,1
1042,42.0,1.0,21.0,3.0,2,49.0,12.0,50.0,0,1,1
1043,56.0,1.0,20.0,1.0,2,49.0,1.0,24.0,0,1,0
1044,34.0,7.0,21.0,1.0,0,6.0,0.0,80.0,1,1,1
1045,24.0,1.0,19.0,1.0,3,2.0,0.0,20.0,1,1,0
1046,24.0,1.0,20.0,5.0,4,49.0,2.0,40.0,1,1,0
1047,21.0,1.0,15.0,5.0,4,49.0,2.0,36.0,0,1,0
1048,34.0,2.0,22.0,1.0,0,49.0,0.0,20.0,0,1,1
1049,48.0,6.0,23.0,1.0,0,21.0,1.0,48.0,1,1,1
1050,26.0,1.0,16.0,5.0,0,49.0,0.0,40.0,0,1,1
1051,56.0,1.0,19.0,1.0,1,49.0,0.0,45.0,0,1,1
1052,29.0,1.0,16.0,5.0,3,6.0,12.0,50.0,1,1,0
1053,30.0,1.0,20.0,1.0,3,66.0,0.0,60.0,1,0,0
1054,58.0,7.0,19.0,1.0,1,49.0,1.0,15.0,0,1,0
1055,42.0,1.0,20.0,1.0,2,16.0,1.0,32.0,0,1,0
1056,60.0,1.0,1.0,1.0,4,6.0,6.0,40.0,1,1,1
1057,60.0,1.0,19.0,1.0,3,15.0,0.0,50.0,1,0,1
1058,55.0,1.0,21.0,1.0,2,49.0,1.0,40.0,1,1,1
1059,42.0,7.0,21.0,1.0,0,49.0,1.0,40.0,1,1,0
1060,39.0,1.0,19.0,1.0,1,49.0,1.0,30.0,1,1,0
1061,36.0,1.0,21.0,1.0,0,49.0,0.0,20.0,1,1,1
1062,61.0,7.0,19.0,1.0,0,49.0,0.0,50.0,0,1,1
1063,50.0,1.0,19.0,1.0,2,49.0,1.0,40.0,1,1,0
1064,34.0,1.0,18.0,3.0,4,6.0,2.0,16.0,0,1,0
1065,23.0,1.0,19.0,5.0,2,49.0,2.0,18.0,0,1,0
1066,23.0,1.0,19.0,5.0,1,49.0,2.0,4.0,0,1,0
1067,34.0,1.0,21.0,1.0,0,16.0,0.0,50.0,1,1,1
1068,39.0,1.0,21.0,1.0,2,451.0,0.0,20.0,0,0,0
1069,30.0,1.0,16.0,1.0,2,49.0,1.0,32.0,0,1,1
1070,30.0,6.0,19.0,1.0,3,4.0,0.0,6.0,1,0,0
1071,37.0,1.0,19.0,3.0,2,49.0,13.0,40.0,1,1,1
1072,21.0,1.0,16.0,5.0,4,49.0,17.0,80.0,1,1,0
1073,30.0,1.0,21.0,5.0,0,35.0,0.0,40.0,0,1,0
1074,48.0,7.0,16.0,1.0,3,49.0,1.0,50.0,1,1,1
1075,47.0,1.0,16.0,1.0,3,6.0,1.0,40.0,1,0,1
1076,29.0,1.0,19.0,5.0,0,49.0,15.0,40.0,0,1,1
1077,20.0,1.0,19.0,5.0,1,19.0,12.0,15.0,0,1,0
1078,17.0,1.0,14.0,5.0,2,49.0,2.0,40.0,1,1,0
1079,61.0,1.0,19.0,1.0,4,6.0,0.0,40.0,1,1,1
1080,24.0,1.0,21.0,5.0,3,49.0,0.0,20.0,1,1,1
1081,28.0,1.0,16.0,1.0,2,6.0,1.0,42.0,1,1,1
1082,60.0,1.0,21.0,1.0,0,53.0,1.0,50.0,0,1,0
1083,20.0,1.0,18.0,5.0,2,6.0,17.0,40.0,0,1,0
1084,51.0,1.0,18.0,1.0,2,4.0,0.0,45.0,0,0,1
1085,58.0,6.0,21.0,1.0,0,16.0,1.0,60.0,0,1,1
1086,62.0,5.0,18.0,1.0,0,49.0,0.0,55.0,1,1,1
1087,52.0,4.0,19.0,3.0,2,49.0,0.0,30.0,1,1,1
1088,65.0,1.0,18.0,1.0,4,49.0,0.0,40.0,1,1,1
1089,67.0,1.0,18.0,5.0,0,49.0,13.0,40.0,1,0,1
1090,39.0,1.0,16.0,1.0,1,49.0,1.0,30.0,1,1,0
1091,33.0,1.0,18.0,5.0,1,49.0,0.0,40.0,0,1,0
1092,51.0,1.0,16.0,1.0,0,303.0,0.0,36.0,0,1,1
1093,18.0,1.0,18.0,5.0,2,16.0,17.0,10.0,1,1,0
1094,49.0,1.0,15.0,5.0,3,34.0,16.0,10.0,1,0,0
1095,55.0,1.0,16.0,1.0,1,49.0,0.0,48.0,1,1,1
1096,61.0,7.0,22.0,5.0,0,49.0,0.0,40.0,0,1,1
1097,18.0,1.0,19.0,5.0,4,6.0,2.0,40.0,0,1,0
1098,72.0,1.0,16.0,5.0,2,49.0,0.0,40.0,1,1,1
1099,58.0,1.0,20.0,1.0,0,303.0,0.0,16.0,0,1,0
1100,54.0,1.0,19.0,1.0,1,49.0,0.0,45.0,1,1,1
1101,45.0,1.0,19.0,1.0,3,16.0,0.0,40.0,1,1,1
1102,50.0,3.0,22.0,1.0,0,49.0,1.0,25.0,0,1,1
1103,36.0,1.0,16.0,5.0,0,39.0,12.0,15.0,0,1,0
1104,49.0,5.0,16.0,1.0,4,41.0,0.0,40.0,1,1,0
1105,47.0,1.0,20.0,5.0,2,49.0,2.0,40.0,1,1,1
1106,30.0,1.0,21.0,5.0,2,49.0,2.0,40.0,1,1,1
1107,22.0,1.0,18.0,5.0,0,49.0,2.0,40.0,1,1,0
1108,32.0,1.0,20.0,1.0,0,40.0,0.0,40.0,1,0,1
1109,21.0,5.0,21.0,5.0,0,370.0,12.0,16.0,0,1,0
1110,45.0,1.0,21.0,1.0,3,2.0,0.0,16.0,0,1,1
1111,38.0,5.0,21.0,3.0,0,6.0,0.0,40.0,1,1,1
1112,68.0,3.0,22.0,1.0,0,303.0,0.0,39.0,0,0,1
1113,27.0,1.0,21.0,1.0,0,49.0,0.0,20.0,0,1,0
1114,56.0,1.0,17.0,3.0,2,49.0,5.0,50.0,0,1,0
1115,28.0,5.0,19.0,1.0,1,49.0,2.0,40.0,1,1,0
1116,58.0,7.0,20.0,1.0,1,39.0,1.0,5.0,1,1,0
1117,40.0,7.0,22.0,1.0,0,49.0,1.0,20.0,0,1,0
1118,22.0,6.0,19.0,1.0,2,49.0,0.0,40.0,1,1,0
1119,42.0,1.0,16.0,1.0,2,49.0,1.0,38.0,0,1,0
1120,30.0,1.0,1.0,1.0,4,49.0,7.0,45.0,1,0,0
1121,61.0,7.0,21.0,1.0,0,6.0,0.0,50.0,1,1,1
1122,46.0,1.0,20.0,1.0,2,6.0,1.0,32.0,0,1,0
1123,58.0,1.0,18.0,1.0,3,31.0,0.0,55.0,1,1,1
1124,47.0,1.0,17.0,5.0,4,51.0,3.0,20.0,1,1,0
1125,25.0,6.0,16.0,5.0,4,49.0,7.0,15.0,0,1,0
1126,21.0,1.0,16.0,3.0,1,49.0,8.0,45.0,0,1,0
1127,56.0,1.0,15.0,1.0,4,49.0,0.0,40.0,0,1,1
1128,18.0,1.0,18.0,5.0,1,48.0,2.0,30.0,0,0,0
1129,22.0,1.0,16.0,5.0,2,49.0,0.0,40.0,0,1,0
1130,48.0,4.0,16.0,1.0,2,49.0,1.0,40.0,0,1,1
1131,50.0,1.0,16.0,1.0,3,49.0,0.0,35.0,1,1,0
1132,53.0,1.0,21.0,1.0,2,49.0,1.0,40.0,0,1,0
1133,50.0,1.0,22.0,1.0,4,303.0,1.0,65.0,1,0,1
1134,32.0,1.0,21.0,3.0,2,6.0,2.0,40.0,0,1,1
1135,62.0,6.0,21.0,1.0,0,49.0,0.0,45.0,1,1,1
1136,41.0,1.0,17.0,1.0,2,6.0,1.0,40.0,0,1,0
1137,61.0,1.0,21.0,3.0,3,49.0,0.0,45.0,1,1,0
1138,31.0,1.0,21.0,1.0,3,17.0,0.0,12.0,1,1,0
1139,71.0,1.0,21.0,3.0,0,49.0,0.0,40.0,0,1,1
1140,36.0,7.0,21.0,1.0,0,205.0,0.0,50.0,1,0,1
1141,67.0,1.0,16.0,1.0,1,49.0,1.0,40.0,0,1,0
1142,24.0,4.0,19.0,5.0,1,49.0,12.0,40.0,1,1,0
1143,22.0,1.0,19.0,5.0,2,49.0,12.0,40.0,1,1,0
1144,49.0,1.0,17.0,1.0,0,6.0,1.0,40.0,1,1,1
1145,19.0,1.0,16.0,5.0,1,49.0,2.0,8.0,0,1,0
1146,21.0,1.0,19.0,5.0,2,49.0,12.0,30.0,1,1,0
1147,42.0,2.0,1.0,1.0,3,49.0,0.0,40.0,1,1,1
1148,54.0,1.0,23.0,1.0,1,6.0,0.0,12.0,0,1,0
1149,21.0,1.0,17.0,5.0,2,51.0,2.0,20.0,0,1,0
1150,49.0,1.0,19.0,1.0,4,49.0,0.0,90.0,1,1,1
1151,31.0,1.0,21.0,1.0,0,51.0,0.0,20.0,0,1,0
1152,66.0,4.0,24.0,1.0,2,6.0,1.0,40.0,1,1,1
1153,27.0,1.0,16.0,1.0,1,49.0,0.0,45.0,1,1,1
1154,18.0,1.0,18.0,5.0,2,6.0,17.0,1.0,0,1,0
1155,26.0,5.0,16.0,5.0,2,49.0,2.0,40.0,0,1,1
1156,63.0,7.0,21.0,1.0,0,49.0,1.0,40.0,0,1,1
1157,23.0,1.0,16.0,5.0,2,233.0,5.0,40.0,1,0,0
1158,29.0,5.0,20.0,1.0,0,49.0,0.0,40.0,1,1,1
1159,18.0,2.0,13.0,5.0,1,49.0,2.0,10.0,1,1,0
1160,60.0,3.0,16.0,1.0,3,49.0,0.0,72.0,1,1,1
1161,44.0,2.0,22.0,5.0,1,49.0,0.0,42.0,1,1,1
1162,68.0,1.0,19.0,1.0,3,49.0,0.0,40.0,1,1,0
1163,21.0,2.0,19.0,5.0,1,6.0,2.0,6.0,0,1,0
1164,59.0,2.0,19.0,1.0,0,49.0,0.0,40.0,1,1,1
1165,63.0,1.0,19.0,3.0,2,49.0,17.0,7.0,0,1,0
1166,34.0,1.0,16.0,1.0,4,38.0,1.0,48.0,1,1,1
1167,65.0,2.0,18.0,1.0,0,49.0,0.0,40.0,0,1,1
1168,63.0,1.0,16.0,1.0,4,49.0,0.0,40.0,1,1,1
1169,69.0,6.0,21.0,1.0,0,49.0,1.0,60.0,1,1,1
1170,43.0,1.0,22.0,1.0,0,8.0,1.0,40.0,1,1,1
1171,37.0,2.0,19.0,1.0,0,5.0,1.0,40.0,0,1,0
1172,61.0,1.0,16.0,2.0,0,6.0,6.0,30.0,0,1,0
1173,52.0,4.0,18.0,3.0,1,53.0,0.0,22.0,0,1,0
1174,43.0,1.0,19.0,3.0,0,8.0,0.0,50.0,1,1,1
1175,30.0,1.0,18.0,1.0,4,4.0,0.0,55.0,1,1,1
1176,40.0,1.0,21.0,1.0,0,6.0,0.0,70.0,1,1,0
1177,43.0,1.0,21.0,1.0,2,49.0,1.0,40.0,0,1,0
1178,40.0,1.0,16.0,1.0,2,46.0,1.0,40.0,0,1,0
1179,38.0,1.0,20.0,3.0,2,49.0,0.0,45.0,0,1,0
1180,24.0,1.0,19.0,5.0,2,49.0,5.0,15.0,1,1,0
1181,26.0,1.0,22.0,1.0,3,49.0,0.0,50.0,1,1,1
1182,69.0,1.0,23.0,3.0,2,49.0,11.0,35.0,0,1,0
1183,25.0,1.0,17.0,1.0,2,6.0,1.0,45.0,0,1,0
1184,57.0,4.0,18.0,1.0,2,42.0,1.0,40.0,0,1,1
1185,27.0,7.0,21.0,1.0,2,49.0,0.0,40.0,1,1,0
1186,24.0,1.0,16.0,1.0,3,49.0,17.0,50.0,1,0,1
1187,38.0,1.0,20.0,1.0,0,55.0,1.0,40.0,1,1,1
1188,50.0,4.0,22.0,1.0,0,16.0,0.0,40.0,1,1,1
1189,63.0,6.0,19.0,1.0,1,49.0,1.0,10.0,0,1,0
1190,25.0,1.0,21.0,1.0,2,6.0,0.0,25.0,0,1,0
1191,43.0,1.0,20.0,1.0,0,49.0,0.0,30.0,0,1,0
1192,34.0,1.0,19.0,1.0,0,49.0,0.0,40.0,0,1,1
1193,42.0,1.0,22.0,1.0,1,49.0,0.0,50.0,1,1,1
1194,49.0,1.0,19.0,1.0,2,49.0,1.0,50.0,0,1,1
1195,41.0,1.0,20.0,5.0,3,49.0,0.0,20.0,1,1,1
1196,53.0,1.0,21.0,1.0,0,16.0,1.0,40.0,0,1,1
1197,25.0,1.0,19.0,3.0,0,49.0,13.0,40.0,0,1,0
1198,52.0,1.0,22.0,5.0,2,15.0,0.0,50.0,1,1,1
1199,59.0,1.0,16.0,2.0,3,49.0,0.0,45.0,1,1,1
1200,32.0,6.0,22.0,1.0,0,6.0,0.0,48.0,1,1,1
1201,45.0,2.0,20.0,1.0,2,49.0,1.0,40.0,0,1,1
1202,23.0,1.0,20.0,1.0,3,49.0,0.0,20.0,1,1,0
1203,35.0,4.0,22.0,1.0,0,49.0,0.0,40.0,1,1,1
1204,31.0,7.0,21.0,1.0,2,49.0,0.0,65.0,1,1,1
1205,56.0,1.0,22.0,1.0,2,49.0,0.0,50.0,1,1,1
1206,21.0,1.0,16.0,5.0,1,41.0,2.0,40.0,1,1,0
1207,68.0,2.0,14.0,1.0,1,35.0,1.0,40.0,0,1,1
1208,38.0,1.0,21.0,5.0,0,49.0,0.0,50.0,1,1,1
1209,23.0,1.0,17.0,5.0,2,49.0,2.0,50.0,0,1,0
1210,22.0,1.0,16.0,3.0,1,49.0,0.0,40.0,1,1,0
1211,36.0,3.0,16.0,1.0,0,49.0,1.0,16.0,0,1,0
1212,59.0,1.0,18.0,1.0,1,6.0,0.0,40.0,1,1,1
1213,24.0,1.0,20.0,1.0,0,49.0,0.0,40.0,1,1,0
1214,34.0,1.0,19.0,1.0,1,53.0,1.0,20.0,0,1,0
1215,31.0,1.0,22.0,1.0,0,16.0,0.0,40.0,0,1,1
1216,26.0,2.0,20.0,5.0,0,26.0,2.0,40.0,0,1,0
1217,30.0,4.0,16.0,1.0,2,49.0,9.0,28.0,0,1,0
1218,63.0,1.0,21.0,5.0,4,49.0,0.0,65.0,1,1,1
1219,44.0,1.0,16.0,1.0,3,53.0,9.0,50.0,1,1,1
1220,47.0,1.0,20.0,1.0,0,49.0,0.0,40.0,0,1,0
1221,56.0,1.0,20.0,1.0,0,4.0,1.0,40.0,0,1,1
1222,23.0,2.0,20.0,5.0,3,48.0,2.0,60.0,1,1,0
1223,19.0,1.0,18.0,5.0,1,51.0,17.0,30.0,0,1,0
1224,27.0,1.0,19.0,5.0,2,6.0,17.0,50.0,0,1,1
1225,20.0,1.0,18.0,1.0,1,301.0,1.0,40.0,1,1,0
1226,56.0,1.0,15.0,1.0,0,49.0,1.0,16.0,0,1,0
1227,55.0,1.0,16.0,3.0,1,6.0,13.0,50.0,0,1,1
1228,37.0,1.0,21.0,1.0,2,49.0,0.0,40.0,1,1,0
1229,21.0,1.0,16.0,5.0,2,303.0,2.0,45.0,1,0,0
1230,21.0,1.0,18.0,5.0,0,303.0,10.0,15.0,0,1,0
1231,56.0,5.0,16.0,1.0,0,6.0,1.0,40.0,0,1,1
1232,57.0,1.0,16.0,1.0,0,16.0,0.0,60.0,1,0,1
1233,58.0,1.0,17.0,1.0,1,55.0,1.0,30.0,1,1,1
1234,29.0,1.0,19.0,1.0,1,49.0,1.0,56.0,0,1,1
1235,63.0,1.0,14.0,1.0,2,6.0,0.0,29.0,0,1,0
1236,37.0,1.0,21.0,1.0,0,9.0,0.0,40.0,1,1,1
1237,52.0,3.0,21.0,1.0,0,49.0,1.0,8.0,0,1,0
1238,20.0,1.0,19.0,5.0,2,49.0,2.0,40.0,1,1,0
1239,49.0,1.0,16.0,1.0,4,373.0,1.0,25.0,1,0,0
1240,30.0,1.0,21.0,5.0,0,49.0,0.0,96.0,1,1,0
1241,46.0,1.0,19.0,1.0,4,11.0,0.0,40.0,0,1,1
1242,33.0,2.0,21.0,5.0,0,39.0,0.0,40.0,1,1,1
1243,64.0,1.0,21.0,3.0,0,49.0,0.0,40.0,1,1,1
1244,17.0,1.0,14.0,5.0,2,12.0,2.0,45.0,1,1,0
1245,21.0,1.0,19.0,5.0,4,49.0,17.0,10.0,1,1,0
1246,60.0,1.0,21.0,1.0,0,49.0,1.0,40.0,0,1,1
1247,26.0,1.0,19.0,5.0,1,6.0,12.0,40.0,0,1,0
1248,25.0,1.0,17.0,5.0,1,49.0,2.0,10.0,1,1,0
1249,24.0,3.0,19.0,5.0,0,17.0,2.0,15.0,0,1,0
1250,50.0,1.0,20.0,1.0,0,49.0,0.0,40.0,0,1,0
1251,23.0,1.0,19.0,1.0,0,6.0,0.0,45.0,1,1,1
1252,17.0,1.0,13.0,5.0,1,49.0,2.0,7.0,0,1,0
1253,54.0,7.0,23.0,1.0,0,49.0,1.0,50.0,0,1,1
1254,22.0,1.0,21.0,1.0,0,49.0,1.0,5.0,0,1,0
1255,22.0,1.0,19.0,5.0,4,39.0,17.0,70.0,1,1,0
1256,45.0,1.0,20.0,1.0,4,4.0,0.0,40.0,1,0,1
1257,43.0,7.0,20.0,1.0,1,303.0,0.0,50.0,1,1,1
1258,31.0,3.0,22.0,1.0,0,49.0,0.0,40.0,0,1,1
1259,47.0,1.0,19.0,1.0,2,6.0,1.0,40.0,0,1,1
1260,66.0,7.0,22.0,1.0,4,49.0,1.0,40.0,1,1,1
1261,34.0,1.0,22.0,1.0,0,49.0,0.0,53.0,1,1,1
1262,58.0,1.0,21.0,1.0,3,49.0,0.0,65.0,1,0,1
1263,38.0,1.0,21.0,1.0,0,527.0,1.0,45.0,1,0,1
1264,48.0,4.0,22.0,1.0,0,42.0,1.0,45.0,0,1,1
1265,66.0,1.0,22.0,5.0,2,6.0,0.0,50.0,1,1,1
1266,49.0,1.0,16.0,1.0,4,8.0,1.0,40.0,1,1,1
1267,69.0,6.0,23.0,1.0,4,362.0,1.0,55.0,1,0,1
1268,47.0,1.0,15.0,3.0,2,49.0,15.0,40.0,0,1,0
1269,29.0,5.0,16.0,1.0,2,49.0,0.0,40.0,1,1,1
1270,68.0,1.0,21.0,1.0,0,49.0,0.0,42.0,1,1,1
1271,46.0,6.0,16.0,1.0,1,210.0,0.0,44.0,1,0,1
1272,57.0,1.0,16.0,1.0,2,49.0,1.0,40.0,0,1,1
1273,55.0,1.0,21.0,1.0,0,16.0,0.0,40.0,1,1,1
1274,46.0,1.0,21.0,3.0,0,49.0,0.0,44.0,0,0,1
1275,26.0,1.0,17.0,1.0,2,49.0,2.0,47.0,1,1,1
1276,25.0,1.0,21.0,5.0,0,303.0,2.0,2.0,0,1,0
1277,31.0,2.0,21.0,1.0,0,12.0,1.0,40.0,0,1,1
1278,23.0,1.0,19.0,5.0,0,49.0,13.0,43.0,1,1,0
1279,54.0,1.0,19.0,1.0,4,6.0,0.0,35.0,1,1,0
1280,34.0,4.0,16.0,3.0,0,49.0,0.0,40.0,1,1,1
1281,40.0,6.0,16.0,1.0,3,6.0,1.0,70.0,1,1,1
1282,67.0,1.0,18.0,1.0,4,56.0,0.0,54.0,1,1,1
1283,22.0,1.0,21.0,5.0,2,49.0,2.0,20.0,0,1,0
1284,63.0,7.0,16.0,1.0,3,49.0,0.0,40.0,1,1,0
1285,25.0,1.0,24.0,1.0,0,36.0,0.0,40.0,0,1,1
1286,56.0,1.0,19.0,1.0,2,49.0,1.0,40.0,1,1,1
1287,35.0,1.0,18.0,5.0,2,28.0,0.0,40.0,1,1,0
1288,25.0,1.0,19.0,5.0,0,49.0,0.0,30.0,0,1,0
1289,33.0,1.0,20.0,1.0,3,49.0,0.0,25.0,0,1,0
1290,67.0,2.0,20.0,1.0,0,49.0,0.0,25.0,0,1,0
1291,57.0,4.0,22.0,1.0,0,6.0,0.0,40.0,1,1,1
1292,44.0,4.0,19.0,1.0,1,49.0,2.0,35.0,0,1,0
1293,24.0,1.0,19.0,5.0,2,26.0,5.0,10.0,1,1,0
1294,46.0,1.0,20.0,5.0,1,49.0,0.0,27.0,0,1,1
1295,62.0,3.0,21.0,1.0,1,49.0,0.0,40.0,0,1,1
1296,59.0,3.0,20.0,1.0,1,49.0,1.0,19.0,0,1,0
1297,32.0,1.0,12.0,1.0,1,6.0,1.0,40.0,1,1,0
1298,24.0,1.0,21.0,1.0,0,6.0,1.0,27.0,0,1,0
1299,36.0,1.0,19.0,5.0,0,49.0,0.0,60.0,1,1,1
1300,22.0,1.0,19.0,1.0,4,49.0,1.0,35.0,1,1,0
1301,38.0,2.0,21.0,1.0,0,49.0,0.0,40.0,0,1,1
1302,37.0,4.0,21.0,5.0,2,49.0,2.0,45.0,1,1,1
1303,56.0,1.0,16.0,5.0,0,6.0,13.0,30.0,1,1,1
1304,39.0,1.0,19.0,1.0,4,2.0,1.0,50.0,1,1,1
1305,41.0,1.0,19.0,1.0,4,6.0,2.0,48.0,1,0,0
1306,31.0,1.0,23.0,1.0,3,16.0,0.0,40.0,1,1,1
1307,56.0,1.0,18.0,1.0,4,6.0,1.0,40.0,1,1,1
1308,64.0,1.0,16.0,1.0,2,49.0,0.0,50.0,1,1,1
1309,52.0,5.0,19.0,1.0,2,16.0,1.0,40.0,1,1,1
1310,76.0,6.0,16.0,1.0,3,49.0,0.0,40.0,1,1,1
1311,59.0,2.0,21.0,1.0,2,16.0,0.0,50.0,1,1,1
1312,44.0,1.0,19.0,3.0,2,41.0,0.0,40.0,0,1,1
1313,26.0,1.0,21.0,1.0,1,49.0,10.0,60.0,0,1,0
1314,36.0,7.0,16.0,1.0,3,49.0,1.0,40.0,1,1,1
1315,38.0,1.0,21.0,1.0,0,40.0,0.0,30.0,1,1,0
1316,62.0,1.0,19.0,1.0,2,56.0,1.0,25.0,0,1,0
1317,33.0,3.0,21.0,1.0,0,49.0,1.0,18.0,0,1,0
1318,25.0,1.0,19.0,1.0,0,6.0,1.0,45.0,1,1,1
1319,50.0,1.0,20.0,1.0,0,6.0,1.0,40.0,1,1,1
1320,66.0,3.0,16.0,1.0,0,49.0,0.0,40.0,0,1,1
1321,22.0,2.0,1.0,5.0,1,6.0,2.0,40.0,1,1,0
1322,57.0,6.0,20.0,1.0,2,6.0,0.0,20.0,0,1,0
1323,40.0,6.0,22.0,1.0,0,49.0,1.0,40.0,1,1,1
1324,24.0,1.0,20.0,5.0,0,49.0,2.0,10.0,0,1,0
1325,28.0,1.0,16.0,1.0,1,49.0,0.0,50.0,1,1,1
1326,20.0,1.0,19.0,5.0,4,24.0,2.0,30.0,1,1,0
1327,47.0,6.0,20.0,1.0,2,49.0,0.0,16.0,0,1,0
1328,29.0,1.0,18.0,1.0,4,20.0,9.0,35.0,1,1,1
1329,24.0,1.0,19.0,1.0,0,49.0,0.0,40.0,0,1,0
1330,40.0,1.0,21.0,1.0,0,16.0,0.0,50.0,0,1,1
1331,59.0,3.0,21.0,1.0,0,6.0,0.0,40.0,0,1,1
1332,84.0,1.0,22.0,3.0,0,49.0,2.0,40.0,1,1,1
1333,44.0,1.0,23.0,1.0,0,49.0,1.0,20.0,0,1,0
1334,81.0,4.0,24.0,1.0,0,39.0,1.0,30.0,1,1,1
1335,38.0,1.0,19.0,1.0,1,49.0,0.0,35.0,0,1,1
1336,25.0,1.0,20.0,1.0,2,49.0,1.0,40.0,1,0,0
1337,62.0,1.0,21.0,1.0,2,49.0,1.0,40.0,1,1,1
1338,39.0,3.0,22.0,1.0,0,39.0,0.0,40.0,1,1,1
1339,82.0,1.0,24.0,1.0,0,303.0,0.0,40.0,1,1,1
1340,62.0,1.0,17.0,1.0,4,37.0,1.0,48.0,1,1,1
1341,31.0,2.0,22.0,1.0,0,207.0,1.0,90.0,1,0,1
1342,37.0,1.0,21.0,1.0,0,49.0,1.0,32.0,1,1,0
1343,41.0,1.0,21.0,1.0,1,49.0,0.0,37.0,1,1,1
1344,24.0,1.0,19.0,5.0,4,49.0,12.0,55.0,1,1,0
1345,49.0,2.0,19.0,1.0,1,6.0,16.0,10.0,1,1,0
1346,41.0,1.0,19.0,3.0,2,49.0,12.0,40.0,1,1,0
1347,33.0,1.0,20.0,3.0,2,27.0,0.0,35.0,0,1,0
1348,21.0,1.0,19.0,5.0,3,49.0,17.0,30.0,1,1,0
1349,40.0,1.0,16.0,3.0,1,6.0,0.0,48.0,0,1,1
1350,17.0,1.0,14.0,5.0,0,49.0,2.0,85.0,1,1,0
1351,57.0,2.0,20.0,1.0,3,49.0,0.0,40.0,1,1,1
1352,47.0,1.0,18.0,1.0,4,49.0,0.0,40.0,1,1,1
1353,35.0,1.0,21.0,1.0,0,49.0,0.0,45.0,1,1,1
1354,40.0,1.0,16.0,5.0,0,39.0,7.0,40.0,0,1,0
1355,54.0,1.0,16.0,1.0,3,49.0,0.0,40.0,1,1,0
1356,46.0,1.0,21.0,1.0,4,6.0,1.0,42.0,1,1,1
1357,32.0,1.0,22.0,1.0,0,6.0,0.0,43.0,1,1,1
1358,46.0,1.0,24.0,1.0,0,6.0,0.0,40.0,1,1,1
1359,51.0,1.0,20.0,1.0,4,49.0,1.0,45.0,1,1,1
1360,36.0,1.0,21.0,1.0,0,16.0,1.0,40.0,0,1,0
1361,51.0,6.0,21.0,1.0,2,49.0,0.0,30.0,0,1,1
1362,43.0,1.0,17.0,1.0,2,301.0,15.0,40.0,0,1,0
1363,29.0,1.0,22.0,1.0,-1,49.0,0.0,45.0,1,1,1
1364,26.0,5.0,20.0,1.0,3,53.0,0.0,40.0,1,1,1
1365,41.0,1.0,16.0,1.0,2,49.0,1.0,40.0,1,1,1
1366,64.0,1.0,21.0,1.0,4,49.0,1.0,40.0,1,0,1
1367,20.0,1.0,18.0,5.0,2,49.0,2.0,43.0,0,1,0
1368,29.0,1.0,18.0,5.0,2,48.0,15.0,30.0,0,1,0
1369,63.0,1.0,21.0,1.0,0,49.0,1.0,40.0,0,1,1
1370,21.0,1.0,16.0,5.0,3,49.0,11.0,40.0,1,1,0
1371,30.0,3.0,22.0,1.0,0,16.0,1.0,40.0,0,1,0
1372,17.0,1.0,14.0,5.0,1,303.0,4.0,51.0,1,1,0
1373,36.0,7.0,21.0,1.0,0,49.0,1.0,60.0,1,1,1
1374,20.0,1.0,16.0,5.0,4,10.0,2.0,40.0,1,1,0
1375,48.0,6.0,15.0,1.0,3,49.0,1.0,20.0,1,1,0
1376,50.0,1.0,20.0,1.0,2,49.0,0.0,15.0,0,1,0
1377,40.0,6.0,21.0,1.0,0,6.0,1.0,55.0,0,1,1
1378,65.0,1.0,22.0,1.0,4,49.0,1.0,60.0,1,1,1
1379,44.0,2.0,21.0,1.0,0,49.0,0.0,30.0,0,1,0
1380,43.0,1.0,20.0,3.0,2,6.0,0.0,40.0,0,1,1
1381,48.0,1.0,21.0,1.0,0,49.0,0.0,40.0,0,1,1
1382,28.0,1.0,19.0,5.0,0,49.0,14.0,40.0,0,1,1
1383,52.0,1.0,16.0,1.0,2,29.0,1.0,50.0,1,1,0
1384,49.0,4.0,22.0,1.0,0,6.0,0.0,36.0,1,1,1
1385,53.0,6.0,16.0,1.0,3,49.0,1.0,10.0,1,1,0
1386,51.0,1.0,21.0,1.0,2,49.0,1.0,20.0,0,1,1
1387,31.0,2.0,21.0,1.0,0,49.0,1.0,40.0,0,1,1
1388,35.0,1.0,16.0,1.0,4,53.0,12.0,50.0,1,1,1
1389,25.0,1.0,21.0,1.0,0,37.0,0.0,45.0,0,1,1
1390,40.0,1.0,20.0,1.0,3,47.0,1.0,75.0,1,0,0
1391,32.0,1.0,21.0,5.0,2,12.0,0.0,40.0,0,1,0
1392,65.0,1.0,19.0,3.0,2,55.0,0.0,40.0,0,1,0
1393,39.0,2.0,21.0,1.0,2,49.0,0.0,40.0,0,1,0
1394,57.0,1.0,18.0,1.0,2,27.0,1.0,40.0,0,1,0
1395,46.0,4.0,22.0,3.0,0,49.0,0.0,40.0,0,1,0
1396,23.0,1.0,20.0,5.0,3,6.0,17.0,40.0,1,1,0
1397,17.0,1.0,14.0,5.0,1,49.0,2.0,35.0,0,1,0
1398,55.0,1.0,21.0,1.0,0,49.0,0.0,50.0,1,1,1
1399,19.0,7.0,19.0,1.0,2,49.0,1.0,84.0,1,1,0
1400,58.0,1.0,18.0,1.0,1,49.0,1.0,45.0,1,1,1
1401,22.0,1.0,19.0,5.0,0,49.0,2.0,36.0,0,1,0
1402,34.0,1.0,19.0,1.0,3,49.0,0.0,8.0,0,1,0
1403,30.0,5.0,16.0,5.0,2,49.0,0.0,40.0,0,1,0
1404,24.0,1.0,21.0,1.0,0,42.0,0.0,70.0,1,1,0
1405,29.0,1.0,16.0,5.0,0,49.0,12.0,40.0,0,1,1
1406,34.0,5.0,16.0,1.0,3,49.0,1.0,40.0,1,1,0
1407,44.0,5.0,22.0,1.0,0,312.0,0.0,40.0,1,0,1
1408,42.0,4.0,16.0,1.0,1,49.0,1.0,40.0,0,1,0
1409,29.0,1.0,21.0,1.0,2,49.0,2.0,40.0,0,1,0
1410,27.0,1.0,22.0,1.0,0,53.0,0.0,50.0,1,1,1
1411,34.0,1.0,19.0,1.0,1,49.0,0.0,25.0,0,1,0
1412,45.0,1.0,21.0,1.0,3,6.0,0.0,40.0,1,1,1
1413,24.0,1.0,20.0,5.0,0,4.0,0.0,40.0,0,1,0
1414,33.0,1.0,21.0,1.0,3,49.0,1.0,40.0,1,1,1
1415,41.0,1.0,20.0,5.0,1,49.0,0.0,40.0,1,1,0
1416,39.0,1.0,18.0,5.0,3,49.0,2.0,42.0,1,1,1
1417,60.0,3.0,22.0,1.0,0,49.0,0.0,28.0,0,1,0
1418,22.0,1.0,20.0,5.0,4,49.0,2.0,40.0,1,1,0
1419,47.0,3.0,21.0,1.0,2,49.0,1.0,40.0,0,1,0
1420,18.0,1.0,19.0,5.0,1,49.0,17.0,30.0,0,1,0
1421,61.0,1.0,1.0,1.0,1,49.0,6.0,20.0,0,1,0
1422,38.0,7.0,21.0,1.0,0,12.0,1.0,55.0,1,1,1
1423,24.0,1.0,13.0,5.0,4,49.0,16.0,35.0,1,0,0
1424,21.0,1.0,16.0,5.0,2,49.0,2.0,45.0,1,1,0
1425,63.0,1.0,19.0,3.0,0,49.0,0.0,65.0,0,1,1
1426,27.0,2.0,23.0,4.0,0,303.0,0.0,40.0,0,1,1
1427,42.0,1.0,21.0,1.0,0,45.0,0.0,40.0,1,1,1
1428,43.0,1.0,20.0,1.0,0,48.0,1.0,8.0,0,1,1
1429,18.0,4.0,18.0,5.0,2,49.0,17.0,40.0,0,1,0
1430,64.0,4.0,20.0,1.0,0,49.0,1.0,40.0,0,1,0
1431,36.0,3.0,23.0,1.0,0,10.0,0.0,40.0,1,1,1
1432,19.0,1.0,16.0,5.0,4,303.0,2.0,40.0,1,1,0
1433,24.0,1.0,19.0,1.0,2,49.0,1.0,15.0,0,1,0
1434,59.0,1.0,16.0,1.0,0,49.0,0.0,40.0,1,0,1
1435,26.0,1.0,20.0,1.0,3,49.0,9.0,40.0,1,1,1
1436,17.0,3.0,14.0,5.0,1,49.0,2.0,8.0,0,1,0
1437,61.0,2.0,19.0,5.0,3,49.0,2.0,50.0,1,1,1
1438,22.0,1.0,19.0,5.0,4,22.0,2.0,20.0,1,1,0
1439,61.0,1.0,19.0,1.0,3,213.0,9.0,15.0,1,1,0
1440,71.0,3.0,19.0,1.0,0,49.0,0.0,8.0,1,1,1
1441,18.0,1.0,16.0,5.0,3,303.0,12.0,16.0,0,0,0
1442,29.0,1.0,14.0,5.0,4,49.0,0.0,40.0,1,1,1
1443,33.0,1.0,16.0,1.0,4,6.0,1.0,15.0,0,1,0
1444,33.0,3.0,23.0,3.0,0,49.0,0.0,30.0,1,1,1
1445,19.0,1.0,18.0,5.0,4,6.0,17.0,15.0,0,1,0
1446,58.0,5.0,19.0,1.0,4,49.0,1.0,40.0,1,1,1
1447,31.0,1.0,21.0,1.0,2,49.0,1.0,35.0,0,1,0
1448,41.0,1.0,16.0,3.0,0,49.0,0.0,60.0,1,1,1
1449,54.0,1.0,18.0,1.0,0,49.0,0.0,50.0,1,1,1
1450,44.0,1.0,20.0,1.0,2,6.0,1.0,40.0,0,1,0
1451,20.0,1.0,16.0,5.0,3,49.0,2.0,15.0,1,1,0
1452,23.0,1.0,18.0,1.0,0,49.0,1.0,30.0,0,1,0
1453,26.0,1.0,18.0,5.0,0,49.0,2.0,35.0,1,1,0
1454,49.0,1.0,22.0,5.0,0,49.0,0.0,43.0,1,1,1
1455,38.0,1.0,19.0,1.0,2,49.0,1.0,50.0,1,1,1
1456,25.0,1.0,19.0,1.0,3,49.0,1.0,50.0,1,1,1
1457,26.0,1.0,19.0,1.0,4,49.0,0.0,40.0,1,1,1
1458,36.0,6.0,21.0,1.0,1,49.0,0.0,40.0,0,1,0
1459,35.0,4.0,22.0,2.0,2,19.0,0.0,20.0,0,1,1
1460,29.0,1.0,21.0,1.0,0,6.0,1.0,30.0,0,1,0
1461,45.0,1.0,21.0,1.0,0,48.0,0.0,15.0,0,1,0
1462,42.0,1.0,21.0,1.0,4,110.0,0.0,30.0,1,0,0
1463,23.0,5.0,19.0,5.0,2,12.0,17.0,40.0,0,1,0
1464,32.0,1.0,18.0,1.0,2,39.0,0.0,50.0,0,1,1
1465,54.0,1.0,16.0,3.0,2,210.0,0.0,40.0,1,0,0
1466,28.0,1.0,23.0,1.0,0,25.0,0.0,40.0,1,1,1
1467,46.0,7.0,19.0,1.0,0,41.0,1.0,50.0,0,1,1
1468,24.0,1.0,16.0,5.0,1,49.0,2.0,20.0,0,1,0
1469,36.0,2.0,19.0,1.0,0,49.0,0.0,12.0,0,1,0
1470,38.0,8.0,20.0,1.0,2,303.0,0.0,20.0,1,1,0
1471,41.0,3.0,19.0,1.0,4,49.0,0.0,40.0,0,1,0
1472,23.0,3.0,18.0,1.0,1,49.0,9.0,20.0,0,1,0
1473,36.0,1.0,21.0,1.0,0,49.0,9.0,40.0,1,1,0
1474,22.0,1.0,15.0,5.0,3,49.0,2.0,15.0,1,1,0
1475,75.0,3.0,16.0,1.0,0,16.0,1.0,40.0,0,1,0
1476,54.0,1.0,21.0,5.0,1,49.0,2.0,35.0,1,1,0
1477,41.0,1.0,16.0,1.0,1,49.0,0.0,40.0,1,1,0
1478,67.0,1.0,19.0,1.0,0,49.0,0.0,45.0,0,1,1
1479,27.0,6.0,21.0,5.0,0,49.0,15.0,4.0,0,1,0
1480,62.0,7.0,19.0,1.0,2,49.0,0.0,50.0,1,1,1
1481,35.0,2.0,22.0,1.0,0,49.0,1.0,40.0,1,1,1
1482,25.0,6.0,18.0,1.0,0,49.0,1.0,15.0,0,1,0
1483,22.0,1.0,17.0,5.0,4,303.0,0.0,45.0,1,0,0
1484,27.0,1.0,21.0,5.0,4,49.0,12.0,40.0,1,0,0
1485,49.0,1.0,22.0,1.0,0,49.0,1.0,20.0,0,1,0
1486,23.0,1.0,20.0,1.0,0,49.0,1.0,40.0,1,1,1
1487,21.0,1.0,17.0,5.0,0,49.0,7.0,40.0,0,1,0
1488,48.0,1.0,16.0,1.0,1,36.0,0.0,45.0,1,1,1
1489,76.0,1.0,16.0,1.0,2,49.0,0.0,40.0,0,1,0
1490,37.0,4.0,22.0,1.0,0,6.0,0.0,4.0,1,1,1
1491,38.0,1.0,19.0,1.0,0,128.0,0.0,40.0,1,0,1
1492,32.0,7.0,21.0,1.0,2,51.0,1.0,45.0,1,0,1
1493,47.0,1.0,19.0,1.0,2,6.0,0.0,50.0,1,0,1
1494,26.0,5.0,19.0,5.0,1,49.0,0.0,40.0,0,1,0
1495,47.0,1.0,23.0,1.0,0,49.0,1.0,40.0,1,1,1
1496,36.0,1.0,16.0,1.0,1,20.0,1.0,40.0,1,0,1
1497,34.0,1.0,16.0,1.0,4,49.0,0.0,10.0,0,1,0
1498,59.0,3.0,18.0,1.0,1,49.0,0.0,40.0,0,1,1
1499,19.0,1.0,18.0,5.0,2,49.0,17.0,40.0,1,1,0
1500,17.0,1.0,14.0,5.0,2,49.0,2.0,40.0,1,1,0
1501,32.0,1.0,17.0,1.0,0,49.0,1.0,35.0,1,0,0
1502,24.0,1.0,1.0,5.0,1,49.0,0.0,40.0,0,1,0
1503,27.0,1.0,21.0,3.0,1,6.0,0.0,60.0,0,1,1
1504,19.0,1.0,20.0,5.0,1,49.0,2.0,30.0,0,1,0
1505,33.0,1.0,16.0,1.0,1,49.0,1.0,50.0,1,1,0
1506,21.0,1.0,18.0,5.0,4,36.0,15.0,40.0,1,1,0
1507,59.0,1.0,22.0,1.0,0,49.0,1.0,40.0,1,1,1
1508,33.0,1.0,19.0,5.0,0,49.0,0.0,20.0,0,1,0
1509,27.0,1.0,16.0,5.0,2,49.0,2.0,37.0,0,1,0
1510,34.0,1.0,16.0,1.0,3,49.0,0.0,42.0,1,1,1
1511,43.0,1.0,21.0,1.0,1,49.0,0.0,50.0,1,1,1
1512,34.0,1.0,21.0,1.0,4,49.0,1.0,40.0,1,1,1
1513,21.0,1.0,19.0,5.0,1,40.0,2.0,50.0,1,1,0
1514,41.0,1.0,22.0,3.0,0,16.0,0.0,40.0,1,1,1
1515,30.0,1.0,20.0,5.0,-1,49.0,2.0,30.0,0,1,1
1516,33.0,1.0,21.0,1.0,0,30.0,9.0,40.0,1,1,1
1517,34.0,1.0,16.0,5.0,1,49.0,13.0,20.0,1,0,0
1518,42.0,7.0,16.0,3.0,4,49.0,0.0,50.0,1,1,1
1519,46.0,1.0,16.0,1.0,2,49.0,1.0,40.0,0,1,0
1520,52.0,1.0,22.0,3.0,2,49.0,0.0,50.0,0,0,1
1521,25.0,1.0,21.0,5.0,0,49.0,0.0,40.0,1,1,1
1522,17.0,1.0,20.0,1.0,2,364.0,2.0,40.0,0,1,0
1523,62.0,5.0,20.0,1.0,0,49.0,0.0,40.0,1,1,1
1524,59.0,7.0,19.0,1.0,2,49.0,0.0,40.0,0,1,0
1525,29.0,1.0,21.0,5.0,0,49.0,2.0,40.0,1,1,1
1526,28.0,1.0,22.0,5.0,0,49.0,13.0,20.0,0,1,0
1527,25.0,4.0,24.0,5.0,0,233.0,0.0,12.0,0,0,0
1528,40.0,1.0,19.0,1.0,2,49.0,0.0,40.0,0,1,1
1529,28.0,2.0,20.0,1.0,0,49.0,1.0,40.0,0,1,1
1530,31.0,7.0,18.0,1.0,0,49.0,0.0,35.0,0,0,1
1531,39.0,5.0,21.0,1.0,0,55.0,0.0,40.0,1,1,1
1532,66.0,1.0,16.0,1.0,2,49.0,1.0,40.0,0,1,1
1533,38.0,1.0,16.0,3.0,3,49.0,0.0,50.0,1,1,1
1534,68.0,1.0,16.0,3.0,0,51.0,0.0,50.0,1,1,1
1535,18.0,5.0,18.0,5.0,2,49.0,2.0,45.0,0,1,0
1536,17.0,1.0,14.0,5.0,2,49.0,2.0,30.0,0,1,0
1537,22.0,2.0,19.0,1.0,2,49.0,0.0,40.0,0,1,0
1538,48.0,7.0,21.0,1.0,-1,4.0,1.0,40.0,1,0,1
1539,41.0,1.0,6.0,1.0,4,42.0,0.0,40.0,1,1,0
1540,26.0,1.0,21.0,5.0,2,49.0,0.0,40.0,0,1,1
1541,45.0,1.0,16.0,1.0,1,49.0,0.0,10.0,0,1,0
1542,59.0,5.0,24.0,1.0,0,49.0,0.0,40.0,1,1,1
1543,47.0,1.0,16.0,1.0,4,6.0,1.0,18.0,1,0,0
1544,42.0,1.0,18.0,1.0,3,48.0,0.0,60.0,1,1,1
1545,45.0,2.0,22.0,2.0,0,49.0,0.0,40.0,1,1,1
1546,46.0,2.0,20.0,1.0,0,27.0,0.0,40.0,0,1,0
1547,25.0,1.0,21.0,1.0,0,49.0,1.0,10.0,0,1,0
1548,37.0,4.0,21.0,1.0,0,49.0,1.0,28.0,0,1,0
1549,62.0,1.0,18.0,1.0,2,49.0,1.0,15.0,0,1,0
1550,38.0,1.0,21.0,1.0,0,49.0,0.0,40.0,0,1,1
1551,35.0,1.0,18.0,1.0,3,6.0,1.0,50.0,1,1,1
1552,49.0,2.0,21.0,1.0,0,47.0,0.0,40.0,0,1,1
1553,19.0,4.0,19.0,5.0,2,49.0,12.0,20.0,0,1,0
1554,59.0,1.0,18.0,1.0,0,49.0,0.0,40.0,1,1,1
1555,42.0,2.0,22.0,1.0,0,49.0,0.0,40.0,0,1,0
1556,26.0,1.0,20.0,5.0,0,49.0,0.0,22.0,0,1,0
1557,27.0,1.0,18.0,1.0,0,41.0,17.0,40.0,0,1,0
1558,63.0,6.0,22.0,1.0,2,49.0,1.0,20.0,0,1,1
1559,22.0,1.0,19.0,5.0,4,38.0,17.0,12.0,1,1,0
1560,52.0,4.0,16.0,1.0,1,49.0,1.0,35.0,1,1,1
1561,45.0,1.0,19.0,1.0,0,212.0,0.0,65.0,1,1,1
1562,54.0,7.0,16.0,1.0,2,49.0,0.0,50.0,0,1,1
1563,26.0,1.0,19.0,5.0,1,8.0,4.0,30.0,0,1,0
1564,38.0,6.0,20.0,1.0,1,49.0,0.0,30.0,0,1,0
1565,51.0,1.0,20.0,1.0,0,49.0,1.0,40.0,1,1,1
1566,18.0,1.0,14.0,5.0,2,49.0,2.0,40.0,0,1,0
1567,59.0,2.0,20.0,1.0,0,18.0,1.0,36.0,1,1,1
1568,30.0,1.0,21.0,1.0,1,314.0,1.0,40.0,1,1,0
1569,24.0,1.0,19.0,1.0,0,362.0,0.0,40.0,1,0,1
1570,30.0,1.0,16.0,5.0,4,49.0,0.0,15.0,1,1,0
1571,66.0,2.0,19.0,1.0,0,49.0,1.0,21.0,1,1,1
1572,51.0,3.0,16.0,1.0,1,16.0,1.0,40.0,0,1,1
1573,26.0,1.0,16.0,5.0,4,49.0,2.0,10.0,1,1,0
1574,29.0,1.0,21.0,5.0,0,30.0,0.0,40.0,0,1,1
1575,22.0,1.0,19.0,5.0,1,49.0,5.0,70.0,1,1,0
1576,59.0,1.0,18.0,3.0,4,468.0,0.0,25.0,0,0,0
1577,72.0,1.0,22.0,1.0,0,49.0,0.0,45.0,1,1,1
1578,41.0,3.0,19.0,1.0,1,36.0,1.0,50.0,1,1,1
1579,31.0,1.0,19.0,1.0,2,49.0,0.0,40.0,1,1,0
1580,60.0,7.0,20.0,1.0,3,49.0,0.0,50.0,1,1,1
1581,25.0,1.0,21.0,5.0,2,34.0,0.0,30.0,0,1,1
1582,57.0,6.0,22.0,1.0,0,49.0,1.0,66.0,0,1,1
1583,26.0,1.0,20.0,5.0,0,49.0,0.0,30.0,1,1,1
1584,37.0,2.0,22.0,1.0,0,19.0,0.0,45.0,1,1,1
1585,54.0,5.0,22.0,1.0,0,50.0,0.0,30.0,0,0,0
1586,38.0,1.0,21.0,1.0,0,49.0,0.0,40.0,1,1,1
1587,57.0,1.0,19.0,3.0,4,4.0,12.0,40.0,1,1,1
1588,19.0,1.0,18.0,5.0,3,26.0,15.0,16.0,1,1,0
1589,48.0,4.0,22.0,3.0,0,30.0,0.0,40.0,0,1,1
1590,33.0,3.0,21.0,1.0,0,49.0,0.0,40.0,1,1,1
1591,54.0,5.0,22.0,1.0,0,5.0,0.0,20.0,1,1,1
1592,54.0,1.0,21.0,1.0,1,49.0,0.0,40.0,1,1,1
1593,49.0,1.0,24.0,1.0,0,49.0,1.0,45.0,1,1,1
1594,51.0,6.0,19.0,1.0,1,49.0,0.0,40.0,1,1,0
1595,68.0,1.0,15.0,1.0,2,49.0,0.0,32.0,1,1,0
1596,17.0,1.0,14.0,1.0,2,6.0,1.0,30.0,0,1,0
1597,25.0,1.0,19.0,5.0,2,210.0,17.0,20.0,0,0,0
1598,55.0,1.0,16.0,1.0,4,49.0,1.0,45.0,1,1,1
1599,24.0,1.0,19.0,5.0,2,49.0,10.0,36.0,1,1,0
1600,26.0,1.0,19.0,1.0,0,16.0,1.0,40.0,0,1,0
1601,25.0,1.0,16.0,1.0,4,49.0,1.0,12.0,1,1,0
1602,33.0,1.0,21.0,5.0,1,49.0,2.0,40.0,0,1,1
1603,35.0,1.0,19.0,5.0,3,49.0,2.0,40.0,1,1,1
1604,46.0,2.0,21.0,1.0,0,49.0,0.0,20.0,1,1,1
1605,33.0,7.0,20.0,1.0,4,41.0,1.0,20.0,0,1,0
1606,22.0,1.0,19.0,5.0,0,49.0,17.0,30.0,1,1,0
1607,37.0,1.0,21.0,1.0,2,49.0,0.0,40.0,0,1,1
1608,52.0,1.0,16.0,1.0,0,49.0,1.0,40.0,1,1,1
1609,47.0,1.0,18.0,1.0,4,39.0,1.0,40.0,0,1,0
1610,45.0,1.0,17.0,1.0,3,6.0,0.0,50.0,1,1,1
1611,30.0,1.0,21.0,5.0,2,16.0,2.0,40.0,0,1,0
1612,64.0,1.0,22.0,1.0,0,26.0,0.0,48.0,1,1,1
1613,41.0,1.0,20.0,1.0,2,17.0,1.0,40.0,0,1,0
1614,53.0,1.0,19.0,1.0,2,6.0,1.0,16.0,0,1,0
1615,56.0,7.0,22.0,1.0,0,49.0,1.0,60.0,1,1,1
1616,38.0,1.0,21.0,1.0,0,49.0,1.0,60.0,1,1,1
1617,58.0,1.0,19.0,3.0,2,49.0,0.0,40.0,0,1,0
1618,64.0,1.0,21.0,1.0,2,49.0,0.0,40.0,0,1,1
1619,45.0,1.0,15.0,1.0,3,49.0,1.0,40.0,1,1,0
1620,58.0,1.0,22.0,1.0,0,49.0,0.0,40.0,1,1,1
1621,38.0,1.0,21.0,1.0,1,49.0,0.0,50.0,1,1,1
1622,23.0,1.0,19.0,1.0,0,41.0,0.0,36.0,0,1,0
1623,51.0,3.0,19.0,1.0,0,314.0,0.0,40.0,1,1,1
1624,27.0,1.0,19.0,1.0,2,21.0,1.0,30.0,0,1,0
1625,31.0,3.0,21.0,1.0,0,49.0,1.0,17.0,0,1,0
1626,22.0,1.0,16.0,5.0,0,4.0,2.0,40.0,1,1,0
1627,28.0,1.0,16.0,5.0,1,35.0,10.0,35.0,0,0,0
1628,37.0,7.0,9.0,1.0,1,49.0,9.0,40.0,0,1,0
1629,20.0,1.0,18.0,5.0,2,49.0,17.0,16.0,0,1,0
1630,35.0,1.0,18.0,1.0,0,49.0,16.0,40.0,1,1,0
1631,49.0,5.0,22.0,1.0,0,6.0,0.0,40.0,1,0,1
1632,32.0,4.0,19.0,5.0,0,49.0,2.0,48.0,1,0,0
1633,66.0,3.0,18.0,3.0,4,49.0,0.0,25.0,0,1,0
1634,23.0,2.0,20.0,5.0,0,49.0,0.0,40.0,0,1,0
1635,49.0,4.0,21.0,1.0,2,49.0,0.0,40.0,1,1,1
1636,63.0,3.0,18.0,3.0,2,373.0,0.0,40.0,0,0,1
1637,24.0,1.0,20.0,1.0,1,49.0,1.0,24.0,1,1,0
1638,46.0,1.0,16.0,1.0,4,49.0,1.0,22.0,1,1,0
1639,39.0,1.0,18.0,5.0,4,49.0,0.0,35.0,0,1,1
1640,37.0,1.0,22.0,3.0,0,207.0,0.0,40.0,1,0,1
1641,46.0,1.0,17.0,1.0,1,49.0,0.0,50.0,1,1,0
1642,67.0,1.0,21.0,1.0,0,49.0,0.0,40.0,1,1,1
1643,25.0,5.0,19.0,1.0,0,49.0,1.0,40.0,0,1,0
1644,18.0,1.0,20.0,3.0,2,49.0,2.0,16.0,0,1,0
1645,55.0,1.0,21.0,1.0,-1,49.0,0.0,45.0,1,1,1
1646,18.0,3.0,18.0,5.0,2,49.0,2.0,24.0,1,1,0
1647,47.0,1.0,21.0,3.0,-1,18.0,0.0,40.0,0,1,1
1648,28.0,1.0,16.0,5.0,4,49.0,0.0,26.0,0,1,0
1649,20.0,7.0,16.0,5.0,1,6.0,2.0,25.0,0,1,0
1650,54.0,1.0,19.0,1.0,0,49.0,1.0,40.0,0,1,1
1651,27.0,1.0,20.0,1.0,0,49.0,0.0,17.0,0,1,0
1652,25.0,1.0,18.0,1.0,0,48.0,1.0,30.0,0,1,0
1653,48.0,1.0,19.0,1.0,0,12.0,0.0,99.0,1,1,1
1654,26.0,1.0,21.0,1.0,0,48.0,1.0,40.0,1,1,1
1655,47.0,1.0,18.0,1.0,2,49.0,0.0,60.0,1,1,1
1656,60.0,1.0,20.0,1.0,3,6.0,0.0,40.0,1,1,1
1657,22.0,1.0,16.0,1.0,1,49.0,7.0,40.0,0,1,0
1658,21.0,1.0,16.0,5.0,4,49.0,2.0,50.0,1,1,0
1659,30.0,1.0,19.0,1.0,3,49.0,0.0,40.0,0,1,0
1660,80.0,1.0,20.0,1.0,1,1.0,0.0,40.0,0,1,1
1661,62.0,3.0,22.0,1.0,0,49.0,1.0,40.0,0,1,1
1662,57.0,2.0,22.0,1.0,0,49.0,0.0,45.0,0,1,1
1663,32.0,1.0,19.0,1.0,0,49.0,0.0,50.0,1,1,1
1664,24.0,1.0,21.0,1.0,2,49.0,1.0,40.0,0,1,1
1665,60.0,6.0,18.0,1.0,0,15.0,1.0,3.0,0,0,0
1666,22.0,1.0,19.0,5.0,0,49.0,2.0,40.0,1,1,0
1667,18.0,1.0,18.0,5.0,2,49.0,2.0,40.0,0,1,0
1668,36.0,6.0,22.0,1.0,1,49.0,1.0,20.0,0,1,0
1669,38.0,3.0,20.0,1.0,0,215.0,1.0,12.0,0,1,0
1670,55.0,3.0,16.0,1.0,4,49.0,1.0,45.0,1,1,1
1671,26.0,1.0,20.0,1.0,0,49.0,1.0,35.0,0,1,0
1672,35.0,4.0,22.0,1.0,0,6.0,0.0,20.0,1,1,1
1673,32.0,1.0,21.0,1.0,0,6.0,2.0,16.0,1,1,0
1674,61.0,4.0,6.0,4.0,3,42.0,0.0,60.0,1,1,1
1675,54.0,1.0,16.0,1.0,4,49.0,0.0,45.0,1,1,1
1676,71.0,1.0,20.0,3.0,3,49.0,0.0,45.0,1,1,1
1677,41.0,4.0,19.0,1.0,0,49.0,1.0,35.0,1,1,1
1678,19.0,1.0,19.0,5.0,4,16.0,2.0,16.0,1,1,0
1679,43.0,3.0,20.0,1.0,2,49.0,1.0,40.0,0,1,0
1680,22.0,1.0,19.0,5.0,0,49.0,0.0,40.0,0,1,0
1681,21.0,1.0,16.0,5.0,0,53.0,12.0,20.0,0,1,0
1682,18.0,1.0,18.0,5.0,4,49.0,2.0,40.0,0,1,0
1683,56.0,1.0,16.0,5.0,3,210.0,2.0,50.0,1,0,0
1684,46.0,1.0,12.0,1.0,1,6.0,0.0,40.0,0,1,0
1685,73.0,7.0,16.0,1.0,2,49.0,0.0,11.0,0,1,1
1686,47.0,7.0,20.0,1.0,0,49.0,0.0,40.0,0,1,1
1687,48.0,6.0,21.0,1.0,0,49.0,0.0,40.0,1,1,1
1688,52.0,1.0,16.0,1.0,4,49.0,1.0,40.0,1,1,1
1689,66.0,3.0,16.0,1.0,4,39.0,1.0,35.0,0,1,0
1690,23.0,1.0,19.0,1.0,1,6.0,1.0,25.0,0,0,0
1691,27.0,1.0,18.0,1.0,2,49.0,1.0,45.0,1,1,1
1692,73.0,2.0,22.0,5.0,0,6.0,0.0,30.0,1,1,0
1693,29.0,1.0,19.0,3.0,0,16.0,9.0,40.0,1,1,0
1694,55.0,2.0,22.0,1.0,0,49.0,0.0,40.0,0,1,1
1695,24.0,1.0,19.0,5.0,0,25.0,17.0,16.0,0,1,0
1696,33.0,3.0,16.0,1.0,1,4.0,1.0,8.0,1,1,0
1697,64.0,4.0,19.0,1.0,0,49.0,1.0,40.0,1,1,1
1698,26.0,1.0,19.0,5.0,0,49.0,2.0,25.0,1,1,0
1699,66.0,1.0,21.0,1.0,0,8.0,1.0,43.0,0,1,1
1700,22.0,1.0,20.0,5.0,0,49.0,17.0,8.0,0,1,0
1701,66.0,3.0,17.0,1.0,2,49.0,0.0,15.0,1,1,0
1702,68.0,2.0,19.0,1.0,1,6.0,0.0,45.0,1,1,1
1703,70.0,1.0,17.0,1.0,2,49.0,0.0,40.0,1,1,1
1704,51.0,1.0,16.0,1.0,3,41.0,1.0,40.0,1,1,1
1705,20.0,1.0,18.0,5.0,1,49.0,2.0,32.0,0,1,0
1706,76.0,6.0,16.0,1.0,3,49.0,1.0,30.0,1,1,0
1707,50.0,2.0,16.0,1.0,0,16.0,1.0,45.0,1,1,1
1708,44.0,1.0,16.0,1.0,1,49.0,1.0,50.0,1,1,1
1709,64.0,1.0,20.0,1.0,2,49.0,0.0,40.0,1,1,1
1710,44.0,1.0,21.0,3.0,0,37.0,0.0,50.0,0,1,1
1711,55.0,2.0,14.0,1.0,4,36.0,1.0,40.0,0,1,0
1712,69.0,4.0,19.0,2.0,0,40.0,0.0,40.0,1,1,1
1713,51.0,6.0,21.0,1.0,0,49.0,1.0,11.0,0,1,0
1714,68.0,1.0,18.0,1.0,0,53.0,0.0,35.0,0,1,1
1715,63.0,3.0,20.0,1.0,3,49.0,1.0,40.0,1,1,1
1716,38.0,3.0,22.0,3.0,0,49.0,0.0,40.0,0,1,1
1717,23.0,1.0,20.0,1.0,1,303.0,0.0,41.0,1,0,1
1718,17.0,1.0,14.0,5.0,1,8.0,2.0,20.0,1,1,0
1719,30.0,1.0,16.0,3.0,4,49.0,2.0,15.0,1,1,0
1720,22.0,2.0,19.0,5.0,0,49.0,17.0,4.0,0,1,0
1721,23.0,3.0,19.0,1.0,1,49.0,0.0,50.0,1,1,0
1722,24.0,1.0,16.0,5.0,4,303.0,2.0,15.0,0,1,0
1723,62.0,1.0,19.0,5.0,0,210.0,17.0,40.0,1,0,1
1724,68.0,1.0,18.0,1.0,2,49.0,0.0,25.0,0,1,0
1725,46.0,4.0,24.0,1.0,0,49.0,1.0,35.0,1,1,1
1726,24.0,1.0,21.0,5.0,0,16.0,0.0,40.0,1,1,0
1727,20.0,1.0,19.0,5.0,1,49.0,0.0,2.0,1,1,0
1728,59.0,1.0,17.0,1.0,2,49.0,0.0,50.0,1,1,0
1729,24.0,1.0,21.0,1.0,0,41.0,0.0,60.0,1,1,1
1730,49.0,1.0,19.0,1.0,2,215.0,1.0,40.0,1,1,0
1731,27.0,1.0,16.0,5.0,2,49.0,15.0,45.0,1,1,0
1732,49.0,2.0,21.0,1.0,0,303.0,0.0,45.0,1,0,1
1733,31.0,1.0,21.0,1.0,0,163.0,0.0,40.0,0,1,1
1734,58.0,1.0,19.0,1.0,1,49.0,1.0,30.0,0,1,0
1735,30.0,1.0,16.0,1.0,2,49.0,15.0,50.0,1,1,1
1736,24.0,1.0,16.0,1.0,0,49.0,4.0,20.0,0,1,0
1737,41.0,1.0,19.0,1.0,3,49.0,1.0,45.0,1,1,1
1738,47.0,1.0,21.0,1.0,1,6.0,1.0,32.0,0,1,0
1739,55.0,1.0,20.0,3.0,3,49.0,0.0,40.0,1,1,1
1740,52.0,4.0,21.0,1.0,0,49.0,0.0,40.0,0,1,1
1741,43.0,1.0,18.0,1.0,1,49.0,1.0,40.0,1,1,0
1742,31.0,1.0,19.0,5.0,1,40.0,5.0,15.0,1,1,0
1743,39.0,1.0,21.0,1.0,0,49.0,1.0,40.0,1,1,1
1744,47.0,1.0,19.0,1.0,2,49.0,1.0,40.0,1,1,0
1745,70.0,1.0,21.0,1.0,0,49.0,0.0,50.0,1,1,1
1746,42.0,7.0,16.0,1.0,2,8.0,0.0,30.0,0,1,0
1747,26.0,3.0,21.0,1.0,0,49.0,1.0,32.0,0,1,1
1748,29.0,1.0,19.0,2.0,0,4.0,0.0,48.0,0,1,1
1749,43.0,1.0,22.0,1.0,-1,49.0,0.0,40.0,1,1,1
1750,18.0,1.0,14.0,5.0,1,48.0,2.0,30.0,0,1,0
1751,23.0,1.0,19.0,5.0,0,49.0,2.0,45.0,1,1,0
1752,29.0,1.0,21.0,5.0,2,49.0,2.0,50.0,0,1,1
1753,61.0,2.0,16.0,1.0,0,110.0,6.0,29.0,0,1,0
1754,21.0,1.0,19.0,5.0,2,51.0,2.0,25.0,0,1,0
1755,65.0,1.0,19.0,1.0,0,49.0,0.0,25.0,0,1,1
1756,39.0,1.0,16.0,1.0,2,49.0,1.0,40.0,0,1,0
1757,24.0,1.0,20.0,1.0,1,49.0,1.0,45.0,1,1,1
1758,29.0,5.0,21.0,1.0,2,49.0,11.0,23.0,0,0,1
1759,40.0,4.0,22.0,1.0,0,49.0,1.0,40.0,0,1,1
1760,60.0,4.0,21.0,1.0,2,49.0,0.0,40.0,1,1,1
1761,58.0,1.0,19.0,1.0,2,49.0,0.0,40.0,1,0,1
1762,50.0,4.0,24.0,1.0,0,49.0,1.0,40.0,0,1,1
1763,39.0,7.0,21.0,1.0,0,6.0,6.0,60.0,1,1,1
1764,62.0,7.0,21.0,1.0,0,49.0,0.0,40.0,0,1,1
1765,51.0,1.0,19.0,1.0,0,6.0,1.0,40.0,1,1,1
1766,56.0,1.0,17.0,1.0,4,56.0,1.0,45.0,1,1,1
1767,33.0,1.0,18.0,1.0,0,32.0,0.0,60.0,1,1,1
1768,18.0,1.0,19.0,5.0,1,49.0,17.0,37.0,0,1,0
1769,35.0,1.0,21.0,1.0,0,11.0,0.0,15.0,0,1,0
1770,23.0,4.0,18.0,5.0,2,20.0,12.0,40.0,0,1,0
1771,62.0,7.0,23.0,1.0,0,49.0,0.0,40.0,1,1,1
1772,62.0,1.0,17.0,1.0,2,49.0,0.0,50.0,1,1,1
1773,44.0,1.0,20.0,1.0,0,24.0,0.0,30.0,0,1,0
1774,56.0,1.0,19.0,1.0,2,49.0,0.0,20.0,0,1,0
1775,59.0,3.0,22.0,1.0,0,48.0,1.0,40.0,0,1,1
1776,42.0,1.0,19.0,1.0,3,49.0,1.0,40.0,1,1,1
1777,50.0,1.0,18.0,1.0,3,210.0,0.0,50.0,1,0,1
1778,21.0,1.0,18.0,5.0,0,49.0,2.0,40.0,1,1,1
1779,25.0,1.0,16.0,5.0,2,45.0,2.0,40.0,1,0,0
1780,54.0,8.0,16.0,1.0,1,49.0,0.0,7.0,0,1,0
1781,51.0,1.0,22.0,1.0,0,49.0,1.0,4.0,1,1,1
1782,44.0,1.0,19.0,1.0,3,41.0,1.0,15.0,1,1,0
1783,55.0,1.0,18.0,1.0,3,49.0,1.0,40.0,1,0,1
1784,67.0,2.0,19.0,1.0,0,42.0,1.0,45.0,0,0,1
1785,51.0,1.0,20.0,3.0,1,207.0,0.0,40.0,0,0,1
1786,49.0,1.0,16.0,1.0,2,16.0,1.0,40.0,1,1,1
1787,42.0,1.0,14.0,1.0,2,49.0,0.0,40.0,1,1,1
1788,54.0,4.0,21.0,1.0,2,49.0,0.0,40.0,0,1,1
1789,36.0,1.0,18.0,1.0,2,49.0,0.0,40.0,0,1,1
1790,63.0,4.0,23.0,1.0,0,32.0,1.0,40.0,0,1,0
1791,60.0,1.0,21.0,1.0,3,49.0,0.0,40.0,1,1,0
1792,64.0,7.0,19.0,1.0,1,56.0,0.0,55.0,0,1,1
1793,55.0,4.0,21.0,1.0,0,49.0,1.0,20.0,0,1,0
1794,44.0,1.0,16.0,1.0,4,30.0,0.0,55.0,1,1,1
1795,21.0,1.0,21.0,5.0,1,8.0,17.0,24.0,1,1,0
1796,35.0,1.0,21.0,1.0,0,6.0,1.0,4.0,0,1,0
1797,19.0,1.0,19.0,5.0,2,49.0,17.0,17.0,0,1,0
1798,92.0,1.0,16.0,1.0,4,364.0,6.0,40.0,0,1,1
1799,38.0,1.0,21.0,5.0,0,49.0,2.0,45.0,0,1,1
1800,39.0,1.0,21.0,1.0,4,49.0,0.0,50.0,1,1,1
1801,22.0,1.0,19.0,5.0,1,49.0,12.0,50.0,1,1,1
1802,65.0,1.0,14.0,1.0,3,40.0,0.0,40.0,1,0,1
1803,31.0,1.0,22.0,1.0,0,49.0,0.0,40.0,1,1,1
1804,49.0,6.0,19.0,1.0,0,6.0,0.0,43.0,0,1,1
1805,63.0,1.0,16.0,1.0,1,49.0,1.0,40.0,0,0,0
1806,63.0,1.0,24.0,1.0,0,6.0,0.0,50.0,0,1,1
1807,41.0,1.0,21.0,5.0,0,49.0,2.0,50.0,1,1,1
1808,33.0,1.0,22.0,1.0,0,17.0,1.0,45.0,1,1,1
1809,26.0,1.0,18.0,5.0,4,49.0,0.0,50.0,1,1,1
1810,23.0,2.0,20.0,1.0,4,303.0,0.0,5.0,0,1,0
1811,19.0,1.0,16.0,5.0,1,49.0,2.0,35.0,0,1,0
1812,31.0,1.0,13.0,1.0,2,19.0,0.0,40.0,0,1,1
1813,23.0,1.0,19.0,5.0,4,49.0,12.0,28.0,1,1,0
1814,46.0,1.0,19.0,1.0,0,49.0,1.0,54.0,1,1,1
1815,41.0,1.0,21.0,1.0,0,48.0,0.0,48.0,1,1,1
1816,39.0,1.0,20.0,1.0,0,49.0,1.0,20.0,0,1,0
1817,23.0,1.0,21.0,1.0,0,49.0,0.0,40.0,1,1,1
1818,41.0,1.0,21.0,1.0,2,49.0,1.0,40.0,0,1,0
1819,32.0,5.0,22.0,1.0,0,49.0,0.0,40.0,1,1,1
1820,30.0,1.0,21.0,5.0,0,49.0,0.0,45.0,1,1,1
1821,32.0,1.0,21.0,1.0,0,49.0,1.0,40.0,0,1,0
1822,21.0,7.0,19.0,5.0,2,6.0,12.0,20.0,1,1,0
1823,24.0,1.0,16.0,5.0,1,49.0,0.0,40.0,0,0,0
1824,55.0,4.0,16.0,3.0,2,49.0,0.0,40.0,0,1,1
1825,52.0,1.0,19.0,1.0,4,147.0,0.0,30.0,1,1,1
1826,55.0,4.0,20.0,3.0,1,49.0,0.0,18.0,0,1,0
1827,31.0,1.0,18.0,5.0,3,49.0,5.0,40.0,0,1,0
1828,46.0,4.0,19.0,1.0,2,49.0,1.0,25.0,0,1,0
1829,38.0,1.0,19.0,1.0,0,49.0,1.0,40.0,0,1,0
1830,17.0,3.0,14.0,5.0,1,42.0,2.0,20.0,0,1,0
1831,54.0,5.0,19.0,1.0,3,49.0,1.0,40.0,1,1,1
1832,58.0,1.0,19.0,1.0,4,49.0,0.0,42.0,1,1,1
1833,42.0,5.0,22.0,1.0,0,49.0,0.0,40.0,1,0,1
1834,71.0,5.0,22.0,1.0,0,49.0,0.0,40.0,0,1,0
1835,41.0,1.0,16.0,3.0,0,48.0,0.0,60.0,0,1,1
1836,57.0,1.0,23.0,1.0,0,6.0,0.0,6.0,1,1,0
1837,46.0,4.0,22.0,1.0,1,217.0,1.0,40.0,0,0,0
1838,25.0,1.0,16.0,1.0,2,49.0,1.0,60.0,1,1,1
1839,34.0,1.0,18.0,1.0,4,41.0,0.0,46.0,1,1,1
1840,31.0,2.0,21.0,1.0,0,49.0,0.0,20.0,1,1,0
1841,19.0,1.0,14.0,5.0,4,49.0,2.0,40.0,1,1,0
1842,69.0,1.0,20.0,1.0,2,36.0,0.0,40.0,0,1,0
1843,38.0,5.0,20.0,1.0,0,49.0,1.0,60.0,1,1,0
1844,35.0,1.0,20.0,3.0,3,49.0,0.0,40.0,1,1,0
1845,31.0,5.0,20.0,3.0,0,48.0,13.0,23.0,0,1,0
1846,41.0,1.0,16.0,5.0,3,49.0,0.0,20.0,1,1,0
1847,49.0,1.0,23.0,1.0,0,49.0,1.0,40.0,0,1,0
1848,79.0,1.0,7.0,3.0,3,242.0,10.0,25.0,1,0,0
1849,51.0,1.0,19.0,1.0,3,49.0,1.0,60.0,1,1,1
1850,20.0,1.0,19.0,5.0,4,6.0,3.0,15.0,1,1,0
1851,29.0,1.0,23.0,1.0,0,49.0,1.0,40.0,1,1,1
1852,22.0,1.0,19.0,5.0,4,49.0,17.0,40.0,1,1,0
1853,29.0,1.0,21.0,5.0,0,49.0,13.0,40.0,1,0,0
1854,42.0,1.0,24.0,1.0,0,53.0,1.0,40.0,1,1,1
1855,48.0,1.0,22.0,1.0,0,49.0,0.0,40.0,1,1,1
1856,18.0,1.0,20.0,5.0,1,49.0,10.0,32.0,0,1,0
1857,30.0,1.0,16.0,1.0,3,49.0,1.0,40.0,1,1,0
1858,35.0,3.0,24.0,1.0,0,8.0,0.0,40.0,1,1,1
1859,43.0,1.0,19.0,5.0,2,210.0,0.0,60.0,0,0,1
1860,56.0,1.0,19.0,1.0,0,2.0,1.0,50.0,0,1,0
1861,26.0,1.0,20.0,1.0,1,48.0,1.0,40.0,0,1,0
1862,37.0,6.0,17.0,3.0,1,49.0,3.0,5.0,0,1,0
1863,49.0,1.0,20.0,3.0,0,49.0,2.0,20.0,0,1,0
1864,28.0,1.0,16.0,5.0,4,39.0,10.0,4.0,1,1,0
1865,35.0,1.0,19.0,1.0,0,515.0,0.0,49.0,0,0,1
1866,47.0,1.0,21.0,1.0,0,49.0,0.0,42.0,1,1,1
1867,47.0,1.0,19.0,1.0,1,49.0,0.0,15.0,0,1,0
1868,26.0,1.0,22.0,5.0,0,8.0,2.0,15.0,1,1,0
1869,38.0,4.0,21.0,1.0,0,49.0,0.0,40.0,1,1,1
1870,19.0,1.0,16.0,5.0,4,49.0,2.0,50.0,1,1,0
1871,67.0,4.0,24.0,4.0,0,223.0,0.0,40.0,1,0,1
1872,53.0,2.0,21.0,1.0,0,49.0,0.0,40.0,1,1,1
1873,35.0,1.0,16.0,3.0,4,49.0,12.0,40.0,1,1,0
1874,79.0,7.0,22.0,1.0,-1,24.0,0.0,45.0,1,1,1
1875,51.0,1.0,21.0,1.0,0,49.0,1.0,45.0,1,0,1
1876,35.0,1.0,18.0,3.0,2,303.0,3.0,10.0,0,0,0
1877,60.0,1.0,22.0,3.0,0,49.0,13.0,70.0,1,1,1
1878,49.0,1.0,22.0,1.0,0,217.0,0.0,60.0,0,1,1
1879,52.0,1.0,16.0,1.0,4,49.0,0.0,40.0,1,1,1
1880,23.0,2.0,21.0,1.0,0,6.0,1.0,50.0,1,1,1
1881,48.0,1.0,16.0,4.0,2,49.0,0.0,20.0,0,1,0
1882,23.0,1.0,19.0,5.0,0,49.0,12.0,40.0,1,1,0
1883,70.0,1.0,16.0,1.0,1,49.0,0.0,40.0,0,1,0
1884,32.0,1.0,16.0,3.0,4,51.0,2.0,30.0,0,1,0
1885,53.0,3.0,16.0,3.0,1,32.0,2.0,15.0,0,1,0
1886,57.0,5.0,16.0,5.0,1,6.0,0.0,40.0,1,1,1
1887,41.0,1.0,21.0,1.0,0,49.0,1.0,42.0,0,1,1
1888,27.0,1.0,17.0,4.0,3,49.0,17.0,45.0,1,1,0
1889,22.0,1.0,18.0,5.0,4,42.0,2.0,30.0,1,1,0
1890,41.0,1.0,23.0,4.0,0,49.0,0.0,55.0,1,1,1
1891,22.0,1.0,18.0,5.0,4,49.0,13.0,11.0,1,1,0
1892,32.0,1.0,16.0,1.0,1,49.0,0.0,40.0,0,1,0
1893,62.0,1.0,18.0,1.0,4,49.0,0.0,40.0,1,1,0
1894,28.0,1.0,20.0,1.0,0,49.0,0.0,30.0,0,1,0
1895,22.0,1.0,19.0,5.0,3,49.0,12.0,40.0,1,1,0
1896,27.0,5.0,22.0,1.0,0,49.0,0.0,60.0,1,1,1
1897,32.0,1.0,19.0,5.0,3,49.0,0.0,20.0,1,1,0
1898,69.0,5.0,19.0,1.0,2,49.0,0.0,40.0,1,1,1
1899,52.0,1.0,17.0,1.0,4,49.0,1.0,40.0,1,1,0
1900,43.0,1.0,18.0,2.0,3,49.0,11.0,65.0,1,1,1
1901,28.0,1.0,22.0,2.0,2,49.0,0.0,40.0,0,1,1
1902,30.0,1.0,21.0,1.0,0,49.0,0.0,40.0,1,1,1
1903,41.0,1.0,20.0,2.0,0,49.0,0.0,40.0,0,1,0
1904,33.0,1.0,19.0,3.0,2,49.0,0.0,20.0,0,0,0
1905,59.0,1.0,19.0,1.0,2,51.0,0.0,12.0,1,1,0
1906,65.0,1.0,19.0,1.0,1,16.0,0.0,16.0,1,1,1
1907,65.0,6.0,22.0,1.0,0,53.0,1.0,10.0,1,1,0
1908,58.0,1.0,16.0,1.0,0,49.0,0.0,40.0,1,1,1
1909,35.0,1.0,16.0,1.0,0,49.0,1.0,40.0,1,1,0
1910,28.0,1.0,16.0,5.0,2,49.0,12.0,42.0,1,1,1
1911,35.0,1.0,18.0,1.0,4,49.0,1.0,20.0,0,1,0
1912,54.0,1.0,21.0,1.0,0,49.0,1.0,40.0,0,1,0
1913,36.0,1.0,19.0,5.0,0,49.0,4.0,47.0,1,1,0
1914,39.0,1.0,18.0,5.0,2,48.0,12.0,16.0,1,1,0
1915,27.0,2.0,20.0,1.0,0,49.0,0.0,35.0,0,1,0
1916,17.0,1.0,14.0,5.0,2,49.0,2.0,18.0,0,1,0
1917,75.0,1.0,19.0,4.0,3,6.0,0.0,40.0,1,0,1
1918,29.0,1.0,22.0,5.0,0,303.0,0.0,6.0,1,1,1
1919,24.0,1.0,16.0,5.0,1,49.0,2.0,20.0,1,1,0
1920,17.0,1.0,14.0,5.0,1,49.0,2.0,35.0,0,1,0
1921,32.0,4.0,21.0,1.0,0,6.0,1.0,57.0,1,1,1
1922,17.0,1.0,14.0,5.0,2,12.0,2.0,40.0,0,1,0
1923,40.0,4.0,22.0,5.0,0,49.0,13.0,35.0,0,1,1
1924,36.0,6.0,16.0,1.0,3,6.0,0.0,40.0,1,0,1
1925,64.0,1.0,16.0,3.0,4,49.0,0.0,35.0,1,1,0
1926,28.0,1.0,21.0,5.0,2,49.0,0.0,40.0,1,1,1
1927,24.0,1.0,18.0,1.0,2,49.0,9.0,44.0,1,1,0
1928,55.0,1.0,23.0,1.0,0,4.0,1.0,50.0,1,0,1
1929,24.0,1.0,16.0,5.0,0,49.0,0.0,40.0,0,1,0
1930,26.0,1.0,21.0,5.0,0,49.0,13.0,20.0,1,1,0
1931,50.0,1.0,1.0,1.0,4,373.0,0.0,35.0,1,1,0
1932,34.0,6.0,21.0,1.0,0,6.0,1.0,5.0,0,1,0
1933,19.0,1.0,19.0,5.0,2,49.0,2.0,40.0,0,1,1
1934,66.0,7.0,19.0,1.0,0,303.0,1.0,45.0,1,1,1
1935,41.0,1.0,21.0,5.0,3,31.0,0.0,41.0,1,1,1
1936,51.0,1.0,19.0,3.0,4,16.0,0.0,48.0,0,1,1
1937,35.0,1.0,19.0,1.0,0,49.0,0.0,40.0,0,1,0
1938,53.0,1.0,18.0,1.0,4,6.0,0.0,45.0,1,1,1
1939,17.0,1.0,14.0,5.0,1,49.0,2.0,40.0,0,1,0
1940,60.0,1.0,19.0,5.0,1,53.0,0.0,40.0,1,1,1
1941,62.0,1.0,16.0,1.0,2,6.0,1.0,20.0,0,1,0
1942,64.0,1.0,18.0,1.0,2,49.0,0.0,30.0,1,0,0
1943,21.0,1.0,19.0,5.0,1,49.0,17.0,40.0,1,1,0
1944,41.0,7.0,20.0,1.0,0,6.0,1.0,25.0,0,1,0
1945,18.0,1.0,16.0,5.0,2,53.0,2.0,12.0,0,1,0
1946,38.0,1.0,19.0,1.0,0,42.0,0.0,40.0,1,1,1
1947,18.0,1.0,18.0,5.0,1,49.0,12.0,10.0,0,1,0
1948,36.0,1.0,16.0,5.0,2,36.0,0.0,42.0,0,1,0
1949,42.0,1.0,16.0,3.0,0,364.0,0.0,40.0,0,0,0
1950,44.0,1.0,22.0,1.0,0,6.0,0.0,50.0,1,1,1
1951,40.0,2.0,16.0,3.0,2,16.0,0.0,12.0,1,1,0
1952,43.0,1.0,19.0,1.0,0,6.0,1.0,40.0,0,1,0
1953,17.0,1.0,14.0,5.0,2,49.0,2.0,20.0,1,1,0
1954,27.0,1.0,21.0,4.0,4,32.0,9.0,60.0,1,1,1
1955,36.0,4.0,22.0,1.0,0,49.0,0.0,40.0,1,1,1
1956,49.0,1.0,19.0,5.0,2,49.0,0.0,40.0,0,1,0
1957,59.0,1.0,18.0,1.0,2,370.0,1.0,40.0,1,1,0
1958,30.0,3.0,21.0,5.0,0,110.0,0.0,10.0,0,1,0
1959,25.0,1.0,21.0,1.0,0,365.0,0.0,20.0,1,1,0
1960,39.0,6.0,21.0,1.0,1,49.0,0.0,5.0,0,1,0
1961,53.0,2.0,19.0,1.0,0,53.0,1.0,40.0,0,1,0
1962,53.0,1.0,22.0,1.0,0,49.0,1.0,40.0,1,1,1
1963,49.0,2.0,18.0,5.0,0,49.0,0.0,43.0,0,0,1
1964,50.0,1.0,16.0,1.0,3,49.0,15.0,28.0,0,1,0
1965,19.0,1.0,18.0,5.0,2,49.0,2.0,40.0,0,1,0
1966,60.0,5.0,21.0,1.0,5,49.0,0.0,60.0,1,1,1
1967,37.0,4.0,21.0,1.0,0,36.0,1.0,40.0,1,1,1
1968,29.0,4.0,22.0,1.0,0,49.0,0.0,40.0,0,1,1
1969,19.0,1.0,19.0,5.0,4,209.0,17.0,40.0,1,1,0
1970,54.0,7.0,16.0,1.0,2,49.0,1.0,30.0,0,1,0
1971,43.0,1.0,21.0,3.0,2,49.0,0.0,20.0,0,1,0
1972,24.0,2.0,19.0,5.0,0,49.0,2.0,24.0,0,1,0
1973,60.0,1.0,16.0,1.0,0,4.0,0.0,40.0,1,1,1
1974,32.0,6.0,23.0,1.0,0,35.0,0.0,40.0,1,1,1
1975,20.0,4.0,19.0,5.0,1,36.0,2.0,30.0,0,1,0
1976,43.0,2.0,21.0,1.0,1,49.0,0.0,45.0,0,1,1
1977,61.0,1.0,16.0,1.0,4,49.0,0.0,32.0,1,1,0
1978,51.0,4.0,19.0,1.0,0,6.0,1.0,10.0,0,1,0
1979,34.0,1.0,21.0,1.0,1,243.0,1.0,40.0,0,0,1
1980,18.0,1.0,18.0,3.0,2,233.0,13.0,34.0,0,0,0
1981,22.0,7.0,23.0,1.0,0,41.0,9.0,50.0,1,0,0
1982,54.0,1.0,19.0,3.0,2,49.0,0.0,40.0,0,1,1
1983,27.0,1.0,18.0,5.0,4,49.0,15.0,50.0,1,1,1
1984,51.0,1.0,19.0,5.0,4,2.0,0.0,46.0,1,1,1
1985,33.0,1.0,19.0,1.0,3,49.0,2.0,20.0,1,1,0
1986,41.0,1.0,19.0,1.0,1,40.0,0.0,40.0,0,1,1
1987,52.0,1.0,18.0,1.0,4,49.0,0.0,40.0,0,1,1
1988,57.0,1.0,20.0,1.0,3,51.0,1.0,60.0,1,0,1
1989,51.0,7.0,23.0,1.0,0,20.0,0.0,60.0,0,1,1
1990,41.0,1.0,22.0,1.0,3,49.0,0.0,40.0,1,1,1
1991,27.0,1.0,16.0,5.0,0,16.0,5.0,50.0,1,0,0
1992,40.0,5.0,18.0,1.0,1,49.0,1.0,39.0,1,1,0
1993,48.0,1.0,22.0,1.0,0,49.0,0.0,40.0,0,1,1
1994,57.0,3.0,19.0,5.0,2,26.0,12.0,40.0,1,0,1
1995,36.0,1.0,16.0,4.0,2,4.0,16.0,30.0,0,1,0
1996,43.0,1.0,16.0,1.0,0,8.0,1.0,30.0,1,1,1
1997,27.0,1.0,19.0,5.0,1,49.0,13.0,40.0,0,1,0
1998,37.0,4.0,1.0,5.0,1,16.0,2.0,40.0,0,1,0
1999,18.0,1.0,12.0,5.0,2,48.0,17.0,40.0,1,1,0
2000,34.0,7.0,19.0,5.0,1,49.0,17.0,18.0,0,1,0
2001,43.0,1.0,22.0,1.0,0,49.0,0.0,40.0,1,1,1
2002,35.0,1.0,21.0,1.0,0,15.0,0.0,40.0,1,1,1
2003,61.0,1.0,21.0,1.0,0,49.0,0.0,40.0,0,1,1
2004,63.0,4.0,19.0,1.0,4,6.0,0.0,50.0,1,1,1
2005,60.0,1.0,23.0,1.0,0,31.0,1.0,40.0,0,1,1
2006,46.0,1.0,16.0,3.0,2,32.0,12.0,45.0,0,1,0
2007,35.0,1.0,22.0,5.0,2,49.0,0.0,40.0,1,1,1
2008,21.0,1.0,16.0,5.0,3,49.0,4.0,40.0,1,0,0
2009,55.0,8.0,20.0,1.0,2,49.0,1.0,42.0,0,1,0
2010,30.0,1.0,19.0,5.0,2,49.0,0.0,36.0,0,1,0
2011,40.0,5.0,22.0,5.0,0,6.0,0.0,45.0,1,1,1
2012,39.0,1.0,18.0,3.0,2,49.0,2.0,20.0,0,1,0
2013,22.0,3.0,21.0,5.0,0,17.0,2.0,40.0,1,1,0
2014,59.0,6.0,21.0,1.0,0,49.0,1.0,40.0,1,1,1
2015,22.0,1.0,16.0,5.0,2,6.0,2.0,45.0,0,1,1
2016,29.0,6.0,19.0,1.0,0,303.0,9.0,25.0,0,0,0
2017,25.0,1.0,19.0,5.0,4,49.0,12.0,40.0,1,1,0
2018,44.0,2.0,16.0,1.0,1,49.0,1.0,40.0,1,1,1
2019,38.0,1.0,18.0,1.0,4,303.0,0.0,27.0,0,0,0
2020,54.0,1.0,16.0,1.0,4,51.0,1.0,40.0,1,1,0
2021,33.0,1.0,19.0,1.0,0,49.0,1.0,18.0,0,1,0
2022,52.0,6.0,19.0,1.0,1,56.0,0.0,20.0,0,1,0
2023,58.0,6.0,17.0,1.0,4,303.0,0.0,30.0,0,0,0
2024,53.0,1.0,21.0,1.0,0,13.0,0.0,40.0,0,1,0
2025,63.0,1.0,16.0,5.0,4,6.0,17.0,40.0,1,1,0
2026,18.0,1.0,18.0,5.0,1,20.0,17.0,29.0,0,1,0
2027,63.0,5.0,20.0,5.0,0,49.0,17.0,40.0,0,1,0
2028,28.0,1.0,19.0,5.0,1,49.0,0.0,30.0,0,1,0
2029,27.0,1.0,17.0,1.0,3,126.0,1.0,42.0,1,1,1
2030,49.0,3.0,16.0,1.0,1,6.0,1.0,46.0,1,1,1
2031,26.0,2.0,21.0,1.0,0,25.0,0.0,8.0,0,1,0
2032,29.0,1.0,17.0,1.0,4,53.0,1.0,50.0,1,1,1
2033,22.0,1.0,18.0,3.0,1,49.0,0.0,10.0,0,1,0
2034,28.0,1.0,17.0,1.0,2,49.0,1.0,15.0,0,1,0
2035,21.0,1.0,16.0,5.0,1,49.0,11.0,30.0,0,1,0
2036,19.0,1.0,16.0,1.0,2,8.0,0.0,10.0,0,1,0
2037,48.0,1.0,21.0,1.0,1,136.0,1.0,40.0,0,1,1
2038,43.0,1.0,19.0,1.0,3,49.0,0.0,45.0,1,1,1
2039,43.0,1.0,18.0,1.0,2,370.0,0.0,40.0,0,1,0
2040,20.0,1.0,16.0,5.0,0,49.0,2.0,16.0,1,1,0
2041,44.0,1.0,21.0,1.0,0,49.0,0.0,15.0,0,1,0
2042,28.0,4.0,20.0,5.0,0,49.0,2.0,40.0,1,1,1
2043,39.0,1.0,21.0,1.0,0,6.0,1.0,42.0,1,1,1
2044,66.0,7.0,20.0,1.0,2,49.0,0.0,40.0,1,1,1
2045,32.0,1.0,19.0,1.0,2,327.0,0.0,40.0,0,0,0
2046,23.0,1.0,19.0,1.0,1,16.0,0.0,39.0,1,1,1
2047,38.0,1.0,20.0,1.0,0,49.0,1.0,8.0,0,1,0
2048,36.0,1.0,19.0,1.0,4,49.0,1.0,50.0,1,1,1
2049,31.0,1.0,21.0,1.0,4,49.0,0.0,40.0,1,1,1
2050,43.0,1.0,22.0,1.0,0,49.0,1.0,30.0,0,1,1
2051,47.0,1.0,21.0,1.0,0,6.0,1.0,40.0,0,0,1
2052,36.0,3.0,22.0,1.0,0,49.0,1.0,40.0,1,1,1
2053,60.0,7.0,19.0,1.0,3,512.0,1.0,50.0,1,1,0
2054,59.0,1.0,20.0,1.0,0,4.0,0.0,25.0,0,1,0
2055,57.0,2.0,18.0,1.0,0,231.0,1.0,40.0,1,0,1
2056,42.0,7.0,23.0,1.0,0,8.0,1.0,50.0,0,1,1
2057,20.0,1.0,19.0,1.0,1,12.0,0.0,39.0,1,1,0
2058,59.0,1.0,23.0,1.0,0,109.0,0.0,45.0,1,1,1
2059,33.0,1.0,21.0,1.0,2,48.0,0.0,50.0,1,1,1
2060,18.0,1.0,16.0,5.0,1,49.0,2.0,40.0,0,1,0
2061,65.0,7.0,19.0,2.0,2,16.0,0.0,40.0,1,1,0
2062,48.0,1.0,18.0,3.0,1,49.0,16.0,40.0,1,1,1
2063,75.0,1.0,16.0,3.0,1,49.0,16.0,20.0,1,0,0
2064,70.0,1.0,21.0,5.0,2,16.0,12.0,16.0,0,1,0
2065,34.0,1.0,21.0,1.0,0,49.0,0.0,10.0,0,1,1
2066,65.0,1.0,20.0,1.0,2,49.0,1.0,60.0,0,1,0
2067,48.0,1.0,21.0,1.0,4,13.0,0.0,41.0,1,1,1
2068,17.0,1.0,13.0,5.0,2,6.0,2.0,10.0,0,1,0
2069,54.0,1.0,18.0,1.0,1,49.0,0.0,40.0,0,1,1
2070,23.0,1.0,21.0,5.0,0,49.0,2.0,40.0,1,1,1
2071,23.0,3.0,16.0,5.0,1,303.0,12.0,40.0,0,1,0
2072,23.0,1.0,21.0,5.0,0,212.0,12.0,40.0,0,1,0
2073,53.0,1.0,16.0,1.0,4,6.0,0.0,40.0,1,0,1
2074,33.0,1.0,19.0,5.0,0,49.0,2.0,60.0,1,1,1
2075,25.0,1.0,21.0,5.0,0,49.0,12.0,40.0,0,1,0
2076,30.0,1.0,18.0,5.0,0,17.0,17.0,30.0,0,1,0
2077,37.0,1.0,16.0,1.0,1,49.0,1.0,40.0,0,1,0
2078,43.0,1.0,21.0,1.0,-1,16.0,0.0,14.0,0,1,1
2079,36.0,1.0,21.0,1.0,2,16.0,4.0,36.0,1,1,0
2080,73.0,1.0,21.0,1.0,1,49.0,0.0,40.0,0,1,0
2081,23.0,2.0,19.0,5.0,2,49.0,2.0,25.0,0,1,0
2082,73.0,1.0,1.0,5.0,4,30.0,17.0,25.0,1,0,0
2083,28.0,1.0,21.0,1.0,2,49.0,10.0,45.0,1,1,0
2084,34.0,1.0,16.0,1.0,3,49.0,4.0,40.0,1,1,0
2085,34.0,1.0,20.0,1.0,2,49.0,1.0,20.0,0,1,0
2086,23.0,1.0,16.0,5.0,3,303.0,2.0,35.0,1,0,0
2087,19.0,1.0,19.0,5.0,1,233.0,17.0,15.0,0,0,0
2088,66.0,2.0,23.0,5.0,0,49.0,0.0,40.0,0,1,1
2089,58.0,1.0,20.0,5.0,3,36.0,0.0,60.0,1,1,1
2090,61.0,3.0,18.0,3.0,1,49.0,0.0,91.0,0,1,0
2091,57.0,3.0,16.0,1.0,4,49.0,1.0,40.0,0,1,0
2092,41.0,1.0,18.0,1.0,2,49.0,0.0,40.0,0,1,0
2093,34.0,4.0,21.0,5.0,0,49.0,17.0,40.0,0,1,0
2094,23.0,1.0,16.0,5.0,2,49.0,12.0,40.0,1,1,0
2095,54.0,1.0,18.0,1.0,2,49.0,6.0,20.0,0,0,0
2096,24.0,3.0,20.0,1.0,0,34.0,1.0,25.0,0,1,1
2097,28.0,2.0,21.0,1.0,0,49.0,0.0,40.0,1,1,1
2098,35.0,2.0,21.0,1.0,0,49.0,0.0,40.0,1,1,1
2099,55.0,5.0,21.0,1.0,1,49.0,0.0,40.0,1,1,1
2100,59.0,7.0,20.0,1.0,4,49.0,15.0,50.0,1,1,1
2101,33.0,1.0,19.0,5.0,4,362.0,13.0,10.0,1,1,0
2102,26.0,1.0,19.0,5.0,2,49.0,12.0,40.0,0,1,0
2103,55.0,1.0,17.0,1.0,3,49.0,0.0,36.0,1,1,1
2104,59.0,1.0,18.0,1.0,1,49.0,1.0,40.0,0,1,1
2105,66.0,1.0,16.0,3.0,3,6.0,13.0,50.0,1,1,0
2106,18.0,1.0,19.0,5.0,2,49.0,12.0,35.0,0,1,0
2107,63.0,6.0,16.0,1.0,2,49.0,1.0,33.0,0,1,0
2108,22.0,1.0,16.0,5.0,2,49.0,2.0,8.0,1,1,0
2109,17.0,1.0,18.0,5.0,2,314.0,2.0,40.0,0,1,0
2110,63.0,2.0,19.0,1.0,1,49.0,1.0,35.0,0,1,1
2111,63.0,3.0,21.0,1.0,0,6.0,1.0,28.0,0,1,0
2112,63.0,1.0,16.0,2.0,2,49.0,5.0,40.0,0,1,0
2113,67.0,2.0,21.0,1.0,0,49.0,1.0,50.0,1,1,1
2114,18.0,1.0,18.0,5.0,0,4.0,2.0,40.0,1,1,0
2115,61.0,1.0,16.0,1.0,0,11.0,0.0,40.0,1,1,1
2116,37.0,4.0,24.0,1.0,2,49.0,0.0,3.0,1,1,1
2117,34.0,2.0,20.0,4.0,4,49.0,0.0,20.0,0,1,0
2118,24.0,1.0,14.0,5.0,2,32.0,0.0,25.0,0,1,0
2119,37.0,6.0,22.0,1.0,0,49.0,1.0,36.0,0,1,1
2120,34.0,1.0,18.0,1.0,2,49.0,0.0,4.0,0,1,0
2121,23.0,1.0,16.0,5.0,1,301.0,2.0,40.0,1,1,0
2122,52.0,1.0,20.0,1.0,3,49.0,1.0,40.0,1,1,1
2123,32.0,3.0,21.0,5.0,0,16.0,12.0,16.0,0,1,0
2124,63.0,1.0,17.0,1.0,3,49.0,0.0,20.0,1,1,0
2125,68.0,2.0,19.0,1.0,2,49.0,0.0,45.0,0,1,1
2126,30.0,1.0,10.0,5.0,4,49.0,0.0,40.0,1,1,1
2127,35.0,1.0,18.0,1.0,1,49.0,0.0,40.0,0,1,0
2128,19.0,1.0,19.0,1.0,2,49.0,9.0,20.0,0,1,0
2129,51.0,1.0,20.0,1.0,0,312.0,0.0,40.0,1,0,1
2130,24.0,1.0,19.0,5.0,2,53.0,5.0,10.0,0,1,0
2131,17.0,1.0,14.0,5.0,1,49.0,2.0,16.0,0,1,0
2132,32.0,3.0,17.0,1.0,0,49.0,0.0,40.0,0,1,0
2133,63.0,3.0,16.0,1.0,2,247.0,1.0,20.0,0,0,0
2134,51.0,1.0,16.0,5.0,4,49.0,0.0,40.0,1,1,1
2135,44.0,2.0,20.0,1.0,0,49.0,0.0,55.0,0,0,1
2136,61.0,1.0,22.0,1.0,0,49.0,0.0,40.0,1,1,1
2137,27.0,1.0,16.0,5.0,4,303.0,15.0,50.0,1,0,1
2138,39.0,6.0,13.0,1.0,1,49.0,0.0,20.0,0,1,0
2139,29.0,1.0,16.0,1.0,-1,49.0,0.0,55.0,1,1,1
2140,49.0,4.0,20.0,3.0,0,34.0,0.0,20.0,0,1,0
2141,44.0,2.0,24.0,1.0,0,49.0,1.0,45.0,0,1,1
2142,27.0,1.0,16.0,1.0,3,49.0,0.0,40.0,1,1,1
2143,45.0,1.0,17.0,5.0,4,49.0,5.0,40.0,1,1,0
2144,20.0,1.0,19.0,5.0,2,26.0,17.0,35.0,1,1,0
2145,17.0,4.0,19.0,5.0,1,49.0,17.0,45.0,1,1,0
2146,17.0,1.0,13.0,5.0,1,49.0,2.0,50.0,1,1,0
2147,63.0,1.0,1.0,1.0,1,49.0,0.0,40.0,1,1,0
2148,44.0,1.0,21.0,1.0,0,49.0,0.0,75.0,1,1,1
2149,68.0,1.0,22.0,5.0,0,49.0,0.0,60.0,1,1,1
2150,23.0,2.0,19.0,5.0,4,6.0,2.0,40.0,1,1,0
2151,31.0,2.0,21.0,5.0,0,49.0,0.0,18.0,0,1,0
2152,42.0,1.0,16.0,5.0,4,53.0,2.0,30.0,1,1,0
2153,19.0,1.0,16.0,5.0,4,16.0,17.0,25.0,0,1,0
2154,21.0,3.0,20.0,5.0,4,49.0,15.0,35.0,1,1,0
2155,74.0,1.0,16.0,3.0,1,16.0,0.0,40.0,0,1,0
2156,64.0,1.0,16.0,1.0,0,49.0,0.0,48.0,0,1,0
2157,42.0,3.0,22.0,1.0,3,10.0,1.0,17.0,0,1,0
2158,39.0,1.0,19.0,1.0,4,49.0,0.0,21.0,1,1,0
2159,35.0,1.0,11.0,1.0,4,372.0,1.0,10.0,1,0,0
2160,57.0,1.0,19.0,3.0,0,49.0,0.0,40.0,1,1,1
2161,36.0,1.0,19.0,1.0,1,49.0,1.0,40.0,1,1,0
2162,60.0,1.0,21.0,1.0,2,6.0,1.0,25.0,0,1,0
2163,23.0,1.0,18.0,5.0,1,6.0,2.0,45.0,0,1,0
2164,55.0,2.0,20.0,1.0,0,15.0,0.0,45.0,1,1,0
2165,63.0,4.0,16.0,1.0,2,6.0,1.0,40.0,0,1,1
2166,17.0,1.0,14.0,5.0,1,49.0,2.0,50.0,1,1,0
2167,46.0,4.0,22.0,1.0,0,32.0,1.0,40.0,1,1,1
2168,29.0,1.0,16.0,5.0,2,49.0,0.0,40.0,1,1,0
2169,37.0,1.0,22.0,1.0,0,49.0,1.0,40.0,0,1,1
2170,53.0,6.0,18.0,1.0,4,6.0,0.0,70.0,1,1,1
2171,17.0,1.0,14.0,5.0,1,49.0,2.0,25.0,0,1,0
2172,60.0,7.0,23.0,3.0,0,26.0,11.0,15.0,1,1,0
2173,62.0,2.0,21.0,1.0,2,49.0,1.0,40.0,0,1,1
2174,32.0,1.0,21.0,3.0,0,49.0,0.0,36.0,0,1,1
2175,47.0,1.0,19.0,1.0,0,49.0,1.0,60.0,1,1,1
2176,18.0,1.0,14.0,5.0,3,6.0,2.0,40.0,0,1,0
2177,49.0,1.0,21.0,3.0,2,49.0,0.0,42.0,0,1,1
2178,21.0,1.0,19.0,5.0,1,49.0,12.0,50.0,0,1,0
2179,20.0,1.0,18.0,5.0,1,6.0,2.0,45.0,1,0,0
2180,35.0,7.0,21.0,1.0,0,49.0,0.0,40.0,0,1,1
2181,25.0,7.0,21.0,1.0,0,49.0,1.0,60.0,1,1,1
2182,18.0,1.0,16.0,5.0,1,49.0,3.0,40.0,0,1,0
2183,55.0,4.0,21.0,1.0,0,6.0,1.0,49.0,0,1,1
2184,28.0,1.0,20.0,1.0,0,49.0,0.0,40.0,1,1,1
2185,28.0,2.0,22.0,1.0,0,49.0,1.0,45.0,1,1,1
2186,34.0,4.0,24.0,1.0,0,36.0,0.0,45.0,1,1,1
2187,36.0,1.0,19.0,3.0,2,49.0,0.0,32.0,0,1,0
2188,33.0,1.0,16.0,5.0,3,49.0,12.0,22.0,1,1,0
2189,59.0,7.0,19.0,1.0,3,42.0,1.0,45.0,1,1,1
2190,63.0,1.0,21.0,1.0,2,4.0,1.0,40.0,1,1,1
2191,60.0,1.0,21.0,1.0,0,370.0,1.0,45.0,1,1,1
2192,59.0,1.0,21.0,1.0,0,49.0,0.0,40.0,1,1,1
2193,37.0,1.0,19.0,1.0,4,8.0,1.0,40.0,1,1,0
2194,31.0,6.0,19.0,1.0,2,370.0,0.0,60.0,1,1,1
2195,61.0,5.0,16.0,3.0,4,36.0,0.0,40.0,1,1,0
2196,25.0,4.0,21.0,5.0,0,49.0,0.0,40.0,1,1,1
2197,39.0,1.0,22.0,1.0,0,49.0,0.0,40.0,1,1,1
2198,53.0,7.0,23.0,1.0,0,49.0,1.0,60.0,1,1,1
2199,58.0,1.0,19.0,1.0,3,6.0,0.0,40.0,1,1,1
2200,20.0,1.0,16.0,5.0,2,49.0,3.0,20.0,1,0,0
2201,19.0,1.0,19.0,5.0,1,49.0,17.0,40.0,1,1,0
2202,58.0,6.0,20.0,1.0,1,370.0,0.0,30.0,0,1,0
2203,47.0,1.0,19.0,1.0,4,303.0,1.0,30.0,0,1,1
2204,40.0,1.0,16.0,1.0,1,49.0,0.0,20.0,1,1,1
2205,24.0,1.0,19.0,5.0,1,49.0,12.0,10.0,0,1,0
2206,25.0,4.0,19.0,5.0,0,6.0,17.0,40.0,0,1,0
2207,29.0,1.0,20.0,1.0,1,49.0,0.0,9.0,0,1,0
2208,61.0,2.0,16.0,5.0,0,27.0,2.0,40.0,1,1,1
2209,27.0,4.0,22.0,2.0,0,6.0,0.0,40.0,0,1,1
2210,38.0,1.0,16.0,1.0,2,49.0,1.0,6.0,0,1,0
2211,25.0,5.0,21.0,1.0,2,303.0,1.0,40.0,1,0,0
2212,17.0,1.0,14.0,5.0,1,49.0,2.0,40.0,0,1,0
2213,53.0,1.0,7.0,1.0,3,49.0,0.0,35.0,1,1,0
2214,33.0,1.0,21.0,1.0,0,6.0,1.0,60.0,1,1,1
2215,24.0,1.0,20.0,1.0,0,42.0,0.0,45.0,0,1,1
2216,63.0,1.0,19.0,1.0,4,49.0,1.0,52.0,1,1,0
2217,56.0,1.0,19.0,1.0,0,4.0,0.0,40.0,0,1,1
2218,49.0,7.0,19.0,1.0,1,49.0,1.0,40.0,0,1,0
2219,28.0,1.0,16.0,5.0,1,49.0,2.0,40.0,1,1,0
2220,24.0,1.0,18.0,5.0,2,312.0,2.0,24.0,0,0,0
2221,68.0,1.0,19.0,1.0,2,49.0,1.0,40.0,1,1,1
2222,39.0,1.0,17.0,1.0,0,6.0,0.0,52.0,1,1,1
2223,17.0,1.0,19.0,5.0,0,49.0,2.0,40.0,1,1,0
2224,55.0,1.0,21.0,3.0,0,49.0,0.0,44.0,1,1,1
2225,43.0,7.0,19.0,1.0,0,49.0,1.0,50.0,0,1,0
2226,48.0,1.0,18.0,1.0,0,6.0,0.0,40.0,1,1,1
2227,34.0,1.0,21.0,1.0,1,49.0,0.0,50.0,1,1,1
2228,48.0,1.0,21.0,1.0,2,32.0,0.0,40.0,0,1,0
2229,18.0,1.0,16.0,5.0,4,49.0,2.0,38.0,1,1,0
2230,24.0,1.0,20.0,5.0,0,49.0,13.0,20.0,1,1,0
2231,46.0,1.0,21.0,1.0,0,49.0,0.0,10.0,0,1,0
2232,28.0,1.0,21.0,1.0,2,49.0,1.0,55.0,0,1,0
2233,49.0,1.0,18.0,1.0,0,370.0,0.0,42.0,0,0,1
2234,56.0,7.0,18.0,1.0,3,217.0,0.0,60.0,1,0,0
2235,40.0,7.0,21.0,1.0,2,49.0,0.0,61.0,1,1,0
2236,17.0,2.0,14.0,5.0,1,49.0,2.0,35.0,1,1,0
2237,60.0,1.0,22.0,1.0,0,49.0,0.0,25.0,1,1,0
2238,23.0,1.0,19.0,5.0,1,49.0,0.0,40.0,0,1,0
2239,41.0,4.0,22.0,1.0,0,6.0,0.0,9.0,0,0,0
2240,51.0,1.0,22.0,3.0,2,365.0,0.0,40.0,0,1,0
2241,45.0,1.0,16.0,1.0,1,523.0,0.0,40.0,0,0,1
2242,25.0,1.0,20.0,1.0,0,49.0,1.0,45.0,1,1,1
2243,60.0,1.0,16.0,1.0,1,6.0,0.0,40.0,0,1,1
2244,60.0,7.0,23.0,1.0,0,18.0,0.0,57.0,1,0,1
2245,31.0,1.0,16.0,1.0,2,49.0,0.0,40.0,1,1,1
2246,47.0,1.0,13.0,1.0,3,49.0,1.0,40.0,0,1,0
2247,24.0,1.0,20.0,5.0,-1,48.0,2.0,50.0,1,1,1
2248,25.0,1.0,19.0,1.0,2,49.0,1.0,40.0,0,1,0
2249,26.0,1.0,19.0,5.0,1,49.0,12.0,44.0,1,1,0
2250,38.0,7.0,20.0,1.0,0,10.0,0.0,40.0,1,1,1
2251,30.0,2.0,14.0,1.0,1,8.0,1.0,40.0,0,0,0
2252,46.0,1.0,22.0,3.0,0,49.0,0.0,40.0,0,1,1
2253,65.0,1.0,18.0,1.0,2,49.0,0.0,40.0,0,1,1
2254,53.0,4.0,19.0,1.0,1,49.0,0.0,30.0,0,1,0
2255,80.0,6.0,19.0,1.0,1,365.0,8.0,40.0,0,1,1
2256,37.0,1.0,20.0,1.0,0,49.0,0.0,30.0,0,1,0
2257,23.0,1.0,19.0,5.0,2,49.0,2.0,22.0,0,1,0
2258,46.0,1.0,12.0,1.0,3,6.0,1.0,40.0,0,1,0
2259,53.0,1.0,16.0,1.0,4,49.0,1.0,50.0,1,1,1
2260,32.0,1.0,17.0,1.0,4,27.0,1.0,40.0,1,1,1
2261,40.0,1.0,22.0,5.0,0,36.0,11.0,40.0,1,1,1
2262,21.0,1.0,20.0,5.0,2,49.0,4.0,40.0,1,1,0
2263,62.0,1.0,19.0,1.0,1,6.0,0.0,40.0,1,0,1
2264,44.0,3.0,16.0,3.0,3,233.0,0.0,42.0,1,0,0
2265,57.0,6.0,21.0,1.0,4,49.0,0.0,50.0,1,1,1
2266,27.0,1.0,21.0,5.0,0,49.0,0.0,55.0,0,1,1
2267,41.0,1.0,19.0,1.0,2,16.0,0.0,40.0,0,1,0
2268,52.0,4.0,18.0,1.0,0,12.0,0.0,40.0,1,1,1
2269,64.0,4.0,22.0,3.0,0,49.0,0.0,40.0,1,1,0
2270,45.0,1.0,14.0,4.0,2,1.0,7.0,50.0,1,1,1
2271,46.0,1.0,21.0,1.0,3,49.0,0.0,50.0,1,1,1
2272,52.0,1.0,19.0,1.0,4,49.0,1.0,45.0,1,1,0
2273,33.0,1.0,21.0,5.0,0,6.0,0.0,50.0,1,1,1
2274,46.0,1.0,17.0,1.0,2,49.0,1.0,20.0,1,1,0
2275,25.0,1.0,18.0,5.0,1,6.0,17.0,12.0,0,1,0
2276,44.0,3.0,21.0,1.0,0,427.0,0.0,40.0,0,0,1
2277,60.0,1.0,18.0,1.0,0,49.0,0.0,40.0,1,1,1
2278,53.0,2.0,21.0,1.0,0,39.0,1.0,25.0,0,1,0
2279,59.0,3.0,17.0,1.0,0,49.0,0.0,30.0,0,1,0
2280,24.0,1.0,21.0,5.0,0,49.0,0.0,45.0,0,1,0
2281,47.0,1.0,15.0,1.0,4,313.0,0.0,40.0,1,1,1
2282,33.0,1.0,19.0,5.0,4,53.0,12.0,60.0,1,1,1
2283,43.0,1.0,19.0,5.0,0,49.0,0.0,45.0,1,1,1
2284,32.0,7.0,16.0,1.0,2,49.0,0.0,50.0,1,1,1
2285,63.0,7.0,18.0,1.0,4,49.0,0.0,25.0,1,1,0
2286,49.0,4.0,22.0,1.0,0,49.0,0.0,40.0,1,1,1
2287,34.0,4.0,22.0,5.0,0,49.0,0.0,40.0,1,1,1
2288,40.0,7.0,20.0,1.0,2,6.0,0.0,40.0,1,0,1
2289,27.0,1.0,19.0,5.0,1,49.0,13.0,20.0,1,1,0
2290,34.0,7.0,23.0,1.0,0,49.0,1.0,60.0,1,1,0
2291,60.0,1.0,18.0,1.0,4,49.0,1.0,40.0,1,0,1
2292,48.0,7.0,19.0,1.0,3,49.0,1.0,48.0,1,1,1
2293,18.0,1.0,14.0,5.0,1,49.0,2.0,40.0,1,1,0
2294,61.0,3.0,16.0,1.0,0,49.0,6.0,50.0,1,1,1
2295,17.0,1.0,15.0,5.0,0,49.0,2.0,29.0,0,1,0
2296,29.0,1.0,20.0,1.0,-1,49.0,1.0,45.0,1,1,1
2297,50.0,1.0,19.0,1.0,4,6.0,1.0,20.0,0,1,0
2298,27.0,1.0,21.0,1.0,0,12.0,1.0,40.0,1,1,1
2299,26.0,1.0,16.0,5.0,1,48.0,0.0,40.0,0,1,0
2300,52.0,1.0,16.0,1.0,1,4.0,1.0,40.0,1,1,1
2301,58.0,1.0,16.0,1.0,4,6.0,1.0,45.0,1,1,1
2302,18.0,3.0,20.0,5.0,0,6.0,2.0,6.0,0,1,0
2303,24.0,1.0,21.0,5.0,0,49.0,0.0,40.0,0,1,0
2304,47.0,7.0,22.0,1.0,0,1.0,0.0,40.0,1,1,1
2305,40.0,1.0,16.0,1.0,2,25.0,0.0,40.0,0,1,1
2306,19.0,1.0,18.0,5.0,2,49.0,17.0,40.0,0,1,0
2307,32.0,4.0,19.0,1.0,0,8.0,0.0,40.0,1,1,1
2308,50.0,1.0,12.0,1.0,3,49.0,1.0,40.0,1,1,1
2309,62.0,1.0,21.0,1.0,0,49.0,0.0,40.0,0,1,1
2310,39.0,6.0,20.0,1.0,0,36.0,1.0,1.0,0,1,0
2311,46.0,1.0,1.0,5.0,4,49.0,2.0,9.0,1,1,0
2312,44.0,3.0,19.0,1.0,0,49.0,1.0,40.0,1,1,1
2313,21.0,1.0,19.0,5.0,4,48.0,0.0,40.0,1,1,0
2314,78.0,4.0,24.0,1.0,0,49.0,0.0,40.0,1,1,1
2315,63.0,6.0,21.0,1.0,1,49.0,1.0,30.0,0,1,0
2316,22.0,1.0,19.0,5.0,2,49.0,12.0,35.0,0,1,0
2317,37.0,7.0,21.0,1.0,4,32.0,1.0,60.0,1,1,1
2318,60.0,7.0,16.0,1.0,2,35.0,0.0,25.0,0,0,0
2319,27.0,1.0,19.0,1.0,0,49.0,1.0,32.0,0,1,1
2320,41.0,1.0,17.0,5.0,3,49.0,0.0,40.0,1,1,0
2321,17.0,1.0,14.0,5.0,2,51.0,2.0,16.0,0,1,0
2322,17.0,6.0,13.0,5.0,1,49.0,4.0,4.0,0,1,0
2323,32.0,1.0,21.0,3.0,1,49.0,0.0,32.0,0,1,0
2324,56.0,7.0,20.0,2.0,2,51.0,0.0,50.0,0,1,1
2325,53.0,1.0,19.0,5.0,1,48.0,0.0,55.0,1,1,1
2326,47.0,1.0,16.0,1.0,4,19.0,0.0,40.0,1,1,1
2327,43.0,6.0,21.0,1.0,4,49.0,0.0,1.0,1,1,1
2328,55.0,4.0,24.0,1.0,0,49.0,0.0,40.0,1,1,1
2329,29.0,2.0,21.0,1.0,2,49.0,0.0,40.0,0,1,0
2330,51.0,1.0,16.0,1.0,2,32.0,0.0,30.0,1,1,0
2331,44.0,1.0,21.0,3.0,2,49.0,0.0,30.0,0,1,0
2332,50.0,1.0,16.0,1.0,0,49.0,10.0,50.0,1,1,1
2333,24.0,1.0,18.0,5.0,0,49.0,3.0,25.0,1,1,0
2334,36.0,1.0,19.0,1.0,3,49.0,0.0,40.0,1,1,0
2335,19.0,1.0,19.0,5.0,3,49.0,2.0,45.0,1,1,0
2336,18.0,1.0,18.0,2.0,1,449.0,0.0,40.0,1,0,0
2337,33.0,1.0,16.0,5.0,1,49.0,12.0,40.0,0,1,0
2338,52.0,1.0,16.0,5.0,0,49.0,0.0,45.0,0,1,0
2339,59.0,7.0,16.0,1.0,3,49.0,0.0,58.0,1,1,1
2340,26.0,1.0,18.0,1.0,4,30.0,0.0,40.0,1,1,0
2341,39.0,1.0,16.0,1.0,4,49.0,1.0,40.0,1,1,1
2342,42.0,3.0,16.0,1.0,4,49.0,1.0,40.0,1,1,1
2343,51.0,6.0,22.0,1.0,0,49.0,1.0,60.0,0,0,1
2344,39.0,3.0,18.0,1.0,1,29.0,1.0,25.0,0,1,0
2345,37.0,1.0,20.0,1.0,3,49.0,0.0,45.0,1,1,1
2346,67.0,3.0,18.0,1.0,0,27.0,1.0,40.0,1,1,1
2347,53.0,1.0,20.0,1.0,0,29.0,1.0,42.0,1,1,1
2348,46.0,1.0,22.0,1.0,2,49.0,1.0,45.0,1,1,1
2349,24.0,1.0,16.0,1.0,1,49.0,1.0,40.0,0,1,1
2350,54.0,1.0,19.0,1.0,4,36.0,0.0,42.0,1,1,1
2351,37.0,1.0,19.0,1.0,1,49.0,0.0,24.0,0,1,0
2352,38.0,1.0,20.0,1.0,2,303.0,1.0,36.0,0,1,0
2353,54.0,1.0,16.0,1.0,4,49.0,1.0,55.0,1,1,1
2354,25.0,1.0,24.0,5.0,0,18.0,0.0,40.0,1,1,1
2355,23.0,1.0,16.0,5.0,1,205.0,2.0,30.0,1,0,0
2356,20.0,1.0,19.0,5.0,3,49.0,17.0,20.0,1,1,0
2357,31.0,6.0,23.0,1.0,0,4.0,1.0,5.0,0,1,1
2358,17.0,1.0,18.0,5.0,4,49.0,2.0,40.0,1,1,0
2359,27.0,1.0,21.0,4.0,0,49.0,13.0,45.0,1,1,1
2360,20.0,1.0,14.0,5.0,4,66.0,7.0,35.0,1,0,0
2361,34.0,1.0,24.0,4.0,0,49.0,0.0,40.0,0,1,0
2362,18.0,1.0,16.0,5.0,1,4.0,16.0,30.0,1,1,0
2363,39.0,4.0,1.0,5.0,3,6.0,2.0,40.0,1,1,0
2364,28.0,1.0,20.0,1.0,4,40.0,1.0,30.0,0,1,0
2365,30.0,8.0,16.0,5.0,1,51.0,2.0,8.0,1,0,0
2366,27.0,1.0,21.0,1.0,1,49.0,1.0,40.0,1,1,0
2367,46.0,1.0,16.0,1.0,0,49.0,0.0,30.0,1,1,1
2368,37.0,7.0,18.0,1.0,0,49.0,1.0,20.0,0,1,0
2369,67.0,2.0,21.0,1.0,0,49.0,0.0,20.0,0,1,0
2370,36.0,3.0,19.0,1.0,0,49.0,0.0,40.0,1,1,1
2371,18.0,1.0,14.0,5.0,2,49.0,2.0,45.0,0,1,0
2372,30.0,1.0,19.0,1.0,4,56.0,0.0,40.0,1,1,0
2373,64.0,1.0,18.0,1.0,4,49.0,0.0,20.0,1,1,1
2374,58.0,1.0,16.0,3.0,3,49.0,16.0,40.0,1,1,1
2375,20.0,2.0,20.0,5.0,2,49.0,17.0,17.0,0,1,0
2376,35.0,1.0,20.0,1.0,2,127.0,0.0,10.0,0,1,0
2377,33.0,2.0,21.0,1.0,0,49.0,0.0,40.0,0,1,0
2378,17.0,1.0,14.0,5.0,1,49.0,2.0,40.0,1,1,0
2379,22.0,1.0,19.0,5.0,2,34.0,2.0,35.0,0,0,0
2380,21.0,1.0,16.0,1.0,4,49.0,9.0,50.0,1,1,0
2381,47.0,3.0,21.0,1.0,0,49.0,0.0,29.0,0,1,0
2382,21.0,4.0,18.0,5.0,0,49.0,17.0,10.0,0,1,0
2383,33.0,5.0,21.0,1.0,2,49.0,0.0,50.0,1,1,1
2384,43.0,3.0,16.0,1.0,3,12.0,0.0,45.0,1,1,1
2385,34.0,1.0,17.0,3.0,1,36.0,0.0,15.0,0,1,0
2386,27.0,2.0,19.0,1.0,0,42.0,0.0,40.0,1,1,0
2387,66.0,1.0,16.0,1.0,2,303.0,0.0,40.0,1,0,1
2388,39.0,1.0,22.0,1.0,0,49.0,0.0,45.0,1,1,1
2389,39.0,2.0,21.0,1.0,0,49.0,0.0,30.0,1,1,1
2390,36.0,1.0,16.0,1.0,4,49.0,0.0,30.0,1,1,1
2391,27.0,1.0,17.0,5.0,2,49.0,0.0,40.0,0,1,0
2392,63.0,6.0,16.0,1.0,4,49.0,1.0,30.0,1,1,1
2393,23.0,1.0,16.0,3.0,2,49.0,9.0,40.0,0,1,0
2394,18.0,1.0,14.0,5.0,1,41.0,2.0,40.0,1,1,0
2395,40.0,2.0,21.0,1.0,0,49.0,1.0,38.0,0,1,0
2396,68.0,1.0,17.0,1.0,4,49.0,0.0,40.0,1,1,1
2397,47.0,1.0,21.0,1.0,0,16.0,1.0,40.0,0,1,1
2398,69.0,2.0,24.0,1.0,0,53.0,0.0,40.0,1,1,1
2399,18.0,1.0,16.0,5.0,2,49.0,15.0,40.0,1,1,0
2400,55.0,6.0,23.0,1.0,0,51.0,0.0,50.0,0,0,1
2401,62.0,8.0,20.0,4.0,2,36.0,0.0,2.0,0,1,0
2402,80.0,3.0,1.0,1.0,1,48.0,6.0,29.0,0,1,0
2403,64.0,1.0,16.0,1.0,4,8.0,1.0,50.0,1,1,1
2404,51.0,1.0,20.0,1.0,0,53.0,0.0,40.0,0,1,1
2405,39.0,1.0,21.0,1.0,4,6.0,1.0,58.0,1,1,1
2406,57.0,1.0,24.0,1.0,3,49.0,0.0,40.0,1,1,1
2407,44.0,1.0,19.0,5.0,2,48.0,0.0,40.0,0,1,0
2408,48.0,2.0,21.0,1.0,2,49.0,1.0,45.0,0,1,1
2409,63.0,5.0,16.0,1.0,2,32.0,0.0,40.0,0,1,0
2410,35.0,1.0,19.0,1.0,3,16.0,1.0,25.0,1,1,1
2411,45.0,1.0,16.0,1.0,3,49.0,0.0,40.0,1,1,0
2412,71.0,6.0,21.0,1.0,0,106.0,0.0,40.0,1,1,1
2413,50.0,1.0,16.0,5.0,2,42.0,0.0,28.0,0,1,0
2414,52.0,1.0,21.0,1.0,0,53.0,1.0,40.0,1,1,1
2415,51.0,1.0,21.0,1.0,0,26.0,0.0,40.0,1,1,0
2416,65.0,4.0,19.0,1.0,1,56.0,0.0,40.0,0,1,0
2417,30.0,5.0,18.0,5.0,2,27.0,0.0,40.0,1,1,1
2418,35.0,1.0,16.0,5.0,1,49.0,2.0,40.0,1,1,1
2419,22.0,1.0,21.0,5.0,2,6.0,2.0,40.0,1,1,0
2420,64.0,7.0,16.0,1.0,0,49.0,0.0,15.0,0,1,0
2421,55.0,4.0,18.0,1.0,0,49.0,0.0,40.0,1,1,1
2422,41.0,3.0,20.0,1.0,1,55.0,0.0,40.0,0,0,0
2423,47.0,2.0,21.0,1.0,0,49.0,0.0,40.0,0,1,1
2424,23.0,2.0,19.0,5.0,0,10.0,17.0,10.0,0,1,0
2425,35.0,1.0,16.0,1.0,4,49.0,1.0,55.0,1,1,1
2426,23.0,1.0,18.0,1.0,1,6.0,1.0,45.0,1,1,1
2427,20.0,1.0,19.0,5.0,2,301.0,2.0,40.0,1,1,0
2428,53.0,1.0,23.0,1.0,4,49.0,1.0,44.0,1,1,1
2429,29.0,1.0,16.0,1.0,2,8.0,2.0,4.0,0,1,0
2430,19.0,4.0,18.0,5.0,1,6.0,2.0,26.0,0,0,0
2431,56.0,1.0,21.0,1.0,0,49.0,0.0,40.0,1,1,1
2432,48.0,1.0,17.0,1.0,4,8.0,1.0,60.0,1,1,1
2433,62.0,1.0,19.0,3.0,2,51.0,0.0,40.0,0,1,1
2434,26.0,1.0,16.0,1.0,4,8.0,0.0,35.0,1,1,1
2435,21.0,1.0,16.0,5.0,2,6.0,2.0,15.0,0,1,0
2436,30.0,1.0,19.0,5.0,4,49.0,0.0,60.0,1,1,0
2437,25.0,1.0,21.0,5.0,0,49.0,2.0,8.0,0,1,0
2438,45.0,1.0,16.0,1.0,4,49.0,0.0,40.0,1,1,1
2439,23.0,1.0,19.0,1.0,2,247.0,0.0,45.0,1,0,0
2440,23.0,1.0,19.0,1.0,2,49.0,17.0,30.0,1,1,0
2441,26.0,1.0,16.0,1.0,2,49.0,1.0,20.0,0,1,0
2442,61.0,2.0,16.0,4.0,3,49.0,0.0,55.0,1,1,1
2443,70.0,1.0,9.0,1.0,4,49.0,0.0,40.0,0,1,0
2444,42.0,1.0,21.0,1.0,0,49.0,1.0,55.0,1,1,1
2445,61.0,1.0,22.0,3.0,2,303.0,0.0,40.0,0,0,1
2446,48.0,5.0,20.0,1.0,4,303.0,0.0,40.0,1,1,1
2447,46.0,7.0,19.0,1.0,1,49.0,0.0,40.0,1,1,1
2448,20.0,1.0,16.0,5.0,4,6.0,2.0,15.0,0,0,0
2449,41.0,1.0,21.0,5.0,0,26.0,0.0,40.0,0,1,1
2450,49.0,1.0,20.0,1.0,4,48.0,1.0,40.0,0,1,1
2451,33.0,1.0,20.0,1.0,0,139.0,2.0,45.0,1,1,1
2452,51.0,1.0,16.0,1.0,2,6.0,1.0,40.0,0,1,0
2453,18.0,1.0,16.0,5.0,2,49.0,2.0,16.0,0,1,0
2454,29.0,1.0,21.0,1.0,0,32.0,0.0,22.0,0,1,1
2455,32.0,3.0,21.0,5.0,0,37.0,2.0,96.0,1,0,1
2456,44.0,2.0,19.0,1.0,0,49.0,0.0,30.0,0,1,0
2457,49.0,1.0,19.0,1.0,0,4.0,1.0,55.0,1,1,1
2458,29.0,1.0,19.0,1.0,2,313.0,1.0,25.0,0,0,0
2459,25.0,1.0,21.0,5.0,0,49.0,0.0,40.0,0,1,0
2460,45.0,1.0,16.0,3.0,1,49.0,13.0,35.0,0,0,0
2461,55.0,2.0,20.0,1.0,1,32.0,0.0,36.0,0,1,0
2462,39.0,6.0,24.0,1.0,0,49.0,0.0,70.0,1,1,1
2463,58.0,1.0,16.0,1.0,4,49.0,0.0,50.0,1,1,1
2464,24.0,6.0,21.0,1.0,0,32.0,1.0,55.0,1,1,1
2465,59.0,1.0,22.0,1.0,-1,49.0,0.0,50.0,1,1,1
2466,36.0,1.0,16.0,3.0,2,49.0,16.0,18.0,0,1,0
2467,60.0,1.0,22.0,1.0,0,49.0,0.0,40.0,1,1,1
2468,46.0,6.0,22.0,1.0,0,303.0,0.0,40.0,1,1,1
2469,48.0,5.0,18.0,1.0,2,51.0,1.0,40.0,0,1,0
2470,49.0,4.0,21.0,1.0,2,35.0,1.0,40.0,0,0,1
2471,58.0,5.0,18.0,1.0,2,49.0,0.0,84.0,1,1,1
2472,76.0,4.0,16.0,2.0,2,49.0,0.0,20.0,0,1,0
2473,61.0,5.0,18.0,1.0,3,12.0,1.0,50.0,1,1,1
2474,39.0,1.0,21.0,1.0,2,42.0,0.0,40.0,1,1,0
2475,44.0,1.0,19.0,1.0,1,26.0,0.0,40.0,1,1,0
2476,37.0,1.0,21.0,3.0,4,303.0,2.0,40.0,1,1,1
2477,48.0,4.0,21.0,1.0,1,233.0,1.0,30.0,0,0,0
2478,63.0,1.0,16.0,1.0,2,49.0,1.0,35.0,1,1,0
2479,27.0,5.0,18.0,1.0,0,49.0,0.0,40.0,0,1,0
2480,50.0,1.0,21.0,1.0,0,49.0,0.0,3.0,0,1,0
2481,30.0,1.0,16.0,5.0,0,6.0,11.0,40.0,1,1,0
2482,44.0,1.0,20.0,4.0,1,233.0,0.0,20.0,0,0,0
2483,60.0,1.0,20.0,1.0,0,49.0,0.0,40.0,0,1,0
2484,18.0,1.0,16.0,5.0,2,49.0,2.0,35.0,0,1,0
2485,61.0,1.0,19.0,1.0,0,26.0,0.0,40.0,0,1,1
2486,21.0,1.0,19.0,1.0,1,49.0,1.0,20.0,1,1,0
2487,23.0,1.0,21.0,1.0,3,49.0,2.0,50.0,1,1,1
2488,33.0,1.0,20.0,1.0,0,16.0,0.0,40.0,1,1,0
2489,71.0,7.0,23.0,1.0,0,13.0,1.0,50.0,1,1,1
2490,26.0,1.0,21.0,5.0,4,49.0,12.0,10.0,0,1,0
2491,50.0,1.0,14.0,5.0,2,6.0,0.0,50.0,1,1,1
2492,60.0,3.0,18.0,1.0,0,6.0,1.0,40.0,1,1,1
2493,63.0,1.0,21.0,2.0,1,36.0,0.0,40.0,0,1,1
2494,34.0,1.0,21.0,1.0,0,6.0,17.0,20.0,0,1,0
2495,29.0,1.0,21.0,1.0,-1,362.0,1.0,40.0,1,1,1
2496,30.0,1.0,20.0,1.0,0,49.0,1.0,15.0,0,1,0
2497,24.0,1.0,19.0,1.0,2,56.0,1.0,15.0,0,1,0
2498,33.0,1.0,20.0,5.0,0,49.0,2.0,20.0,0,1,0
2499,21.0,1.0,15.0,1.0,1,49.0,10.0,40.0,1,1,0
2500,52.0,1.0,19.0,1.0,3,217.0,1.0,60.0,1,0,1
2501,32.0,1.0,16.0,1.0,0,49.0,1.0,41.0,1,1,1
2502,17.0,1.0,14.0,5.0,3,49.0,2.0,24.0,1,1,0
2503,53.0,2.0,21.0,5.0,0,49.0,0.0,15.0,0,1,0
2504,66.0,7.0,21.0,1.0,-1,6.0,0.0,50.0,1,1,1
2505,20.0,1.0,16.0,5.0,1,53.0,2.0,12.0,1,1,0
2506,68.0,1.0,20.0,1.0,0,49.0,0.0,40.0,0,1,1
2507,64.0,4.0,20.0,1.0,0,17.0,1.0,40.0,1,1,1
2508,59.0,3.0,23.0,1.0,0,26.0,0.0,45.0,0,0,1
2509,41.0,1.0,19.0,1.0,0,49.0,0.0,40.0,1,1,1
2510,17.0,1.0,14.0,5.0,1,37.0,2.0,43.0,1,1,0
2511,37.0,1.0,14.0,5.0,1,110.0,13.0,55.0,1,1,0
2512,41.0,3.0,16.0,1.0,0,24.0,6.0,10.0,0,1,0
2513,62.0,1.0,16.0,1.0,4,49.0,0.0,40.0,1,1,1
2514,45.0,7.0,21.0,4.0,0,49.0,0.0,45.0,0,1,1
2515,34.0,2.0,18.0,1.0,4,32.0,1.0,40.0,1,1,1
2516,57.0,4.0,19.0,1.0,0,17.0,1.0,28.0,1,1,0
2517,49.0,1.0,18.0,1.0,1,49.0,0.0,32.0,1,1,1
2518,48.0,6.0,21.0,1.0,1,6.0,1.0,60.0,0,1,1
2519,37.0,1.0,19.0,5.0,3,49.0,2.0,40.0,1,0,1
2520,49.0,2.0,21.0,1.0,2,36.0,0.0,12.0,0,1,0
2521,60.0,1.0,20.0,1.0,0,39.0,0.0,60.0,1,1,1
2522,34.0,2.0,20.0,3.0,0,15.0,0.0,28.0,0,1,0
2523,26.0,2.0,21.0,1.0,0,6.0,0.0,45.0,1,1,1
2524,23.0,1.0,21.0,5.0,0,27.0,12.0,10.0,1,1,0
2525,53.0,1.0,19.0,1.0,1,303.0,0.0,40.0,0,1,1
2526,46.0,1.0,24.0,1.0,0,55.0,0.0,60.0,1,1,1
2527,21.0,4.0,19.0,5.0,1,303.0,17.0,45.0,0,0,0
2528,59.0,1.0,23.0,1.0,2,49.0,0.0,10.0,1,1,0
2529,50.0,1.0,22.0,1.0,0,32.0,0.0,40.0,0,1,1
2530,82.0,4.0,21.0,1.0,2,6.0,1.0,40.0,0,1,1
2531,35.0,3.0,14.0,2.0,4,49.0,0.0,50.0,1,1,1
2532,53.0,1.0,22.0,1.0,0,49.0,0.0,40.0,1,1,1
2533,30.0,5.0,13.0,1.0,1,16.0,1.0,35.0,0,1,0
2534,41.0,1.0,20.0,1.0,4,6.0,1.0,40.0,1,1,1
2535,36.0,1.0,17.0,5.0,0,49.0,0.0,40.0,1,1,1
2536,29.0,1.0,16.0,1.0,2,16.0,1.0,40.0,1,1,0
2537,72.0,6.0,21.0,1.0,0,49.0,0.0,40.0,0,1,1
2538,32.0,1.0,16.0,1.0,3,49.0,0.0,72.0,1,1,1
2539,26.0,4.0,20.0,1.0,0,49.0,1.0,45.0,0,1,1
2540,60.0,1.0,19.0,1.0,2,49.0,0.0,50.0,1,1,1
2541,65.0,1.0,20.0,1.0,1,49.0,1.0,40.0,0,1,0
2542,29.0,1.0,18.0,1.0,2,49.0,0.0,45.0,1,1,1
2543,29.0,1.0,16.0,1.0,0,49.0,0.0,40.0,1,1,1
2544,29.0,2.0,21.0,1.0,0,126.0,1.0,45.0,0,1,1
2545,60.0,1.0,16.0,3.0,3,49.0,5.0,55.0,1,1,1
2546,47.0,1.0,22.0,1.0,0,303.0,0.0,40.0,1,1,1
2547,41.0,6.0,18.0,1.0,1,49.0,0.0,61.0,1,1,0
2548,80.0,1.0,14.0,2.0,2,49.0,0.0,2.0,0,1,0
2549,44.0,3.0,21.0,1.0,1,49.0,1.0,40.0,1,1,1
2550,65.0,1.0,19.0,1.0,2,49.0,0.0,40.0,0,1,0
2551,18.0,1.0,18.0,5.0,2,49.0,0.0,10.0,1,0,0
2552,40.0,6.0,21.0,5.0,0,49.0,15.0,50.0,1,1,0
2553,46.0,3.0,19.0,1.0,2,6.0,1.0,28.0,0,1,0
2554,33.0,1.0,16.0,3.0,2,49.0,0.0,12.0,0,1,0
2555,26.0,6.0,21.0,5.0,1,49.0,12.0,25.0,1,1,0
2556,53.0,7.0,16.0,1.0,3,49.0,1.0,60.0,1,1,1
2557,55.0,1.0,19.0,1.0,3,4.0,1.0,50.0,1,1,1
2558,70.0,6.0,22.0,3.0,0,6.0,0.0,40.0,1,0,1
2559,30.0,1.0,16.0,1.0,0,49.0,1.0,40.0,1,1,0
2560,55.0,1.0,21.0,3.0,0,49.0,0.0,40.0,0,1,1
2561,27.0,1.0,20.0,5.0,2,6.0,13.0,35.0,0,1,0
2562,40.0,5.0,19.0,1.0,3,15.0,1.0,40.0,1,0,1
2563,21.0,1.0,19.0,5.0,0,49.0,17.0,25.0,0,1,0
2564,88.0,3.0,11.0,5.0,0,30.0,10.0,10.0,0,1,0
2565,18.0,1.0,14.0,5.0,2,6.0,2.0,40.0,1,1,0
2566,49.0,4.0,20.0,3.0,1,207.0,0.0,40.0,0,0,1
2567,23.0,1.0,21.0,1.0,0,37.0,1.0,28.0,0,0,0
2568,55.0,1.0,19.0,1.0,0,49.0,0.0,30.0,1,1,1
2569,47.0,1.0,20.0,1.0,2,138.0,1.0,40.0,0,1,0
2570,24.0,5.0,21.0,5.0,0,49.0,0.0,40.0,1,1,1
2571,45.0,1.0,21.0,1.0,0,49.0,0.0,50.0,1,1,1
2572,18.0,1.0,16.0,5.0,2,53.0,13.0,15.0,0,1,0
2573,56.0,6.0,19.0,2.0,1,49.0,0.0,5.0,0,1,0
2574,67.0,2.0,24.0,1.0,0,18.0,0.0,50.0,1,1,1
2575,23.0,1.0,19.0,1.0,0,49.0,1.0,50.0,1,1,1
2576,62.0,6.0,21.0,1.0,2,36.0,0.0,30.0,1,1,0
2577,20.0,1.0,19.0,1.0,1,39.0,0.0,12.0,0,1,0
2578,42.0,1.0,19.0,1.0,0,6.0,1.0,40.0,0,1,1
2579,21.0,1.0,19.0,1.0,0,303.0,9.0,40.0,1,1,0
2580,64.0,1.0,19.0,1.0,0,4.0,0.0,50.0,1,1,1
2581,22.0,1.0,18.0,5.0,1,49.0,2.0,20.0,1,1,0
2582,38.0,1.0,20.0,5.0,1,49.0,0.0,30.0,0,1,0
2583,59.0,6.0,21.0,1.0,0,49.0,0.0,10.0,0,1,0
2584,36.0,1.0,19.0,1.0,1,49.0,1.0,20.0,0,1,0
2585,34.0,1.0,20.0,5.0,1,6.0,2.0,22.0,0,1,0
2586,26.0,1.0,20.0,2.0,2,49.0,0.0,40.0,0,1,0
2587,18.0,1.0,18.0,5.0,1,8.0,17.0,20.0,0,1,0
2588,75.0,1.0,23.0,3.0,4,303.0,0.0,58.0,1,0,1
2589,20.0,1.0,19.0,5.0,4,6.0,17.0,80.0,1,1,0
2590,41.0,3.0,23.0,3.0,0,49.0,0.0,30.0,0,1,1
2591,43.0,2.0,19.0,5.0,4,42.0,2.0,20.0,1,1,0
2592,27.0,7.0,16.0,5.0,4,49.0,12.0,42.0,1,1,1
2593,21.0,1.0,19.0,5.0,1,303.0,17.0,16.0,1,0,0
2594,48.0,5.0,21.0,1.0,0,49.0,1.0,40.0,1,0,1
2595,60.0,1.0,15.0,1.0,1,6.0,0.0,40.0,1,1,0
2596,44.0,5.0,21.0,1.0,-1,6.0,9.0,40.0,1,1,1
2597,46.0,4.0,20.0,1.0,0,56.0,0.0,40.0,1,1,1
2598,18.0,1.0,14.0,5.0,4,6.0,2.0,4.0,0,1,0
2599,59.0,1.0,20.0,5.0,0,49.0,0.0,40.0,1,1,1
2600,25.0,1.0,19.0,5.0,3,49.0,2.0,40.0,1,1,0
2601,60.0,7.0,22.0,1.0,0,49.0,0.0,50.0,1,1,1
2602,52.0,1.0,19.0,1.0,2,49.0,0.0,40.0,1,1,1
2603,56.0,2.0,16.0,3.0,2,49.0,6.0,25.0,0,1,0
2604,71.0,3.0,16.0,1.0,2,49.0,0.0,55.0,1,1,1
2605,57.0,1.0,16.0,1.0,1,132.0,0.0,40.0,1,1,1
2606,18.0,1.0,16.0,5.0,1,49.0,2.0,15.0,0,1,0
2607,17.0,1.0,13.0,5.0,1,42.0,2.0,26.0,0,1,0
2608,48.0,1.0,21.0,1.0,2,26.0,1.0,40.0,0,1,0
2609,25.0,1.0,16.0,1.0,2,53.0,1.0,10.0,0,1,0
2610,17.0,1.0,19.0,5.0,0,49.0,2.0,20.0,0,1,0
2611,57.0,5.0,22.0,1.0,0,49.0,0.0,40.0,1,1,1
2612,39.0,1.0,18.0,1.0,2,49.0,0.0,4.0,0,1,0
2613,46.0,1.0,17.0,1.0,2,49.0,1.0,30.0,0,1,0
2614,66.0,1.0,21.0,3.0,2,49.0,0.0,40.0,0,1,1
2615,23.0,1.0,20.0,1.0,2,6.0,1.0,40.0,1,1,0
2616,53.0,4.0,19.0,1.0,0,49.0,1.0,50.0,1,1,1
2617,27.0,4.0,16.0,1.0,1,16.0,0.0,40.0,1,1,0
2618,41.0,1.0,18.0,1.0,1,49.0,1.0,45.0,1,1,1
2619,55.0,4.0,19.0,1.0,0,49.0,0.0,40.0,1,1,1
2620,33.0,3.0,19.0,1.0,1,49.0,1.0,40.0,0,1,0
2621,22.0,1.0,19.0,1.0,2,303.0,0.0,36.0,1,1,0
2622,31.0,1.0,20.0,5.0,1,12.0,0.0,40.0,0,1,0
2623,18.0,3.0,16.0,5.0,1,53.0,2.0,15.0,0,1,0
2624,62.0,1.0,16.0,1.0,4,49.0,6.0,40.0,1,1,1
2625,20.0,1.0,16.0,5.0,3,49.0,2.0,40.0,1,1,1
2626,48.0,2.0,22.0,1.0,0,6.0,1.0,40.0,1,1,1
2627,18.0,1.0,16.0,5.0,2,49.0,17.0,15.0,0,1,0
2628,59.0,1.0,21.0,1.0,0,49.0,0.0,35.0,0,1,1
2629,22.0,1.0,19.0,1.0,3,6.0,0.0,40.0,1,1,0
2630,48.0,6.0,21.0,1.0,2,303.0,0.0,40.0,0,1,0
2631,28.0,1.0,19.0,1.0,2,49.0,0.0,25.0,0,1,0
2632,52.0,1.0,20.0,1.0,2,49.0,1.0,40.0,0,1,1
2633,35.0,1.0,19.0,1.0,4,303.0,1.0,30.0,0,1,0
2634,42.0,1.0,19.0,5.0,1,41.0,12.0,26.0,0,1,0
2635,58.0,6.0,16.0,1.0,1,51.0,1.0,38.0,0,1,1
2636,18.0,1.0,16.0,5.0,4,53.0,2.0,30.0,1,1,0
2637,18.0,1.0,16.0,5.0,1,49.0,4.0,40.0,0,1,0
2638,38.0,2.0,19.0,1.0,0,49.0,1.0,40.0,0,1,1
2639,66.0,2.0,19.0,2.0,2,49.0,0.0,40.0,0,1,0
2640,34.0,1.0,21.0,1.0,2,49.0,1.0,20.0,1,1,0
2641,60.0,5.0,20.0,1.0,2,49.0,0.0,66.0,0,1,1
2642,20.0,5.0,19.0,5.0,2,49.0,17.0,40.0,1,1,0
2643,53.0,1.0,19.0,3.0,2,16.0,0.0,40.0,0,1,1
2644,19.0,1.0,19.0,1.0,2,49.0,15.0,40.0,1,1,0
2645,65.0,7.0,21.0,1.0,0,34.0,1.0,50.0,1,1,1
2646,60.0,7.0,18.0,1.0,4,49.0,0.0,40.0,1,1,1
2647,39.0,1.0,21.0,1.0,-1,49.0,1.0,46.0,1,1,0
2648,60.0,2.0,21.0,1.0,0,49.0,0.0,40.0,1,1,1
2649,29.0,1.0,21.0,5.0,0,6.0,12.0,42.0,1,1,1
2650,54.0,1.0,18.0,3.0,2,8.0,0.0,38.0,0,1,0
2651,49.0,1.0,18.0,1.0,0,49.0,1.0,36.0,0,1,0
2652,51.0,4.0,21.0,1.0,0,49.0,1.0,40.0,1,1,1
2653,32.0,7.0,21.0,1.0,0,49.0,1.0,25.0,1,1,0
2654,40.0,1.0,16.0,1.0,2,212.0,1.0,15.0,1,1,0
2655,67.0,1.0,19.0,1.0,1,49.0,0.0,48.0,0,0,1
2656,39.0,7.0,17.0,5.0,0,49.0,2.0,30.0,1,1,0
2657,35.0,1.0,16.0,1.0,0,49.0,1.0,40.0,0,1,0
2658,58.0,1.0,19.0,1.0,0,49.0,1.0,50.0,1,1,1
2659,42.0,1.0,20.0,5.0,0,26.0,0.0,20.0,0,1,0
2660,41.0,1.0,19.0,5.0,2,49.0,5.0,40.0,1,1,1
2661,46.0,2.0,23.0,1.0,4,233.0,1.0,40.0,1,0,0
2662,19.0,1.0,16.0,5.0,1,49.0,17.0,45.0,1,1,0
2663,76.0,1.0,18.0,1.0,2,17.0,1.0,40.0,0,1,0
2664,50.0,3.0,19.0,1.0,1,29.0,0.0,20.0,0,1,0
2665,53.0,1.0,21.0,1.0,0,49.0,0.0,42.0,0,1,1
2666,39.0,5.0,18.0,1.0,3,32.0,0.0,45.0,1,1,1
2667,44.0,2.0,21.0,1.0,0,39.0,0.0,37.0,0,1,1
2668,28.0,1.0,20.0,5.0,1,49.0,0.0,20.0,0,1,0
2669,24.0,1.0,19.0,1.0,1,215.0,0.0,40.0,0,0,0
2670,23.0,1.0,16.0,5.0,4,49.0,0.0,50.0,1,1,1
2671,64.0,1.0,22.0,1.0,0,49.0,0.0,23.0,0,1,0
2672,22.0,2.0,21.0,1.0,0,49.0,0.0,25.0,0,1,0
2673,32.0,1.0,20.0,1.0,3,49.0,0.0,40.0,1,1,1
2674,34.0,2.0,19.0,1.0,0,49.0,1.0,30.0,0,1,0
2675,21.0,1.0,15.0,5.0,1,49.0,2.0,12.0,1,1,0
2676,45.0,7.0,9.0,1.0,4,49.0,0.0,15.0,1,1,0
2677,39.0,5.0,20.0,1.0,0,217.0,0.0,40.0,0,0,1
2678,34.0,1.0,19.0,5.0,0,49.0,0.0,60.0,0,1,0
2679,45.0,1.0,21.0,1.0,0,6.0,0.0,42.0,0,1,1
2680,67.0,3.0,16.0,5.0,0,217.0,13.0,40.0,0,1,1
2681,22.0,1.0,19.0,1.0,0,49.0,0.0,50.0,0,1,0
2682,30.0,3.0,20.0,1.0,0,49.0,0.0,40.0,1,1,1
2683,53.0,1.0,16.0,1.0,4,49.0,0.0,40.0,1,1,0
2684,26.0,1.0,16.0,1.0,2,362.0,0.0,40.0,0,0,0
2685,50.0,1.0,18.0,1.0,4,49.0,0.0,46.0,1,1,1
2686,46.0,1.0,22.0,1.0,0,49.0,0.0,45.0,1,1,1
2687,37.0,1.0,18.0,3.0,2,9.0,0.0,55.0,1,1,1
2688,48.0,4.0,21.0,1.0,0,49.0,0.0,40.0,1,1,1
2689,45.0,1.0,16.0,1.0,2,233.0,1.0,40.0,1,0,0
2690,44.0,3.0,21.0,1.0,0,49.0,0.0,40.0,0,1,0
2691,52.0,1.0,21.0,1.0,1,16.0,1.0,50.0,1,1,1
2692,36.0,1.0,17.0,1.0,0,49.0,1.0,10.0,1,1,0
2693,52.0,1.0,20.0,5.0,2,49.0,0.0,34.0,1,1,0
2694,38.0,1.0,22.0,1.0,0,6.0,1.0,20.0,1,1,0
2695,28.0,1.0,20.0,5.0,1,28.0,7.0,40.0,0,1,0
2696,31.0,2.0,21.0,1.0,0,49.0,1.0,15.0,0,1,0
2697,44.0,1.0,20.0,1.0,3,49.0,0.0,50.0,1,1,1
2698,40.0,1.0,16.0,5.0,4,6.0,0.0,40.0,1,1,0
2699,67.0,1.0,16.0,1.0,0,49.0,1.0,60.0,0,1,1
2700,67.0,3.0,18.0,1.0,0,66.0,0.0,60.0,0,0,1
2701,27.0,1.0,22.0,4.0,0,49.0,2.0,20.0,1,1,0
2702,24.0,1.0,17.0,5.0,2,49.0,2.0,40.0,1,1,0
2703,26.0,1.0,20.0,5.0,2,49.0,2.0,40.0,0,1,0
2704,26.0,5.0,21.0,1.0,0,36.0,1.0,40.0,0,1,0
2705,29.0,1.0,19.0,3.0,0,29.0,0.0,60.0,1,1,1
2706,37.0,4.0,22.0,1.0,0,49.0,0.0,40.0,1,1,1
2707,74.0,2.0,23.0,1.0,0,49.0,1.0,20.0,1,1,0
2708,45.0,1.0,16.0,3.0,3,49.0,12.0,43.0,1,1,1
2709,36.0,1.0,21.0,3.0,2,30.0,10.0,40.0,0,1,0
2710,32.0,1.0,22.0,1.0,0,49.0,0.0,45.0,0,1,1
2711,22.0,1.0,20.0,1.0,0,49.0,0.0,40.0,0,1,0
2712,40.0,1.0,17.0,1.0,2,49.0,1.0,40.0,1,1,0
2713,37.0,4.0,22.0,1.0,0,49.0,0.0,25.0,1,1,0
2714,23.0,1.0,19.0,1.0,0,303.0,1.0,45.0,0,0,0
2715,59.0,6.0,18.0,1.0,0,49.0,1.0,55.0,1,1,1
2716,61.0,1.0,23.0,1.0,0,49.0,1.0,2.0,0,1,1
2717,55.0,4.0,20.0,1.0,0,49.0,1.0,40.0,0,1,1
2718,49.0,1.0,21.0,1.0,0,48.0,0.0,40.0,0,1,1
2719,22.0,1.0,19.0,5.0,1,49.0,2.0,40.0,0,1,0
2720,53.0,1.0,22.0,3.0,2,49.0,0.0,45.0,1,1,1
2721,42.0,5.0,16.0,1.0,3,49.0,1.0,40.0,1,1,1
2722,51.0,1.0,16.0,1.0,4,6.0,2.0,40.0,0,1,0
2723,51.0,1.0,19.0,1.0,2,49.0,0.0,60.0,1,1,1
2724,49.0,5.0,5.0,1.0,1,217.0,0.0,66.0,0,0,0
2725,34.0,7.0,19.0,1.0,-1,49.0,1.0,20.0,0,1,1
2726,33.0,6.0,21.0,1.0,0,54.0,1.0,25.0,0,1,0
2727,32.0,1.0,21.0,1.0,2,49.0,0.0,29.0,1,1,0
2728,45.0,2.0,22.0,1.0,0,56.0,0.0,45.0,1,1,1
2729,22.0,2.0,19.0,5.0,0,49.0,12.0,20.0,0,1,0
2730,42.0,3.0,22.0,1.0,0,49.0,1.0,50.0,1,1,1
2731,41.0,1.0,16.0,1.0,2,49.0,2.0,60.0,1,1,1
2732,27.0,1.0,19.0,5.0,2,49.0,10.0,12.0,1,1,0
2733,55.0,1.0,16.0,1.0,3,49.0,1.0,40.0,1,1,1
2734,53.0,4.0,16.0,1.0,0,49.0,1.0,50.0,0,1,1
2735,35.0,1.0,5.0,1.0,2,6.0,1.0,44.0,1,1,1
2736,54.0,1.0,21.0,1.0,2,49.0,0.0,40.0,1,1,1
2737,25.0,1.0,19.0,5.0,1,49.0,12.0,8.0,1,1,0
2738,64.0,1.0,18.0,3.0,0,6.0,0.0,45.0,1,1,1
2739,25.0,1.0,21.0,5.0,0,303.0,2.0,40.0,1,1,1
2740,77.0,3.0,19.0,1.0,0,49.0,0.0,40.0,0,1,1
2741,54.0,1.0,20.0,1.0,3,16.0,0.0,50.0,1,1,1
2742,50.0,2.0,16.0,1.0,2,49.0,1.0,40.0,0,1,0
2743,35.0,1.0,21.0,1.0,0,49.0,0.0,40.0,1,1,1
2744,39.0,1.0,19.0,5.0,0,49.0,0.0,40.0,1,1,0
2745,27.0,1.0,19.0,5.0,2,49.0,0.0,50.0,1,1,1
2746,27.0,1.0,18.0,1.0,4,49.0,0.0,50.0,1,1,1
2747,22.0,1.0,19.0,5.0,0,49.0,2.0,50.0,1,1,0
2748,78.0,3.0,22.0,1.0,0,49.0,1.0,30.0,0,1,1
2749,40.0,6.0,20.0,1.0,1,49.0,0.0,10.0,1,1,0
2750,30.0,7.0,20.0,1.0,0,49.0,1.0,60.0,1,1,1
2751,22.0,1.0,21.0,1.0,2,49.0,0.0,16.0,0,1,0
2752,53.0,6.0,16.0,1.0,2,49.0,1.0,5.0,0,1,0
2753,41.0,1.0,19.0,1.0,2,373.0,1.0,40.0,0,1,1
2754,64.0,1.0,16.0,1.0,4,207.0,1.0,50.0,1,0,1
2755,27.0,1.0,16.0,1.0,1,49.0,0.0,16.0,0,1,0
2756,25.0,1.0,19.0,1.0,0,49.0,0.0,40.0,1,1,1
2757,25.0,1.0,20.0,1.0,1,49.0,0.0,90.0,1,1,0
2758,33.0,1.0,18.0,1.0,0,53.0,0.0,40.0,1,1,1
2759,60.0,1.0,16.0,3.0,1,4.0,0.0,50.0,1,1,1
2760,48.0,1.0,11.0,1.0,3,49.0,0.0,18.0,1,1,0
2761,25.0,1.0,19.0,5.0,4,49.0,12.0,40.0,0,1,0
2762,20.0,1.0,19.0,5.0,4,49.0,2.0,20.0,1,1,0
2763,53.0,6.0,16.0,1.0,0,16.0,0.0,50.0,1,1,1
2764,17.0,4.0,14.0,5.0,1,427.0,2.0,9.0,0,1,0
2765,26.0,1.0,16.0,1.0,4,29.0,1.0,28.0,1,1,0
2766,41.0,4.0,20.0,1.0,0,49.0,1.0,40.0,0,1,1
2767,47.0,1.0,19.0,1.0,0,49.0,1.0,30.0,0,1,0
2768,18.0,1.0,18.0,5.0,1,48.0,2.0,40.0,0,1,0
2769,36.0,1.0,21.0,1.0,0,49.0,0.0,50.0,1,1,1
2770,41.0,1.0,21.0,1.0,0,303.0,0.0,40.0,0,0,1
2771,23.0,1.0,19.0,1.0,3,26.0,1.0,30.0,1,1,0
2772,43.0,6.0,16.0,1.0,0,49.0,1.0,40.0,0,1,1
2773,17.0,1.0,14.0,5.0,1,49.0,2.0,40.0,0,1,0
2774,39.0,1.0,16.0,1.0,0,72.0,0.0,40.0,1,1,1
2775,22.0,1.0,20.0,1.0,1,49.0,0.0,35.0,1,1,0
2776,27.0,1.0,20.0,1.0,0,49.0,0.0,40.0,0,1,1
2777,75.0,3.0,22.0,2.0,0,49.0,0.0,40.0,0,1,1
2778,50.0,1.0,14.0,1.0,4,49.0,1.0,40.0,1,1,1
2779,45.0,3.0,18.0,1.0,2,49.0,0.0,20.0,0,1,0
2780,23.0,2.0,19.0,1.0,0,363.0,1.0,20.0,1,1,0
2781,19.0,1.0,19.0,5.0,4,47.0,2.0,12.0,0,0,0
2782,56.0,1.0,16.0,1.0,0,49.0,0.0,20.0,0,1,0
2783,76.0,1.0,16.0,4.0,4,6.0,0.0,40.0,1,1,0
2784,33.0,1.0,17.0,3.0,1,49.0,5.0,4.0,1,1,0
2785,37.0,1.0,20.0,1.0,1,49.0,1.0,50.0,1,1,0
2786,47.0,1.0,21.0,1.0,0,49.0,0.0,32.0,0,1,0
2787,19.0,1.0,16.0,5.0,3,49.0,2.0,50.0,1,1,0
2788,28.0,2.0,21.0,5.0,0,49.0,2.0,40.0,0,1,1
2789,60.0,1.0,19.0,1.0,2,26.0,0.0,45.0,1,1,0
2790,21.0,1.0,16.0,5.0,4,162.0,2.0,40.0,1,0,0
2791,26.0,1.0,19.0,1.0,2,6.0,0.0,30.0,0,1,0
2792,57.0,3.0,22.0,5.0,0,49.0,0.0,50.0,1,1,1
2793,61.0,1.0,19.0,5.0,2,49.0,0.0,40.0,1,1,1
2794,70.0,1.0,16.0,1.0,3,6.0,1.0,99.0,1,1,0
2795,74.0,6.0,20.0,1.0,2,49.0,0.0,10.0,0,1,0
2796,39.0,1.0,17.0,1.0,0,2.0,10.0,30.0,1,1,0
2797,39.0,1.0,21.0,3.0,0,312.0,0.0,35.0,0,1,1
2798,31.0,1.0,17.0,2.0,0,49.0,0.0,40.0,0,1,0
2799,22.0,1.0,19.0,3.0,2,49.0,12.0,20.0,0,1,0
2800,42.0,1.0,19.0,1.0,3,49.0,0.0,50.0,1,1,1
2801,36.0,1.0,19.0,3.0,0,303.0,2.0,99.0,0,1,0
2802,53.0,1.0,19.0,3.0,1,49.0,0.0,40.0,1,1,0
2803,57.0,1.0,21.0,1.0,4,49.0,1.0,60.0,1,1,1
2804,48.0,5.0,18.0,1.0,3,217.0,0.0,40.0,1,0,1
2805,25.0,1.0,21.0,1.0,0,49.0,9.0,40.0,1,1,0
2806,67.0,3.0,16.0,3.0,1,6.0,11.0,20.0,0,1,0
2807,67.0,1.0,16.0,5.0,4,49.0,0.0,60.0,1,1,1
2808,50.0,1.0,20.0,1.0,0,49.0,0.0,43.0,0,1,1
2809,43.0,1.0,21.0,1.0,0,49.0,0.0,40.0,0,1,1
2810,21.0,2.0,20.0,5.0,2,301.0,2.0,25.0,0,1,0
2811,43.0,1.0,20.0,1.0,1,49.0,1.0,50.0,1,1,0
2812,36.0,1.0,14.0,5.0,3,303.0,0.0,50.0,1,0,0
2813,17.0,1.0,14.0,5.0,1,49.0,2.0,25.0,0,1,0
2814,27.0,1.0,21.0,1.0,2,6.0,0.0,15.0,0,1,1
2815,57.0,7.0,20.0,1.0,-1,47.0,1.0,40.0,1,1,1
2816,41.0,7.0,20.0,1.0,0,49.0,0.0,40.0,1,1,1
2817,20.0,1.0,18.0,5.0,3,49.0,17.0,40.0,1,1,0
2818,35.0,3.0,16.0,1.0,4,49.0,1.0,99.0,0,1,0
2819,55.0,6.0,18.0,1.0,0,49.0,1.0,20.0,0,1,1
2820,57.0,1.0,19.0,1.0,1,16.0,0.0,4.0,1,1,0
2821,63.0,1.0,20.0,1.0,0,49.0,0.0,16.0,1,1,0
2822,31.0,4.0,21.0,5.0,1,32.0,12.0,8.0,1,1,0
2823,23.0,1.0,16.0,5.0,2,46.0,2.0,40.0,0,1,0
2824,22.0,1.0,17.0,5.0,4,312.0,2.0,40.0,1,0,0
2825,19.0,1.0,16.0,1.0,2,49.0,7.0,40.0,0,1,0
2826,50.0,2.0,21.0,1.0,0,17.0,0.0,40.0,0,1,1
2827,18.0,1.0,16.0,5.0,4,4.0,2.0,20.0,1,0,0
2828,28.0,2.0,19.0,5.0,0,49.0,17.0,24.0,0,1,0
2829,73.0,1.0,21.0,3.0,0,49.0,0.0,50.0,1,1,1
2830,25.0,1.0,21.0,1.0,1,49.0,0.0,40.0,0,1,1
2831,31.0,1.0,20.0,1.0,1,6.0,0.0,40.0,1,0,1
2832,26.0,2.0,18.0,1.0,0,49.0,1.0,20.0,0,1,0
2833,45.0,1.0,22.0,1.0,0,6.0,0.0,45.0,0,1,1
2834,26.0,1.0,21.0,1.0,3,49.0,1.0,45.0,1,1,1
2835,28.0,1.0,21.0,1.0,2,36.0,0.0,65.0,1,1,1
2836,40.0,1.0,16.0,3.0,3,49.0,11.0,40.0,1,1,0
2837,46.0,1.0,16.0,1.0,4,6.0,1.0,40.0,1,1,1
2838,46.0,6.0,19.0,1.0,1,49.0,1.0,10.0,1,1,0
2839,61.0,4.0,21.0,1.0,0,49.0,0.0,40.0,0,1,0
2840,23.0,3.0,19.0,5.0,0,8.0,2.0,20.0,1,1,0
2841,38.0,1.0,20.0,1.0,4,242.0,0.0,45.0,1,0,1
2842,45.0,4.0,21.0,3.0,0,49.0,2.0,99.0,1,1,0
2843,64.0,1.0,21.0,1.0,0,49.0,0.0,40.0,1,1,1
2844,41.0,4.0,24.0,1.0,0,49.0,0.0,40.0,1,1,1
2845,76.0,6.0,18.0,1.0,0,6.0,0.0,16.0,1,1,0
2846,18.0,1.0,16.0,5.0,1,39.0,2.0,20.0,0,1,0
2847,49.0,4.0,21.0,1.0,0,29.0,9.0,19.0,0,1,0
2848,52.0,1.0,18.0,1.0,1,49.0,8.0,40.0,1,1,1
2849,25.0,4.0,19.0,1.0,1,49.0,0.0,50.0,1,1,1
2850,20.0,1.0,18.0,1.0,2,49.0,0.0,18.0,0,1,0
2851,17.0,1.0,14.0,5.0,4,47.0,2.0,99.0,1,1,0
2852,55.0,1.0,16.0,1.0,3,49.0,1.0,50.0,1,1,1
2853,24.0,2.0,19.0,5.0,0,49.0,12.0,50.0,0,1,0
2854,18.0,3.0,14.0,5.0,4,41.0,2.0,40.0,1,1,0
2855,35.0,1.0,21.0,1.0,0,370.0,0.0,40.0,1,0,1
2856,55.0,3.0,22.0,1.0,0,6.0,0.0,40.0,1,1,1
2857,52.0,1.0,16.0,1.0,0,49.0,0.0,36.0,0,1,1
2858,60.0,5.0,19.0,5.0,2,48.0,17.0,30.0,1,1,0
2859,32.0,2.0,21.0,1.0,0,53.0,1.0,40.0,0,1,1
2860,30.0,4.0,22.0,1.0,0,49.0,0.0,40.0,1,1,1
2861,46.0,1.0,19.0,1.0,3,29.0,1.0,50.0,1,1,1
2862,42.0,5.0,21.0,1.0,0,49.0,1.0,30.0,1,1,1
2863,41.0,1.0,21.0,1.0,2,110.0,0.0,40.0,1,1,1
2864,24.0,6.0,20.0,1.0,0,49.0,1.0,10.0,0,1,0
2865,23.0,1.0,19.0,5.0,1,5.0,13.0,18.0,1,1,0
2866,39.0,1.0,16.0,1.0,4,6.0,0.0,4.0,1,1,1
2867,22.0,1.0,19.0,1.0,0,49.0,12.0,40.0,0,1,0
2868,53.0,1.0,21.0,1.0,0,49.0,1.0,60.0,1,1,1
2869,32.0,1.0,21.0,1.0,4,312.0,2.0,40.0,1,1,1
2870,63.0,6.0,23.0,1.0,0,49.0,0.0,40.0,1,1,1
2871,54.0,1.0,22.0,1.0,0,49.0,1.0,40.0,1,1,1
2872,39.0,1.0,19.0,1.0,0,48.0,1.0,24.0,0,1,0
2873,39.0,7.0,21.0,1.0,0,49.0,1.0,15.0,0,1,0
2874,51.0,1.0,21.0,1.0,0,312.0,1.0,40.0,1,0,1
2875,22.0,1.0,20.0,5.0,2,49.0,2.0,40.0,1,1,0
2876,60.0,1.0,16.0,5.0,2,313.0,0.0,40.0,0,0,0
2877,54.0,1.0,17.0,1.0,1,49.0,0.0,40.0,1,1,1
2878,31.0,4.0,18.0,1.0,2,6.0,1.0,40.0,0,1,0
2879,27.0,1.0,18.0,5.0,2,16.0,2.0,25.0,0,1,0
2880,20.0,1.0,16.0,5.0,4,6.0,17.0,40.0,1,1,1
2881,30.0,4.0,19.0,1.0,0,49.0,0.0,28.0,0,1,1
2882,57.0,1.0,20.0,1.0,0,49.0,0.0,40.0,1,1,1
2883,38.0,1.0,21.0,1.0,2,49.0,1.0,35.0,0,1,0
2884,58.0,1.0,20.0,3.0,2,49.0,0.0,65.0,1,1,1
2885,55.0,1.0,21.0,1.0,4,49.0,0.0,55.0,1,1,1
2886,61.0,1.0,20.0,1.0,3,49.0,1.0,50.0,1,1,1
2887,56.0,2.0,22.0,1.0,0,49.0,1.0,8.0,0,1,0
2888,44.0,1.0,21.0,1.0,1,303.0,1.0,40.0,1,0,1
2889,63.0,1.0,18.0,1.0,4,49.0,9.0,26.0,0,1,0
2890,23.0,1.0,16.0,5.0,0,49.0,10.0,20.0,1,1,0
2891,49.0,6.0,22.0,1.0,0,48.0,0.0,15.0,0,1,0
2892,28.0,1.0,22.0,1.0,0,45.0,1.0,55.0,1,1,1
2893,38.0,1.0,20.0,1.0,0,18.0,0.0,40.0,0,1,1
2894,21.0,6.0,16.0,5.0,3,49.0,2.0,20.0,1,1,0
2895,50.0,2.0,20.0,3.0,2,49.0,0.0,45.0,0,1,0
2896,35.0,1.0,16.0,3.0,1,303.0,2.0,20.0,0,1,0
2897,62.0,6.0,16.0,1.0,3,49.0,1.0,60.0,1,1,1
2898,27.0,4.0,21.0,1.0,1,49.0,0.0,40.0,0,1,0
2899,22.0,1.0,16.0,1.0,0,373.0,2.0,40.0,0,0,1
2900,27.0,1.0,20.0,2.0,0,49.0,0.0,45.0,1,1,1
2901,47.0,3.0,23.0,1.0,0,49.0,0.0,40.0,1,1,1
2902,25.0,1.0,19.0,5.0,2,49.0,2.0,40.0,0,1,0
2903,62.0,7.0,16.0,1.0,0,49.0,0.0,50.0,1,1,1
2904,70.0,1.0,23.0,1.0,0,50.0,0.0,70.0,1,1,1
2905,56.0,1.0,4.0,1.0,4,6.0,1.0,20.0,0,1,0
2906,38.0,1.0,18.0,5.0,4,2.0,0.0,65.0,1,1,1
2907,32.0,1.0,22.0,1.0,0,17.0,1.0,36.0,1,1,1
2908,39.0,1.0,16.0,5.0,0,6.0,12.0,32.0,0,1,0
2909,18.0,1.0,14.0,5.0,4,47.0,2.0,20.0,1,0,0
2910,42.0,5.0,20.0,1.0,2,49.0,1.0,40.0,1,1,0
2911,43.0,2.0,24.0,1.0,2,56.0,0.0,55.0,1,1,1
2912,33.0,1.0,21.0,5.0,0,48.0,0.0,35.0,0,1,0
2913,21.0,1.0,18.0,5.0,1,207.0,17.0,45.0,0,0,0
2914,27.0,1.0,18.0,3.0,0,49.0,0.0,50.0,1,1,1
2915,37.0,1.0,16.0,1.0,4,49.0,1.0,38.0,1,1,0
2916,40.0,1.0,16.0,1.0,1,4.0,1.0,25.0,0,1,0
2917,40.0,1.0,20.0,1.0,3,49.0,1.0,80.0,1,1,1
2918,49.0,7.0,16.0,1.0,2,48.0,0.0,45.0,1,1,1
2919,43.0,1.0,21.0,1.0,3,49.0,1.0,40.0,1,1,1
2920,50.0,1.0,21.0,1.0,0,49.0,0.0,40.0,1,1,1
2921,60.0,7.0,19.0,1.0,3,49.0,0.0,11.0,0,1,0
2922,38.0,1.0,21.0,1.0,-1,49.0,0.0,40.0,1,1,1
2923,56.0,1.0,16.0,1.0,1,37.0,1.0,35.0,1,1,1
2924,22.0,1.0,19.0,5.0,3,49.0,2.0,50.0,1,1,0
2925,48.0,3.0,22.0,1.0,0,41.0,0.0,50.0,1,1,1
2926,54.0,2.0,20.0,1.0,1,49.0,1.0,45.0,1,1,1
2927,36.0,4.0,22.0,1.0,2,49.0,0.0,40.0,1,1,1
2928,34.0,4.0,16.0,1.0,0,49.0,1.0,50.0,0,1,0
2929,43.0,3.0,21.0,1.0,0,37.0,1.0,40.0,0,1,1
2930,21.0,1.0,19.0,5.0,1,49.0,3.0,18.0,1,1,0
2931,43.0,1.0,21.0,1.0,0,49.0,0.0,58.0,1,1,1
2932,40.0,1.0,20.0,4.0,2,25.0,0.0,40.0,0,1,1
2933,35.0,1.0,16.0,4.0,4,120.0,0.0,30.0,0,0,1
2934,30.0,1.0,16.0,1.0,4,49.0,1.0,40.0,0,1,0
2935,20.0,2.0,19.0,5.0,4,6.0,2.0,22.0,1,1,0
2936,50.0,1.0,16.0,1.0,2,49.0,0.0,80.0,1,1,1
2937,48.0,1.0,21.0,1.0,0,49.0,1.0,40.0,1,1,1
2938,46.0,3.0,22.0,1.0,0,16.0,0.0,40.0,1,1,1
2939,37.0,1.0,16.0,1.0,4,49.0,0.0,45.0,1,1,1
2940,43.0,7.0,23.0,1.0,0,303.0,1.0,60.0,0,0,0
2941,28.0,1.0,16.0,5.0,4,6.0,2.0,45.0,1,1,1
2942,40.0,1.0,16.0,1.0,1,49.0,0.0,50.0,0,1,0
2943,40.0,6.0,13.0,1.0,0,16.0,1.0,44.0,0,1,1
2944,23.0,1.0,19.0,5.0,1,41.0,13.0,20.0,0,1,0
2945,35.0,3.0,21.0,1.0,0,49.0,1.0,40.0,0,1,0
2946,58.0,1.0,18.0,3.0,0,49.0,0.0,40.0,1,1,1
2947,29.0,1.0,21.0,1.0,0,49.0,0.0,36.0,1,1,1
2948,34.0,1.0,21.0,1.0,0,303.0,1.0,30.0,0,1,0
2949,30.0,1.0,20.0,5.0,2,373.0,0.0,20.0,1,1,1
2950,32.0,1.0,19.0,1.0,2,49.0,0.0,25.0,0,1,0
2951,53.0,2.0,22.0,1.0,0,49.0,1.0,40.0,0,1,0
2952,38.0,1.0,14.0,5.0,4,49.0,2.0,48.0,1,1,0
2953,26.0,3.0,19.0,1.0,0,53.0,1.0,32.0,0,1,0
2954,33.0,2.0,19.0,1.0,0,49.0,0.0,40.0,1,1,1
2955,18.0,1.0,16.0,5.0,1,49.0,2.0,16.0,0,1,0
2956,24.0,1.0,21.0,5.0,1,8.0,2.0,28.0,0,1,0
2957,39.0,1.0,19.0,1.0,2,49.0,1.0,51.0,1,1,1
2958,33.0,2.0,18.0,1.0,0,49.0,1.0,11.0,1,1,1
2959,48.0,1.0,22.0,1.0,4,49.0,0.0,40.0,1,1,1
2960,18.0,1.0,16.0,5.0,2,49.0,2.0,40.0,0,1,0
2961,71.0,5.0,22.0,1.0,0,49.0,0.0,40.0,1,1,1
2962,28.0,5.0,19.0,1.0,0,49.0,1.0,41.0,1,1,1
2963,34.0,4.0,20.0,1.0,0,6.0,0.0,6.0,0,1,0
2964,53.0,7.0,21.0,1.0,0,49.0,0.0,10.0,0,1,0
2965,44.0,1.0,16.0,4.0,3,49.0,0.0,55.0,1,1,1
2966,65.0,1.0,22.0,3.0,0,49.0,0.0,45.0,1,1,1
2967,45.0,1.0,16.0,3.0,4,49.0,0.0,40.0,1,1,1
2968,47.0,1.0,19.0,3.0,-1,6.0,0.0,45.0,1,1,1
2969,70.0,1.0,21.0,1.0,1,49.0,0.0,40.0,0,1,1
2970,32.0,1.0,21.0,1.0,0,6.0,0.0,40.0,1,1,1
2971,52.0,2.0,21.0,3.0,2,16.0,0.0,30.0,0,1,1
2972,46.0,4.0,20.0,1.0,0,217.0,1.0,16.0,0,0,0
2973,31.0,3.0,15.0,1.0,2,49.0,1.0,5.0,0,1,0
2974,27.0,1.0,16.0,5.0,3,49.0,0.0,40.0,1,1,1
2975,34.0,3.0,21.0,1.0,0,8.0,1.0,40.0,0,1,0
2976,23.0,1.0,19.0,5.0,0,8.0,2.0,35.0,1,1,0
2977,21.0,1.0,16.0,5.0,0,231.0,7.0,25.0,1,0,0
2978,23.0,1.0,16.0,5.0,2,49.0,2.0,24.0,1,0,1
2979,49.0,1.0,19.0,3.0,2,49.0,17.0,23.0,0,1,0
2980,34.0,1.0,21.0,5.0,0,49.0,0.0,40.0,0,1,0
2981,42.0,1.0,21.0,1.0,1,49.0,0.0,45.0,1,1,0
2982,37.0,4.0,19.0,1.0,0,49.0,1.0,55.0,1,1,1
2983,54.0,7.0,21.0,1.0,0,49.0,0.0,40.0,1,1,1
2984,35.0,2.0,20.0,1.0,0,16.0,0.0,42.0,1,1,1
2985,30.0,8.0,1.0,5.0,1,523.0,7.0,45.0,0,1,0
2986,35.0,4.0,22.0,1.0,0,49.0,0.0,40.0,0,1,1
2987,42.0,1.0,19.0,1.0,1,49.0,1.0,45.0,1,0,1
2988,43.0,1.0,15.0,5.0,2,6.0,2.0,48.0,1,1,1
2989,18.0,1.0,14.0,5.0,1,49.0,2.0,6.0,0,1,0
2990,36.0,1.0,19.0,1.0,0,303.0,0.0,40.0,1,1,1
2991,57.0,1.0,21.0,1.0,2,49.0,0.0,40.0,1,1,1
2992,72.0,4.0,21.0,1.0,0,49.0,1.0,45.0,1,1,1
2993,87.0,4.0,18.0,3.0,0,49.0,15.0,40.0,0,1,1
2994,32.0,1.0,21.0,1.0,0,49.0,1.0,80.0,0,1,1
2995,70.0,6.0,23.0,5.0,1,49.0,5.0,40.0,1,1,1
2996,19.0,1.0,19.0,5.0,0,49.0,13.0,60.0,1,1,0
2997,20.0,3.0,19.0,1.0,1,49.0,1.0,15.0,0,1,0
2998,62.0,1.0,19.0,1.0,2,32.0,0.0,44.0,1,1,1
2999,21.0,1.0,16.0,5.0,1,53.0,17.0,30.0,0,1,0
3000,41.0,1.0,16.0,1.0,3,49.0,1.0,40.0,1,1,1
3001,56.0,1.0,16.0,1.0,2,1.0,1.0,40.0,0,1,0
3002,39.0,1.0,18.0,1.0,0,49.0,1.0,30.0,1,1,0
3003,61.0,1.0,17.0,1.0,1,6.0,10.0,25.0,1,0,0
3004,35.0,3.0,21.0,1.0,0,6.0,1.0,40.0,1,1,1
3005,58.0,6.0,16.0,1.0,3,49.0,1.0,60.0,1,1,1
3006,40.0,1.0,20.0,1.0,0,49.0,0.0,40.0,1,1,1
3007,31.0,1.0,21.0,1.0,0,49.0,0.0,40.0,1,1,1
3008,34.0,1.0,16.0,1.0,4,49.0,1.0,40.0,0,1,1
3009,37.0,5.0,22.0,1.0,0,49.0,0.0,50.0,1,1,1
3010,44.0,1.0,21.0,1.0,0,49.0,1.0,40.0,1,1,1
3011,52.0,1.0,20.0,1.0,3,13.0,0.0,60.0,1,1,1
3012,23.0,1.0,19.0,5.0,1,49.0,17.0,80.0,1,0,0
3013,28.0,1.0,21.0,1.0,0,6.0,0.0,40.0,1,1,1
3014,42.0,1.0,18.0,1.0,4,49.0,2.0,30.0,1,1,0
3015,22.0,1.0,19.0,5.0,2,6.0,2.0,20.0,0,1,0
3016,24.0,1.0,18.0,1.0,2,49.0,12.0,30.0,0,1,0
3017,32.0,2.0,22.0,5.0,0,228.0,0.0,45.0,1,1,1
3018,38.0,1.0,19.0,1.0,0,49.0,1.0,45.0,0,1,1
3019,27.0,1.0,19.0,1.0,3,26.0,1.0,50.0,1,1,0
3020,25.0,1.0,21.0,5.0,0,32.0,2.0,15.0,1,1,0
3021,23.0,1.0,19.0,5.0,0,39.0,17.0,40.0,1,1,0
3022,44.0,1.0,21.0,1.0,3,22.0,0.0,40.0,1,1,1
3023,44.0,1.0,20.0,5.0,4,49.0,0.0,60.0,1,1,1
3024,72.0,4.0,21.0,2.0,2,49.0,0.0,16.0,0,1,1
3025,45.0,3.0,22.0,1.0,3,49.0,1.0,60.0,1,1,1
3026,19.0,1.0,16.0,5.0,1,30.0,12.0,20.0,1,1,0
3027,18.0,1.0,14.0,5.0,1,49.0,0.0,35.0,0,1,0
3028,34.0,2.0,22.0,1.0,0,49.0,1.0,30.0,0,1,0
3029,21.0,1.0,16.0,5.0,2,40.0,0.0,40.0,1,1,0
3030,39.0,1.0,18.0,1.0,2,49.0,1.0,50.0,0,1,1
3031,55.0,1.0,19.0,4.0,2,49.0,0.0,24.0,0,1,0
3032,48.0,2.0,16.0,5.0,0,8.0,12.0,40.0,0,1,0
3033,43.0,2.0,19.0,1.0,0,49.0,0.0,36.0,0,0,0
3034,58.0,6.0,19.0,1.0,1,29.0,0.0,20.0,1,1,0
3035,32.0,1.0,21.0,1.0,0,6.0,0.0,40.0,1,1,1
3036,40.0,1.0,23.0,1.0,4,39.0,1.0,41.0,0,1,1
3037,59.0,1.0,20.0,1.0,0,16.0,1.0,44.0,0,1,1
3038,29.0,1.0,16.0,5.0,1,49.0,2.0,60.0,1,1,0
3039,18.0,1.0,18.0,5.0,0,53.0,17.0,40.0,0,1,0
3040,45.0,1.0,16.0,1.0,4,49.0,0.0,40.0,1,0,1
3041,43.0,1.0,19.0,1.0,0,6.0,0.0,40.0,0,1,1
3042,56.0,1.0,21.0,1.0,4,49.0,0.0,40.0,1,1,1
3043,25.0,1.0,18.0,1.0,2,6.0,2.0,20.0,0,1,0
3044,49.0,1.0,16.0,3.0,2,49.0,0.0,40.0,0,1,0
3045,26.0,4.0,1.0,1.0,2,49.0,7.0,40.0,0,1,0
3046,36.0,1.0,18.0,1.0,4,210.0,1.0,40.0,1,0,0
3047,31.0,6.0,21.0,5.0,0,9.0,0.0,5.0,1,1,1
3048,60.0,7.0,21.0,3.0,0,49.0,0.0,60.0,1,1,1
3049,40.0,1.0,22.0,1.0,0,48.0,0.0,50.0,1,1,1
3050,61.0,1.0,13.0,1.0,4,49.0,1.0,40.0,1,1,1
3051,65.0,5.0,16.0,1.0,4,49.0,1.0,40.0,1,0,1
3052,72.0,3.0,19.0,1.0,3,49.0,0.0,40.0,1,1,1
3053,60.0,7.0,20.0,1.0,1,49.0,0.0,7.0,0,1,0
3054,60.0,1.0,11.0,1.0,2,49.0,1.0,20.0,0,1,0
3055,37.0,3.0,16.0,1.0,4,49.0,1.0,16.0,0,0,0
3056,47.0,1.0,17.0,1.0,4,49.0,1.0,55.0,1,1,1
3057,39.0,7.0,19.0,1.0,0,6.0,0.0,35.0,0,1,0
3058,22.0,3.0,19.0,1.0,0,48.0,0.0,40.0,0,1,0
3059,51.0,1.0,19.0,1.0,0,6.0,0.0,40.0,0,1,0
3060,24.0,1.0,16.0,5.0,2,49.0,12.0,12.0,0,1,0
3061,31.0,1.0,16.0,5.0,1,49.0,11.0,30.0,1,1,1
3062,48.0,1.0,20.0,1.0,3,16.0,1.0,45.0,1,1,1
3063,63.0,2.0,19.0,1.0,2,49.0,1.0,35.0,1,1,1
3064,37.0,7.0,14.0,1.0,2,49.0,1.0,30.0,0,1,0
3065,28.0,1.0,19.0,5.0,2,8.0,0.0,40.0,1,1,1
3066,37.0,1.0,21.0,1.0,0,49.0,0.0,65.0,1,1,1
3067,51.0,1.0,18.0,1.0,4,49.0,0.0,60.0,1,1,1
3068,63.0,1.0,21.0,3.0,0,17.0,0.0,50.0,1,1,1
3069,23.0,3.0,20.0,1.0,0,17.0,1.0,10.0,0,1,0
3070,31.0,1.0,21.0,5.0,0,301.0,0.0,40.0,0,1,1
3071,36.0,3.0,21.0,1.0,1,49.0,0.0,10.0,0,1,0
3072,29.0,1.0,21.0,1.0,0,49.0,1.0,36.0,0,1,0
3073,59.0,6.0,16.0,1.0,3,49.0,0.0,20.0,1,1,1
3074,63.0,1.0,20.0,1.0,1,26.0,0.0,20.0,1,1,1
3075,56.0,6.0,20.0,1.0,3,49.0,1.0,45.0,1,1,1
3076,39.0,4.0,22.0,5.0,0,8.0,2.0,40.0,0,1,1
3077,62.0,7.0,21.0,1.0,0,6.0,0.0,40.0,1,1,1
3078,28.0,1.0,16.0,5.0,2,41.0,15.0,30.0,1,1,0
3079,19.0,1.0,16.0,5.0,4,49.0,3.0,40.0,1,1,0
3080,45.0,7.0,22.0,1.0,0,49.0,1.0,40.0,1,1,1
3081,43.0,1.0,16.0,3.0,4,6.0,2.0,40.0,1,1,0
3082,30.0,1.0,12.0,1.0,4,49.0,0.0,40.0,1,1,0
3083,40.0,3.0,20.0,3.0,0,49.0,2.0,16.0,0,1,0
3084,31.0,1.0,17.0,1.0,1,370.0,1.0,10.0,0,1,0
3085,24.0,2.0,16.0,1.0,4,126.0,0.0,38.0,1,1,0
3086,36.0,1.0,21.0,5.0,0,13.0,0.0,40.0,0,1,1
3087,45.0,1.0,16.0,1.0,3,49.0,0.0,40.0,1,1,1
3088,70.0,1.0,18.0,1.0,0,49.0,1.0,30.0,0,1,0
3089,53.0,3.0,18.0,1.0,0,6.0,1.0,40.0,1,1,1
3090,18.0,3.0,16.0,5.0,1,49.0,2.0,12.0,0,0,0
3091,36.0,3.0,21.0,1.0,0,49.0,0.0,40.0,1,1,1
3092,50.0,7.0,19.0,1.0,0,49.0,1.0,84.0,1,1,1
3093,35.0,4.0,22.0,5.0,0,49.0,12.0,20.0,0,1,0
3094,39.0,4.0,22.0,3.0,0,49.0,0.0,15.0,0,1,0
3095,43.0,2.0,20.0,1.0,0,49.0,0.0,40.0,1,1,1
3096,56.0,1.0,21.0,1.0,0,6.0,1.0,45.0,1,1,1
3097,32.0,1.0,17.0,3.0,3,49.0,0.0,40.0,1,1,1
3098,61.0,4.0,22.0,1.0,0,48.0,0.0,40.0,0,1,1
3099,40.0,1.0,18.0,3.0,0,49.0,0.0,10.0,0,1,0
3100,56.0,1.0,16.0,1.0,1,49.0,1.0,40.0,0,1,1
3101,30.0,7.0,21.0,1.0,0,39.0,0.0,30.0,0,1,0
3102,22.0,1.0,17.0,5.0,1,49.0,12.0,24.0,1,1,0
3103,23.0,1.0,19.0,1.0,3,49.0,0.0,40.0,1,1,0
3104,46.0,1.0,19.0,1.0,0,55.0,1.0,45.0,0,1,1
3105,25.0,1.0,13.0,1.0,0,6.0,1.0,52.0,1,1,0
3106,22.0,1.0,18.0,5.0,2,16.0,17.0,40.0,1,1,0
3107,25.0,1.0,21.0,1.0,0,49.0,0.0,45.0,1,1,0
3108,18.0,1.0,18.0,5.0,1,49.0,17.0,8.0,0,1,0
3109,42.0,3.0,21.0,1.0,0,49.0,1.0,40.0,1,1,1
3110,30.0,1.0,16.0,1.0,1,49.0,0.0,40.0,0,1,0
3111,56.0,1.0,16.0,1.0,0,49.0,0.0,40.0,0,1,1
3112,65.0,1.0,16.0,1.0,2,247.0,0.0,6.0,0,0,0
3113,30.0,1.0,21.0,1.0,0,49.0,0.0,40.0,1,1,1
3114,43.0,1.0,21.0,1.0,0,49.0,0.0,5.0,0,1,0
3115,19.0,1.0,18.0,5.0,2,49.0,17.0,40.0,0,1,0
3116,27.0,1.0,21.0,5.0,0,49.0,0.0,40.0,0,1,0
3117,50.0,1.0,21.0,3.0,0,49.0,0.0,50.0,0,1,1
3118,17.0,1.0,13.0,5.0,3,49.0,2.0,40.0,1,1,0
3119,45.0,1.0,16.0,1.0,2,49.0,0.0,50.0,1,1,1
3120,56.0,1.0,16.0,1.0,4,49.0,0.0,45.0,1,1,1
3121,39.0,2.0,24.0,1.0,0,6.0,0.0,40.0,0,1,1
3122,30.0,1.0,19.0,5.0,0,49.0,5.0,38.0,0,1,0
3123,57.0,1.0,21.0,1.0,2,49.0,1.0,50.0,1,1,1
3124,62.0,1.0,16.0,3.0,1,49.0,0.0,30.0,0,1,0
3125,39.0,1.0,20.0,3.0,2,49.0,0.0,40.0,0,1,1
3126,53.0,1.0,21.0,1.0,2,49.0,1.0,45.0,1,0,1
3127,28.0,4.0,21.0,1.0,1,49.0,1.0,40.0,0,1,0
3128,60.0,1.0,17.0,3.0,2,49.0,0.0,36.0,0,1,0
3129,46.0,1.0,21.0,1.0,0,49.0,1.0,40.0,1,1,1
3130,18.0,4.0,16.0,5.0,1,49.0,2.0,20.0,0,1,0
3131,24.0,1.0,16.0,1.0,2,16.0,1.0,40.0,1,1,0
3132,22.0,1.0,19.0,5.0,4,49.0,17.0,50.0,0,1,0
3133,42.0,7.0,19.0,1.0,-1,49.0,0.0,40.0,0,1,1
3134,35.0,1.0,14.0,1.0,4,49.0,1.0,38.0,1,1,0
3135,22.0,1.0,16.0,5.0,1,49.0,12.0,40.0,0,1,0
3136,59.0,4.0,22.0,1.0,0,41.0,1.0,45.0,1,1,1
3137,64.0,1.0,18.0,1.0,3,49.0,0.0,40.0,1,1,1
3138,21.0,1.0,22.0,1.0,0,49.0,0.0,20.0,0,1,0
3139,51.0,1.0,22.0,1.0,0,49.0,0.0,60.0,0,1,1
3140,34.0,1.0,21.0,5.0,0,6.0,0.0,40.0,1,1,1
3141,18.0,1.0,18.0,5.0,0,4.0,15.0,12.0,0,1,0
3142,18.0,1.0,16.0,5.0,2,27.0,2.0,30.0,0,1,0
3143,24.0,1.0,16.0,5.0,0,49.0,3.0,20.0,0,1,0
3144,49.0,4.0,20.0,1.0,0,49.0,0.0,40.0,0,1,1
3145,52.0,3.0,19.0,1.0,0,49.0,0.0,15.0,0,1,0
3146,27.0,1.0,16.0,4.0,1,49.0,2.0,20.0,0,1,0
3147,35.0,1.0,18.0,1.0,4,49.0,1.0,40.0,0,1,1
3148,47.0,1.0,19.0,5.0,2,24.0,12.0,10.0,0,0,0
3149,54.0,1.0,20.0,3.0,1,49.0,0.0,25.0,0,1,0
3150,53.0,3.0,19.0,1.0,0,49.0,1.0,30.0,0,1,0
3151,43.0,1.0,22.0,1.0,0,6.0,0.0,40.0,1,1,1
3152,35.0,1.0,20.0,1.0,1,49.0,1.0,40.0,0,1,0
3153,36.0,1.0,18.0,5.0,3,49.0,13.0,48.0,1,1,0
3154,58.0,1.0,21.0,1.0,1,40.0,0.0,18.0,0,1,0
3155,36.0,1.0,16.0,5.0,0,48.0,2.0,40.0,1,1,1
3156,60.0,1.0,18.0,5.0,1,49.0,17.0,38.0,1,1,0
3157,62.0,1.0,16.0,3.0,2,16.0,0.0,40.0,1,1,1
3158,46.0,1.0,19.0,1.0,4,303.0,0.0,40.0,1,1,1
3159,70.0,1.0,22.0,3.0,2,49.0,0.0,12.0,0,1,0
3160,70.0,1.0,21.0,1.0,2,49.0,1.0,40.0,1,1,1
3161,51.0,1.0,19.0,1.0,4,49.0,1.0,40.0,1,1,1
3162,51.0,7.0,21.0,1.0,0,49.0,0.0,45.0,1,1,1
3163,49.0,1.0,20.0,1.0,4,8.0,0.0,45.0,1,0,1
3164,44.0,4.0,19.0,1.0,2,49.0,1.0,35.0,1,1,0
3165,50.0,3.0,21.0,1.0,3,49.0,1.0,40.0,1,1,0
3166,24.0,1.0,16.0,1.0,2,49.0,9.0,40.0,1,1,0
3167,54.0,1.0,21.0,1.0,0,37.0,0.0,40.0,1,1,1
3168,21.0,1.0,19.0,5.0,2,48.0,17.0,24.0,0,1,0
3169,28.0,1.0,20.0,5.0,4,49.0,11.0,40.0,1,1,0
3170,39.0,1.0,16.0,4.0,2,33.0,0.0,40.0,0,1,1
3171,62.0,1.0,22.0,1.0,0,49.0,0.0,40.0,0,1,1
3172,35.0,1.0,21.0,1.0,0,233.0,1.0,50.0,1,0,1
3173,58.0,4.0,18.0,3.0,0,49.0,0.0,40.0,0,1,1
3174,24.0,1.0,20.0,5.0,0,49.0,0.0,40.0,1,1,1
3175,43.0,6.0,19.0,3.0,4,49.0,16.0,25.0,0,0,0
3176,44.0,1.0,21.0,1.0,-1,49.0,0.0,38.0,0,1,1
3177,36.0,1.0,16.0,1.0,3,49.0,0.0,50.0,1,1,0
3178,35.0,4.0,22.0,5.0,0,50.0,0.0,40.0,0,1,1
3179,28.0,1.0,20.0,1.0,1,49.0,0.0,40.0,1,1,1
3180,38.0,1.0,21.0,1.0,0,49.0,1.0,40.0,0,1,0
3181,19.0,1.0,18.0,5.0,1,6.0,7.0,40.0,0,1,0
3182,70.0,1.0,19.0,1.0,4,49.0,1.0,40.0,1,1,0
3183,20.0,1.0,19.0,5.0,0,303.0,2.0,40.0,1,1,0
3184,42.0,1.0,15.0,5.0,4,49.0,2.0,15.0,1,1,0
3185,27.0,6.0,17.0,1.0,1,49.0,1.0,30.0,0,1,0
3186,46.0,5.0,22.0,1.0,0,49.0,1.0,40.0,1,1,1
3187,49.0,1.0,24.0,5.0,0,11.0,0.0,40.0,1,1,1
3188,41.0,1.0,21.0,1.0,1,137.0,1.0,50.0,0,1,1
3189,58.0,1.0,16.0,4.0,2,50.0,5.0,10.0,0,1,0
3190,31.0,4.0,23.0,5.0,2,49.0,13.0,20.0,0,1,0
3191,22.0,1.0,19.0,5.0,1,49.0,2.0,27.0,1,1,0
3192,21.0,1.0,16.0,5.0,1,49.0,10.0,30.0,1,1,0
3193,17.0,1.0,14.0,5.0,1,49.0,2.0,40.0,1,1,0
3194,64.0,3.0,21.0,3.0,0,49.0,0.0,17.0,0,1,1
3195,20.0,1.0,18.0,5.0,4,49.0,15.0,40.0,0,1,0
3196,44.0,1.0,18.0,1.0,4,49.0,1.0,30.0,0,1,1
3197,55.0,2.0,16.0,1.0,2,303.0,1.0,50.0,0,1,1
3198,24.0,7.0,18.0,1.0,3,49.0,1.0,50.0,1,1,0
3199,23.0,1.0,20.0,1.0,0,6.0,9.0,40.0,1,1,0
3200,21.0,1.0,18.0,5.0,4,36.0,17.0,40.0,1,1,0
3201,63.0,1.0,16.0,3.0,3,6.0,0.0,40.0,0,1,1
3202,55.0,1.0,16.0,3.0,2,49.0,6.0,32.0,0,1,0
3203,32.0,1.0,21.0,5.0,2,49.0,0.0,50.0,1,1,1
3204,60.0,6.0,13.0,1.0,2,303.0,0.0,60.0,1,1,1
3205,42.0,7.0,9.0,1.0,3,49.0,0.0,60.0,1,1,1
3206,40.0,1.0,19.0,1.0,0,17.0,0.0,40.0,1,1,1
3207,58.0,1.0,19.0,4.0,0,49.0,16.0,50.0,0,1,1
3208,65.0,4.0,21.0,1.0,0,49.0,0.0,45.0,1,1,1
3209,58.0,1.0,16.0,1.0,3,49.0,0.0,50.0,1,1,1
3210,55.0,6.0,21.0,1.0,0,6.0,0.0,22.0,1,1,1
3211,31.0,1.0,16.0,5.0,4,72.0,12.0,25.0,1,1,0
3212,30.0,7.0,16.0,1.0,2,49.0,1.0,40.0,0,1,0
3213,22.0,1.0,19.0,1.0,4,303.0,0.0,40.0,1,0,1
3214,62.0,1.0,24.0,1.0,0,53.0,0.0,40.0,0,1,1
3215,26.0,1.0,21.0,1.0,0,49.0,1.0,20.0,0,0,0
3216,19.0,1.0,19.0,1.0,2,49.0,0.0,20.0,1,1,0
3217,37.0,7.0,22.0,1.0,0,4.0,0.0,40.0,0,1,1
3218,69.0,1.0,19.0,1.0,0,49.0,9.0,45.0,1,1,1
3219,49.0,2.0,16.0,1.0,0,49.0,0.0,40.0,0,1,1
3220,41.0,5.0,21.0,3.0,0,49.0,0.0,40.0,0,1,1
3221,31.0,4.0,21.0,1.0,2,49.0,1.0,50.0,1,1,1
3222,29.0,1.0,16.0,5.0,4,49.0,2.0,40.0,1,1,0
3223,72.0,2.0,21.0,1.0,2,26.0,1.0,36.0,0,1,1
3224,35.0,1.0,20.0,1.0,0,6.0,0.0,8.0,0,1,0
3225,57.0,2.0,16.0,1.0,3,6.0,1.0,40.0,1,1,0
3226,30.0,1.0,21.0,1.0,0,6.0,0.0,40.0,0,1,0
3227,43.0,3.0,21.0,3.0,0,6.0,0.0,40.0,1,1,1
3228,26.0,1.0,16.0,5.0,1,51.0,0.0,60.0,1,1,1
3229,27.0,5.0,19.0,1.0,1,303.0,1.0,20.0,0,0,0
3230,55.0,6.0,19.0,1.0,3,49.0,0.0,40.0,1,1,1
3231,62.0,1.0,20.0,1.0,2,48.0,0.0,25.0,0,1,0
3232,18.0,1.0,16.0,5.0,4,49.0,12.0,15.0,1,1,0
3233,26.0,1.0,16.0,1.0,4,49.0,0.0,55.0,1,1,1
3234,20.0,1.0,19.0,5.0,1,49.0,2.0,40.0,1,1,0
3235,46.0,5.0,20.0,1.0,0,49.0,1.0,40.0,1,1,1
3236,23.0,1.0,19.0,1.0,2,6.0,2.0,40.0,0,1,0
3237,46.0,1.0,19.0,1.0,3,16.0,1.0,18.0,1,1,0
3238,21.0,6.0,19.0,5.0,0,49.0,17.0,5.0,0,1,0
3239,55.0,5.0,19.0,1.0,0,6.0,0.0,40.0,1,0,1
3240,52.0,6.0,21.0,1.0,0,247.0,1.0,3.0,0,0,1
3241,61.0,1.0,19.0,1.0,0,27.0,1.0,40.0,1,1,1
3242,52.0,1.0,17.0,1.0,4,49.0,1.0,5.0,0,0,0
3243,42.0,3.0,20.0,1.0,0,6.0,1.0,48.0,1,1,1
3244,23.0,1.0,19.0,5.0,2,49.0,2.0,40.0,1,1,0
3245,42.0,1.0,22.0,1.0,0,20.0,1.0,40.0,1,1,1
3246,44.0,1.0,13.0,1.0,1,49.0,1.0,40.0,0,0,0
3247,52.0,6.0,16.0,3.0,3,6.0,0.0,60.0,1,1,1
3248,47.0,3.0,21.0,1.0,0,139.0,0.0,7.0,0,1,1
3249,29.0,3.0,20.0,1.0,1,217.0,1.0,40.0,0,1,0
3250,19.0,1.0,16.0,5.0,2,49.0,2.0,50.0,1,1,0
3251,22.0,1.0,19.0,5.0,1,116.0,13.0,40.0,0,0,0
3252,45.0,1.0,19.0,1.0,4,49.0,1.0,40.0,1,1,1
3253,23.0,3.0,21.0,5.0,0,16.0,2.0,30.0,0,1,0
3254,60.0,2.0,21.0,1.0,0,19.0,0.0,36.0,0,1,1
3255,54.0,1.0,16.0,3.0,3,6.0,0.0,40.0,1,1,1
3256,43.0,1.0,19.0,1.0,2,27.0,0.0,40.0,1,1,1
3257,32.0,1.0,17.0,1.0,0,49.0,9.0,24.0,0,1,0
3258,27.0,4.0,21.0,5.0,0,49.0,13.0,20.0,0,1,0
3259,92.0,1.0,21.0,1.0,4,49.0,0.0,40.0,1,1,1
3260,37.0,1.0,21.0,1.0,0,49.0,1.0,16.0,0,1,0
3261,39.0,1.0,20.0,5.0,4,49.0,13.0,45.0,1,1,1
3262,59.0,1.0,15.0,1.0,3,49.0,0.0,40.0,1,1,0
3263,25.0,1.0,18.0,1.0,1,49.0,0.0,40.0,0,1,0
3264,57.0,5.0,16.0,1.0,0,49.0,1.0,60.0,1,1,1
3265,63.0,1.0,19.0,1.0,0,49.0,1.0,22.0,0,1,0
3266,54.0,7.0,16.0,1.0,4,16.0,1.0,40.0,1,1,1
3267,45.0,2.0,24.0,1.0,0,49.0,0.0,40.0,1,1,1
3268,45.0,6.0,14.0,1.0,1,20.0,0.0,20.0,0,1,0
3269,38.0,1.0,19.0,1.0,2,49.0,1.0,32.0,1,1,1
3270,44.0,1.0,19.0,5.0,4,6.0,0.0,37.0,1,1,0
3271,62.0,1.0,16.0,1.0,4,49.0,1.0,40.0,0,1,1
3272,25.0,1.0,21.0,1.0,0,49.0,1.0,40.0,1,1,1
3273,60.0,1.0,13.0,1.0,3,48.0,1.0,50.0,1,1,1
3274,48.0,1.0,19.0,1.0,2,49.0,0.0,40.0,1,1,1
3275,36.0,1.0,18.0,1.0,3,49.0,0.0,40.0,1,1,1
3276,58.0,6.0,19.0,1.0,0,49.0,0.0,25.0,0,1,1
3277,56.0,2.0,15.0,1.0,4,49.0,1.0,40.0,0,1,1
3278,22.0,1.0,20.0,1.0,0,303.0,2.0,40.0,1,1,0
3279,17.0,1.0,14.0,5.0,1,49.0,2.0,30.0,1,1,0
3280,54.0,7.0,19.0,1.0,1,49.0,0.0,40.0,0,1,1
3281,40.0,1.0,23.0,1.0,1,49.0,0.0,45.0,1,1,1
3282,18.0,1.0,15.0,5.0,1,12.0,4.0,20.0,0,1,0
3283,43.0,6.0,21.0,5.0,0,49.0,2.0,50.0,1,1,1
3284,32.0,1.0,21.0,1.0,0,12.0,0.0,20.0,1,1,0
3285,71.0,7.0,22.0,1.0,0,18.0,0.0,30.0,0,1,1
3286,66.0,4.0,21.0,1.0,2,6.0,0.0,45.0,0,1,1
3287,43.0,1.0,21.0,1.0,4,6.0,1.0,32.0,1,0,0
3288,35.0,1.0,21.0,1.0,0,49.0,1.0,60.0,1,1,1
3289,44.0,1.0,21.0,1.0,0,364.0,1.0,40.0,0,1,1
3290,37.0,1.0,17.0,5.0,2,54.0,0.0,60.0,1,0,1
3291,54.0,1.0,21.0,1.0,2,46.0,1.0,40.0,1,1,1
3292,48.0,4.0,24.0,5.0,0,48.0,0.0,45.0,1,1,1
3293,20.0,1.0,16.0,5.0,1,36.0,2.0,15.0,0,1,0
3294,44.0,1.0,19.0,1.0,3,48.0,0.0,35.0,0,1,0
3295,37.0,1.0,20.0,1.0,0,49.0,1.0,50.0,0,1,1
3296,28.0,2.0,19.0,1.0,2,49.0,0.0,45.0,1,1,1
3297,46.0,1.0,17.0,1.0,4,45.0,0.0,40.0,1,1,1
3298,65.0,4.0,22.0,1.0,0,49.0,0.0,30.0,0,1,1
3299,48.0,3.0,21.0,1.0,0,49.0,1.0,42.0,1,1,1
3300,55.0,7.0,24.0,1.0,0,49.0,0.0,40.0,0,1,1
3301,33.0,2.0,21.0,1.0,0,49.0,1.0,40.0,0,1,1
3302,34.0,1.0,16.0,1.0,2,49.0,0.0,30.0,1,1,1
3303,44.0,1.0,19.0,1.0,0,39.0,0.0,40.0,1,1,1
3304,47.0,1.0,18.0,1.0,0,370.0,0.0,40.0,1,1,1
3305,41.0,1.0,21.0,1.0,0,301.0,1.0,35.0,0,1,1
3306,33.0,1.0,21.0,1.0,0,370.0,0.0,40.0,1,1,1
3307,47.0,1.0,21.0,1.0,2,48.0,0.0,40.0,0,1,0
3308,25.0,7.0,21.0,1.0,2,49.0,0.0,4.0,0,1,0
3309,19.0,1.0,20.0,5.0,2,49.0,2.0,40.0,1,1,0
3310,53.0,2.0,22.0,1.0,0,49.0,1.0,40.0,1,1,1
3311,41.0,1.0,16.0,1.0,3,6.0,1.0,40.0,0,1,0
3312,58.0,1.0,17.0,1.0,1,6.0,1.0,8.0,0,1,0
3313,41.0,3.0,21.0,1.0,0,49.0,0.0,50.0,0,1,1
3314,41.0,1.0,22.0,5.0,0,49.0,0.0,50.0,1,1,1
3315,36.0,1.0,19.0,5.0,2,4.0,13.0,40.0,1,1,0
3316,42.0,7.0,20.0,3.0,-1,55.0,0.0,60.0,1,1,1
3317,50.0,1.0,14.0,1.0,2,303.0,2.0,40.0,1,1,0
3318,63.0,7.0,19.0,1.0,0,49.0,1.0,40.0,0,1,0
3319,50.0,1.0,1.0,4.0,0,47.0,0.0,25.0,0,1,0
3320,33.0,1.0,16.0,1.0,4,49.0,0.0,50.0,1,0,0
3321,55.0,1.0,18.0,3.0,4,301.0,0.0,6.0,0,1,0
3322,22.0,1.0,19.0,1.0,3,49.0,9.0,50.0,1,1,0
3323,59.0,7.0,16.0,1.0,2,16.0,1.0,4.0,1,1,0
3324,23.0,1.0,18.0,5.0,3,215.0,2.0,8.0,1,1,0
3325,31.0,5.0,20.0,1.0,2,136.0,0.0,40.0,1,1,0
3326,56.0,1.0,16.0,1.0,2,49.0,1.0,5.0,0,1,0
3327,44.0,6.0,21.0,1.0,3,362.0,0.0,25.0,1,1,0
3328,23.0,1.0,21.0,1.0,2,53.0,0.0,40.0,1,1,0
3329,20.0,1.0,19.0,5.0,1,49.0,17.0,40.0,0,1,0
3330,51.0,1.0,19.0,1.0,2,303.0,1.0,40.0,0,1,1
3331,21.0,1.0,19.0,5.0,3,1.0,12.0,40.0,1,1,0
3332,63.0,1.0,18.0,5.0,4,49.0,0.0,5.0,1,1,0
3333,32.0,1.0,21.0,1.0,2,49.0,1.0,44.0,1,1,1
3334,47.0,1.0,20.0,1.0,2,16.0,1.0,40.0,0,1,1
3335,62.0,6.0,19.0,1.0,3,49.0,0.0,20.0,1,1,0
3336,30.0,1.0,16.0,1.0,1,49.0,0.0,40.0,1,0,0
3337,41.0,1.0,16.0,1.0,1,49.0,0.0,50.0,1,1,1
3338,50.0,1.0,18.0,1.0,4,242.0,1.0,40.0,1,0,0
3339,44.0,4.0,22.0,1.0,0,49.0,0.0,40.0,0,1,1
3340,27.0,1.0,20.0,3.0,1,49.0,0.0,40.0,1,1,0
3341,53.0,6.0,19.0,1.0,2,49.0,1.0,40.0,0,1,1
3342,47.0,1.0,21.0,1.0,4,49.0,0.0,40.0,1,0,1
3343,36.0,1.0,22.0,1.0,3,49.0,0.0,50.0,1,0,1
3344,41.0,6.0,19.0,5.0,1,49.0,0.0,50.0,1,1,1
3345,24.0,1.0,16.0,5.0,1,49.0,2.0,30.0,0,1,0
3346,19.0,3.0,19.0,5.0,0,49.0,2.0,56.0,1,0,1
3347,29.0,1.0,21.0,1.0,4,49.0,0.0,30.0,1,1,0
3348,21.0,1.0,19.0,5.0,2,49.0,12.0,36.0,1,1,0
3349,37.0,1.0,20.0,1.0,2,49.0,1.0,35.0,0,1,0
3350,23.0,1.0,16.0,5.0,4,49.0,12.0,40.0,1,1,0
3351,51.0,1.0,23.0,1.0,0,49.0,0.0,40.0,1,1,1
3352,41.0,1.0,16.0,3.0,2,49.0,0.0,35.0,0,1,0
3353,58.0,1.0,20.0,1.0,2,49.0,0.0,45.0,0,1,1
3354,70.0,7.0,22.0,1.0,0,49.0,0.0,40.0,1,1,1
3355,43.0,6.0,16.0,1.0,2,25.0,1.0,70.0,1,1,1
3356,33.0,1.0,20.0,1.0,1,49.0,0.0,40.0,1,1,0
3357,56.0,7.0,16.0,1.0,0,49.0,1.0,40.0,0,1,0
3358,22.0,2.0,19.0,5.0,0,49.0,12.0,20.0,1,1,0
3359,54.0,1.0,21.0,3.0,1,16.0,5.0,50.0,0,0,1
3360,17.0,1.0,14.0,5.0,2,32.0,2.0,17.0,0,1,0
3361,70.0,2.0,22.0,1.0,0,6.0,1.0,40.0,1,0,1
3362,63.0,3.0,21.0,1.0,0,49.0,1.0,30.0,0,1,1
3363,68.0,1.0,16.0,1.0,2,6.0,0.0,28.0,0,1,0
3364,29.0,4.0,22.0,1.0,0,6.0,0.0,10.0,0,1,0
3365,39.0,4.0,16.0,1.0,1,49.0,0.0,50.0,1,1,1
3366,31.0,1.0,15.0,5.0,2,226.0,0.0,40.0,0,0,0
3367,29.0,1.0,20.0,1.0,3,49.0,0.0,60.0,1,1,1
3368,17.0,1.0,14.0,5.0,4,49.0,2.0,40.0,1,1,0
3369,26.0,3.0,21.0,1.0,0,49.0,1.0,16.0,0,1,0
3370,18.0,1.0,14.0,5.0,1,48.0,2.0,30.0,1,1,0
3371,54.0,1.0,18.0,1.0,3,27.0,1.0,45.0,1,1,1
3372,71.0,2.0,22.0,1.0,0,26.0,1.0,40.0,0,1,1
3373,39.0,1.0,20.0,4.0,0,49.0,2.0,40.0,1,1,1
3374,70.0,7.0,16.0,3.0,2,49.0,0.0,40.0,1,1,1
3375,20.0,1.0,19.0,5.0,0,49.0,17.0,18.0,0,1,0
3376,63.0,1.0,23.0,1.0,0,49.0,1.0,50.0,1,0,1
3377,21.0,1.0,18.0,5.0,1,6.0,17.0,25.0,0,0,0
3378,27.0,1.0,19.0,1.0,4,49.0,0.0,38.0,1,1,1
3379,66.0,7.0,21.0,1.0,2,49.0,1.0,10.0,0,1,0
3380,34.0,4.0,19.0,1.0,0,5.0,1.0,20.0,0,1,0
3381,65.0,7.0,19.0,1.0,0,49.0,1.0,1.0,1,1,1
3382,53.0,4.0,22.0,1.0,0,49.0,0.0,40.0,0,1,1
3383,54.0,1.0,21.0,1.0,0,49.0,1.0,6.0,0,1,1
3384,18.0,2.0,16.0,5.0,1,49.0,2.0,20.0,0,1,0
3385,38.0,1.0,16.0,5.0,2,49.0,0.0,50.0,1,1,1
3386,43.0,4.0,22.0,1.0,0,32.0,1.0,40.0,1,1,1
3387,36.0,1.0,15.0,5.0,3,6.0,2.0,40.0,1,1,1
3388,53.0,1.0,22.0,1.0,1,49.0,0.0,18.0,0,1,0
3389,43.0,1.0,21.0,1.0,0,26.0,1.0,43.0,1,1,1
3390,25.0,4.0,19.0,1.0,0,6.0,1.0,35.0,1,0,0
3391,55.0,2.0,21.0,1.0,0,17.0,0.0,40.0,0,1,1
3392,33.0,1.0,18.0,1.0,3,31.0,1.0,40.0,0,1,1
3393,57.0,1.0,18.0,1.0,1,51.0,0.0,45.0,0,1,1
3394,43.0,1.0,16.0,3.0,3,6.0,13.0,45.0,1,1,0
3395,19.0,1.0,19.0,5.0,1,49.0,17.0,30.0,1,1,0
3396,47.0,1.0,16.0,1.0,1,49.0,15.0,30.0,0,1,0
3397,26.0,1.0,16.0,5.0,2,49.0,2.0,40.0,1,1,1
3398,42.0,1.0,19.0,1.0,0,6.0,0.0,50.0,1,1,1
3399,22.0,1.0,18.0,5.0,4,49.0,17.0,29.0,0,1,0
3400,54.0,1.0,21.0,1.0,2,26.0,0.0,36.0,0,1,1
3401,48.0,1.0,18.0,3.0,4,51.0,0.0,45.0,1,1,1
3402,42.0,1.0,18.0,1.0,2,53.0,1.0,45.0,0,1,0
3403,19.0,1.0,16.0,5.0,3,6.0,0.0,9.0,0,1,0
3404,62.0,1.0,20.0,1.0,4,35.0,0.0,50.0,1,1,1
3405,35.0,1.0,14.0,1.0,0,29.0,0.0,40.0,1,1,1
3406,31.0,1.0,16.0,1.0,3,49.0,1.0,40.0,1,1,1
3407,33.0,1.0,18.0,1.0,3,4.0,0.0,40.0,1,0,0
3408,26.0,2.0,19.0,1.0,1,316.0,1.0,10.0,0,1,0
3409,50.0,6.0,12.0,1.0,1,231.0,0.0,5.0,0,0,0
3410,73.0,5.0,20.0,1.0,4,39.0,0.0,40.0,1,0,0
3411,66.0,1.0,16.0,1.0,4,49.0,0.0,40.0,1,1,1
3412,34.0,1.0,16.0,3.0,4,49.0,15.0,50.0,1,0,0
3413,43.0,1.0,19.0,1.0,2,49.0,1.0,40.0,0,1,1
3414,29.0,2.0,21.0,1.0,0,4.0,0.0,40.0,1,0,1
3415,38.0,2.0,19.0,1.0,0,511.0,9.0,30.0,0,1,0
3416,55.0,2.0,21.0,1.0,0,49.0,0.0,40.0,0,1,1
3417,35.0,4.0,20.0,1.0,0,49.0,0.0,42.0,0,1,1
3418,23.0,1.0,19.0,5.0,2,515.0,17.0,40.0,1,0,1
3419,26.0,1.0,20.0,1.0,1,6.0,0.0,40.0,0,0,0
3420,51.0,1.0,15.0,1.0,3,49.0,2.0,40.0,0,1,0
3421,58.0,1.0,21.0,1.0,0,49.0,1.0,40.0,1,1,1
3422,23.0,1.0,16.0,5.0,1,49.0,2.0,35.0,1,1,0
3423,30.0,1.0,16.0,3.0,4,6.0,2.0,40.0,1,1,1
3424,23.0,1.0,20.0,5.0,0,49.0,12.0,61.0,1,1,0
3425,72.0,1.0,18.0,1.0,1,49.0,1.0,40.0,1,1,1
3426,59.0,1.0,19.0,1.0,3,49.0,1.0,45.0,1,1,1
3427,58.0,1.0,19.0,3.0,4,303.0,0.0,40.0,1,0,1
3428,20.0,1.0,18.0,5.0,1,363.0,12.0,40.0,0,0,0
3429,46.0,2.0,19.0,3.0,0,49.0,0.0,40.0,0,1,1
3430,36.0,3.0,17.0,1.0,2,6.0,0.0,30.0,0,1,0
3431,64.0,5.0,16.0,1.0,3,49.0,1.0,40.0,1,1,1
3432,57.0,7.0,19.0,1.0,1,49.0,1.0,30.0,0,0,0
3433,37.0,1.0,21.0,1.0,0,49.0,0.0,40.0,0,1,1
3434,63.0,1.0,16.0,1.0,3,49.0,1.0,40.0,1,0,1
3435,28.0,1.0,16.0,1.0,2,16.0,0.0,50.0,0,1,1
3436,30.0,1.0,21.0,5.0,0,46.0,13.0,40.0,1,1,1
3437,31.0,1.0,15.0,5.0,4,4.0,15.0,20.0,1,1,0
3438,43.0,1.0,18.0,5.0,4,53.0,0.0,50.0,1,0,1
3439,46.0,1.0,16.0,5.0,2,303.0,0.0,40.0,0,0,1
3440,21.0,1.0,18.0,5.0,2,49.0,2.0,40.0,1,1,0
3441,50.0,4.0,21.0,1.0,0,49.0,0.0,50.0,1,1,1
3442,39.0,1.0,21.0,1.0,0,49.0,1.0,40.0,0,1,1
3443,17.0,1.0,14.0,5.0,1,6.0,2.0,20.0,0,1,0
3444,40.0,1.0,21.0,5.0,4,215.0,11.0,30.0,1,1,1
3445,69.0,2.0,20.0,1.0,4,49.0,1.0,12.0,0,1,0
3446,56.0,3.0,21.0,1.0,0,16.0,0.0,90.0,1,1,1
3447,65.0,1.0,18.0,1.0,2,49.0,0.0,35.0,0,1,0
3448,55.0,1.0,20.0,3.0,2,6.0,0.0,40.0,0,1,1
3449,45.0,7.0,24.0,3.0,0,12.0,0.0,80.0,1,1,1
3450,24.0,1.0,19.0,5.0,4,49.0,13.0,60.0,1,1,1
3451,66.0,1.0,23.0,1.0,2,312.0,0.0,48.0,1,0,1
3452,45.0,7.0,17.0,3.0,4,49.0,0.0,40.0,1,1,1
3453,63.0,6.0,20.0,1.0,1,49.0,1.0,10.0,0,1,0
3454,45.0,1.0,20.0,1.0,1,49.0,0.0,40.0,0,1,0
3455,59.0,1.0,20.0,1.0,1,49.0,0.0,40.0,1,1,0
3456,48.0,3.0,16.0,1.0,2,303.0,1.0,40.0,1,1,1
3457,41.0,3.0,21.0,3.0,0,49.0,11.0,8.0,0,1,0
3458,42.0,1.0,19.0,1.0,2,24.0,0.0,30.0,1,1,1
3459,30.0,5.0,20.0,1.0,2,55.0,9.0,40.0,1,1,0
3460,70.0,2.0,16.0,1.0,0,48.0,1.0,80.0,1,1,1
3461,31.0,1.0,22.0,1.0,0,49.0,0.0,60.0,1,1,1
3462,29.0,1.0,21.0,3.0,0,49.0,13.0,28.0,0,1,0
3463,19.0,1.0,18.0,5.0,2,207.0,2.0,30.0,0,0,0
3464,23.0,4.0,19.0,5.0,0,49.0,12.0,15.0,1,1,0
3465,22.0,1.0,20.0,1.0,2,49.0,9.0,40.0,1,1,0
3466,42.0,2.0,18.0,1.0,2,20.0,1.0,40.0,1,1,1
3467,17.0,1.0,14.0,5.0,4,49.0,2.0,16.0,0,1,0
3468,51.0,2.0,19.0,1.0,0,49.0,0.0,20.0,0,1,1
3469,36.0,1.0,17.0,1.0,4,49.0,10.0,15.0,0,1,0
3470,48.0,1.0,19.0,1.0,4,468.0,1.0,45.0,1,0,1
3471,19.0,5.0,9.0,5.0,4,34.0,13.0,40.0,1,1,0
3472,38.0,3.0,21.0,1.0,0,49.0,0.0,40.0,0,1,0
3473,37.0,1.0,21.0,1.0,0,49.0,1.0,40.0,1,1,1
3474,40.0,1.0,16.0,1.0,3,44.0,2.0,40.0,1,1,0
3475,22.0,1.0,19.0,2.0,-1,49.0,5.0,40.0,1,1,0
3476,32.0,1.0,19.0,1.0,1,6.0,9.0,30.0,1,1,0
3477,17.0,2.0,14.0,5.0,1,49.0,2.0,36.0,0,1,0
3478,62.0,1.0,19.0,4.0,0,49.0,0.0,24.0,0,1,1
3479,27.0,1.0,16.0,1.0,3,6.0,1.0,40.0,1,1,0
3480,22.0,1.0,19.0,5.0,2,49.0,12.0,40.0,0,1,0
3481,40.0,1.0,16.0,5.0,-1,40.0,16.0,40.0,1,1,1
3482,18.0,1.0,18.0,5.0,2,49.0,17.0,50.0,0,1,0
3483,29.0,3.0,21.0,1.0,0,40.0,1.0,40.0,0,1,0
3484,29.0,1.0,19.0,1.0,1,49.0,0.0,10.0,0,1,0
3485,55.0,1.0,21.0,5.0,2,49.0,0.0,50.0,1,1,1
3486,18.0,1.0,16.0,5.0,0,49.0,2.0,40.0,0,1,0
3487,18.0,1.0,18.0,5.0,0,32.0,2.0,40.0,0,1,0
3488,49.0,4.0,21.0,1.0,0,49.0,1.0,55.0,0,1,1
3489,23.0,3.0,19.0,5.0,1,49.0,0.0,9.0,0,1,0
3490,58.0,1.0,17.0,1.0,4,16.0,0.0,40.0,1,1,1
3491,48.0,2.0,16.0,1.0,1,49.0,1.0,25.0,1,1,0
3492,36.0,1.0,16.0,1.0,1,32.0,1.0,42.0,0,1,0
3493,23.0,1.0,19.0,5.0,0,49.0,2.0,40.0,1,1,0
3494,22.0,1.0,19.0,5.0,2,49.0,17.0,20.0,0,1,0
3495,33.0,1.0,19.0,1.0,1,6.0,1.0,38.0,1,1,0
3496,54.0,1.0,18.0,1.0,1,49.0,0.0,52.0,0,1,0
3497,21.0,1.0,19.0,5.0,3,226.0,17.0,40.0,1,0,0
3498,53.0,3.0,19.0,1.0,2,49.0,1.0,40.0,0,1,1
3499,20.0,1.0,21.0,5.0,0,49.0,2.0,30.0,1,1,0
3500,54.0,7.0,19.0,1.0,1,49.0,0.0,40.0,0,1,0
3501,27.0,1.0,16.0,5.0,4,49.0,0.0,15.0,1,1,0
3502,53.0,1.0,19.0,1.0,0,49.0,0.0,40.0,0,1,1
3503,39.0,1.0,18.0,1.0,1,49.0,1.0,80.0,0,1,0
3504,19.0,3.0,19.0,5.0,1,49.0,17.0,40.0,0,1,0
3505,30.0,1.0,22.0,5.0,2,6.0,0.0,26.0,1,1,0
3506,38.0,1.0,16.0,1.0,3,12.0,0.0,35.0,1,1,0
3507,49.0,1.0,18.0,1.0,2,440.0,0.0,40.0,1,1,1
3508,21.0,1.0,19.0,5.0,2,49.0,2.0,30.0,1,0,0
3509,45.0,1.0,14.0,1.0,1,49.0,1.0,40.0,0,1,1
3510,43.0,1.0,20.0,1.0,0,17.0,1.0,43.0,1,1,1
3511,31.0,1.0,16.0,3.0,1,49.0,12.0,30.0,1,1,0
3512,30.0,1.0,20.0,1.0,3,49.0,0.0,45.0,1,1,1
3513,59.0,1.0,16.0,1.0,3,49.0,1.0,40.0,1,1,1
3514,50.0,2.0,19.0,1.0,0,49.0,0.0,49.0,1,1,1
3515,46.0,1.0,16.0,3.0,2,49.0,0.0,10.0,0,1,0
3516,37.0,1.0,20.0,5.0,3,49.0,0.0,40.0,1,1,0
3517,24.0,1.0,19.0,5.0,0,49.0,2.0,48.0,1,0,1
3518,55.0,7.0,22.0,1.0,0,49.0,0.0,40.0,1,1,0
3519,56.0,1.0,21.0,1.0,0,49.0,0.0,40.0,0,1,1
3520,63.0,1.0,16.0,3.0,4,49.0,0.0,16.0,0,1,0
3521,47.0,1.0,22.0,1.0,0,34.0,0.0,47.0,1,0,1
3522,31.0,1.0,16.0,1.0,2,49.0,1.0,40.0,0,1,0
3523,23.0,1.0,16.0,5.0,2,48.0,15.0,40.0,1,1,0
3524,30.0,1.0,22.0,1.0,0,41.0,1.0,40.0,0,1,1
3525,25.0,1.0,20.0,5.0,3,303.0,10.0,40.0,1,0,0
3526,21.0,1.0,21.0,5.0,2,4.0,12.0,45.0,0,0,1
3527,50.0,1.0,16.0,1.0,0,49.0,0.0,40.0,0,1,1
3528,66.0,1.0,20.0,3.0,2,49.0,0.0,40.0,0,1,1
3529,27.0,1.0,16.0,1.0,2,49.0,1.0,40.0,0,1,0
3530,22.0,1.0,21.0,5.0,0,51.0,0.0,45.0,1,0,1
3531,46.0,2.0,24.0,3.0,0,49.0,0.0,40.0,1,1,1
3532,18.0,1.0,16.0,5.0,1,6.0,2.0,25.0,0,1,0
3533,62.0,5.0,16.0,1.0,5,19.0,1.0,50.0,1,1,1
3534,23.0,1.0,21.0,1.0,0,48.0,10.0,40.0,1,1,0
3535,39.0,1.0,22.0,3.0,0,49.0,0.0,40.0,1,1,1
3536,27.0,1.0,18.0,1.0,1,49.0,0.0,20.0,0,1,0
3537,63.0,6.0,20.0,2.0,1,301.0,0.0,20.0,1,1,0
3538,60.0,1.0,21.0,1.0,0,25.0,1.0,40.0,0,1,1
3539,23.0,1.0,19.0,1.0,0,49.0,1.0,40.0,1,1,0
3540,28.0,3.0,19.0,5.0,0,12.0,4.0,29.0,0,1,0
3541,64.0,3.0,17.0,1.0,1,49.0,1.0,18.0,0,1,0
3542,48.0,1.0,16.0,1.0,2,49.0,1.0,20.0,1,1,0
3543,44.0,1.0,14.0,3.0,2,55.0,0.0,36.0,0,1,0
3544,52.0,1.0,21.0,1.0,0,6.0,1.0,50.0,1,0,1
3545,30.0,1.0,22.0,1.0,0,6.0,0.0,55.0,1,1,1
3546,40.0,5.0,18.0,3.0,0,49.0,2.0,40.0,1,1,0
3547,35.0,6.0,19.0,1.0,2,49.0,2.0,40.0,0,1,1
3548,34.0,6.0,16.0,1.0,1,53.0,1.0,25.0,0,1,0
3549,21.0,1.0,19.0,5.0,3,49.0,13.0,8.0,1,1,0
3550,38.0,1.0,21.0,1.0,2,16.0,0.0,45.0,1,1,1
3551,51.0,1.0,16.0,3.0,2,49.0,0.0,55.0,0,1,1
3552,92.0,1.0,16.0,3.0,3,49.0,0.0,52.0,1,1,1
3553,55.0,1.0,21.0,1.0,1,49.0,0.0,34.0,0,1,0
3554,34.0,1.0,22.0,1.0,0,32.0,1.0,40.0,1,1,1
3555,32.0,1.0,18.0,5.0,0,49.0,2.0,40.0,1,1,1
3556,48.0,1.0,21.0,1.0,0,49.0,1.0,40.0,1,1,1
3557,25.0,1.0,16.0,1.0,3,35.0,1.0,42.0,1,1,0
3558,36.0,7.0,14.0,1.0,1,49.0,1.0,30.0,1,1,0
3559,51.0,1.0,19.0,3.0,1,49.0,0.0,35.0,1,1,0
3560,45.0,7.0,21.0,1.0,1,49.0,0.0,5.0,0,1,0
3561,45.0,1.0,18.0,1.0,0,49.0,1.0,80.0,1,1,1
3562,56.0,1.0,15.0,5.0,1,49.0,13.0,50.0,1,1,0
3563,25.0,1.0,16.0,5.0,2,15.0,17.0,20.0,0,0,0
3564,24.0,1.0,18.0,5.0,0,49.0,17.0,20.0,1,1,0
3565,62.0,4.0,21.0,1.0,0,49.0,1.0,32.0,0,1,0
3566,72.0,1.0,16.0,1.0,4,12.0,0.0,30.0,1,1,0
3567,29.0,3.0,21.0,5.0,-1,24.0,0.0,72.0,0,1,1
3568,24.0,3.0,17.0,1.0,0,49.0,1.0,45.0,1,1,0
3569,67.0,1.0,22.0,1.0,0,49.0,0.0,50.0,1,1,1
3570,25.0,1.0,21.0,1.0,1,49.0,1.0,48.0,1,0,0
3571,72.0,1.0,19.0,3.0,2,49.0,0.0,35.0,0,1,0
3572,62.0,6.0,21.0,1.0,0,242.0,0.0,10.0,0,0,0
3573,22.0,2.0,21.0,5.0,2,6.0,2.0,20.0,0,1,0
3574,38.0,2.0,21.0,3.0,2,36.0,0.0,10.0,0,1,0
3575,57.0,5.0,21.0,1.0,0,49.0,0.0,30.0,0,1,1
3576,34.0,1.0,21.0,1.0,0,6.0,0.0,35.0,0,1,1
3577,36.0,1.0,22.0,1.0,0,49.0,0.0,40.0,1,1,1
3578,60.0,1.0,20.0,1.0,2,49.0,1.0,40.0,0,1,1
3579,27.0,1.0,17.0,4.0,4,312.0,0.0,40.0,0,1,0
3580,32.0,1.0,21.0,1.0,0,49.0,0.0,43.0,0,1,1
3581,31.0,4.0,21.0,1.0,0,303.0,0.0,29.0,0,0,0
3582,56.0,1.0,18.0,1.0,3,49.0,0.0,40.0,1,1,1
3583,36.0,1.0,16.0,1.0,0,48.0,1.0,40.0,1,1,1
3584,29.0,3.0,16.0,3.0,0,6.0,0.0,25.0,0,0,0
3585,37.0,1.0,21.0,1.0,2,56.0,0.0,40.0,1,1,1
3586,32.0,5.0,21.0,1.0,0,49.0,0.0,50.0,1,1,1
3587,39.0,7.0,21.0,1.0,2,18.0,0.0,40.0,1,1,0
3588,41.0,7.0,22.0,1.0,0,49.0,1.0,40.0,1,1,1
3589,58.0,7.0,16.0,1.0,4,49.0,0.0,40.0,1,1,1
3590,25.0,1.0,17.0,1.0,3,66.0,0.0,40.0,1,1,1
3591,41.0,1.0,22.0,1.0,0,49.0,0.0,20.0,1,1,0
3592,21.0,1.0,16.0,1.0,4,49.0,11.0,40.0,1,1,0
3593,54.0,5.0,20.0,1.0,1,49.0,0.0,40.0,0,1,1
3594,43.0,1.0,18.0,5.0,1,49.0,0.0,40.0,0,1,0
3595,36.0,1.0,16.0,5.0,4,49.0,13.0,40.0,0,1,0
3596,33.0,1.0,22.0,5.0,4,49.0,0.0,40.0,0,1,0
3597,62.0,5.0,19.0,1.0,1,6.0,0.0,40.0,1,1,1
3598,46.0,1.0,21.0,1.0,4,35.0,1.0,40.0,0,1,1
3599,63.0,1.0,21.0,1.0,4,231.0,0.0,35.0,0,0,0
3600,24.0,1.0,21.0,1.0,1,49.0,9.0,40.0,1,1,0
3601,63.0,1.0,20.0,1.0,2,12.0,0.0,41.0,1,1,1
3602,36.0,1.0,22.0,1.0,0,303.0,0.0,45.0,1,0,1
3603,18.0,1.0,19.0,5.0,0,49.0,2.0,15.0,0,1,0
3604,51.0,5.0,20.0,1.0,0,49.0,1.0,40.0,0,1,1
3605,45.0,1.0,16.0,1.0,0,49.0,1.0,40.0,1,1,1
3606,26.0,1.0,14.0,5.0,4,49.0,0.0,45.0,1,1,0
3607,64.0,2.0,21.0,1.0,0,6.0,0.0,25.0,0,1,0
3608,29.0,1.0,19.0,1.0,2,49.0,15.0,40.0,0,1,0
3609,36.0,2.0,21.0,1.0,0,511.0,1.0,40.0,1,1,1
3610,30.0,1.0,19.0,5.0,0,49.0,5.0,48.0,1,1,1
3611,38.0,1.0,20.0,1.0,0,49.0,1.0,40.0,0,1,1
3612,27.0,1.0,20.0,1.0,2,49.0,1.0,30.0,0,1,0
3613,71.0,2.0,19.0,3.0,2,49.0,6.0,35.0,0,0,0
3614,54.0,1.0,19.0,3.0,1,303.0,0.0,48.0,0,0,0
3615,21.0,1.0,18.0,5.0,0,49.0,3.0,40.0,1,1,0
3616,31.0,1.0,19.0,5.0,0,49.0,0.0,23.0,1,1,1
3617,22.0,1.0,23.0,5.0,0,4.0,2.0,40.0,0,1,0
3618,23.0,1.0,18.0,1.0,4,4.0,0.0,32.0,0,1,0
3619,67.0,7.0,24.0,1.0,-1,49.0,1.0,45.0,0,1,1
3620,22.0,1.0,19.0,5.0,4,49.0,2.0,40.0,1,1,0
3621,26.0,4.0,20.0,1.0,0,49.0,1.0,40.0,0,1,0
3622,52.0,4.0,22.0,1.0,0,49.0,1.0,40.0,1,1,1
3623,60.0,1.0,16.0,1.0,4,49.0,0.0,42.0,1,1,1
3624,31.0,1.0,21.0,1.0,4,49.0,1.0,40.0,1,1,0
3625,44.0,1.0,21.0,1.0,0,49.0,1.0,10.0,0,1,0
3626,22.0,2.0,19.0,1.0,4,49.0,2.0,55.0,1,1,0
3627,60.0,1.0,15.0,1.0,2,17.0,1.0,45.0,1,1,1
3628,52.0,6.0,19.0,5.0,0,32.0,0.0,20.0,0,1,0
3629,38.0,1.0,23.0,1.0,0,49.0,0.0,20.0,1,1,0
3630,56.0,1.0,18.0,1.0,2,32.0,0.0,40.0,1,1,1
3631,37.0,1.0,20.0,1.0,4,49.0,0.0,40.0,1,1,1
3632,63.0,7.0,21.0,1.0,4,49.0,1.0,45.0,1,0,1
3633,25.0,5.0,19.0,5.0,1,49.0,17.0,40.0,1,1,0
3634,22.0,1.0,19.0,5.0,2,49.0,0.0,40.0,0,1,0
3635,63.0,3.0,16.0,1.0,0,49.0,1.0,5.0,1,1,0
3636,40.0,2.0,16.0,1.0,2,8.0,1.0,40.0,0,1,0
3637,59.0,2.0,24.0,1.0,0,36.0,0.0,40.0,1,1,1
3638,37.0,4.0,19.0,3.0,0,49.0,0.0,50.0,1,0,1
3639,55.0,1.0,21.0,1.0,1,42.0,0.0,60.0,1,1,0
3640,20.0,1.0,19.0,5.0,1,49.0,2.0,40.0,1,1,0
3641,18.0,5.0,19.0,5.0,2,56.0,17.0,40.0,0,1,0
3642,38.0,3.0,21.0,1.0,0,49.0,0.0,40.0,1,1,1
3643,38.0,1.0,16.0,1.0,4,49.0,1.0,40.0,1,1,1
3644,21.0,1.0,19.0,5.0,2,22.0,2.0,40.0,1,1,0
3645,72.0,5.0,18.0,1.0,5,49.0,0.0,39.0,1,1,1
3646,30.0,1.0,21.0,1.0,2,6.0,0.0,45.0,0,1,0
3647,24.0,1.0,21.0,1.0,2,49.0,0.0,6.0,1,0,0
3648,35.0,4.0,22.0,1.0,0,49.0,0.0,40.0,0,1,1
3649,35.0,3.0,18.0,1.0,1,49.0,1.0,30.0,0,1,0
3650,51.0,5.0,21.0,3.0,0,56.0,0.0,40.0,0,1,1
3651,18.0,1.0,18.0,5.0,1,2.0,17.0,30.0,0,1,0
3652,23.0,1.0,18.0,5.0,4,49.0,17.0,20.0,1,1,0
3653,25.0,1.0,20.0,1.0,1,49.0,1.0,35.0,0,0,0
3654,29.0,1.0,17.0,5.0,3,49.0,15.0,40.0,0,1,0
3655,42.0,7.0,18.0,3.0,1,49.0,0.0,35.0,1,1,0
3656,29.0,1.0,19.0,1.0,4,51.0,1.0,40.0,1,1,1
3657,64.0,1.0,18.0,2.0,0,49.0,0.0,10.0,0,1,0
3658,44.0,1.0,23.0,1.0,0,49.0,0.0,40.0,1,1,1
3659,39.0,1.0,17.0,1.0,2,4.0,0.0,20.0,0,1,0
3660,22.0,1.0,19.0,1.0,2,8.0,1.0,20.0,1,1,0
3661,45.0,1.0,21.0,1.0,0,53.0,1.0,40.0,1,1,1
3662,45.0,7.0,20.0,1.0,0,30.0,1.0,40.0,0,1,0
3663,41.0,1.0,20.0,1.0,0,49.0,0.0,40.0,1,1,1
3664,27.0,1.0,16.0,5.0,1,49.0,5.0,38.0,0,1,0
3665,26.0,2.0,20.0,3.0,1,49.0,11.0,20.0,0,1,0
3666,45.0,2.0,22.0,1.0,0,6.0,0.0,60.0,0,1,1
3667,33.0,1.0,21.0,3.0,0,18.0,0.0,20.0,0,1,0
3668,59.0,2.0,21.0,2.0,1,49.0,0.0,36.0,0,1,1
3669,46.0,4.0,16.0,5.0,2,6.0,2.0,35.0,0,1,0
3670,39.0,1.0,16.0,1.0,2,49.0,0.0,45.0,1,1,0
3671,50.0,1.0,16.0,1.0,3,49.0,1.0,40.0,1,1,1
3672,20.0,1.0,16.0,1.0,1,49.0,0.0,40.0,1,1,1
3673,28.0,1.0,20.0,1.0,2,49.0,1.0,30.0,0,1,0
3674,36.0,4.0,19.0,1.0,1,6.0,1.0,22.0,1,1,0
3675,66.0,2.0,23.0,5.0,0,18.0,2.0,40.0,1,1,1
3676,40.0,6.0,21.0,1.0,2,49.0,0.0,20.0,1,1,1
3677,30.0,3.0,20.0,5.0,1,5.0,13.0,40.0,1,1,1
3678,46.0,1.0,22.0,1.0,0,49.0,0.0,36.0,0,1,1
3679,44.0,3.0,19.0,1.0,2,49.0,1.0,18.0,0,1,0
3680,22.0,1.0,19.0,5.0,2,49.0,12.0,40.0,1,1,0
3681,40.0,3.0,21.0,1.0,3,49.0,0.0,40.0,1,1,1
3682,37.0,2.0,21.0,1.0,1,49.0,0.0,36.0,1,1,0
3683,48.0,4.0,18.0,1.0,0,49.0,1.0,40.0,1,1,1
3684,43.0,7.0,21.0,1.0,0,49.0,1.0,40.0,1,1,1
3685,26.0,1.0,21.0,1.0,2,16.0,0.0,25.0,0,1,0
3686,41.0,1.0,20.0,1.0,0,4.0,1.0,50.0,1,1,1
3687,26.0,1.0,21.0,1.0,0,48.0,12.0,30.0,1,1,0
3688,22.0,1.0,16.0,1.0,4,49.0,10.0,20.0,1,1,0
3689,26.0,1.0,21.0,3.0,2,49.0,12.0,40.0,0,1,0
3690,36.0,4.0,19.0,1.0,2,48.0,0.0,40.0,0,1,1
3691,61.0,3.0,22.0,1.0,0,49.0,1.0,19.0,0,1,0
3692,67.0,5.0,22.0,1.0,0,49.0,0.0,40.0,0,1,1
3693,44.0,1.0,16.0,5.0,4,49.0,0.0,16.0,0,1,0
3694,51.0,3.0,20.0,1.0,1,32.0,0.0,10.0,0,1,0
3695,45.0,2.0,18.0,1.0,1,49.0,0.0,48.0,1,1,1
3696,59.0,1.0,16.0,1.0,-1,49.0,1.0,40.0,0,1,1
3697,60.0,6.0,23.0,1.0,0,49.0,0.0,30.0,1,1,1
3698,55.0,1.0,16.0,3.0,0,53.0,0.0,50.0,0,1,0
3699,42.0,4.0,21.0,3.0,0,303.0,2.0,40.0,0,0,1
3700,20.0,1.0,15.0,5.0,4,132.0,2.0,45.0,0,0,0
3701,30.0,1.0,17.0,5.0,2,36.0,2.0,20.0,1,1,0
3702,45.0,1.0,22.0,3.0,0,49.0,0.0,36.0,0,1,1
3703,20.0,1.0,16.0,5.0,1,49.0,2.0,6.0,1,1,0
3704,62.0,1.0,18.0,1.0,0,16.0,0.0,40.0,1,0,1
3705,26.0,1.0,16.0,5.0,2,39.0,12.0,40.0,1,1,0
3706,20.0,1.0,19.0,5.0,3,51.0,2.0,20.0,1,1,0
3707,27.0,1.0,16.0,5.0,3,527.0,2.0,20.0,1,0,0
3708,63.0,6.0,21.0,2.0,0,48.0,0.0,2.0,0,1,0
3709,38.0,1.0,17.0,1.0,2,28.0,1.0,40.0,0,1,1
3710,52.0,3.0,22.0,1.0,0,49.0,0.0,40.0,1,0,1
3711,25.0,1.0,21.0,5.0,2,16.0,2.0,50.0,0,1,0
3712,25.0,1.0,19.0,1.0,2,32.0,1.0,40.0,1,1,0
3713,57.0,3.0,21.0,1.0,2,49.0,0.0,54.0,1,1,1
3714,32.0,1.0,20.0,1.0,3,49.0,0.0,20.0,1,1,0
3715,71.0,1.0,19.0,1.0,2,49.0,1.0,40.0,0,1,1
3716,30.0,4.0,21.0,5.0,0,49.0,5.0,8.0,0,1,1
3717,46.0,1.0,16.0,3.0,2,303.0,0.0,40.0,0,1,1
3718,30.0,1.0,22.0,5.0,0,49.0,11.0,16.0,0,1,0
3719,58.0,6.0,19.0,3.0,4,49.0,5.0,48.0,1,1,1
3720,35.0,1.0,16.0,1.0,3,303.0,1.0,40.0,0,0,1
3721,46.0,1.0,16.0,1.0,4,32.0,1.0,40.0,1,1,1
3722,37.0,1.0,14.0,5.0,1,16.0,0.0,45.0,1,1,1
3723,29.0,1.0,21.0,1.0,-1,49.0,0.0,50.0,1,1,1
3724,29.0,1.0,21.0,1.0,4,49.0,1.0,45.0,1,1,1
3725,68.0,6.0,23.0,1.0,0,6.0,0.0,40.0,1,1,1
3726,26.0,1.0,16.0,1.0,4,49.0,1.0,48.0,0,1,1
3727,42.0,1.0,18.0,1.0,0,49.0,0.0,55.0,1,1,1
3728,21.0,1.0,18.0,5.0,1,49.0,15.0,40.0,0,1,0
3729,21.0,6.0,16.0,5.0,1,49.0,2.0,40.0,0,1,0
3730,18.0,1.0,14.0,5.0,1,6.0,2.0,40.0,0,1,0
3731,47.0,2.0,21.0,1.0,2,51.0,0.0,4.0,0,1,0
3732,57.0,1.0,16.0,1.0,2,49.0,0.0,40.0,1,1,1
3733,20.0,1.0,20.0,5.0,4,49.0,12.0,35.0,1,1,0
3734,64.0,3.0,21.0,1.0,1,49.0,0.0,18.0,0,1,0
3735,23.0,1.0,18.0,1.0,2,49.0,1.0,40.0,0,1,0
3736,62.0,1.0,21.0,1.0,2,49.0,1.0,40.0,0,0,1
3737,27.0,1.0,21.0,4.0,0,49.0,0.0,15.0,0,1,0
3738,60.0,1.0,21.0,3.0,0,9.0,0.0,40.0,0,1,1
3739,28.0,1.0,19.0,1.0,4,49.0,0.0,40.0,0,1,0
3740,48.0,2.0,22.0,1.0,1,49.0,0.0,10.0,0,1,0
3741,53.0,1.0,20.0,3.0,1,32.0,0.0,40.0,0,1,0
3742,47.0,1.0,20.0,3.0,1,49.0,0.0,40.0,0,1,1
3743,40.0,7.0,19.0,1.0,3,49.0,1.0,30.0,1,1,1
3744,48.0,4.0,19.0,1.0,0,6.0,0.0,40.0,1,1,1
3745,52.0,1.0,18.0,3.0,3,49.0,0.0,41.0,1,0,1
3746,38.0,2.0,19.0,1.0,0,49.0,1.0,30.0,1,1,1
3747,32.0,1.0,21.0,1.0,0,49.0,0.0,40.0,1,1,1
3748,45.0,1.0,22.0,1.0,0,207.0,0.0,40.0,1,0,1
3749,32.0,1.0,19.0,1.0,0,207.0,1.0,40.0,0,0,1
3750,49.0,1.0,22.0,2.0,0,49.0,0.0,60.0,0,1,1
3751,28.0,1.0,16.0,1.0,4,312.0,0.0,40.0,1,0,0
3752,30.0,1.0,16.0,5.0,4,207.0,4.0,15.0,1,0,0
3753,20.0,4.0,18.0,1.0,1,17.0,17.0,28.0,0,1,0
3754,57.0,2.0,19.0,1.0,2,60.0,0.0,40.0,0,0,1
3755,43.0,3.0,19.0,1.0,0,49.0,1.0,40.0,0,1,1
3756,43.0,1.0,20.0,1.0,0,49.0,0.0,45.0,0,1,1
3757,60.0,5.0,16.0,3.0,3,49.0,0.0,42.0,1,1,1
3758,68.0,1.0,20.0,2.0,2,48.0,0.0,60.0,0,1,1
3759,17.0,1.0,14.0,4.0,2,6.0,4.0,2.0,0,1,0
3760,36.0,3.0,21.0,5.0,2,56.0,16.0,40.0,1,1,1
3761,45.0,1.0,21.0,3.0,4,49.0,0.0,40.0,1,1,1
3762,25.0,1.0,21.0,1.0,3,49.0,1.0,40.0,1,1,1
3763,22.0,1.0,19.0,5.0,1,6.0,2.0,40.0,1,1,0
3764,30.0,1.0,22.0,1.0,0,49.0,0.0,50.0,1,1,1
3765,34.0,1.0,16.0,5.0,2,40.0,0.0,14.0,0,1,0
3766,33.0,1.0,20.0,3.0,4,49.0,2.0,25.0,1,1,0
3767,25.0,1.0,16.0,5.0,4,49.0,2.0,40.0,0,1,0
3768,50.0,1.0,16.0,1.0,-1,49.0,0.0,40.0,1,1,1
3769,58.0,2.0,14.0,1.0,4,49.0,1.0,42.0,1,1,1
3770,32.0,4.0,22.0,5.0,0,303.0,12.0,40.0,1,1,1
3771,61.0,1.0,20.0,5.0,2,49.0,0.0,50.0,1,1,1
3772,22.0,1.0,19.0,1.0,2,49.0,1.0,20.0,0,1,0
3773,38.0,7.0,21.0,1.0,1,30.0,1.0,20.0,1,1,0
3774,59.0,3.0,16.0,1.0,1,49.0,0.0,40.0,0,1,0
3775,43.0,1.0,16.0,2.0,4,49.0,16.0,18.0,1,1,0
3776,56.0,1.0,16.0,1.0,4,9.0,1.0,40.0,1,1,1
3777,24.0,3.0,21.0,1.0,0,49.0,0.0,12.0,0,1,0
3778,27.0,1.0,21.0,1.0,0,49.0,0.0,40.0,1,1,1
3779,38.0,1.0,21.0,3.0,0,49.0,2.0,40.0,0,1,0
3780,31.0,1.0,14.0,1.0,2,49.0,1.0,32.0,0,1,0
3781,45.0,8.0,18.0,1.0,0,42.0,0.0,20.0,1,1,0
3782,33.0,2.0,21.0,1.0,0,49.0,1.0,50.0,1,1,1
3783,30.0,1.0,18.0,1.0,2,49.0,6.0,7.0,0,1,1
3784,41.0,1.0,15.0,3.0,3,49.0,2.0,52.0,1,1,1
3785,17.0,1.0,14.0,5.0,2,49.0,2.0,32.0,1,1,0
3786,70.0,4.0,21.0,2.0,0,11.0,6.0,85.0,1,1,0
3787,45.0,1.0,19.0,1.0,3,32.0,0.0,50.0,1,1,1
3788,56.0,1.0,21.0,1.0,3,49.0,1.0,40.0,1,1,1
3789,39.0,1.0,23.0,1.0,0,49.0,0.0,40.0,1,1,1
3790,20.0,1.0,19.0,5.0,2,138.0,2.0,39.0,0,1,0
3791,46.0,1.0,19.0,1.0,2,53.0,1.0,40.0,0,1,0
3792,46.0,1.0,19.0,1.0,2,49.0,0.0,40.0,1,1,1
3793,54.0,1.0,19.0,1.0,2,49.0,0.0,40.0,1,1,1
3794,57.0,7.0,21.0,1.0,0,55.0,0.0,60.0,1,1,1
3795,21.0,1.0,15.0,5.0,2,49.0,10.0,40.0,1,1,0
3796,28.0,3.0,16.0,5.0,4,51.0,15.0,30.0,0,1,0
3797,29.0,4.0,22.0,1.0,2,49.0,1.0,40.0,1,0,1
3798,38.0,1.0,19.0,1.0,3,49.0,1.0,52.0,1,1,1
3799,18.0,1.0,14.0,5.0,2,6.0,2.0,12.0,0,1,0
3800,33.0,2.0,22.0,4.0,0,49.0,17.0,40.0,0,1,1
3801,62.0,3.0,20.0,1.0,0,49.0,0.0,40.0,0,1,1
3802,30.0,1.0,21.0,3.0,0,49.0,13.0,50.0,1,1,1
3803,61.0,5.0,19.0,1.0,3,16.0,0.0,42.0,1,1,1
3804,63.0,1.0,20.0,3.0,4,49.0,0.0,22.0,0,1,0
3805,66.0,6.0,21.0,5.0,1,49.0,0.0,15.0,0,1,0
3806,19.0,1.0,16.0,5.0,2,6.0,2.0,40.0,0,1,0
3807,47.0,4.0,16.0,1.0,0,4.0,9.0,40.0,1,1,1
3808,56.0,1.0,16.0,5.0,2,303.0,0.0,45.0,1,0,1
3809,24.0,1.0,21.0,1.0,0,49.0,1.0,20.0,0,1,0
3810,34.0,5.0,20.0,1.0,1,53.0,1.0,20.0,0,1,0
3811,35.0,4.0,24.0,1.0,1,49.0,0.0,50.0,1,1,1
3812,21.0,1.0,16.0,5.0,1,49.0,17.0,15.0,0,1,0
3813,46.0,5.0,21.0,1.0,0,32.0,1.0,40.0,1,1,1
3814,64.0,1.0,22.0,1.0,0,49.0,0.0,50.0,1,1,1
3815,20.0,1.0,18.0,1.0,1,49.0,10.0,35.0,0,0,0
3816,33.0,1.0,19.0,1.0,1,49.0,0.0,40.0,0,0,0
3817,38.0,1.0,21.0,1.0,0,6.0,1.0,10.0,1,1,0
3818,28.0,1.0,21.0,3.0,0,49.0,2.0,30.0,0,1,0
3819,39.0,1.0,21.0,1.0,2,312.0,1.0,40.0,0,0,0
3820,32.0,3.0,22.0,1.0,0,49.0,1.0,25.0,1,1,0
3821,60.0,1.0,21.0,1.0,2,49.0,0.0,30.0,1,1,1
3822,22.0,1.0,19.0,5.0,0,48.0,2.0,40.0,0,1,0
3823,64.0,3.0,7.0,1.0,0,13.0,1.0,40.0,1,1,1
3824,21.0,1.0,19.0,5.0,0,6.0,17.0,10.0,0,1,0
3825,64.0,4.0,21.0,1.0,2,53.0,0.0,50.0,1,1,1
3826,58.0,1.0,21.0,2.0,-1,49.0,0.0,50.0,0,1,1
3827,80.0,1.0,19.0,1.0,0,327.0,0.0,15.0,1,0,0
3828,26.0,1.0,19.0,5.0,3,49.0,0.0,40.0,1,1,1
3829,46.0,1.0,23.0,1.0,4,49.0,0.0,40.0,1,1,1
3830,17.0,1.0,13.0,5.0,1,210.0,7.0,40.0,0,0,0
3831,39.0,1.0,21.0,1.0,0,49.0,0.0,50.0,1,1,1
3832,72.0,1.0,19.0,1.0,0,49.0,1.0,40.0,1,1,1
3833,71.0,1.0,1.0,1.0,1,36.0,0.0,40.0,1,1,1
3834,78.0,1.0,16.0,1.0,4,134.0,0.0,40.0,1,1,0
3835,39.0,1.0,15.0,2.0,1,31.0,0.0,12.0,0,0,0
3836,62.0,1.0,16.0,1.0,3,49.0,1.0,60.0,1,1,1
3837,33.0,1.0,20.0,3.0,1,49.0,2.0,20.0,1,1,1
3838,51.0,1.0,16.0,1.0,4,6.0,1.0,80.0,1,1,1
3839,55.0,1.0,22.0,2.0,0,49.0,0.0,36.0,0,1,1
3840,23.0,1.0,18.0,1.0,4,301.0,0.0,32.0,1,1,0
3841,66.0,1.0,22.0,1.0,0,8.0,0.0,40.0,1,1,1
3842,24.0,1.0,16.0,5.0,0,42.0,12.0,40.0,1,1,0
3843,61.0,1.0,18.0,5.0,0,49.0,2.0,55.0,0,1,1
3844,56.0,1.0,21.0,1.0,0,49.0,1.0,40.0,0,1,0
3845,54.0,2.0,21.0,3.0,2,49.0,0.0,20.0,0,1,1
3846,66.0,1.0,14.0,3.0,4,49.0,0.0,40.0,1,1,1
3847,65.0,4.0,16.0,1.0,0,329.0,1.0,40.0,0,0,0
3848,53.0,7.0,21.0,1.0,0,8.0,1.0,50.0,1,1,1
3849,39.0,1.0,19.0,1.0,0,303.0,0.0,50.0,1,0,1
3850,32.0,1.0,19.0,5.0,1,16.0,0.0,45.0,1,0,1
3851,24.0,1.0,16.0,1.0,0,49.0,0.0,45.0,0,1,1
3852,62.0,1.0,22.0,1.0,0,49.0,1.0,55.0,1,1,1
3853,29.0,1.0,16.0,1.0,4,49.0,0.0,80.0,1,1,0
3854,44.0,4.0,9.0,1.0,1,49.0,1.0,16.0,0,1,0
3855,23.0,1.0,16.0,5.0,0,16.0,2.0,40.0,1,1,0
3856,22.0,1.0,19.0,5.0,4,49.0,17.0,25.0,0,1,0
3857,64.0,1.0,19.0,1.0,0,49.0,1.0,50.0,0,1,1
3858,62.0,6.0,19.0,1.0,1,49.0,0.0,40.0,0,1,1
3859,20.0,1.0,20.0,1.0,0,49.0,1.0,17.0,0,1,0
3860,37.0,5.0,19.0,1.0,5,163.0,0.0,50.0,1,1,1
3861,40.0,1.0,22.0,1.0,0,138.0,0.0,45.0,0,1,1
3862,44.0,3.0,22.0,1.0,2,30.0,0.0,40.0,0,1,1
3863,22.0,1.0,19.0,1.0,0,247.0,17.0,12.0,0,0,0
3864,30.0,1.0,14.0,5.0,3,49.0,0.0,15.0,1,1,0
3865,52.0,1.0,16.0,1.0,2,16.0,0.0,40.0,1,1,1
3866,29.0,1.0,19.0,1.0,2,49.0,0.0,20.0,0,1,0
3867,46.0,1.0,23.0,5.0,0,49.0,0.0,45.0,1,1,1
3868,42.0,2.0,16.0,1.0,0,49.0,1.0,70.0,1,1,1
3869,74.0,1.0,16.0,1.0,2,49.0,0.0,32.0,0,1,0
3870,25.0,4.0,16.0,5.0,0,49.0,12.0,40.0,0,1,0
3871,34.0,1.0,20.0,1.0,0,49.0,1.0,25.0,0,1,0
3872,31.0,1.0,16.0,1.0,4,49.0,1.0,45.0,1,1,1
3873,18.0,1.0,18.0,5.0,1,49.0,2.0,45.0,0,1,0
3874,25.0,1.0,20.0,5.0,2,49.0,2.0,25.0,0,1,0
3875,60.0,2.0,18.0,2.0,2,30.0,0.0,40.0,0,1,1
3876,39.0,1.0,18.0,5.0,4,16.0,2.0,40.0,1,1,0
3877,71.0,1.0,16.0,3.0,0,29.0,0.0,27.0,0,1,0
3878,39.0,2.0,20.0,1.0,0,49.0,0.0,36.0,0,1,0
3879,55.0,1.0,17.0,1.0,0,26.0,1.0,45.0,1,1,1
3880,27.0,1.0,21.0,5.0,1,365.0,0.0,12.0,0,1,0
3881,31.0,1.0,21.0,5.0,0,48.0,2.0,45.0,1,1,1
3882,55.0,1.0,16.0,1.0,4,49.0,0.0,50.0,1,1,1
3883,55.0,1.0,19.0,1.0,-1,49.0,1.0,33.0,0,1,1
3884,30.0,1.0,21.0,5.0,0,2.0,0.0,70.0,1,1,1
3885,56.0,7.0,19.0,1.0,0,6.0,1.0,60.0,0,1,1
3886,20.0,1.0,18.0,5.0,4,9.0,2.0,15.0,1,1,0
3887,64.0,4.0,24.0,3.0,0,49.0,0.0,40.0,1,1,1
3888,43.0,1.0,16.0,1.0,0,49.0,16.0,32.0,1,1,0
3889,41.0,7.0,21.0,1.0,0,49.0,1.0,60.0,1,1,1
3890,26.0,1.0,18.0,5.0,1,233.0,2.0,30.0,1,0,0
3891,30.0,5.0,21.0,1.0,0,32.0,1.0,45.0,1,1,1
3892,22.0,1.0,16.0,5.0,3,8.0,2.0,40.0,1,1,0
3893,55.0,7.0,23.0,1.0,0,16.0,0.0,40.0,1,1,1
3894,47.0,1.0,19.0,1.0,2,6.0,1.0,45.0,1,1,1
3895,42.0,3.0,19.0,1.0,0,49.0,0.0,30.0,0,1,0
3896,17.0,1.0,14.0,5.0,1,32.0,2.0,40.0,1,1,0
3897,52.0,5.0,16.0,1.0,3,49.0,0.0,40.0,1,1,0
3898,44.0,1.0,20.0,3.0,2,49.0,0.0,50.0,1,1,1
3899,60.0,1.0,15.0,3.0,0,12.0,0.0,15.0,0,1,0
3900,83.0,6.0,18.0,1.0,2,303.0,9.0,60.0,1,1,0
3901,41.0,1.0,19.0,5.0,1,49.0,2.0,50.0,1,1,1
3902,29.0,2.0,22.0,1.0,0,49.0,1.0,40.0,0,1,1
3903,92.0,6.0,22.0,1.0,2,49.0,0.0,60.0,0,1,1
3904,67.0,2.0,19.0,2.0,1,49.0,0.0,40.0,0,1,0
3905,23.0,1.0,19.0,1.0,2,49.0,9.0,3.0,1,1,0
3906,55.0,4.0,16.0,1.0,2,36.0,0.0,20.0,0,1,0
3907,27.0,1.0,19.0,3.0,2,49.0,13.0,30.0,0,1,0
3908,22.0,1.0,20.0,5.0,4,53.0,2.0,40.0,1,1,0
3909,25.0,1.0,21.0,1.0,0,53.0,1.0,1.0,0,1,0
3910,61.0,4.0,22.0,1.0,0,49.0,0.0,60.0,1,1,1
3911,30.0,1.0,21.0,5.0,0,49.0,2.0,40.0,1,1,0
3912,26.0,5.0,16.0,5.0,2,6.0,2.0,32.0,0,0,0
3913,36.0,1.0,19.0,5.0,0,49.0,2.0,40.0,0,1,0
3914,23.0,2.0,19.0,5.0,0,49.0,17.0,40.0,1,1,0
3915,42.0,2.0,23.0,5.0,0,49.0,0.0,40.0,1,1,1
3916,48.0,3.0,19.0,1.0,1,49.0,0.0,40.0,0,1,1
3917,18.0,1.0,19.0,1.0,3,49.0,9.0,40.0,1,1,0
3918,35.0,1.0,20.0,3.0,2,49.0,0.0,40.0,1,1,1
3919,41.0,1.0,21.0,3.0,0,49.0,0.0,20.0,0,1,0
3920,56.0,1.0,19.0,3.0,3,31.0,0.0,6.0,1,1,0
3921,58.0,1.0,21.0,1.0,0,49.0,1.0,40.0,1,1,1
3922,41.0,1.0,18.0,1.0,0,56.0,1.0,40.0,0,1,1
3923,47.0,7.0,19.0,1.0,0,55.0,1.0,50.0,1,1,1
3924,77.0,7.0,19.0,1.0,0,48.0,11.0,10.0,0,1,0
3925,26.0,6.0,20.0,1.0,3,527.0,10.0,10.0,1,0,0
3926,50.0,1.0,19.0,1.0,4,41.0,0.0,40.0,1,1,1
3927,19.0,1.0,16.0,5.0,4,4.0,2.0,20.0,1,1,0
3928,36.0,2.0,23.0,1.0,0,6.0,1.0,3.0,1,1,1
3929,42.0,1.0,22.0,1.0,0,303.0,1.0,40.0,1,1,1
3930,42.0,1.0,19.0,3.0,0,49.0,0.0,20.0,1,1,0
3931,33.0,1.0,20.0,1.0,0,6.0,0.0,40.0,1,0,1
3932,50.0,3.0,21.0,1.0,1,49.0,1.0,29.0,0,1,0
3933,29.0,1.0,19.0,5.0,0,17.0,2.0,20.0,0,1,0
3934,32.0,1.0,22.0,1.0,1,49.0,0.0,30.0,0,1,0
3935,28.0,1.0,21.0,1.0,0,16.0,1.0,40.0,1,1,1
3936,23.0,1.0,19.0,5.0,4,49.0,2.0,40.0,0,1,0
3937,28.0,4.0,21.0,5.0,0,49.0,0.0,1.0,0,1,1
3938,39.0,1.0,19.0,3.0,2,49.0,5.0,10.0,0,1,0
3939,37.0,1.0,18.0,5.0,4,8.0,2.0,45.0,1,1,1
3940,30.0,6.0,24.0,1.0,0,6.0,0.0,30.0,1,1,1
3941,32.0,1.0,21.0,1.0,0,31.0,1.0,32.0,0,0,0
3942,34.0,7.0,16.0,1.0,1,41.0,2.0,55.0,1,1,1
3943,64.0,1.0,21.0,1.0,0,30.0,0.0,40.0,1,1,1
3944,62.0,1.0,21.0,1.0,4,229.0,0.0,40.0,1,0,1
3945,68.0,3.0,18.0,1.0,1,26.0,1.0,40.0,0,1,0
3946,72.0,2.0,16.0,1.0,0,6.0,1.0,45.0,1,1,1
3947,64.0,1.0,21.0,1.0,0,49.0,5.0,80.0,1,1,1
3948,44.0,1.0,19.0,1.0,4,4.0,1.0,32.0,1,1,1
3949,31.0,1.0,17.0,1.0,2,49.0,1.0,50.0,1,1,1
3950,43.0,2.0,16.0,1.0,0,53.0,0.0,40.0,1,1,1
3951,41.0,3.0,21.0,1.0,1,6.0,0.0,20.0,0,0,0
3952,58.0,1.0,19.0,1.0,4,49.0,1.0,40.0,0,1,1
3953,27.0,2.0,21.0,1.0,0,6.0,0.0,40.0,1,1,1
3954,52.0,1.0,16.0,1.0,3,37.0,0.0,40.0,1,1,1
3955,54.0,1.0,19.0,1.0,2,49.0,1.0,32.0,0,1,0
3956,17.0,3.0,19.0,5.0,2,49.0,2.0,20.0,0,1,0
3957,27.0,1.0,22.0,5.0,0,18.0,0.0,40.0,1,1,1
3958,68.0,6.0,22.0,1.0,1,13.0,1.0,40.0,1,1,1
3959,34.0,1.0,24.0,5.0,0,49.0,0.0,42.0,1,1,1
3960,41.0,1.0,19.0,1.0,2,6.0,1.0,40.0,0,1,0
3961,62.0,2.0,19.0,1.0,0,49.0,1.0,40.0,0,1,1
3962,27.0,1.0,19.0,1.0,0,49.0,17.0,45.0,1,0,0
3963,37.0,2.0,19.0,1.0,0,16.0,0.0,20.0,1,1,0
3964,23.0,1.0,19.0,1.0,2,49.0,0.0,16.0,1,1,0
3965,21.0,2.0,16.0,5.0,0,4.0,2.0,40.0,1,1,0
3966,41.0,1.0,21.0,1.0,0,49.0,1.0,40.0,1,1,1
3967,34.0,1.0,19.0,1.0,3,49.0,1.0,43.0,0,1,1
3968,46.0,1.0,18.0,1.0,0,49.0,0.0,40.0,1,1,1
3969,20.0,1.0,19.0,5.0,4,49.0,17.0,20.0,0,1,0
3970,23.0,1.0,20.0,5.0,2,4.0,0.0,26.0,0,1,0
3971,18.0,1.0,18.0,5.0,1,49.0,2.0,20.0,0,1,0
3972,75.0,1.0,21.0,1.0,2,49.0,0.0,45.0,1,1,1
3973,34.0,1.0,20.0,1.0,0,49.0,0.0,40.0,1,1,1
3974,57.0,2.0,22.0,3.0,0,49.0,0.0,40.0,0,1,1
3975,31.0,4.0,22.0,1.0,0,49.0,0.0,16.0,1,1,0
3976,67.0,1.0,23.0,1.0,0,49.0,0.0,40.0,0,1,1
3977,40.0,1.0,19.0,1.0,3,15.0,0.0,32.0,1,0,1
3978,60.0,1.0,20.0,1.0,1,49.0,0.0,40.0,1,1,0
3979,62.0,5.0,22.0,1.0,2,6.0,0.0,40.0,1,0,1
3980,20.0,1.0,15.0,5.0,4,23.0,2.0,15.0,1,0,0
3981,22.0,1.0,18.0,1.0,4,49.0,1.0,50.0,1,1,0
3982,42.0,2.0,22.0,1.0,0,49.0,0.0,40.0,1,1,1
3983,60.0,1.0,18.0,2.0,2,49.0,6.0,40.0,0,1,1
3984,24.0,1.0,21.0,5.0,4,6.0,12.0,40.0,0,1,0
3985,36.0,1.0,16.0,1.0,4,49.0,0.0,32.0,1,1,0
3986,40.0,1.0,19.0,1.0,2,49.0,0.0,45.0,0,1,0
3987,53.0,3.0,21.0,1.0,0,49.0,1.0,45.0,0,1,1
3988,48.0,1.0,21.0,1.0,0,27.0,0.0,52.0,0,1,1
3989,19.0,1.0,16.0,5.0,4,8.0,2.0,60.0,1,0,0
3990,22.0,1.0,16.0,5.0,2,49.0,2.0,40.0,1,1,0
3991,35.0,1.0,19.0,5.0,4,16.0,12.0,40.0,1,1,1
3992,19.0,1.0,19.0,5.0,2,49.0,17.0,15.0,0,1,0
3993,70.0,7.0,21.0,1.0,1,229.0,0.0,45.0,1,0,1
3994,40.0,1.0,21.0,1.0,0,49.0,0.0,40.0,1,1,1
3995,22.0,1.0,19.0,5.0,1,49.0,2.0,15.0,0,1,0
3996,43.0,1.0,16.0,3.0,2,6.0,16.0,40.0,1,1,0
3997,84.0,2.0,22.0,1.0,2,49.0,1.0,70.0,1,1,0
3998,39.0,1.0,21.0,1.0,0,303.0,1.0,50.0,0,1,1
3999,37.0,7.0,20.0,1.0,0,41.0,1.0,10.0,1,1,0
4000,72.0,6.0,18.0,1.0,4,32.0,0.0,50.0,1,0,1
4001,52.0,4.0,22.0,1.0,0,49.0,1.0,40.0,0,1,1
4002,24.0,1.0,19.0,1.0,0,49.0,1.0,45.0,1,1,0
4003,17.0,5.0,14.0,5.0,1,29.0,7.0,30.0,0,1,0
4004,26.0,1.0,21.0,5.0,-1,49.0,12.0,30.0,1,1,1
4005,33.0,1.0,18.0,5.0,2,49.0,0.0,45.0,0,1,1
4006,29.0,1.0,21.0,1.0,2,49.0,0.0,25.0,0,1,0
4007,30.0,1.0,16.0,3.0,2,49.0,0.0,20.0,0,1,0
4008,39.0,1.0,21.0,1.0,0,8.0,0.0,41.0,1,1,1
4009,55.0,2.0,24.0,1.0,1,49.0,1.0,45.0,1,1,1
4010,19.0,2.0,19.0,5.0,2,49.0,17.0,25.0,0,1,0
4011,39.0,1.0,24.0,1.0,0,49.0,1.0,50.0,1,1,1
4012,30.0,1.0,19.0,1.0,3,6.0,0.0,40.0,1,1,1
4013,57.0,3.0,22.0,1.0,0,6.0,0.0,5.0,0,1,0
4014,23.0,1.0,16.0,5.0,1,370.0,17.0,40.0,1,0,0
4015,20.0,1.0,19.0,5.0,2,49.0,17.0,35.0,0,1,0
4016,43.0,1.0,20.0,1.0,3,139.0,0.0,20.0,1,1,1
4017,41.0,1.0,21.0,1.0,0,49.0,1.0,40.0,1,1,1
4018,19.0,1.0,20.0,5.0,2,49.0,12.0,6.0,0,1,0
4019,61.0,7.0,23.0,1.0,4,66.0,0.0,25.0,1,0,1
4020,55.0,1.0,21.0,1.0,0,49.0,0.0,40.0,1,1,1
4021,41.0,3.0,22.0,1.0,0,49.0,0.0,40.0,1,1,1
4022,38.0,1.0,21.0,1.0,0,32.0,1.0,40.0,1,1,1
4023,38.0,1.0,16.0,1.0,3,49.0,1.0,50.0,0,1,1
4024,46.0,1.0,16.0,1.0,0,49.0,0.0,40.0,0,1,1
4025,40.0,1.0,16.0,1.0,2,60.0,0.0,40.0,1,0,1
4026,52.0,1.0,16.0,3.0,4,16.0,6.0,40.0,0,1,0
4027,25.0,1.0,16.0,1.0,1,49.0,0.0,40.0,1,0,0
4028,59.0,1.0,19.0,1.0,2,6.0,0.0,40.0,1,1,1
4029,38.0,5.0,16.0,3.0,1,32.0,3.0,25.0,1,1,0
4030,25.0,1.0,19.0,5.0,0,49.0,0.0,45.0,0,1,1
4031,61.0,7.0,19.0,3.0,-1,49.0,0.0,96.0,1,1,1
4032,47.0,6.0,19.0,1.0,1,1.0,1.0,6.0,0,1,0
4033,21.0,6.0,19.0,5.0,1,49.0,17.0,2.0,1,1,0
4034,42.0,6.0,21.0,3.0,0,6.0,0.0,40.0,0,1,0
4035,32.0,1.0,21.0,5.0,0,49.0,12.0,40.0,1,1,1
4036,25.0,1.0,16.0,5.0,3,49.0,0.0,50.0,1,1,1
4037,64.0,3.0,17.0,2.0,0,11.0,7.0,10.0,0,1,0
4038,45.0,3.0,21.0,1.0,0,49.0,1.0,40.0,1,1,0
4039,34.0,1.0,16.0,1.0,4,49.0,0.0,40.0,1,0,1
4040,59.0,1.0,20.0,1.0,0,6.0,0.0,40.0,1,1,1
4041,34.0,1.0,22.0,1.0,0,49.0,1.0,9.0,0,1,1
4042,30.0,4.0,22.0,5.0,0,49.0,0.0,46.0,1,1,1
4043,59.0,1.0,20.0,1.0,1,49.0,1.0,45.0,0,1,0
4044,18.0,1.0,18.0,5.0,2,303.0,2.0,20.0,1,0,0
4045,41.0,1.0,20.0,1.0,1,49.0,0.0,40.0,0,1,0
4046,64.0,6.0,21.0,1.0,1,6.0,0.0,40.0,1,1,0
4047,41.0,1.0,21.0,1.0,0,38.0,0.0,40.0,1,1,1
4048,17.0,1.0,14.0,5.0,1,49.0,2.0,40.0,1,1,0
4049,18.0,4.0,14.0,5.0,1,34.0,2.0,40.0,0,1,0
4050,32.0,1.0,18.0,1.0,3,6.0,0.0,40.0,1,1,1
4051,55.0,6.0,16.0,2.0,0,49.0,3.0,40.0,0,1,0
4052,65.0,2.0,19.0,1.0,0,49.0,1.0,40.0,0,1,0
4053,57.0,1.0,22.0,1.0,0,6.0,0.0,38.0,1,1,1
4054,18.0,1.0,16.0,5.0,1,49.0,17.0,24.0,0,1,0
4055,30.0,1.0,21.0,1.0,0,49.0,1.0,60.0,0,1,0
4056,36.0,1.0,21.0,1.0,2,48.0,0.0,40.0,0,1,0
4057,55.0,1.0,16.0,1.0,3,49.0,0.0,42.0,1,1,1
4058,45.0,1.0,16.0,3.0,0,49.0,0.0,15.0,0,1,0
4059,22.0,1.0,19.0,1.0,2,49.0,0.0,30.0,1,1,0
4060,19.0,3.0,16.0,5.0,2,49.0,12.0,7.0,0,0,0
4061,19.0,1.0,19.0,5.0,2,303.0,2.0,40.0,1,0,0
4062,47.0,7.0,21.0,1.0,4,49.0,1.0,40.0,1,1,0
4063,38.0,1.0,19.0,1.0,2,6.0,1.0,40.0,0,1,1
4064,67.0,2.0,20.0,1.0,0,49.0,0.0,40.0,1,1,1
4065,60.0,1.0,18.0,3.0,1,17.0,0.0,48.0,0,1,1
4066,56.0,2.0,22.0,1.0,0,49.0,0.0,60.0,1,1,1
4067,52.0,4.0,22.0,1.0,0,49.0,0.0,40.0,1,1,1
4068,19.0,1.0,18.0,5.0,1,13.0,17.0,15.0,1,1,0
4069,28.0,1.0,19.0,5.0,2,49.0,2.0,25.0,0,1,0
4070,21.0,1.0,16.0,5.0,3,49.0,2.0,35.0,1,1,0
4071,61.0,4.0,19.0,1.0,0,39.0,0.0,40.0,1,1,1
4072,47.0,4.0,21.0,1.0,0,17.0,1.0,40.0,0,1,1
4073,25.0,1.0,21.0,1.0,2,49.0,0.0,45.0,1,0,1
4074,23.0,1.0,18.0,1.0,1,4.0,0.0,40.0,1,1,0
4075,47.0,3.0,19.0,1.0,1,49.0,0.0,30.0,1,1,0
4076,28.0,1.0,21.0,5.0,0,16.0,0.0,53.0,0,1,1
4077,46.0,1.0,21.0,1.0,0,49.0,1.0,40.0,0,1,1
4078,47.0,1.0,17.0,1.0,2,49.0,0.0,24.0,1,1,0
4079,31.0,1.0,20.0,1.0,2,49.0,0.0,40.0,0,1,1
4080,55.0,1.0,20.0,1.0,0,49.0,0.0,40.0,0,1,1
4081,46.0,1.0,19.0,1.0,2,16.0,0.0,43.0,0,1,1
4082,38.0,1.0,19.0,1.0,4,6.0,0.0,30.0,1,1,0
4083,41.0,1.0,21.0,1.0,1,53.0,1.0,25.0,0,1,0
4084,60.0,8.0,18.0,1.0,1,6.0,1.0,20.0,0,1,0
4085,61.0,1.0,18.0,1.0,0,6.0,1.0,40.0,0,1,0
4086,40.0,6.0,21.0,1.0,2,36.0,0.0,5.0,0,1,0
4087,67.0,2.0,23.0,1.0,0,49.0,1.0,58.0,1,1,1
4088,42.0,1.0,16.0,3.0,2,49.0,2.0,50.0,0,1,0
4089,53.0,1.0,8.0,1.0,3,49.0,0.0,50.0,1,1,1
4090,58.0,7.0,21.0,1.0,0,6.0,0.0,84.0,1,1,1
4091,70.0,6.0,21.0,1.0,2,4.0,0.0,30.0,0,1,0
4092,37.0,1.0,19.0,5.0,0,49.0,0.0,40.0,1,1,1
4093,22.0,1.0,19.0,5.0,0,49.0,2.0,4.0,1,1,0
4094,60.0,7.0,21.0,1.0,0,39.0,0.0,30.0,1,0,0
4095,63.0,1.0,21.0,1.0,0,6.0,0.0,40.0,0,1,1
4096,30.0,1.0,15.0,2.0,4,49.0,13.0,40.0,0,1,0
4097,55.0,7.0,21.0,1.0,0,53.0,0.0,36.0,1,1,1
4098,59.0,4.0,20.0,1.0,2,49.0,1.0,50.0,0,1,1
4099,29.0,1.0,21.0,1.0,3,49.0,1.0,55.0,1,1,1
4100,17.0,1.0,14.0,5.0,1,209.0,2.0,40.0,1,0,0
4101,25.0,1.0,21.0,1.0,0,49.0,1.0,15.0,0,1,0
4102,28.0,1.0,20.0,1.0,0,49.0,1.0,15.0,0,1,0
4103,28.0,1.0,21.0,1.0,0,49.0,0.0,55.0,1,1,1
4104,32.0,1.0,20.0,1.0,2,49.0,0.0,42.0,0,1,0
4105,56.0,1.0,17.0,5.0,1,49.0,5.0,40.0,0,1,0
4106,31.0,1.0,22.0,1.0,0,49.0,1.0,52.0,0,1,0
4107,42.0,1.0,20.0,1.0,1,303.0,0.0,65.0,1,0,1
4108,31.0,1.0,16.0,1.0,1,49.0,1.0,8.0,0,1,0
4109,41.0,1.0,19.0,4.0,3,16.0,11.0,32.0,1,1,0
4110,54.0,2.0,18.0,3.0,2,49.0,0.0,55.0,0,1,1
4111,23.0,1.0,19.0,5.0,1,6.0,2.0,15.0,0,0,0
4112,36.0,1.0,21.0,1.0,1,49.0,0.0,3.0,0,1,0
4113,17.0,1.0,13.0,5.0,2,303.0,6.0,20.0,0,0,0
4114,66.0,5.0,19.0,3.0,2,49.0,0.0,40.0,0,1,1
4115,41.0,1.0,24.0,3.0,0,49.0,12.0,40.0,1,1,1
4116,45.0,2.0,21.0,1.0,0,49.0,2.0,82.0,0,1,1
4117,23.0,1.0,19.0,5.0,2,49.0,12.0,16.0,1,1,0
4118,46.0,1.0,19.0,1.0,0,49.0,1.0,40.0,1,1,1
4119,27.0,1.0,18.0,1.0,0,49.0,0.0,6.0,1,1,0
4120,33.0,1.0,24.0,1.0,0,45.0,0.0,40.0,1,1,1
4121,32.0,1.0,22.0,1.0,0,49.0,0.0,60.0,1,1,1
4122,59.0,1.0,20.0,1.0,2,6.0,9.0,42.0,1,0,1
4123,65.0,1.0,20.0,3.0,2,8.0,0.0,53.0,0,1,1
4124,26.0,1.0,18.0,5.0,4,49.0,0.0,40.0,0,1,0
4125,58.0,5.0,18.0,1.0,4,303.0,0.0,20.0,1,0,0
4126,37.0,1.0,20.0,1.0,2,49.0,0.0,40.0,1,1,0
4127,29.0,1.0,19.0,5.0,2,49.0,10.0,36.0,0,1,0
4128,21.0,1.0,16.0,5.0,0,47.0,6.0,52.0,0,1,1
4129,46.0,1.0,16.0,5.0,1,19.0,13.0,28.0,0,1,0
4130,46.0,6.0,21.0,1.0,0,49.0,1.0,30.0,1,0,0
4131,42.0,1.0,16.0,1.0,2,32.0,0.0,38.0,1,1,0
4132,23.0,1.0,18.0,5.0,2,49.0,0.0,20.0,0,1,0
4133,38.0,1.0,20.0,1.0,0,42.0,1.0,40.0,0,1,0
4134,59.0,7.0,21.0,1.0,-1,4.0,0.0,60.0,1,1,1
4135,31.0,1.0,15.0,1.0,2,49.0,4.0,50.0,1,1,1
4136,40.0,2.0,21.0,1.0,0,31.0,0.0,40.0,1,1,1
4137,39.0,3.0,20.0,1.0,0,49.0,1.0,40.0,0,1,1
4138,34.0,6.0,21.0,1.0,4,49.0,1.0,50.0,1,1,1
4139,18.0,1.0,18.0,5.0,1,48.0,2.0,80.0,0,1,0
4140,23.0,1.0,18.0,5.0,2,60.0,12.0,40.0,1,0,1
4141,30.0,6.0,18.0,1.0,2,49.0,1.0,45.0,1,1,1
4142,18.0,1.0,14.0,5.0,1,6.0,2.0,40.0,1,1,0
4143,57.0,6.0,19.0,4.0,0,215.0,0.0,40.0,1,0,0
4144,50.0,3.0,16.0,1.0,3,49.0,0.0,40.0,1,1,1
4145,36.0,1.0,21.0,3.0,4,6.0,12.0,35.0,1,0,1
4146,41.0,1.0,20.0,1.0,3,49.0,0.0,8.0,1,1,0
4147,47.0,7.0,18.0,1.0,0,49.0,1.0,40.0,1,1,1
4148,24.0,1.0,19.0,5.0,2,49.0,2.0,40.0,0,1,1
4149,17.0,1.0,14.0,5.0,3,49.0,2.0,40.0,1,1,0
4150,46.0,1.0,16.0,1.0,2,49.0,0.0,45.0,1,1,1
4151,24.0,2.0,19.0,1.0,0,16.0,0.0,40.0,1,1,1
4152,33.0,4.0,22.0,1.0,0,31.0,0.0,60.0,1,0,1
4153,56.0,2.0,21.0,1.0,2,56.0,1.0,40.0,1,1,1
4154,60.0,7.0,19.0,1.0,1,49.0,0.0,43.0,1,1,1
4155,48.0,7.0,23.0,1.0,0,8.0,1.0,40.0,1,1,1
4156,39.0,7.0,8.0,1.0,3,242.0,0.0,50.0,1,0,1
4157,28.0,1.0,16.0,1.0,2,49.0,1.0,50.0,0,1,0
4158,40.0,1.0,18.0,1.0,2,49.0,1.0,42.0,1,1,1
4159,24.0,1.0,16.0,5.0,2,30.0,0.0,30.0,0,1,0
4160,30.0,1.0,21.0,1.0,0,49.0,0.0,60.0,1,1,1
4161,62.0,1.0,22.0,4.0,0,49.0,0.0,40.0,0,1,1
4162,40.0,6.0,13.0,3.0,4,49.0,16.0,55.0,1,1,0
4163,42.0,2.0,21.0,1.0,2,49.0,0.0,40.0,0,1,1
4164,64.0,3.0,18.0,1.0,0,8.0,1.0,40.0,1,1,1
4165,21.0,1.0,19.0,5.0,1,6.0,17.0,15.0,1,1,0
4166,22.0,1.0,19.0,1.0,2,53.0,1.0,40.0,0,1,0
4167,27.0,1.0,20.0,5.0,2,303.0,0.0,54.0,1,1,1
4168,33.0,1.0,21.0,1.0,4,49.0,0.0,36.0,1,1,0
4169,44.0,1.0,16.0,1.0,3,49.0,1.0,30.0,1,1,1
4170,37.0,3.0,22.0,1.0,0,24.0,1.0,42.0,1,1,1
4171,70.0,1.0,16.0,1.0,0,49.0,0.0,40.0,1,1,1
4172,22.0,1.0,19.0,5.0,2,26.0,0.0,60.0,1,0,1
4173,18.0,1.0,19.0,5.0,0,49.0,17.0,25.0,1,1,0
4174,57.0,7.0,19.0,1.0,0,49.0,1.0,50.0,1,1,1
4175,31.0,1.0,19.0,1.0,2,427.0,0.0,35.0,0,0,1
4176,61.0,4.0,20.0,4.0,1,42.0,2.0,16.0,0,1,0
4177,40.0,1.0,16.0,1.0,1,49.0,1.0,40.0,1,1,0
4178,71.0,1.0,19.0,1.0,2,373.0,0.0,60.0,1,1,0
4179,27.0,1.0,21.0,1.0,0,49.0,0.0,40.0,1,0,1
4180,24.0,2.0,16.0,5.0,1,48.0,13.0,47.0,1,1,1
4181,47.0,1.0,17.0,1.0,2,56.0,0.0,40.0,0,1,0
4182,21.0,1.0,20.0,1.0,4,49.0,1.0,32.0,0,1,0
4183,39.0,1.0,16.0,1.0,4,29.0,0.0,40.0,0,1,1
4184,61.0,6.0,19.0,1.0,3,4.0,1.0,40.0,0,1,0
4185,20.0,1.0,19.0,5.0,2,26.0,2.0,36.0,0,1,0
4186,20.0,1.0,16.0,1.0,1,32.0,10.0,25.0,0,1,0
4187,66.0,2.0,21.0,1.0,0,365.0,1.0,50.0,1,1,1
4188,25.0,1.0,16.0,1.0,0,16.0,0.0,40.0,1,1,0
4189,33.0,1.0,16.0,5.0,4,247.0,2.0,50.0,1,0,0
4190,80.0,3.0,4.0,4.0,1,49.0,17.0,40.0,0,1,0
4191,54.0,1.0,16.0,1.0,3,4.0,0.0,40.0,1,1,1
4192,63.0,6.0,13.0,2.0,1,49.0,0.0,6.0,0,1,0
4193,78.0,1.0,23.0,1.0,0,49.0,0.0,75.0,1,1,0
4194,43.0,2.0,19.0,2.0,0,49.0,0.0,40.0,0,1,1
4195,59.0,2.0,20.0,1.0,2,49.0,0.0,40.0,0,1,1
4196,48.0,7.0,19.0,1.0,0,210.0,1.0,20.0,0,1,0
4197,19.0,1.0,19.0,5.0,4,6.0,17.0,18.0,1,1,0
4198,63.0,1.0,21.0,3.0,2,27.0,0.0,50.0,0,1,1
4199,35.0,1.0,22.0,1.0,0,49.0,1.0,40.0,0,1,1
4200,17.0,1.0,13.0,5.0,1,29.0,10.0,40.0,1,1,0
4201,22.0,1.0,19.0,5.0,0,49.0,17.0,40.0,0,1,0
4202,48.0,4.0,22.0,1.0,0,49.0,1.0,35.0,0,1,0
4203,24.0,1.0,19.0,5.0,0,6.0,0.0,25.0,1,1,1
4204,41.0,1.0,22.0,1.0,0,30.0,1.0,45.0,1,1,1
4205,43.0,1.0,21.0,1.0,2,49.0,0.0,40.0,1,1,0
4206,39.0,4.0,20.0,5.0,2,49.0,13.0,8.0,0,0,0
4207,56.0,4.0,22.0,3.0,0,49.0,0.0,40.0,0,1,1
4208,48.0,1.0,21.0,1.0,-1,16.0,0.0,55.0,1,1,1
4209,56.0,1.0,16.0,1.0,3,49.0,0.0,48.0,1,1,1
4210,49.0,1.0,16.0,1.0,2,2.0,1.0,40.0,0,1,1
4211,26.0,7.0,21.0,1.0,2,49.0,0.0,3.0,0,1,0
4212,60.0,1.0,21.0,1.0,0,6.0,0.0,50.0,1,1,1
4213,30.0,1.0,21.0,5.0,0,8.0,13.0,40.0,0,1,0
4214,17.0,1.0,16.0,5.0,3,49.0,2.0,40.0,1,1,0
4215,17.0,1.0,14.0,5.0,1,19.0,7.0,45.0,0,1,0
4216,50.0,1.0,19.0,1.0,1,49.0,0.0,35.0,1,1,1
4217,42.0,1.0,19.0,1.0,2,49.0,1.0,48.0,0,1,1
4218,42.0,1.0,20.0,1.0,3,6.0,0.0,40.0,1,1,1
4219,53.0,1.0,18.0,3.0,0,6.0,0.0,45.0,1,1,1
4220,22.0,4.0,19.0,5.0,2,6.0,17.0,40.0,1,1,0
4221,24.0,1.0,19.0,5.0,3,49.0,0.0,50.0,1,1,1
4222,34.0,3.0,21.0,1.0,0,49.0,0.0,40.0,0,1,1
4223,21.0,1.0,18.0,5.0,1,110.0,13.0,54.0,1,1,0
4224,42.0,1.0,16.0,3.0,4,6.0,0.0,42.0,1,1,1
4225,19.0,1.0,16.0,5.0,1,49.0,9.0,15.0,0,1,0
4226,25.0,1.0,20.0,5.0,0,42.0,0.0,30.0,0,1,0
4227,34.0,4.0,20.0,5.0,2,49.0,5.0,22.0,0,1,0
4228,21.0,4.0,19.0,5.0,0,210.0,17.0,40.0,1,0,0
4229,61.0,4.0,22.0,1.0,2,49.0,0.0,40.0,1,1,1
4230,38.0,6.0,16.0,1.0,3,56.0,0.0,60.0,1,1,1
4231,30.0,5.0,21.0,1.0,0,49.0,9.0,46.0,1,1,0
4232,27.0,1.0,20.0,5.0,2,303.0,2.0,45.0,1,0,1
4233,22.0,1.0,16.0,5.0,2,49.0,7.0,18.0,0,1,0
4234,61.0,1.0,18.0,5.0,1,49.0,2.0,40.0,0,1,0
4235,39.0,1.0,21.0,5.0,0,49.0,2.0,40.0,1,1,0
4236,25.0,1.0,19.0,5.0,2,49.0,0.0,42.0,1,1,1
4237,31.0,1.0,21.0,1.0,2,49.0,1.0,40.0,0,1,1
4238,42.0,7.0,22.0,5.0,0,30.0,2.0,60.0,1,1,1
4239,19.0,1.0,16.0,5.0,4,24.0,17.0,25.0,1,1,0
4240,33.0,1.0,21.0,1.0,0,49.0,1.0,48.0,1,1,1
4241,44.0,1.0,19.0,1.0,0,56.0,1.0,30.0,0,1,0
4242,27.0,1.0,16.0,1.0,1,39.0,10.0,40.0,0,1,0
4243,23.0,1.0,19.0,5.0,1,49.0,5.0,4.0,0,1,0
4244,30.0,1.0,16.0,1.0,4,49.0,0.0,40.0,1,1,1
4245,58.0,1.0,20.0,1.0,0,6.0,0.0,50.0,1,1,1
4246,41.0,2.0,21.0,1.0,0,6.0,1.0,40.0,1,1,1
4247,52.0,1.0,20.0,1.0,2,49.0,1.0,40.0,1,1,1
4248,32.0,1.0,21.0,5.0,2,19.0,7.0,40.0,0,1,0
4249,31.0,1.0,16.0,5.0,4,6.0,0.0,60.0,0,1,1
4250,62.0,1.0,19.0,1.0,3,27.0,1.0,42.0,1,1,1
4251,34.0,7.0,22.0,1.0,0,303.0,0.0,96.0,1,1,0
4252,21.0,4.0,19.0,5.0,0,21.0,17.0,15.0,0,1,0
4253,54.0,1.0,24.0,3.0,0,6.0,0.0,45.0,0,1,1
4254,62.0,6.0,21.0,1.0,0,303.0,0.0,24.0,0,1,1
4255,31.0,1.0,19.0,1.0,2,8.0,1.0,30.0,0,1,0
4256,25.0,1.0,19.0,1.0,2,49.0,0.0,50.0,1,1,0
4257,41.0,1.0,16.0,1.0,2,16.0,0.0,40.0,0,1,1
4258,48.0,3.0,16.0,1.0,0,6.0,1.0,30.0,0,1,0
4259,27.0,1.0,21.0,1.0,0,49.0,0.0,40.0,0,1,1
4260,70.0,1.0,19.0,5.0,2,35.0,5.0,42.0,1,0,0
4261,52.0,1.0,16.0,3.0,2,30.0,0.0,40.0,1,1,1
4262,62.0,1.0,24.0,1.0,0,49.0,0.0,40.0,1,1,1
4263,21.0,1.0,16.0,5.0,1,49.0,17.0,45.0,1,1,0
4264,71.0,7.0,20.0,1.0,3,49.0,4.0,55.0,1,1,1
4265,33.0,1.0,22.0,1.0,4,20.0,1.0,40.0,1,1,1
4266,22.0,1.0,19.0,5.0,0,49.0,2.0,45.0,1,1,0
4267,44.0,1.0,22.0,1.0,-1,49.0,1.0,40.0,0,1,1
4268,48.0,1.0,16.0,1.0,4,49.0,1.0,45.0,1,1,1
4269,57.0,1.0,6.0,3.0,2,49.0,0.0,32.0,0,1,0
4270,56.0,1.0,15.0,5.0,4,49.0,5.0,10.0,1,1,0
4271,38.0,1.0,16.0,1.0,1,49.0,1.0,12.0,0,1,0
4272,34.0,1.0,21.0,1.0,0,49.0,0.0,58.0,1,1,0
4273,75.0,5.0,18.0,4.0,1,1.0,0.0,40.0,1,1,1
4274,20.0,6.0,16.0,5.0,4,49.0,3.0,30.0,1,1,0
4275,58.0,1.0,21.0,1.0,0,49.0,1.0,50.0,0,1,1
4276,22.0,1.0,21.0,1.0,2,53.0,1.0,40.0,0,0,1
4277,68.0,7.0,20.0,1.0,0,32.0,0.0,50.0,1,1,1
4278,41.0,1.0,15.0,3.0,0,49.0,11.0,28.0,0,1,1
4279,56.0,6.0,18.0,1.0,2,49.0,1.0,40.0,1,1,1
4280,18.0,1.0,18.0,5.0,4,49.0,2.0,40.0,1,1,0
4281,30.0,4.0,21.0,5.0,0,17.0,12.0,40.0,0,1,0
4282,49.0,7.0,18.0,1.0,2,303.0,1.0,40.0,0,1,1
4283,49.0,1.0,16.0,1.0,4,4.0,0.0,38.0,1,1,1
4284,43.0,5.0,21.0,1.0,0,12.0,1.0,50.0,0,1,1
4285,32.0,1.0,16.0,1.0,2,110.0,1.0,40.0,0,1,0
4286,28.0,1.0,18.0,1.0,2,49.0,0.0,40.0,1,1,1
4287,27.0,7.0,21.0,1.0,0,16.0,1.0,1.0,0,1,0
4288,35.0,1.0,20.0,1.0,-1,49.0,0.0,35.0,1,1,1
4289,27.0,1.0,19.0,5.0,1,49.0,2.0,20.0,1,1,0
4290,48.0,4.0,18.0,1.0,0,49.0,1.0,35.0,0,1,1
4291,44.0,1.0,21.0,1.0,0,49.0,0.0,60.0,1,1,1
4292,39.0,1.0,18.0,1.0,1,49.0,0.0,40.0,1,1,0
4293,30.0,1.0,16.0,5.0,1,49.0,0.0,30.0,0,1,0
4294,57.0,1.0,17.0,1.0,1,217.0,0.0,35.0,1,0,0
4295,52.0,1.0,21.0,1.0,2,49.0,0.0,40.0,1,1,1
4296,59.0,7.0,22.0,1.0,0,16.0,2.0,45.0,1,0,1
4297,57.0,4.0,16.0,1.0,3,303.0,0.0,40.0,1,0,1
4298,21.0,3.0,16.0,5.0,1,49.0,0.0,28.0,0,0,0
4299,50.0,1.0,16.0,1.0,4,6.0,1.0,40.0,1,1,0
4300,25.0,4.0,21.0,5.0,0,30.0,10.0,30.0,1,1,0
4301,70.0,6.0,24.0,1.0,0,49.0,0.0,60.0,1,1,1
4302,30.0,1.0,16.0,1.0,0,16.0,1.0,32.0,1,1,1
4303,29.0,1.0,18.0,5.0,0,49.0,11.0,40.0,1,1,0
4304,32.0,1.0,21.0,1.0,0,207.0,0.0,45.0,1,0,1
4305,60.0,6.0,21.0,1.0,0,55.0,0.0,50.0,0,1,1
4306,34.0,5.0,21.0,3.0,0,49.0,0.0,40.0,1,1,1
4307,59.0,1.0,21.0,3.0,1,49.0,0.0,32.0,0,1,1
4308,27.0,1.0,20.0,1.0,0,49.0,0.0,30.0,0,1,0
4309,40.0,1.0,23.0,5.0,0,49.0,11.0,40.0,0,1,1
4310,34.0,1.0,16.0,5.0,1,49.0,2.0,2.0,0,1,0
4311,49.0,4.0,16.0,1.0,2,49.0,0.0,38.0,0,1,0
4312,48.0,1.0,16.0,1.0,4,207.0,1.0,40.0,0,0,0
4313,31.0,1.0,16.0,1.0,1,31.0,0.0,35.0,0,0,1
4314,31.0,1.0,22.0,1.0,0,55.0,1.0,40.0,1,1,1
4315,49.0,1.0,22.0,1.0,0,49.0,0.0,40.0,0,1,1
4316,23.0,1.0,20.0,5.0,0,370.0,2.0,40.0,0,1,0
4317,30.0,1.0,16.0,1.0,3,49.0,9.0,40.0,1,1,0
4318,55.0,7.0,18.0,1.0,2,6.0,0.0,20.0,0,1,0
4319,30.0,4.0,10.0,5.0,3,527.0,5.0,50.0,1,0,1
4320,31.0,1.0,20.0,1.0,3,49.0,0.0,40.0,1,1,1
4321,39.0,1.0,19.0,1.0,1,49.0,0.0,50.0,0,1,1
4322,63.0,1.0,16.0,3.0,0,49.0,0.0,40.0,1,1,1
4323,48.0,1.0,22.0,1.0,0,16.0,1.0,50.0,1,1,1
4324,26.0,1.0,16.0,3.0,2,49.0,2.0,20.0,1,1,0
4325,32.0,1.0,22.0,3.0,0,49.0,12.0,40.0,0,1,1
4326,60.0,2.0,19.0,1.0,2,32.0,0.0,36.0,0,0,0
4327,43.0,1.0,20.0,2.0,2,49.0,0.0,27.0,0,1,0
4328,62.0,1.0,16.0,4.0,0,49.0,0.0,40.0,0,1,1
4329,29.0,3.0,21.0,5.0,1,49.0,2.0,32.0,0,0,0
4330,33.0,1.0,16.0,1.0,0,56.0,0.0,40.0,1,1,1
4331,22.0,1.0,16.0,5.0,4,303.0,17.0,20.0,0,0,0
4332,35.0,1.0,19.0,3.0,4,49.0,2.0,48.0,1,1,1
4333,26.0,1.0,17.0,5.0,1,49.0,2.0,20.0,1,1,0
4334,19.0,1.0,18.0,5.0,2,16.0,2.0,45.0,0,1,0
4335,44.0,3.0,22.0,1.0,0,49.0,0.0,30.0,1,1,1
4336,59.0,1.0,16.0,1.0,0,49.0,1.0,40.0,1,1,0
4337,36.0,4.0,21.0,1.0,0,49.0,0.0,40.0,1,1,1
4338,35.0,1.0,16.0,5.0,2,6.0,13.0,30.0,0,1,0
4339,73.0,7.0,22.0,1.0,0,49.0,0.0,20.0,1,1,1
4340,23.0,1.0,19.0,5.0,0,49.0,0.0,24.0,0,0,0
4341,56.0,1.0,19.0,1.0,3,16.0,0.0,55.0,1,1,1
4342,42.0,1.0,13.0,1.0,4,207.0,0.0,40.0,1,0,1
4343,36.0,3.0,22.0,1.0,0,49.0,10.0,40.0,1,1,1
4344,58.0,1.0,18.0,1.0,4,49.0,0.0,40.0,1,1,1
4345,20.0,1.0,19.0,5.0,4,49.0,17.0,32.0,0,1,0
4346,20.0,1.0,16.0,5.0,2,49.0,2.0,30.0,0,1,0
4347,40.0,7.0,20.0,1.0,2,316.0,1.0,99.0,0,1,0
4348,55.0,1.0,16.0,1.0,4,6.0,1.0,18.0,1,1,0
4349,47.0,1.0,18.0,1.0,1,49.0,0.0,6.0,0,1,0
4350,61.0,7.0,20.0,1.0,1,49.0,2.0,30.0,0,1,0
4351,23.0,1.0,19.0,5.0,0,36.0,17.0,40.0,0,1,0
4352,31.0,1.0,19.0,1.0,2,48.0,0.0,10.0,0,1,0
4353,40.0,3.0,22.0,1.0,0,49.0,0.0,40.0,1,1,1
4354,64.0,1.0,18.0,3.0,4,49.0,0.0,40.0,1,1,0
4355,31.0,1.0,16.0,1.0,4,49.0,0.0,32.0,0,1,0
4356,61.0,1.0,19.0,1.0,2,314.0,1.0,40.0,0,1,1
4357,39.0,1.0,20.0,1.0,3,49.0,0.0,50.0,1,1,0
4358,38.0,1.0,16.0,1.0,4,49.0,0.0,50.0,1,1,0
4359,42.0,1.0,22.0,1.0,-1,49.0,1.0,41.0,1,1,1
4360,46.0,1.0,22.0,1.0,0,49.0,1.0,45.0,0,1,1
4361,18.0,1.0,16.0,5.0,1,6.0,2.0,60.0,1,1,0
4362,63.0,2.0,22.0,1.0,0,49.0,0.0,40.0,0,1,1
4363,31.0,4.0,16.0,1.0,0,56.0,1.0,29.0,0,1,0
4364,24.0,4.0,21.0,5.0,0,6.0,13.0,40.0,0,1,0
4365,37.0,1.0,16.0,1.0,2,16.0,1.0,40.0,1,1,1
4366,20.0,2.0,19.0,5.0,2,139.0,17.0,36.0,0,1,0
4367,76.0,4.0,1.0,1.0,2,4.0,0.0,50.0,1,1,0
4368,27.0,1.0,15.0,5.0,4,49.0,0.0,40.0,0,1,1
4369,18.0,1.0,16.0,5.0,0,6.0,2.0,25.0,0,1,0
4370,61.0,6.0,20.0,1.0,3,49.0,0.0,60.0,1,1,1
4371,24.0,1.0,18.0,1.0,4,49.0,1.0,45.0,1,1,1
4372,40.0,1.0,22.0,1.0,1,34.0,0.0,22.0,1,1,1
4373,39.0,2.0,21.0,1.0,0,49.0,1.0,40.0,1,1,1
4374,40.0,5.0,21.0,3.0,-1,36.0,0.0,45.0,1,1,1
4375,41.0,1.0,16.0,1.0,-1,49.0,1.0,40.0,0,1,1
4376,18.0,2.0,24.0,5.0,0,49.0,14.0,40.0,0,1,0
4377,62.0,1.0,20.0,3.0,2,16.0,0.0,20.0,0,1,0
4378,33.0,3.0,22.0,1.0,0,56.0,0.0,29.0,0,1,1
4379,48.0,5.0,19.0,1.0,1,49.0,1.0,40.0,1,1,1
4380,19.0,1.0,19.0,5.0,3,6.0,2.0,40.0,1,1,0
4381,22.0,1.0,19.0,5.0,2,4.0,12.0,50.0,0,1,1
4382,45.0,1.0,19.0,3.0,4,9.0,0.0,40.0,1,1,0
4383,37.0,1.0,18.0,3.0,2,49.0,13.0,40.0,1,1,0
4384,59.0,1.0,16.0,2.0,1,49.0,0.0,80.0,0,0,1
4385,35.0,3.0,18.0,1.0,0,49.0,1.0,40.0,1,1,1
4386,20.0,1.0,17.0,5.0,0,16.0,2.0,10.0,0,1,0
4387,43.0,7.0,19.0,1.0,0,53.0,1.0,40.0,1,1,1
4388,18.0,1.0,16.0,5.0,4,49.0,2.0,30.0,1,1,0
4389,42.0,1.0,19.0,1.0,2,53.0,1.0,40.0,0,1,0
4390,20.0,1.0,19.0,5.0,3,303.0,17.0,46.0,1,1,0
4391,64.0,1.0,16.0,1.0,0,49.0,1.0,45.0,1,1,0
4392,36.0,5.0,22.0,2.0,0,6.0,0.0,30.0,0,1,0
4393,59.0,1.0,21.0,1.0,0,49.0,1.0,65.0,0,1,1
4394,25.0,3.0,19.0,5.0,2,49.0,2.0,40.0,1,1,0
4395,72.0,1.0,21.0,5.0,0,303.0,0.0,40.0,1,0,1
4396,43.0,3.0,16.0,1.0,4,303.0,1.0,45.0,0,1,0
4397,54.0,1.0,16.0,3.0,4,49.0,0.0,40.0,0,1,0
4398,68.0,4.0,23.0,1.0,0,42.0,1.0,40.0,1,1,1
4399,24.0,1.0,16.0,1.0,2,312.0,0.0,20.0,0,1,0
4400,51.0,3.0,23.0,1.0,0,49.0,1.0,40.0,0,1,1
4401,27.0,1.0,16.0,5.0,1,49.0,0.0,40.0,0,1,1
4402,38.0,1.0,18.0,1.0,1,6.0,1.0,40.0,1,1,1
4403,50.0,1.0,21.0,1.0,0,49.0,0.0,42.0,0,1,1
4404,34.0,1.0,21.0,1.0,4,49.0,0.0,45.0,1,0,1
4405,61.0,1.0,24.0,1.0,2,49.0,1.0,40.0,0,1,0
4406,30.0,4.0,22.0,1.0,0,49.0,0.0,40.0,0,1,1
4407,27.0,1.0,21.0,5.0,0,49.0,0.0,50.0,1,1,1
4408,19.0,3.0,16.0,5.0,4,49.0,2.0,40.0,1,1,1
4409,57.0,1.0,22.0,1.0,4,49.0,0.0,40.0,1,1,0
4410,46.0,1.0,16.0,1.0,4,31.0,1.0,32.0,0,1,1
4411,64.0,4.0,21.0,1.0,0,18.0,1.0,40.0,1,1,1
4412,52.0,1.0,16.0,1.0,1,24.0,0.0,16.0,1,1,0
4413,17.0,1.0,14.0,5.0,2,6.0,2.0,2.0,0,1,0
4414,41.0,1.0,21.0,3.0,0,49.0,0.0,40.0,1,1,1
4415,33.0,1.0,19.0,1.0,3,49.0,0.0,55.0,1,1,1
4416,38.0,1.0,20.0,1.0,0,49.0,0.0,40.0,1,1,1
4417,48.0,1.0,21.0,1.0,2,17.0,1.0,20.0,1,1,1
4418,17.0,1.0,14.0,5.0,0,6.0,2.0,35.0,0,1,0
4419,66.0,1.0,21.0,1.0,0,303.0,0.0,12.0,1,1,1
4420,76.0,4.0,16.0,1.0,0,303.0,1.0,60.0,0,0,1
4421,45.0,2.0,24.0,1.0,0,36.0,0.0,40.0,0,1,1
4422,28.0,1.0,16.0,1.0,4,49.0,0.0,25.0,1,1,0
4423,43.0,1.0,18.0,1.0,1,49.0,1.0,40.0,1,1,1
4424,34.0,2.0,22.0,1.0,0,49.0,0.0,25.0,1,1,1
4425,40.0,1.0,16.0,1.0,3,49.0,1.0,70.0,1,1,1
4426,37.0,1.0,21.0,1.0,2,29.0,0.0,45.0,1,1,1
4427,26.0,6.0,20.0,1.0,1,49.0,9.0,5.0,0,1,0
4428,30.0,4.0,22.0,5.0,0,49.0,0.0,42.0,0,1,1
4429,39.0,1.0,16.0,1.0,1,49.0,1.0,45.0,0,1,1
4430,47.0,7.0,19.0,1.0,2,49.0,0.0,80.0,0,1,1
4431,35.0,1.0,21.0,1.0,0,53.0,1.0,45.0,0,1,1
4432,50.0,1.0,16.0,1.0,3,12.0,2.0,40.0,1,1,1
4433,33.0,6.0,16.0,1.0,3,49.0,1.0,40.0,1,1,1
4434,43.0,1.0,20.0,1.0,4,49.0,1.0,50.0,1,1,1
4435,64.0,1.0,19.0,1.0,0,49.0,0.0,40.0,0,1,0
4436,38.0,2.0,24.0,1.0,0,49.0,0.0,50.0,0,0,1
4437,46.0,1.0,19.0,1.0,2,373.0,1.0,40.0,0,0,0
4438,71.0,4.0,23.0,1.0,0,30.0,0.0,40.0,1,1,1
4439,31.0,1.0,19.0,1.0,0,132.0,1.0,52.0,1,1,1
4440,23.0,1.0,16.0,1.0,4,39.0,0.0,40.0,1,1,0
4441,70.0,1.0,15.0,2.0,1,8.0,0.0,30.0,0,1,0
4442,63.0,1.0,19.0,1.0,2,209.0,0.0,45.0,1,0,1
4443,82.0,1.0,21.0,1.0,0,29.0,1.0,40.0,1,1,1
4444,57.0,4.0,23.0,1.0,0,49.0,1.0,40.0,1,1,1
4445,22.0,1.0,19.0,5.0,1,27.0,0.0,32.0,0,0,0
4446,26.0,1.0,19.0,5.0,2,49.0,0.0,32.0,0,1,0
4447,50.0,1.0,19.0,1.0,0,163.0,0.0,40.0,1,1,1
4448,40.0,1.0,18.0,1.0,3,6.0,0.0,40.0,0,1,1
4449,69.0,6.0,20.0,1.0,0,6.0,0.0,40.0,1,1,0
4450,30.0,1.0,18.0,1.0,0,4.0,0.0,40.0,0,1,1
4451,26.0,7.0,19.0,1.0,2,49.0,0.0,35.0,0,1,0
4452,25.0,1.0,21.0,5.0,0,16.0,12.0,40.0,1,1,1
4453,21.0,1.0,19.0,5.0,4,48.0,0.0,40.0,1,1,0
4454,17.0,1.0,14.0,5.0,1,303.0,2.0,39.0,1,1,0
4455,58.0,5.0,19.0,3.0,4,312.0,0.0,42.0,0,1,1
4456,57.0,4.0,18.0,1.0,1,6.0,0.0,40.0,0,1,0
4457,39.0,1.0,19.0,1.0,0,42.0,0.0,40.0,1,1,1
4458,40.0,1.0,18.0,1.0,2,15.0,0.0,32.0,0,1,0
4459,18.0,1.0,15.0,5.0,1,49.0,2.0,40.0,0,1,0
4460,39.0,1.0,20.0,1.0,4,49.0,0.0,45.0,1,1,0
4461,31.0,1.0,21.0,1.0,0,303.0,1.0,30.0,0,1,0
4462,57.0,1.0,19.0,2.0,1,32.0,0.0,50.0,0,1,0
4463,57.0,1.0,16.0,5.0,3,6.0,0.0,40.0,1,1,0
4464,38.0,1.0,19.0,1.0,4,370.0,0.0,40.0,1,1,1
4465,49.0,7.0,19.0,1.0,1,39.0,0.0,40.0,1,1,1
4466,40.0,4.0,21.0,1.0,0,49.0,1.0,40.0,0,1,0
4467,40.0,1.0,16.0,1.0,2,53.0,0.0,40.0,0,1,0
4468,52.0,1.0,22.0,1.0,0,49.0,0.0,50.0,1,1,1
4469,44.0,1.0,22.0,4.0,0,49.0,0.0,80.0,1,1,1
4470,22.0,1.0,19.0,5.0,0,30.0,2.0,45.0,1,1,0
4471,59.0,4.0,19.0,1.0,0,49.0,0.0,40.0,1,1,1
4472,44.0,3.0,20.0,1.0,1,49.0,0.0,15.0,0,1,0
4473,58.0,1.0,18.0,1.0,2,6.0,1.0,45.0,1,1,0
4474,49.0,1.0,21.0,1.0,2,53.0,0.0,55.0,1,1,0
4475,24.0,1.0,18.0,5.0,0,49.0,13.0,42.0,0,1,1
4476,39.0,3.0,19.0,1.0,0,6.0,1.0,40.0,0,1,1
4477,32.0,1.0,16.0,5.0,3,49.0,2.0,45.0,1,1,1
4478,92.0,5.0,22.0,1.0,3,49.0,1.0,46.0,1,1,1
4479,53.0,5.0,16.0,1.0,3,6.0,0.0,40.0,1,1,1
4480,64.0,5.0,15.0,3.0,4,303.0,13.0,23.0,1,0,0
4481,45.0,1.0,21.0,1.0,2,49.0,0.0,25.0,1,1,0
4482,73.0,1.0,16.0,1.0,2,49.0,9.0,40.0,0,1,0
4483,29.0,3.0,19.0,3.0,1,49.0,0.0,42.0,0,1,0
4484,49.0,6.0,19.0,1.0,4,49.0,0.0,40.0,1,1,1
4485,67.0,6.0,16.0,1.0,2,16.0,1.0,38.0,1,0,1
4486,23.0,1.0,16.0,5.0,1,48.0,0.0,40.0,0,1,0
4487,40.0,1.0,21.0,1.0,0,24.0,1.0,40.0,1,1,1
4488,56.0,1.0,19.0,5.0,2,49.0,0.0,40.0,0,1,1
4489,40.0,1.0,21.0,1.0,2,49.0,1.0,40.0,0,1,1
4490,32.0,1.0,21.0,5.0,0,49.0,0.0,40.0,0,1,1
4491,31.0,2.0,21.0,1.0,2,49.0,1.0,29.0,0,1,0
4492,24.0,1.0,16.0,1.0,3,49.0,12.0,43.0,0,1,1
4493,36.0,1.0,18.0,1.0,0,6.0,1.0,40.0,1,1,1
4494,34.0,2.0,22.0,5.0,0,49.0,0.0,30.0,0,1,1
4495,27.0,1.0,21.0,1.0,0,26.0,0.0,20.0,0,0,0
4496,33.0,1.0,21.0,1.0,3,49.0,0.0,40.0,1,1,0
4497,17.0,1.0,14.0,5.0,1,49.0,2.0,40.0,1,1,0
4498,84.0,2.0,23.0,1.0,0,49.0,2.0,40.0,1,1,1
4499,66.0,7.0,22.0,1.0,0,49.0,1.0,45.0,0,1,1
4500,40.0,1.0,19.0,5.0,2,49.0,2.0,45.0,1,1,1
4501,62.0,1.0,19.0,1.0,2,4.0,1.0,40.0,1,1,1
4502,69.0,1.0,18.0,1.0,2,49.0,0.0,40.0,1,1,1
4503,22.0,1.0,20.0,1.0,0,18.0,1.0,10.0,0,1,0
4504,34.0,2.0,21.0,1.0,2,49.0,0.0,40.0,0,1,1
4505,53.0,1.0,21.0,1.0,-1,49.0,0.0,50.0,1,1,1
4506,38.0,3.0,16.0,1.0,2,49.0,1.0,36.0,1,1,0
4507,44.0,1.0,16.0,1.0,0,49.0,0.0,50.0,1,1,1
4508,77.0,1.0,19.0,1.0,0,49.0,0.0,45.0,1,1,1
4509,29.0,1.0,16.0,1.0,2,16.0,0.0,18.0,0,1,0
4510,49.0,1.0,19.0,3.0,1,49.0,16.0,40.0,1,1,0
4511,27.0,7.0,19.0,1.0,1,49.0,0.0,5.0,0,1,0
4512,67.0,1.0,18.0,3.0,1,49.0,10.0,40.0,0,1,0
4513,55.0,1.0,16.0,4.0,4,49.0,0.0,45.0,1,1,1
4514,38.0,5.0,22.0,1.0,0,53.0,0.0,50.0,1,1,1
4515,43.0,5.0,21.0,1.0,2,49.0,2.0,42.0,1,1,1
4516,24.0,1.0,19.0,5.0,0,32.0,12.0,20.0,0,1,0
4517,52.0,1.0,17.0,3.0,0,56.0,8.0,40.0,1,1,1
4518,53.0,1.0,21.0,1.0,0,36.0,1.0,40.0,1,1,1
4519,52.0,2.0,21.0,1.0,4,56.0,0.0,40.0,0,1,0
4520,29.0,1.0,19.0,5.0,3,49.0,5.0,43.0,1,1,1
4521,29.0,6.0,21.0,1.0,1,231.0,0.0,25.0,0,0,0
4522,44.0,1.0,18.0,1.0,0,301.0,1.0,40.0,1,1,1
4523,39.0,1.0,21.0,1.0,0,49.0,0.0,40.0,1,1,1
4524,48.0,1.0,23.0,1.0,0,49.0,0.0,36.0,1,1,1
4525,17.0,1.0,13.0,5.0,0,32.0,2.0,35.0,1,1,0
4526,51.0,1.0,11.0,1.0,2,49.0,10.0,20.0,0,1,0
4527,63.0,2.0,19.0,1.0,1,49.0,17.0,40.0,0,1,0
4528,34.0,1.0,16.0,3.0,1,49.0,0.0,40.0,0,1,0
4529,35.0,1.0,22.0,1.0,2,49.0,0.0,40.0,0,1,1
4530,47.0,1.0,19.0,3.0,1,15.0,13.0,40.0,1,0,0
4531,35.0,3.0,24.0,5.0,0,49.0,0.0,40.0,0,1,1
4532,74.0,1.0,12.0,2.0,4,6.0,3.0,30.0,1,1,0
4533,17.0,1.0,13.0,5.0,1,49.0,2.0,10.0,1,1,0
4534,56.0,4.0,21.0,1.0,0,49.0,0.0,49.0,1,1,1
4535,25.0,1.0,16.0,5.0,0,49.0,2.0,40.0,1,1,1
4536,33.0,1.0,21.0,1.0,0,49.0,0.0,30.0,0,1,1
4537,17.0,1.0,14.0,5.0,2,49.0,2.0,50.0,0,1,0
4538,56.0,2.0,21.0,3.0,1,49.0,0.0,36.0,0,1,1
4539,22.0,1.0,20.0,5.0,0,53.0,13.0,40.0,1,1,0
4540,35.0,1.0,16.0,5.0,1,49.0,2.0,20.0,1,1,0
4541,31.0,1.0,22.0,3.0,2,49.0,0.0,50.0,0,1,1
4542,50.0,1.0,24.0,1.0,3,49.0,1.0,40.0,1,1,1
4543,46.0,1.0,17.0,3.0,4,49.0,16.0,35.0,0,1,0
4544,25.0,1.0,21.0,1.0,1,49.0,0.0,10.0,0,1,0
4545,53.0,1.0,16.0,1.0,3,29.0,1.0,45.0,1,1,0
4546,21.0,1.0,15.0,5.0,4,49.0,13.0,20.0,1,1,0
4547,43.0,1.0,18.0,1.0,0,48.0,0.0,40.0,1,1,1
4548,56.0,1.0,15.0,3.0,2,49.0,13.0,36.0,0,1,0
4549,52.0,6.0,18.0,1.0,2,49.0,1.0,40.0,0,1,1
4550,41.0,1.0,21.0,1.0,0,49.0,0.0,60.0,1,1,1
4551,53.0,6.0,21.0,1.0,2,39.0,0.0,40.0,1,1,1
4552,53.0,1.0,16.0,1.0,3,8.0,1.0,40.0,1,1,1
4553,19.0,1.0,19.0,5.0,3,6.0,5.0,40.0,0,1,0
4554,51.0,7.0,22.0,1.0,0,49.0,0.0,30.0,0,1,0
4555,56.0,1.0,17.0,1.0,2,49.0,0.0,40.0,1,1,0
4556,34.0,1.0,21.0,5.0,0,360.0,17.0,40.0,1,1,0
4557,21.0,1.0,18.0,5.0,2,49.0,2.0,6.0,0,1,0
4558,29.0,1.0,20.0,1.0,0,29.0,0.0,45.0,1,1,1
4559,41.0,1.0,16.0,1.0,3,49.0,1.0,40.0,1,1,1
4560,43.0,1.0,19.0,3.0,2,50.0,0.0,15.0,0,1,0
4561,62.0,1.0,20.0,3.0,2,110.0,0.0,8.0,1,1,1
4562,46.0,4.0,20.0,1.0,0,49.0,1.0,40.0,0,1,1
4563,23.0,2.0,21.0,5.0,0,53.0,2.0,40.0,1,1,0
4564,49.0,5.0,21.0,1.0,0,53.0,1.0,40.0,1,1,1
4565,21.0,1.0,19.0,5.0,0,303.0,15.0,40.0,1,1,0
4566,38.0,2.0,21.0,1.0,2,49.0,1.0,40.0,1,1,1
4567,39.0,1.0,15.0,5.0,2,49.0,2.0,40.0,0,1,0
4568,57.0,5.0,18.0,1.0,3,53.0,1.0,40.0,1,1,1
4569,45.0,4.0,24.0,1.0,0,49.0,1.0,40.0,1,1,1
4570,17.0,1.0,13.0,5.0,4,54.0,2.0,40.0,1,0,0
4571,18.0,1.0,16.0,5.0,4,6.0,7.0,40.0,1,1,0
4572,41.0,1.0,19.0,3.0,0,49.0,0.0,40.0,0,1,1
4573,42.0,1.0,1.0,5.0,3,6.0,0.0,50.0,1,1,1
4574,24.0,1.0,16.0,5.0,4,46.0,17.0,10.0,0,1,0
4575,34.0,1.0,16.0,5.0,3,49.0,0.0,40.0,1,1,1
4576,63.0,3.0,19.0,1.0,1,49.0,0.0,5.0,0,1,0
4577,35.0,1.0,21.0,1.0,1,49.0,1.0,12.0,0,1,0
4578,42.0,1.0,22.0,1.0,0,49.0,0.0,30.0,0,1,1
4579,21.0,1.0,19.0,5.0,0,49.0,17.0,20.0,0,1,0
4580,61.0,7.0,19.0,1.0,1,527.0,1.0,25.0,1,0,0
4581,27.0,1.0,21.0,1.0,2,48.0,1.0,10.0,0,1,0
4582,62.0,1.0,19.0,1.0,2,49.0,1.0,40.0,0,1,1
4583,21.0,1.0,16.0,5.0,1,49.0,13.0,40.0,1,1,0
4584,63.0,7.0,22.0,1.0,0,49.0,0.0,40.0,1,1,1
4585,24.0,1.0,16.0,5.0,4,49.0,3.0,40.0,1,1,0
4586,63.0,1.0,19.0,1.0,3,49.0,0.0,45.0,1,1,1
4587,42.0,1.0,20.0,5.0,2,49.0,0.0,40.0,0,1,1
4588,21.0,2.0,20.0,1.0,0,49.0,0.0,20.0,0,1,0
4589,41.0,1.0,21.0,1.0,0,49.0,0.0,40.0,1,1,1
4590,24.0,5.0,21.0,5.0,0,49.0,10.0,36.0,0,1,0
4591,63.0,1.0,19.0,3.0,1,49.0,0.0,40.0,0,0,0
4592,24.0,1.0,21.0,5.0,3,6.0,12.0,30.0,0,1,0
4593,21.0,2.0,16.0,5.0,2,49.0,2.0,30.0,0,1,0
4594,32.0,1.0,16.0,3.0,1,49.0,0.0,45.0,1,1,1
4595,49.0,1.0,15.0,1.0,0,49.0,1.0,60.0,1,1,1
4596,43.0,1.0,21.0,1.0,2,49.0,0.0,42.0,1,1,1
4597,27.0,2.0,19.0,5.0,1,127.0,0.0,24.0,1,1,0
4598,29.0,4.0,16.0,1.0,1,56.0,1.0,36.0,0,1,0
4599,65.0,3.0,21.0,3.0,0,16.0,13.0,40.0,0,1,1
4600,23.0,1.0,21.0,5.0,1,36.0,2.0,24.0,1,1,0
4601,23.0,1.0,19.0,5.0,2,37.0,12.0,36.0,0,1,0
4602,52.0,6.0,20.0,1.0,1,6.0,1.0,20.0,1,1,0
4603,18.0,1.0,19.0,5.0,2,41.0,2.0,40.0,0,1,0
4604,22.0,1.0,19.0,3.0,4,36.0,2.0,40.0,1,1,0
4605,36.0,1.0,16.0,1.0,0,30.0,1.0,35.0,0,1,1
4606,20.0,1.0,19.0,5.0,1,49.0,17.0,10.0,1,1,0
4607,54.0,1.0,18.0,1.0,4,35.0,1.0,40.0,1,1,1
4608,49.0,1.0,16.0,3.0,4,39.0,0.0,47.0,0,1,1
4609,38.0,2.0,21.0,1.0,1,48.0,0.0,36.0,0,1,0
4610,65.0,2.0,22.0,1.0,0,49.0,0.0,45.0,1,1,1
4611,22.0,1.0,19.0,5.0,4,49.0,0.0,70.0,1,1,0
4612,33.0,1.0,16.0,3.0,3,49.0,0.0,40.0,1,1,1
4613,27.0,1.0,22.0,1.0,0,6.0,0.0,45.0,0,1,1
4614,27.0,1.0,19.0,1.0,0,6.0,1.0,40.0,0,1,0
4615,48.0,1.0,22.0,1.0,0,16.0,1.0,40.0,0,1,1
4616,65.0,5.0,20.0,1.0,2,6.0,0.0,40.0,0,1,0
4617,21.0,1.0,16.0,1.0,4,49.0,1.0,40.0,0,1,0
4618,44.0,1.0,14.0,1.0,4,42.0,1.0,5.0,0,1,0
4619,48.0,2.0,20.0,1.0,0,6.0,0.0,40.0,0,1,0
4620,84.0,2.0,22.0,4.0,2,303.0,11.0,15.0,0,0,0
4621,32.0,1.0,18.0,1.0,4,49.0,0.0,60.0,1,1,1
4622,27.0,1.0,15.0,5.0,1,49.0,10.0,40.0,0,1,0
4623,28.0,5.0,18.0,5.0,3,39.0,12.0,40.0,1,1,0
4624,27.0,1.0,16.0,5.0,0,49.0,15.0,40.0,0,1,0
4625,21.0,6.0,21.0,1.0,2,8.0,0.0,36.0,0,1,0
4626,55.0,1.0,19.0,1.0,0,49.0,1.0,30.0,0,0,0
4627,45.0,1.0,3.0,4.0,2,49.0,0.0,15.0,0,1,0
4628,19.0,1.0,19.0,5.0,2,49.0,2.0,32.0,0,1,0
4629,34.0,5.0,20.0,1.0,3,53.0,0.0,40.0,1,1,0
4630,50.0,1.0,13.0,1.0,0,34.0,0.0,40.0,1,1,1
4631,37.0,1.0,1.0,1.0,4,103.0,0.0,45.0,1,1,1
4632,28.0,1.0,23.0,5.0,0,49.0,0.0,40.0,1,1,1
4633,33.0,1.0,18.0,1.0,0,49.0,1.0,45.0,0,1,0
4634,30.0,1.0,19.0,3.0,0,49.0,13.0,35.0,0,1,0
4635,27.0,1.0,19.0,1.0,4,12.0,0.0,20.0,1,0,0
4636,28.0,5.0,19.0,1.0,2,49.0,1.0,40.0,0,1,1
4637,41.0,1.0,16.0,3.0,0,48.0,0.0,50.0,0,1,0
4638,51.0,1.0,16.0,1.0,4,49.0,0.0,40.0,0,1,0
4639,55.0,3.0,21.0,1.0,0,49.0,1.0,40.0,0,0,0
4640,26.0,1.0,16.0,1.0,0,27.0,1.0,45.0,0,1,0
4641,21.0,6.0,19.0,5.0,1,49.0,13.0,17.0,0,0,0
4642,62.0,3.0,16.0,1.0,4,209.0,0.0,20.0,0,0,0
4643,19.0,1.0,16.0,5.0,2,19.0,4.0,60.0,1,1,0
4644,59.0,1.0,16.0,3.0,2,4.0,0.0,40.0,0,0,1
4645,34.0,1.0,22.0,5.0,0,49.0,15.0,10.0,0,1,0
4646,34.0,1.0,19.0,3.0,0,49.0,8.0,40.0,0,1,1
4647,33.0,1.0,17.0,5.0,0,49.0,2.0,25.0,0,1,0
4648,19.0,1.0,19.0,5.0,1,16.0,13.0,20.0,0,1,0
4649,57.0,4.0,21.0,1.0,0,48.0,1.0,45.0,1,1,1
4650,24.0,1.0,16.0,5.0,4,49.0,2.0,40.0,1,1,0
4651,24.0,1.0,16.0,5.0,4,6.0,2.0,35.0,1,1,0
4652,41.0,6.0,15.0,5.0,1,6.0,2.0,20.0,1,1,0
4653,31.0,4.0,21.0,1.0,0,36.0,1.0,45.0,1,1,1
4654,43.0,1.0,19.0,1.0,0,49.0,0.0,60.0,1,0,1
4655,25.0,1.0,20.0,1.0,2,134.0,1.0,8.0,0,1,0
4656,51.0,7.0,18.0,1.0,2,515.0,0.0,50.0,1,0,1
4657,49.0,1.0,21.0,1.0,2,6.0,1.0,34.0,0,1,0
4658,52.0,1.0,16.0,3.0,4,49.0,0.0,15.0,1,1,0
4659,37.0,4.0,24.0,1.0,0,49.0,1.0,50.0,1,1,1
4660,33.0,1.0,21.0,1.0,2,49.0,0.0,23.0,0,1,0
4661,55.0,1.0,17.0,3.0,4,9.0,2.0,40.0,1,1,1
4662,36.0,4.0,22.0,1.0,0,53.0,1.0,32.0,1,1,0
4663,55.0,4.0,16.0,1.0,3,49.0,1.0,40.0,1,1,1
4664,37.0,1.0,22.0,1.0,2,34.0,1.0,40.0,1,1,1
4665,21.0,1.0,18.0,5.0,4,49.0,17.0,18.0,1,1,0
4666,60.0,1.0,19.0,1.0,2,16.0,1.0,40.0,1,1,1
4667,28.0,3.0,21.0,1.0,1,49.0,0.0,40.0,0,1,0
4668,22.0,2.0,21.0,5.0,0,51.0,7.0,40.0,1,1,0
4669,58.0,4.0,24.0,1.0,0,49.0,1.0,40.0,1,1,1
4670,35.0,1.0,17.0,5.0,1,49.0,2.0,35.0,0,1,0
4671,29.0,1.0,19.0,1.0,0,49.0,1.0,40.0,1,1,1
4672,22.0,1.0,16.0,5.0,4,49.0,2.0,2.0,0,1,0
4673,17.0,1.0,14.0,5.0,2,363.0,2.0,3.0,1,0,0
4674,22.0,1.0,19.0,5.0,2,45.0,2.0,40.0,1,1,0
4675,26.0,1.0,21.0,5.0,0,51.0,2.0,35.0,0,1,0
4676,38.0,7.0,21.0,1.0,4,303.0,1.0,30.0,0,0,0
4677,40.0,5.0,18.0,3.0,1,16.0,0.0,40.0,0,1,1
4678,56.0,4.0,22.0,1.0,0,6.0,1.0,40.0,0,1,1
4679,22.0,3.0,19.0,5.0,1,303.0,2.0,29.0,0,1,0
4680,46.0,1.0,18.0,3.0,0,49.0,0.0,25.0,0,1,0
4681,19.0,1.0,16.0,5.0,3,38.0,12.0,40.0,1,1,0
4682,28.0,1.0,20.0,1.0,0,49.0,1.0,40.0,1,1,0
4683,27.0,1.0,21.0,5.0,1,49.0,2.0,10.0,1,0,0
4684,56.0,1.0,19.0,1.0,2,16.0,1.0,45.0,1,1,1
4685,58.0,4.0,18.0,1.0,1,49.0,1.0,40.0,0,1,0
4686,51.0,6.0,16.0,1.0,3,4.0,0.0,40.0,1,1,1
4687,27.0,1.0,17.0,1.0,0,49.0,0.0,40.0,1,1,1
4688,30.0,1.0,21.0,1.0,0,6.0,0.0,20.0,1,1,0
4689,25.0,1.0,16.0,5.0,3,49.0,0.0,23.0,0,1,0
4690,20.0,2.0,19.0,5.0,2,49.0,17.0,40.0,0,1,0
4691,22.0,1.0,20.0,5.0,1,110.0,2.0,20.0,0,1,0
4692,52.0,1.0,21.0,1.0,0,41.0,0.0,15.0,0,1,0
4693,36.0,6.0,21.0,1.0,2,49.0,0.0,50.0,1,1,1
4694,56.0,2.0,19.0,5.0,0,49.0,12.0,20.0,0,1,0
4695,18.0,1.0,16.0,5.0,3,49.0,12.0,25.0,1,1,0
4696,57.0,1.0,19.0,1.0,2,210.0,0.0,45.0,1,0,1
4697,19.0,1.0,11.0,5.0,1,53.0,11.0,22.0,0,1,0
4698,40.0,1.0,22.0,1.0,2,49.0,1.0,40.0,0,1,1
4699,48.0,2.0,21.0,1.0,0,49.0,2.0,55.0,1,1,1
4700,48.0,1.0,18.0,1.0,2,4.0,0.0,40.0,0,1,0
4701,20.0,1.0,19.0,5.0,1,49.0,17.0,25.0,0,1,0
4702,36.0,3.0,20.0,1.0,3,303.0,1.0,40.0,1,1,1
4703,84.0,1.0,23.0,1.0,4,49.0,1.0,40.0,1,1,0
4704,37.0,1.0,23.0,1.0,0,49.0,1.0,40.0,1,1,1
4705,65.0,6.0,20.0,1.0,2,49.0,1.0,40.0,0,1,1
4706,36.0,4.0,23.0,1.0,0,4.0,1.0,40.0,0,1,1
4707,27.0,1.0,21.0,5.0,0,49.0,2.0,45.0,1,1,1
4708,20.0,4.0,18.0,5.0,2,49.0,3.0,9.0,0,1,0
4709,35.0,1.0,18.0,1.0,4,49.0,0.0,40.0,1,0,1
4710,40.0,1.0,21.0,1.0,1,49.0,0.0,60.0,0,1,1
4711,61.0,1.0,16.0,3.0,3,16.0,0.0,40.0,1,1,1
4712,20.0,1.0,19.0,5.0,1,53.0,2.0,20.0,0,1,0
4713,25.0,1.0,16.0,5.0,4,49.0,12.0,25.0,1,1,0
4714,34.0,2.0,21.0,1.0,0,49.0,0.0,6.0,0,1,1
4715,46.0,7.0,23.0,1.0,0,49.0,1.0,50.0,1,1,1
4716,62.0,7.0,22.0,1.0,-1,49.0,1.0,50.0,1,1,1
4717,20.0,3.0,20.0,5.0,0,49.0,2.0,24.0,0,1,0
4718,23.0,3.0,21.0,1.0,0,49.0,0.0,25.0,1,0,0
4719,57.0,4.0,21.0,1.0,1,6.0,0.0,40.0,1,1,0
4720,30.0,8.0,16.0,1.0,2,303.0,0.0,40.0,1,1,0
4721,59.0,2.0,21.0,3.0,0,26.0,0.0,30.0,0,1,0
4722,20.0,1.0,19.0,5.0,2,42.0,13.0,15.0,0,1,0
4723,40.0,1.0,21.0,1.0,0,329.0,0.0,40.0,0,0,1
4724,61.0,1.0,21.0,1.0,2,365.0,0.0,40.0,1,1,1
4725,18.0,1.0,12.0,5.0,1,231.0,2.0,30.0,1,1,0
4726,53.0,1.0,19.0,1.0,0,13.0,0.0,40.0,0,1,0
4727,37.0,1.0,14.0,5.0,3,49.0,2.0,40.0,1,1,0
4728,33.0,7.0,19.0,1.0,0,49.0,0.0,45.0,1,1,1
4729,51.0,1.0,20.0,5.0,2,31.0,0.0,45.0,0,1,1
4730,28.0,1.0,16.0,5.0,4,49.0,2.0,15.0,0,1,0
4731,29.0,2.0,19.0,1.0,2,49.0,1.0,5.0,0,1,0
4732,30.0,1.0,16.0,1.0,4,55.0,15.0,40.0,1,0,0
4733,49.0,1.0,16.0,1.0,0,49.0,1.0,18.0,0,1,0
4734,53.0,1.0,20.0,1.0,3,23.0,0.0,50.0,1,0,1
4735,30.0,1.0,19.0,5.0,0,53.0,0.0,15.0,1,1,0
4736,38.0,3.0,16.0,1.0,0,303.0,1.0,40.0,1,0,1
4737,20.0,1.0,18.0,5.0,2,6.0,2.0,40.0,0,1,0
4738,27.0,6.0,19.0,1.0,1,9.0,0.0,20.0,0,1,0
4739,43.0,6.0,21.0,1.0,0,49.0,0.0,36.0,0,1,1
4740,62.0,1.0,16.0,1.0,2,6.0,1.0,40.0,0,1,1
4741,61.0,1.0,16.0,5.0,1,4.0,2.0,40.0,1,0,0
4742,65.0,7.0,23.0,1.0,0,49.0,0.0,35.0,1,1,1
4743,30.0,5.0,11.0,1.0,3,6.0,0.0,96.0,1,1,1
4744,51.0,1.0,21.0,1.0,0,49.0,0.0,37.0,0,1,1
4745,54.0,1.0,19.0,1.0,2,6.0,0.0,40.0,1,0,1
4746,54.0,1.0,21.0,1.0,0,49.0,1.0,40.0,1,1,1
4747,48.0,1.0,20.0,1.0,2,49.0,1.0,5.0,0,1,0
4748,49.0,1.0,22.0,1.0,0,49.0,0.0,50.0,1,1,1
4749,31.0,1.0,20.0,1.0,2,49.0,1.0,55.0,1,1,1
4750,28.0,1.0,18.0,5.0,4,6.0,2.0,20.0,1,1,0
4751,18.0,1.0,16.0,5.0,2,49.0,2.0,25.0,0,0,0
4752,68.0,4.0,21.0,1.0,0,49.0,1.0,20.0,1,1,0
4753,23.0,3.0,16.0,3.0,0,49.0,0.0,40.0,0,1,0
4754,40.0,1.0,20.0,5.0,0,8.0,2.0,40.0,0,1,1
4755,21.0,1.0,18.0,5.0,0,32.0,0.0,36.0,0,1,0
4756,34.0,1.0,16.0,1.0,3,6.0,0.0,36.0,1,0,0
4757,22.0,1.0,18.0,5.0,2,49.0,0.0,40.0,0,1,0
4758,60.0,6.0,16.0,2.0,3,32.0,0.0,12.0,1,0,0
4759,58.0,1.0,21.0,3.0,1,31.0,0.0,40.0,1,0,1
4760,53.0,1.0,23.0,1.0,0,49.0,0.0,45.0,1,1,1
4761,64.0,6.0,21.0,1.0,0,48.0,0.0,6.0,1,1,1
4762,41.0,1.0,20.0,3.0,0,105.0,0.0,40.0,1,1,1
4763,33.0,1.0,18.0,3.0,2,16.0,0.0,40.0,0,1,0
4764,47.0,7.0,16.0,1.0,0,49.0,1.0,46.0,0,1,0
4765,24.0,2.0,21.0,5.0,0,49.0,17.0,84.0,0,1,0
4766,48.0,2.0,19.0,1.0,0,16.0,0.0,40.0,1,1,1
4767,24.0,1.0,19.0,5.0,2,49.0,0.0,45.0,0,1,0
4768,56.0,5.0,21.0,1.0,0,49.0,0.0,20.0,0,1,0
4769,51.0,6.0,23.0,1.0,0,49.0,1.0,10.0,0,1,0
4770,61.0,7.0,19.0,1.0,2,49.0,1.0,40.0,0,1,0
4771,33.0,1.0,21.0,1.0,0,49.0,1.0,60.0,1,1,1
4772,38.0,1.0,19.0,1.0,1,49.0,0.0,40.0,1,1,1
4773,39.0,7.0,21.0,1.0,0,26.0,0.0,75.0,1,1,1
4774,40.0,1.0,20.0,1.0,2,49.0,1.0,32.0,0,1,0
4775,53.0,1.0,18.0,1.0,4,32.0,1.0,40.0,0,1,0
4776,52.0,1.0,11.0,1.0,3,8.0,8.0,40.0,1,1,1
4777,24.0,3.0,19.0,5.0,4,49.0,2.0,96.0,1,1,0
4778,33.0,1.0,21.0,1.0,0,6.0,0.0,45.0,0,1,1
4779,81.0,3.0,14.0,1.0,4,49.0,2.0,30.0,1,1,0
4780,17.0,2.0,14.0,5.0,0,49.0,2.0,30.0,0,1,0
4781,22.0,2.0,13.0,5.0,1,32.0,7.0,40.0,0,1,0
4782,59.0,2.0,21.0,1.0,0,49.0,1.0,45.0,1,1,1
4783,52.0,1.0,21.0,1.0,4,23.0,0.0,40.0,1,0,1
4784,54.0,4.0,22.0,1.0,2,6.0,1.0,40.0,1,1,1
4785,27.0,1.0,19.0,1.0,0,51.0,1.0,40.0,1,1,1
4786,25.0,1.0,21.0,5.0,0,49.0,0.0,40.0,1,1,1
4787,43.0,1.0,19.0,1.0,2,49.0,0.0,60.0,1,1,1
4788,29.0,7.0,19.0,1.0,0,341.0,1.0,40.0,1,0,0
4789,19.0,1.0,19.0,5.0,4,49.0,12.0,30.0,1,1,0
4790,29.0,1.0,17.0,5.0,2,49.0,13.0,40.0,0,1,0
4791,31.0,1.0,19.0,5.0,0,49.0,13.0,30.0,0,1,1
4792,49.0,1.0,18.0,1.0,2,214.0,1.0,30.0,0,1,0
4793,21.0,1.0,19.0,5.0,0,16.0,17.0,10.0,0,1,0
4794,28.0,1.0,19.0,5.0,0,6.0,0.0,40.0,1,1,1
4795,40.0,1.0,21.0,1.0,0,49.0,1.0,46.0,1,1,1
4796,40.0,1.0,21.0,1.0,2,49.0,1.0,50.0,1,1,1
4797,41.0,1.0,20.0,1.0,2,49.0,1.0,40.0,1,1,0
4798,45.0,3.0,16.0,5.0,4,49.0,2.0,25.0,0,1,0
4799,27.0,1.0,20.0,1.0,0,49.0,10.0,40.0,1,1,1
4800,22.0,3.0,16.0,1.0,1,49.0,1.0,25.0,0,1,0
4801,65.0,7.0,18.0,1.0,3,6.0,1.0,55.0,1,1,1
4802,37.0,7.0,20.0,1.0,2,41.0,0.0,30.0,0,1,0
4803,25.0,1.0,15.0,1.0,2,49.0,0.0,10.0,0,1,0
4804,48.0,5.0,22.0,1.0,0,49.0,0.0,40.0,0,0,1
4805,36.0,3.0,19.0,1.0,1,49.0,0.0,33.0,0,1,0
4806,41.0,2.0,16.0,1.0,0,48.0,1.0,8.0,1,1,0
4807,45.0,2.0,22.0,1.0,0,49.0,0.0,55.0,1,0,1
4808,62.0,6.0,19.0,1.0,0,49.0,0.0,60.0,1,1,1
4809,65.0,2.0,24.0,1.0,2,49.0,0.0,40.0,1,1,1
4810,22.0,1.0,16.0,5.0,4,54.0,2.0,40.0,1,1,0
4811,18.0,1.0,14.0,5.0,1,49.0,2.0,40.0,0,1,0
4812,65.0,1.0,18.0,3.0,2,49.0,0.0,20.0,0,1,0
4813,52.0,1.0,1.0,5.0,4,327.0,6.0,40.0,1,0,1
4814,66.0,2.0,22.0,1.0,0,49.0,0.0,40.0,1,0,1
4815,54.0,7.0,21.0,1.0,0,49.0,0.0,40.0,0,1,1
4816,25.0,1.0,18.0,1.0,3,49.0,2.0,48.0,1,1,0
4817,82.0,1.0,19.0,5.0,2,303.0,17.0,60.0,0,1,0
4818,55.0,1.0,15.0,1.0,0,373.0,0.0,50.0,1,0,1
4819,22.0,1.0,21.0,5.0,1,49.0,5.0,18.0,1,1,0
4820,50.0,3.0,20.0,1.0,0,29.0,1.0,40.0,0,1,1
4821,40.0,1.0,19.0,1.0,1,313.0,1.0,40.0,0,0,0
4822,20.0,1.0,16.0,1.0,3,303.0,0.0,40.0,1,0,0
4823,50.0,1.0,16.0,1.0,4,8.0,1.0,40.0,1,1,1
4824,55.0,1.0,20.0,1.0,1,49.0,1.0,20.0,0,1,0
4825,22.0,1.0,16.0,3.0,2,33.0,2.0,55.0,0,0,0
4826,23.0,1.0,19.0,2.0,2,49.0,0.0,30.0,0,1,0
4827,21.0,2.0,18.0,5.0,0,32.0,2.0,47.0,0,1,0
4828,27.0,2.0,19.0,1.0,3,38.0,0.0,40.0,1,0,1
4829,28.0,1.0,17.0,3.0,1,6.0,16.0,40.0,1,1,0
4830,37.0,1.0,16.0,1.0,2,49.0,1.0,30.0,0,1,0
4831,76.0,2.0,21.0,1.0,0,49.0,0.0,60.0,1,1,1
4832,23.0,1.0,16.0,5.0,4,49.0,2.0,40.0,1,1,0
4833,32.0,6.0,21.0,1.0,1,212.0,0.0,25.0,0,1,0
4834,54.0,1.0,16.0,1.0,1,49.0,1.0,40.0,1,1,1
4835,46.0,1.0,20.0,1.0,0,25.0,0.0,55.0,1,1,1
4836,30.0,6.0,21.0,1.0,0,48.0,1.0,5.0,1,1,0
4837,60.0,1.0,20.0,2.0,2,49.0,0.0,60.0,1,1,1
4838,24.0,1.0,19.0,3.0,1,49.0,0.0,25.0,1,1,0
4839,31.0,1.0,15.0,1.0,1,53.0,1.0,40.0,1,1,0
4840,25.0,1.0,20.0,5.0,0,53.0,13.0,37.0,0,1,1
4841,20.0,1.0,18.0,5.0,2,49.0,2.0,30.0,0,1,0
4842,17.0,1.0,14.0,5.0,1,49.0,2.0,40.0,1,1,0
4843,52.0,1.0,18.0,1.0,3,6.0,1.0,20.0,1,0,0
4844,59.0,4.0,22.0,3.0,0,49.0,0.0,40.0,1,1,1
4845,53.0,3.0,19.0,1.0,4,49.0,0.0,50.0,1,1,1
4846,55.0,7.0,19.0,1.0,2,49.0,1.0,40.0,0,1,0
4847,34.0,1.0,19.0,1.0,2,49.0,12.0,55.0,0,1,1
4848,29.0,7.0,21.0,1.0,0,49.0,1.0,45.0,0,1,1
4849,62.0,1.0,19.0,1.0,4,370.0,0.0,50.0,1,0,1
4850,21.0,1.0,19.0,5.0,2,49.0,2.0,40.0,0,1,0
4851,17.0,5.0,14.0,3.0,2,24.0,2.0,40.0,0,1,0
4852,37.0,1.0,22.0,1.0,0,6.0,0.0,41.0,1,1,1
4853,64.0,1.0,22.0,2.0,-1,49.0,0.0,40.0,1,1,1
4854,64.0,3.0,20.0,3.0,1,49.0,5.0,1.0,0,1,0
4855,46.0,1.0,21.0,1.0,0,49.0,0.0,45.0,1,1,1
4856,52.0,1.0,1.0,3.0,2,49.0,0.0,30.0,0,1,0
4857,17.0,1.0,16.0,5.0,0,49.0,2.0,40.0,1,1,1
4858,41.0,1.0,15.0,3.0,4,49.0,0.0,40.0,1,1,1
4859,47.0,6.0,20.0,1.0,3,49.0,0.0,50.0,1,1,1
4860,62.0,1.0,18.0,1.0,1,301.0,0.0,40.0,0,1,1
4861,31.0,2.0,19.0,1.0,3,49.0,1.0,40.0,0,1,0
4862,56.0,1.0,22.0,1.0,0,16.0,0.0,40.0,0,1,1
4863,25.0,1.0,19.0,1.0,1,49.0,1.0,40.0,0,1,0
4864,36.0,4.0,22.0,3.0,0,137.0,0.0,40.0,1,1,1
4865,45.0,1.0,21.0,1.0,0,49.0,0.0,50.0,1,1,1
4866,62.0,6.0,18.0,1.0,2,49.0,1.0,20.0,1,1,0
4867,18.0,1.0,14.0,5.0,2,53.0,2.0,25.0,0,1,0
4868,57.0,1.0,20.0,1.0,4,515.0,1.0,30.0,0,0,1
4869,43.0,1.0,18.0,1.0,2,49.0,1.0,40.0,1,1,1
4870,41.0,1.0,21.0,1.0,0,6.0,1.0,36.0,0,1,0
4871,50.0,3.0,22.0,1.0,0,128.0,0.0,20.0,1,1,1
4872,30.0,1.0,13.0,1.0,1,49.0,7.0,40.0,1,1,0
4873,56.0,2.0,21.0,3.0,0,41.0,0.0,7.0,0,1,0
4874,47.0,1.0,21.0,1.0,0,16.0,0.0,40.0,1,1,1
4875,66.0,1.0,19.0,1.0,2,26.0,0.0,40.0,1,1,1
4876,38.0,2.0,20.0,1.0,0,53.0,0.0,40.0,0,1,1
4877,38.0,1.0,21.0,1.0,0,49.0,1.0,40.0,0,1,1
4878,40.0,1.0,21.0,1.0,0,49.0,0.0,40.0,1,1,1
4879,52.0,2.0,21.0,1.0,0,49.0,1.0,35.0,1,1,0
4880,57.0,1.0,20.0,1.0,0,49.0,1.0,12.0,0,0,0
4881,39.0,1.0,21.0,1.0,2,6.0,0.0,40.0,1,1,1
4882,60.0,1.0,16.0,1.0,2,329.0,1.0,50.0,1,0,1
4883,49.0,1.0,19.0,1.0,2,49.0,1.0,50.0,1,1,1
4884,20.0,1.0,16.0,1.0,1,49.0,2.0,41.0,0,1,0
4885,56.0,7.0,19.0,1.0,2,49.0,1.0,40.0,1,1,1
4886,23.0,1.0,18.0,5.0,4,51.0,17.0,50.0,1,0,0
4887,23.0,2.0,19.0,1.0,1,49.0,1.0,20.0,1,1,0
4888,20.0,2.0,19.0,5.0,0,49.0,2.0,40.0,0,1,0
4889,27.0,1.0,19.0,5.0,2,49.0,2.0,40.0,1,1,0
4890,48.0,1.0,21.0,1.0,0,49.0,1.0,40.0,0,1,0
4891,35.0,1.0,16.0,1.0,4,49.0,0.0,5.0,0,1,0
4892,45.0,1.0,16.0,3.0,0,49.0,0.0,40.0,1,1,0
4893,25.0,1.0,18.0,5.0,2,16.0,17.0,50.0,0,1,0
4894,60.0,1.0,19.0,1.0,4,32.0,0.0,40.0,1,1,0
4895,78.0,3.0,16.0,1.0,1,49.0,1.0,40.0,1,1,0
4896,20.0,6.0,18.0,5.0,3,16.0,17.0,20.0,1,1,0
4897,29.0,1.0,16.0,1.0,0,303.0,0.0,50.0,0,1,1
4898,23.0,2.0,22.0,5.0,0,6.0,0.0,45.0,1,1,1
4899,61.0,2.0,19.0,3.0,0,49.0,0.0,45.0,0,1,1
4900,54.0,1.0,19.0,1.0,3,48.0,1.0,50.0,1,1,1
4901,26.0,5.0,18.0,3.0,2,49.0,2.0,50.0,1,1,1
4902,60.0,4.0,24.0,1.0,0,49.0,1.0,40.0,1,1,1
4903,59.0,4.0,24.0,1.0,0,49.0,0.0,40.0,1,1,0
4904,38.0,3.0,16.0,3.0,2,49.0,2.0,30.0,0,1,0
4905,28.0,3.0,20.0,1.0,1,6.0,1.0,20.0,0,1,0
4906,59.0,1.0,23.0,1.0,0,49.0,1.0,60.0,0,1,1
4907,30.0,1.0,19.0,1.0,1,303.0,1.0,40.0,1,0,0
4908,47.0,1.0,22.0,1.0,2,6.0,0.0,35.0,0,1,0
4909,29.0,1.0,21.0,5.0,2,16.0,2.0,40.0,1,1,0
4910,50.0,1.0,19.0,1.0,0,48.0,0.0,25.0,0,1,0
4911,54.0,2.0,21.0,1.0,0,6.0,1.0,40.0,0,1,1
4912,32.0,4.0,22.0,1.0,0,4.0,0.0,42.0,1,0,1
4913,26.0,1.0,16.0,1.0,2,49.0,9.0,40.0,0,1,0
4914,64.0,1.0,20.0,1.0,4,49.0,0.0,40.0,1,1,1
4915,92.0,1.0,19.0,1.0,2,49.0,6.0,40.0,1,0,1
4916,37.0,3.0,21.0,1.0,0,49.0,1.0,40.0,0,1,1
4917,50.0,1.0,16.0,3.0,1,468.0,0.0,5.0,0,1,0
4918,32.0,5.0,19.0,1.0,1,49.0,1.0,40.0,0,1,0
4919,20.0,6.0,19.0,5.0,1,49.0,17.0,5.0,0,1,0
4920,71.0,1.0,16.0,5.0,3,16.0,4.0,36.0,1,1,0
4921,62.0,1.0,18.0,1.0,2,49.0,1.0,30.0,0,1,1
4922,19.0,6.0,19.0,5.0,1,49.0,17.0,5.0,0,1,0
4923,29.0,3.0,16.0,5.0,3,6.0,0.0,6.0,0,1,0
4924,26.0,1.0,20.0,5.0,0,49.0,10.0,45.0,1,1,1
4925,25.0,1.0,19.0,5.0,2,49.0,17.0,32.0,0,1,0
4926,58.0,7.0,19.0,1.0,0,163.0,0.0,40.0,1,1,1
4927,52.0,1.0,16.0,3.0,2,49.0,0.0,40.0,0,1,1
4928,47.0,3.0,22.0,1.0,0,49.0,0.0,40.0,1,1,1
4929,49.0,6.0,21.0,1.0,2,49.0,0.0,1.0,0,1,1
4930,30.0,5.0,22.0,1.0,2,12.0,0.0,40.0,1,1,1
4931,68.0,1.0,20.0,1.0,4,303.0,1.0,40.0,1,0,1
4932,27.0,1.0,17.0,5.0,0,48.0,17.0,20.0,0,1,0
4933,57.0,1.0,19.0,1.0,2,49.0,1.0,40.0,0,1,1
4934,44.0,1.0,19.0,1.0,0,49.0,0.0,40.0,1,1,1
4935,68.0,7.0,18.0,1.0,1,49.0,1.0,40.0,0,1,1
4936,46.0,3.0,16.0,1.0,0,48.0,1.0,60.0,1,1,1
4937,19.0,1.0,16.0,5.0,2,16.0,12.0,33.0,0,1,0
4938,43.0,4.0,21.0,1.0,0,365.0,1.0,40.0,0,1,1
4939,56.0,6.0,21.0,5.0,0,16.0,12.0,20.0,0,1,0
4940,23.0,1.0,18.0,5.0,2,49.0,2.0,40.0,1,1,0
4941,47.0,1.0,18.0,1.0,0,243.0,0.0,50.0,0,0,1
4942,36.0,7.0,24.0,1.0,0,303.0,1.0,50.0,1,1,1
4943,32.0,1.0,22.0,1.0,0,49.0,1.0,44.0,1,1,1
4944,63.0,1.0,22.0,1.0,2,49.0,1.0,36.0,0,1,0
4945,41.0,6.0,21.0,1.0,0,49.0,0.0,30.0,0,1,1
4946,29.0,1.0,19.0,1.0,2,48.0,0.0,65.0,1,1,1
4947,19.0,1.0,16.0,5.0,4,49.0,2.0,35.0,1,1,0
4948,19.0,1.0,14.0,5.0,0,49.0,4.0,20.0,0,1,0
4949,31.0,1.0,16.0,5.0,3,301.0,13.0,40.0,1,1,0
4950,41.0,1.0,11.0,3.0,3,162.0,0.0,35.0,1,0,0
4951,50.0,1.0,16.0,1.0,1,53.0,1.0,20.0,0,1,0
4952,38.0,6.0,21.0,3.0,0,49.0,0.0,20.0,1,1,0
4953,36.0,3.0,16.0,1.0,1,16.0,1.0,40.0,0,1,0
4954,26.0,1.0,21.0,5.0,0,16.0,0.0,40.0,1,1,1
4955,50.0,1.0,16.0,3.0,4,6.0,15.0,20.0,0,1,0
4956,44.0,1.0,16.0,3.0,1,49.0,2.0,20.0,0,1,0
4957,22.0,1.0,18.0,5.0,2,49.0,2.0,25.0,0,1,0
4958,38.0,3.0,17.0,3.0,0,16.0,2.0,40.0,1,1,1
4959,25.0,3.0,22.0,1.0,0,49.0,1.0,40.0,0,1,0
4960,56.0,5.0,16.0,5.0,3,49.0,4.0,40.0,1,0,1
4961,46.0,1.0,16.0,1.0,4,49.0,0.0,30.0,0,1,0
4962,19.0,1.0,16.0,5.0,2,49.0,2.0,40.0,0,1,0
4963,33.0,1.0,22.0,1.0,0,49.0,1.0,30.0,0,1,0
4964,66.0,5.0,18.0,1.0,3,49.0,1.0,48.0,1,1,0
4965,54.0,1.0,15.0,3.0,3,49.0,13.0,40.0,1,0,1
4966,60.0,1.0,18.0,1.0,2,210.0,0.0,40.0,1,0,1
4967,28.0,1.0,19.0,5.0,2,49.0,13.0,37.0,0,1,0
4968,34.0,1.0,22.0,1.0,0,49.0,0.0,40.0,0,1,1
4969,70.0,5.0,21.0,3.0,0,49.0,13.0,40.0,1,1,1
4970,26.0,1.0,15.0,5.0,0,49.0,2.0,50.0,0,1,1
4971,28.0,3.0,21.0,5.0,0,242.0,0.0,15.0,1,0,1
4972,43.0,1.0,16.0,2.0,2,35.0,0.0,65.0,1,1,1
4973,50.0,1.0,17.0,3.0,1,49.0,10.0,45.0,1,1,1
4974,28.0,1.0,17.0,5.0,4,12.0,12.0,20.0,1,1,0
4975,49.0,7.0,20.0,1.0,-1,49.0,1.0,50.0,0,1,1
4976,23.0,3.0,16.0,1.0,2,49.0,0.0,16.0,0,1,0
4977,22.0,1.0,19.0,5.0,2,49.0,12.0,25.0,0,1,0
4978,33.0,1.0,23.0,5.0,0,49.0,0.0,50.0,1,1,1
4979,41.0,6.0,21.0,1.0,1,49.0,1.0,20.0,0,1,0
4980,40.0,1.0,16.0,2.0,2,49.0,0.0,35.0,0,1,0
4981,29.0,1.0,19.0,1.0,0,16.0,1.0,24.0,0,1,0
4982,44.0,2.0,21.0,5.0,0,49.0,2.0,40.0,0,1,0
4983,45.0,3.0,22.0,1.0,0,223.0,0.0,50.0,0,0,1
4984,27.0,1.0,21.0,1.0,2,4.0,1.0,40.0,0,1,0
4985,30.0,1.0,20.0,1.0,0,16.0,0.0,52.0,0,1,1
4986,22.0,1.0,19.0,5.0,2,16.0,2.0,10.0,0,0,0
4987,60.0,4.0,20.0,1.0,0,6.0,1.0,50.0,1,1,1
4988,30.0,1.0,16.0,1.0,0,6.0,0.0,15.0,0,1,0
4989,40.0,1.0,21.0,1.0,0,110.0,1.0,40.0,0,1,0
4990,33.0,3.0,22.0,1.0,0,49.0,0.0,40.0,1,1,1
4991,57.0,1.0,19.0,1.0,4,35.0,0.0,65.0,1,0,1
4992,44.0,4.0,24.0,1.0,0,49.0,0.0,40.0,1,1,1
4993,65.0,4.0,18.0,1.0,0,49.0,0.0,40.0,1,1,1
4994,43.0,1.0,21.0,1.0,0,39.0,0.0,46.0,1,1,1
4995,36.0,1.0,19.0,1.0,1,26.0,1.0,40.0,0,1,0
4996,58.0,1.0,19.0,1.0,4,49.0,1.0,40.0,0,1,0
4997,50.0,1.0,19.0,1.0,2,6.0,0.0,40.0,1,1,1
4998,33.0,3.0,21.0,1.0,0,49.0,1.0,40.0,0,1,1
4999,25.0,1.0,19.0,1.0,3,66.0,1.0,26.0,1,0,0
5000,38.0,5.0,21.0,1.0,0,49.0,1.0,40.0,0,1,1
5001,44.0,5.0,21.0,1.0,0,49.0,0.0,40.0,1,1,1
5002,61.0,4.0,14.0,3.0,2,16.0,0.0,50.0,0,1,0
5003,21.0,1.0,16.0,5.0,2,6.0,12.0,30.0,0,1,0
5004,47.0,2.0,23.0,1.0,0,49.0,0.0,40.0,0,1,1
5005,33.0,1.0,21.0,5.0,0,49.0,13.0,35.0,1,1,1
5006,74.0,4.0,23.0,1.0,0,49.0,0.0,40.0,1,1,1
5007,49.0,2.0,20.0,1.0,2,49.0,0.0,40.0,0,1,0
5008,63.0,2.0,24.0,1.0,0,49.0,1.0,32.0,0,1,1
5009,29.0,3.0,20.0,1.0,0,16.0,1.0,45.0,0,1,1
5010,26.0,1.0,16.0,5.0,4,49.0,4.0,16.0,0,1,0
5011,24.0,1.0,19.0,1.0,0,32.0,0.0,48.0,1,1,0
5012,67.0,1.0,16.0,1.0,3,49.0,0.0,45.0,1,1,1
5013,31.0,5.0,19.0,1.0,0,49.0,0.0,40.0,1,0,1
5014,48.0,3.0,21.0,1.0,0,49.0,0.0,40.0,0,1,1
5015,23.0,1.0,16.0,1.0,2,49.0,0.0,40.0,1,1,0
5016,62.0,2.0,16.0,1.0,2,49.0,1.0,20.0,0,1,0
5017,71.0,2.0,22.0,1.0,0,49.0,1.0,40.0,1,1,1
5018,35.0,1.0,21.0,1.0,4,49.0,1.0,40.0,0,1,1
5019,50.0,1.0,19.0,1.0,2,49.0,1.0,40.0,0,1,0
5020,18.0,2.0,16.0,5.0,4,41.0,2.0,30.0,0,1,0
5021,77.0,1.0,16.0,1.0,1,30.0,1.0,43.0,0,1,0
5022,58.0,1.0,18.0,1.0,1,48.0,0.0,40.0,0,1,1
5023,47.0,7.0,17.0,1.0,2,66.0,1.0,25.0,0,0,0
5024,46.0,3.0,20.0,1.0,0,49.0,0.0,40.0,0,1,1
5025,20.0,6.0,19.0,5.0,0,49.0,2.0,40.0,1,1,0
5026,29.0,3.0,21.0,1.0,0,110.0,0.0,40.0,0,1,1
5027,17.0,1.0,14.0,5.0,1,49.0,13.0,40.0,0,1,0
5028,56.0,2.0,21.0,1.0,0,48.0,1.0,40.0,0,1,1
5029,25.0,1.0,21.0,1.0,0,110.0,1.0,50.0,0,1,1
5030,36.0,3.0,22.0,1.0,0,303.0,0.0,25.0,0,0,0
5031,21.0,4.0,19.0,5.0,1,49.0,17.0,20.0,1,1,0
5032,28.0,1.0,21.0,1.0,0,49.0,0.0,40.0,0,1,1
5033,18.0,1.0,16.0,5.0,1,49.0,2.0,35.0,0,1,0
5034,21.0,2.0,19.0,5.0,4,49.0,0.0,40.0,1,1,0
5035,46.0,3.0,21.0,1.0,0,49.0,1.0,6.0,0,0,0
5036,38.0,1.0,21.0,1.0,2,49.0,1.0,50.0,0,1,1
5037,23.0,1.0,19.0,5.0,3,49.0,0.0,10.0,1,1,0
5038,33.0,2.0,23.0,1.0,0,6.0,1.0,6.0,0,1,0
5039,49.0,1.0,22.0,1.0,0,49.0,0.0,45.0,1,1,1
5040,41.0,4.0,23.0,1.0,0,49.0,1.0,40.0,0,1,1
5041,60.0,2.0,22.0,1.0,3,49.0,0.0,40.0,1,1,1
5042,50.0,1.0,18.0,1.0,1,49.0,1.0,40.0,0,1,0
5043,66.0,1.0,16.0,5.0,4,35.0,2.0,40.0,0,1,0
5044,31.0,1.0,21.0,1.0,0,301.0,1.0,40.0,1,1,1
5045,28.0,1.0,20.0,1.0,1,303.0,0.0,40.0,0,0,1
5046,17.0,1.0,13.0,5.0,2,49.0,12.0,40.0,0,1,0
5047,24.0,1.0,21.0,1.0,0,34.0,0.0,50.0,0,1,1
5048,29.0,1.0,20.0,1.0,0,49.0,0.0,40.0,0,0,0
5049,51.0,2.0,23.0,1.0,0,49.0,1.0,54.0,1,1,1
5050,20.0,1.0,14.0,1.0,1,49.0,1.0,21.0,0,1,0
5051,62.0,7.0,18.0,1.0,4,16.0,0.0,40.0,1,1,1
5052,59.0,2.0,21.0,1.0,0,34.0,1.0,50.0,0,1,1
5053,19.0,1.0,16.0,5.0,1,49.0,12.0,10.0,0,1,0
5054,48.0,2.0,23.0,1.0,0,6.0,1.0,7.0,0,1,1
5055,48.0,1.0,21.0,1.0,1,303.0,0.0,40.0,1,0,1
5056,31.0,1.0,16.0,5.0,3,6.0,13.0,48.0,1,1,1
5057,21.0,1.0,18.0,5.0,2,26.0,17.0,20.0,0,1,0
5058,25.0,1.0,18.0,5.0,0,303.0,2.0,40.0,0,1,0
5059,56.0,6.0,21.0,1.0,1,303.0,1.0,4.0,0,0,0
5060,61.0,4.0,21.0,1.0,0,49.0,9.0,40.0,1,1,1
5061,26.0,1.0,21.0,1.0,0,6.0,0.0,41.0,0,1,1
5062,31.0,1.0,18.0,1.0,0,49.0,1.0,15.0,0,1,0
5063,68.0,2.0,19.0,1.0,2,49.0,0.0,42.0,0,1,0
5064,25.0,1.0,20.0,1.0,1,27.0,0.0,30.0,0,1,0
5065,60.0,1.0,21.0,1.0,3,49.0,0.0,40.0,1,1,1
5066,38.0,4.0,16.0,1.0,3,35.0,1.0,15.0,0,1,0
5067,41.0,1.0,21.0,1.0,2,49.0,1.0,20.0,0,1,0
5068,20.0,1.0,16.0,5.0,1,49.0,10.0,20.0,1,1,0
5069,53.0,1.0,16.0,1.0,0,16.0,1.0,32.0,0,1,1
5070,20.0,1.0,18.0,1.0,0,49.0,0.0,40.0,1,1,0
5071,21.0,1.0,16.0,5.0,2,56.0,17.0,10.0,0,1,0
5072,25.0,6.0,20.0,1.0,2,49.0,0.0,60.0,1,1,1
5073,29.0,3.0,19.0,1.0,2,49.0,1.0,40.0,1,1,1
5074,28.0,1.0,21.0,1.0,1,49.0,0.0,50.0,1,1,1
5075,21.0,1.0,19.0,5.0,2,6.0,5.0,52.0,1,1,0
5076,33.0,1.0,21.0,1.0,1,24.0,1.0,25.0,0,1,0
5077,42.0,7.0,23.0,1.0,0,49.0,0.0,40.0,1,1,1
5078,40.0,5.0,22.0,1.0,0,49.0,0.0,40.0,1,1,1
5079,28.0,1.0,21.0,1.0,0,13.0,1.0,40.0,0,1,1
5080,31.0,1.0,19.0,1.0,1,49.0,0.0,20.0,0,1,0
5081,44.0,1.0,21.0,1.0,0,303.0,0.0,48.0,1,1,1
5082,29.0,3.0,20.0,5.0,0,49.0,2.0,20.0,0,1,0
5083,33.0,1.0,16.0,3.0,2,49.0,2.0,30.0,1,1,0
5084,30.0,2.0,21.0,1.0,0,53.0,2.0,40.0,0,1,0
5085,54.0,2.0,24.0,1.0,0,370.0,0.0,36.0,1,1,1
5086,56.0,1.0,16.0,1.0,3,49.0,0.0,35.0,1,1,1
5087,32.0,4.0,22.0,1.0,0,49.0,0.0,50.0,0,1,1
5088,26.0,3.0,18.0,2.0,2,49.0,0.0,40.0,0,1,1
5089,82.0,1.0,9.0,4.0,4,209.0,0.0,40.0,1,0,0
5090,40.0,1.0,16.0,3.0,0,42.0,0.0,40.0,1,0,1
5091,58.0,1.0,21.0,1.0,0,49.0,0.0,55.0,1,1,1
5092,18.0,1.0,14.0,5.0,1,362.0,2.0,20.0,0,1,0
5093,31.0,1.0,16.0,1.0,3,49.0,1.0,40.0,1,1,1
5094,27.0,1.0,21.0,1.0,2,48.0,1.0,40.0,1,1,1
5095,48.0,2.0,23.0,1.0,0,49.0,0.0,20.0,0,1,0
5096,35.0,1.0,21.0,5.0,2,49.0,12.0,40.0,1,1,1
5097,46.0,6.0,19.0,1.0,2,17.0,0.0,20.0,0,1,0
5098,45.0,4.0,21.0,3.0,0,49.0,0.0,40.0,1,1,1
5099,19.0,1.0,16.0,5.0,1,35.0,13.0,50.0,1,1,0
5100,30.0,6.0,21.0,1.0,2,49.0,0.0,20.0,0,1,0
5101,45.0,6.0,21.0,1.0,0,9.0,9.0,40.0,1,1,1
5102,36.0,1.0,22.0,1.0,0,49.0,1.0,40.0,0,1,1
5103,30.0,7.0,21.0,1.0,0,49.0,0.0,40.0,1,1,1
5104,51.0,7.0,13.0,1.0,1,16.0,1.0,40.0,1,1,0
5105,64.0,3.0,19.0,1.0,0,6.0,0.0,12.0,0,1,0
5106,66.0,6.0,22.0,3.0,0,49.0,0.0,40.0,1,1,1
5107,27.0,7.0,19.0,5.0,0,49.0,17.0,25.0,0,1,0
5108,45.0,3.0,21.0,1.0,1,49.0,1.0,20.0,0,1,0
5109,32.0,3.0,20.0,1.0,0,49.0,0.0,30.0,1,1,0
5110,42.0,3.0,21.0,1.0,0,49.0,1.0,40.0,0,1,0
5111,29.0,1.0,21.0,1.0,0,49.0,0.0,37.0,0,1,1
5112,68.0,1.0,16.0,1.0,4,36.0,1.0,40.0,1,1,0
5113,65.0,1.0,16.0,1.0,1,373.0,0.0,50.0,1,0,1
5114,20.0,1.0,16.0,5.0,4,13.0,2.0,40.0,1,1,0
5115,57.0,1.0,18.0,1.0,4,126.0,0.0,40.0,1,1,1
5116,34.0,1.0,20.0,1.0,0,49.0,1.0,40.0,0,1,1
5117,61.0,1.0,20.0,3.0,2,49.0,0.0,36.0,0,1,0
5118,31.0,6.0,19.0,1.0,1,49.0,1.0,35.0,0,1,1
5119,63.0,1.0,20.0,2.0,1,49.0,0.0,24.0,0,1,0
5120,26.0,1.0,21.0,5.0,0,49.0,4.0,20.0,0,1,0
5121,22.0,1.0,18.0,5.0,3,16.0,12.0,40.0,1,1,1
5122,56.0,3.0,21.0,1.0,0,25.0,1.0,40.0,0,1,1
5123,22.0,2.0,16.0,5.0,0,47.0,0.0,36.0,1,1,1
5124,35.0,2.0,21.0,1.0,1,49.0,1.0,40.0,1,0,1
5125,58.0,1.0,20.0,4.0,4,49.0,0.0,40.0,1,1,1
5126,43.0,3.0,21.0,1.0,0,49.0,0.0,70.0,1,1,1
5127,46.0,1.0,20.0,3.0,2,207.0,13.0,36.0,0,0,1
5128,41.0,1.0,18.0,1.0,4,49.0,0.0,40.0,1,1,1
5129,31.0,7.0,20.0,1.0,0,49.0,0.0,70.0,1,1,1
5130,18.0,1.0,16.0,5.0,2,364.0,2.0,40.0,1,1,0
5131,29.0,5.0,16.0,5.0,4,247.0,5.0,55.0,1,0,1
5132,30.0,4.0,1.0,1.0,0,49.0,0.0,40.0,1,1,0
5133,28.0,5.0,21.0,5.0,2,49.0,2.0,30.0,1,1,0
5134,58.0,1.0,16.0,1.0,2,137.0,1.0,35.0,0,1,1
5135,44.0,6.0,21.0,1.0,2,49.0,5.0,44.0,0,1,0
5136,74.0,1.0,19.0,2.0,4,49.0,0.0,55.0,0,1,1
5137,60.0,1.0,16.0,1.0,3,49.0,1.0,43.0,1,1,1
5138,35.0,1.0,16.0,1.0,3,49.0,0.0,40.0,1,1,0
5139,34.0,1.0,19.0,2.0,2,49.0,0.0,20.0,0,1,0
5140,41.0,1.0,17.0,3.0,2,49.0,0.0,24.0,1,1,0
5141,17.0,1.0,1.0,5.0,1,49.0,17.0,40.0,0,1,0
5142,76.0,2.0,21.0,2.0,0,49.0,0.0,40.0,1,1,1
5143,57.0,6.0,22.0,1.0,0,41.0,1.0,60.0,1,1,1
5144,61.0,1.0,18.0,1.0,3,49.0,1.0,40.0,1,1,0
5145,18.0,1.0,16.0,5.0,4,26.0,2.0,50.0,1,1,0
5146,30.0,2.0,18.0,1.0,2,49.0,1.0,20.0,0,1,0
5147,53.0,1.0,16.0,1.0,1,6.0,1.0,36.0,0,1,0
5148,38.0,3.0,21.0,1.0,0,8.0,1.0,40.0,0,1,1
5149,18.0,1.0,18.0,5.0,4,15.0,2.0,35.0,1,0,0
5150,31.0,3.0,20.0,1.0,1,49.0,0.0,40.0,0,1,0
5151,36.0,1.0,16.0,5.0,4,49.0,0.0,40.0,1,1,1
5152,39.0,1.0,19.0,1.0,0,13.0,0.0,40.0,1,1,1
5153,22.0,1.0,19.0,5.0,2,49.0,2.0,45.0,0,1,0
5154,40.0,4.0,21.0,1.0,2,217.0,1.0,40.0,1,0,1
5155,37.0,7.0,19.0,1.0,1,49.0,0.0,40.0,1,1,1
5156,41.0,1.0,19.0,3.0,0,49.0,13.0,40.0,1,1,1
5157,17.0,1.0,14.0,5.0,4,49.0,2.0,20.0,1,1,0
5158,65.0,6.0,16.0,5.0,3,49.0,0.0,60.0,1,1,1
5159,44.0,3.0,18.0,1.0,1,49.0,1.0,40.0,1,1,0
5160,28.0,1.0,19.0,5.0,4,49.0,15.0,20.0,1,1,0
5161,58.0,4.0,24.0,1.0,0,49.0,0.0,20.0,0,1,1
5162,52.0,6.0,22.0,1.0,0,17.0,0.0,50.0,0,1,1
5163,23.0,1.0,19.0,5.0,0,49.0,12.0,40.0,1,1,1
5164,52.0,4.0,24.0,1.0,2,49.0,1.0,40.0,0,1,1
5165,25.0,1.0,21.0,5.0,0,49.0,5.0,30.0,0,1,0
5166,25.0,1.0,19.0,1.0,0,6.0,1.0,40.0,1,1,1
5167,18.0,1.0,14.0,5.0,1,139.0,2.0,40.0,1,1,0
5168,42.0,1.0,21.0,1.0,2,49.0,1.0,40.0,1,1,0
5169,28.0,1.0,16.0,1.0,1,49.0,4.0,40.0,0,1,0
5170,57.0,1.0,16.0,5.0,3,373.0,12.0,50.0,1,1,1
5171,24.0,1.0,21.0,5.0,0,49.0,0.0,15.0,0,1,1
5172,36.0,1.0,21.0,1.0,2,110.0,1.0,32.0,0,1,1
5173,22.0,3.0,21.0,5.0,1,49.0,2.0,40.0,0,1,0
5174,39.0,1.0,17.0,1.0,3,49.0,1.0,46.0,1,1,1
5175,19.0,1.0,19.0,5.0,4,49.0,12.0,35.0,0,1,0
5176,35.0,1.0,20.0,5.0,1,49.0,2.0,40.0,1,1,0
5177,18.0,1.0,16.0,5.0,1,49.0,2.0,20.0,1,1,0
5178,26.0,1.0,20.0,1.0,0,49.0,1.0,15.0,1,1,0
5179,25.0,1.0,18.0,1.0,3,49.0,0.0,40.0,1,1,0
5180,35.0,1.0,21.0,1.0,2,15.0,0.0,45.0,1,1,1
5181,34.0,1.0,20.0,5.0,0,110.0,0.0,40.0,0,1,0
5182,37.0,4.0,21.0,3.0,0,210.0,0.0,38.0,1,0,1
5183,17.0,1.0,14.0,5.0,3,35.0,2.0,30.0,1,0,0
5184,17.0,1.0,14.0,5.0,1,53.0,2.0,10.0,0,0,0
5185,33.0,4.0,24.0,5.0,0,55.0,13.0,40.0,1,1,1
5186,59.0,2.0,22.0,1.0,0,49.0,0.0,40.0,1,1,1
5187,29.0,1.0,18.0,1.0,3,49.0,1.0,40.0,0,1,0
5188,62.0,1.0,16.0,1.0,0,2.0,0.0,40.0,1,1,1
5189,36.0,1.0,19.0,3.0,0,8.0,0.0,50.0,0,1,1
5190,23.0,1.0,21.0,1.0,2,8.0,2.0,40.0,0,1,0
5191,38.0,1.0,15.0,1.0,2,49.0,1.0,28.0,0,1,0
5192,51.0,7.0,21.0,1.0,0,49.0,0.0,45.0,0,1,0
5193,37.0,1.0,22.0,1.0,2,48.0,1.0,10.0,0,1,0
5194,29.0,3.0,21.0,5.0,2,17.0,0.0,20.0,1,1,0
5195,25.0,1.0,18.0,1.0,1,49.0,1.0,40.0,1,1,1
5196,73.0,3.0,20.0,3.0,0,36.0,4.0,27.0,0,1,0
5197,25.0,1.0,21.0,3.0,2,301.0,2.0,22.0,0,1,0
5198,18.0,1.0,15.0,5.0,3,49.0,17.0,24.0,1,1,0
5199,24.0,3.0,16.0,5.0,1,303.0,2.0,20.0,0,0,0
5200,45.0,5.0,18.0,1.0,2,9.0,0.0,40.0,0,0,1
5201,26.0,1.0,20.0,1.0,0,301.0,0.0,40.0,0,1,1
5202,60.0,3.0,16.0,1.0,1,2.0,0.0,40.0,0,0,0
5203,38.0,1.0,22.0,1.0,0,49.0,1.0,40.0,0,1,1
5204,64.0,3.0,22.0,1.0,2,49.0,0.0,50.0,1,1,1
5205,31.0,1.0,22.0,5.0,0,49.0,0.0,45.0,1,1,1
5206,38.0,1.0,23.0,1.0,0,49.0,0.0,42.0,1,1,1
5207,48.0,7.0,21.0,1.0,0,6.0,1.0,82.0,0,0,1
5208,21.0,1.0,19.0,5.0,2,49.0,17.0,35.0,0,1,0
5209,31.0,1.0,20.0,1.0,3,49.0,1.0,1.0,1,1,0
5210,28.0,1.0,21.0,1.0,1,233.0,1.0,30.0,0,0,0
5211,19.0,1.0,19.0,5.0,2,6.0,17.0,40.0,1,1,0
5212,61.0,2.0,16.0,5.0,1,327.0,0.0,40.0,0,0,1
5213,26.0,1.0,21.0,1.0,0,49.0,9.0,30.0,1,1,0
5214,55.0,1.0,19.0,1.0,2,49.0,1.0,20.0,0,1,0
5215,42.0,7.0,18.0,1.0,2,49.0,1.0,15.0,0,1,0
5216,42.0,6.0,21.0,1.0,2,49.0,0.0,40.0,0,1,1
5217,36.0,3.0,16.0,3.0,1,6.0,0.0,17.0,0,1,0
5218,31.0,1.0,17.0,5.0,2,49.0,16.0,48.0,0,1,0
5219,52.0,1.0,22.0,1.0,1,6.0,1.0,50.0,1,1,1
5220,20.0,1.0,18.0,5.0,2,49.0,2.0,25.0,1,1,0
5221,73.0,1.0,16.0,3.0,4,363.0,0.0,30.0,0,1,0
5222,29.0,3.0,21.0,1.0,0,49.0,1.0,40.0,1,1,1
5223,20.0,1.0,18.0,5.0,2,6.0,17.0,12.0,0,1,0
5224,67.0,1.0,20.0,1.0,3,49.0,0.0,55.0,1,0,1
5225,53.0,1.0,16.0,3.0,2,49.0,5.0,20.0,1,1,0
5226,74.0,6.0,19.0,1.0,1,49.0,1.0,10.0,1,1,0
5227,21.0,1.0,16.0,5.0,3,49.0,2.0,30.0,1,1,1
5228,36.0,1.0,21.0,1.0,-1,49.0,1.0,40.0,1,1,1
5229,49.0,1.0,18.0,1.0,2,49.0,0.0,14.0,1,1,0
5230,56.0,1.0,19.0,1.0,4,15.0,1.0,30.0,1,0,0
5231,39.0,1.0,18.0,1.0,2,49.0,1.0,25.0,1,1,1
5232,17.0,1.0,14.0,5.0,1,6.0,2.0,18.0,1,1,0
5233,55.0,5.0,21.0,3.0,2,49.0,2.0,20.0,0,1,0
5234,37.0,1.0,19.0,1.0,0,49.0,1.0,40.0,0,1,0
5235,47.0,1.0,16.0,1.0,0,49.0,1.0,15.0,0,1,0
5236,41.0,1.0,21.0,1.0,2,49.0,0.0,40.0,1,1,1
5237,32.0,7.0,21.0,1.0,1,49.0,0.0,10.0,0,1,0
5238,24.0,1.0,16.0,5.0,4,6.0,2.0,25.0,1,1,0
5239,22.0,1.0,19.0,5.0,0,303.0,2.0,33.0,0,1,0
5240,41.0,6.0,16.0,5.0,0,49.0,12.0,48.0,0,1,0
5241,21.0,1.0,16.0,5.0,4,49.0,10.0,12.0,0,1,0
5242,54.0,1.0,16.0,1.0,2,53.0,1.0,22.0,0,1,0
5243,18.0,1.0,18.0,5.0,1,49.0,17.0,40.0,1,1,0
5244,79.0,5.0,19.0,1.0,3,6.0,0.0,50.0,1,1,1
5245,30.0,1.0,22.0,1.0,0,49.0,1.0,40.0,1,1,1
5246,43.0,3.0,15.0,1.0,2,49.0,0.0,40.0,0,1,0
5247,21.0,1.0,16.0,5.0,2,9.0,2.0,10.0,0,1,0
5248,33.0,1.0,21.0,5.0,4,49.0,17.0,50.0,1,1,1
5249,22.0,1.0,19.0,5.0,1,4.0,3.0,46.0,1,1,0
5250,42.0,1.0,19.0,1.0,4,17.0,0.0,40.0,1,1,0
5251,53.0,1.0,19.0,1.0,2,49.0,1.0,20.0,1,1,0
5252,51.0,1.0,8.0,3.0,0,6.0,0.0,60.0,1,1,1
5253,25.0,1.0,18.0,1.0,2,39.0,1.0,16.0,0,1,1
5254,30.0,1.0,21.0,1.0,0,301.0,1.0,40.0,0,1,1
5255,21.0,1.0,19.0,1.0,1,18.0,1.0,40.0,0,1,0
5256,26.0,4.0,19.0,1.0,0,55.0,0.0,40.0,1,1,1
5257,35.0,1.0,24.0,5.0,0,49.0,0.0,40.0,1,1,1
5258,28.0,1.0,19.0,5.0,4,35.0,2.0,35.0,1,0,0
5259,20.0,1.0,19.0,5.0,2,49.0,2.0,4.0,0,1,0
5260,62.0,7.0,16.0,1.0,2,49.0,1.0,45.0,1,1,1
5261,56.0,6.0,20.0,3.0,2,327.0,2.0,40.0,1,0,1
5262,63.0,1.0,19.0,1.0,4,49.0,1.0,50.0,1,1,1
5263,50.0,1.0,22.0,1.0,0,49.0,0.0,45.0,1,1,1
5264,37.0,1.0,18.0,1.0,3,41.0,1.0,50.0,1,1,1
5265,65.0,2.0,21.0,1.0,0,49.0,1.0,10.0,0,1,0
5266,35.0,1.0,21.0,1.0,3,8.0,0.0,15.0,1,1,0
5267,32.0,1.0,17.0,1.0,3,35.0,0.0,40.0,1,1,0
5268,23.0,1.0,19.0,5.0,4,49.0,0.0,50.0,1,1,1
5269,34.0,2.0,16.0,5.0,0,6.0,15.0,29.0,0,1,0
5270,72.0,1.0,22.0,1.0,-1,39.0,1.0,80.0,0,1,1
5271,39.0,5.0,21.0,5.0,5,49.0,0.0,40.0,1,1,1
5272,46.0,2.0,22.0,1.0,0,49.0,0.0,45.0,0,1,1
5273,28.0,1.0,21.0,5.0,2,370.0,12.0,30.0,0,0,0
5274,59.0,1.0,21.0,1.0,3,41.0,1.0,45.0,1,1,1
5275,27.0,1.0,16.0,5.0,1,40.0,0.0,40.0,0,1,0
5276,64.0,1.0,18.0,1.0,2,303.0,0.0,35.0,1,1,1
5277,50.0,7.0,19.0,1.0,0,6.0,0.0,20.0,1,1,0
5278,39.0,1.0,18.0,3.0,0,17.0,0.0,22.0,0,1,0
5279,57.0,4.0,21.0,5.0,0,49.0,0.0,40.0,0,1,1
5280,38.0,1.0,20.0,5.0,3,49.0,0.0,60.0,1,1,1
5281,26.0,1.0,22.0,1.0,0,6.0,1.0,10.0,0,1,0
5282,63.0,1.0,21.0,5.0,0,4.0,0.0,40.0,0,1,1
5283,51.0,1.0,16.0,1.0,4,49.0,1.0,50.0,1,0,1
5284,57.0,7.0,23.0,1.0,0,49.0,0.0,50.0,0,1,1
5285,45.0,3.0,21.0,3.0,0,49.0,0.0,40.0,0,1,1
5286,61.0,1.0,24.0,1.0,3,49.0,1.0,40.0,1,1,1
5287,54.0,3.0,16.0,1.0,0,49.0,1.0,25.0,0,1,0
5288,26.0,1.0,13.0,5.0,2,210.0,2.0,50.0,0,0,0
5289,46.0,1.0,21.0,1.0,0,49.0,0.0,40.0,1,1,1
5290,67.0,1.0,18.0,1.0,0,49.0,0.0,20.0,0,1,0
5291,19.0,1.0,16.0,5.0,2,49.0,2.0,20.0,1,1,0
5292,33.0,1.0,16.0,1.0,3,49.0,1.0,40.0,1,1,1
5293,38.0,1.0,21.0,5.0,4,49.0,2.0,40.0,1,1,0
5294,31.0,5.0,21.0,1.0,0,49.0,1.0,40.0,1,1,0
5295,38.0,3.0,19.0,5.0,0,51.0,17.0,12.0,0,1,0
5296,32.0,1.0,21.0,1.0,1,2.0,1.0,60.0,1,1,0
5297,20.0,1.0,16.0,1.0,4,49.0,10.0,22.0,1,1,0
5298,21.0,1.0,19.0,5.0,1,49.0,2.0,43.0,0,1,0
5299,27.0,1.0,20.0,1.0,1,49.0,1.0,28.0,0,1,0
5300,56.0,1.0,18.0,1.0,2,46.0,1.0,40.0,1,1,0
5301,53.0,6.0,22.0,1.0,0,49.0,1.0,16.0,0,1,1
5302,52.0,3.0,16.0,1.0,3,49.0,1.0,10.0,1,1,0
5303,24.0,1.0,16.0,2.0,0,49.0,6.0,40.0,0,1,0
5304,43.0,7.0,22.0,1.0,0,39.0,0.0,50.0,1,1,1
5305,65.0,8.0,18.0,1.0,2,24.0,1.0,40.0,0,1,1
5306,40.0,1.0,18.0,1.0,1,49.0,1.0,22.0,0,1,0
5307,54.0,1.0,16.0,1.0,2,49.0,0.0,40.0,1,0,1
5308,32.0,2.0,21.0,1.0,0,54.0,1.0,10.0,0,1,0
5309,45.0,1.0,20.0,1.0,4,56.0,2.0,15.0,1,1,0
5310,60.0,2.0,16.0,1.0,2,25.0,0.0,40.0,0,1,1
5311,33.0,2.0,19.0,5.0,0,49.0,17.0,40.0,0,1,1
5312,36.0,4.0,21.0,2.0,1,49.0,5.0,45.0,0,1,0
5313,39.0,1.0,21.0,5.0,0,49.0,0.0,35.0,0,1,0
5314,22.0,1.0,21.0,1.0,0,60.0,1.0,40.0,1,1,0
5315,41.0,1.0,21.0,1.0,0,6.0,1.0,44.0,1,1,1
5316,47.0,1.0,16.0,1.0,0,49.0,1.0,40.0,1,1,1
5317,58.0,1.0,23.0,1.0,0,49.0,1.0,70.0,1,1,1
5318,18.0,1.0,16.0,5.0,1,16.0,0.0,30.0,1,1,0
5319,39.0,1.0,16.0,4.0,4,49.0,5.0,40.0,1,1,0
5320,69.0,6.0,20.0,5.0,4,49.0,0.0,50.0,1,1,1
5321,44.0,1.0,20.0,4.0,2,49.0,0.0,50.0,0,1,1
5322,42.0,1.0,13.0,5.0,2,49.0,2.0,50.0,1,1,1
5323,53.0,4.0,22.0,1.0,0,30.0,0.0,40.0,1,1,1
5324,54.0,1.0,18.0,1.0,4,49.0,10.0,40.0,1,1,0
5325,43.0,1.0,19.0,1.0,4,49.0,0.0,45.0,1,1,1
5326,19.0,1.0,16.0,5.0,1,249.0,7.0,20.0,1,0,0
5327,23.0,1.0,19.0,5.0,1,55.0,2.0,10.0,1,0,0
5328,18.0,1.0,16.0,5.0,0,49.0,12.0,28.0,0,1,0
5329,47.0,1.0,21.0,1.0,2,360.0,0.0,44.0,1,1,1
5330,62.0,1.0,21.0,1.0,2,31.0,1.0,40.0,0,0,0
5331,32.0,1.0,20.0,1.0,2,32.0,0.0,12.0,0,1,0
5332,38.0,6.0,21.0,1.0,0,303.0,1.0,40.0,0,0,1
5333,32.0,1.0,19.0,1.0,0,6.0,2.0,25.0,0,1,0
5334,68.0,1.0,14.0,1.0,1,49.0,1.0,25.0,0,1,0
5335,45.0,1.0,19.0,1.0,1,49.0,0.0,40.0,1,1,0
5336,28.0,3.0,21.0,1.0,0,8.0,1.0,40.0,0,1,1
5337,28.0,3.0,21.0,5.0,0,33.0,11.0,22.0,0,1,0
5338,65.0,1.0,19.0,3.0,4,49.0,0.0,40.0,1,1,1
5339,29.0,1.0,6.0,5.0,4,49.0,0.0,40.0,1,1,0
5340,50.0,6.0,13.0,1.0,4,49.0,0.0,50.0,1,1,0
5341,35.0,1.0,22.0,1.0,0,49.0,0.0,50.0,1,0,1
5342,66.0,2.0,20.0,5.0,0,49.0,0.0,40.0,0,1,0
5343,36.0,1.0,16.0,1.0,0,49.0,0.0,30.0,0,1,0
5344,59.0,1.0,17.0,1.0,2,49.0,0.0,40.0,0,1,1
5345,19.0,1.0,16.0,5.0,2,49.0,2.0,30.0,0,1,0
5346,27.0,1.0,17.0,5.0,1,49.0,15.0,30.0,0,1,0
5347,60.0,2.0,21.0,1.0,0,301.0,1.0,40.0,1,1,1
5348,25.0,1.0,20.0,5.0,0,373.0,12.0,40.0,1,1,0
5349,41.0,1.0,19.0,1.0,0,303.0,0.0,32.0,0,1,1
5350,79.0,1.0,7.0,3.0,3,49.0,15.0,40.0,1,1,1
5351,81.0,2.0,24.0,1.0,0,49.0,0.0,40.0,1,1,1
5352,23.0,1.0,16.0,1.0,2,48.0,1.0,20.0,0,1,0
5353,21.0,1.0,19.0,5.0,1,49.0,12.0,35.0,0,1,0
5354,18.0,5.0,19.0,5.0,4,49.0,2.0,40.0,1,1,0
5355,41.0,1.0,21.0,1.0,0,49.0,10.0,40.0,1,1,1
5356,18.0,1.0,15.0,5.0,0,4.0,13.0,40.0,0,1,0
5357,24.0,2.0,21.0,5.0,0,8.0,2.0,17.0,0,1,0
5358,24.0,2.0,20.0,5.0,0,49.0,0.0,10.0,0,1,0
5359,61.0,1.0,16.0,3.0,3,49.0,13.0,45.0,1,1,1
5360,57.0,1.0,23.0,1.0,0,30.0,0.0,40.0,1,1,1
5361,21.0,1.0,19.0,5.0,1,138.0,17.0,15.0,1,1,0
5362,29.0,1.0,19.0,1.0,0,49.0,0.0,40.0,1,1,1
5363,22.0,1.0,19.0,5.0,0,32.0,17.0,15.0,0,1,0
5364,32.0,1.0,22.0,1.0,2,49.0,0.0,55.0,1,1,1
5365,85.0,1.0,18.0,2.0,2,49.0,10.0,40.0,0,0,0
5366,48.0,1.0,20.0,1.0,4,49.0,0.0,40.0,1,1,0
5367,22.0,1.0,17.0,5.0,2,38.0,2.0,30.0,1,1,0
5368,21.0,1.0,21.0,5.0,0,139.0,0.0,20.0,0,1,0
5369,30.0,1.0,9.0,1.0,4,6.0,9.0,40.0,1,1,1
5370,45.0,2.0,21.0,1.0,2,38.0,0.0,45.0,0,1,1
5371,33.0,1.0,19.0,1.0,0,53.0,1.0,20.0,1,1,0
5372,18.0,1.0,15.0,5.0,4,49.0,2.0,30.0,1,1,0
5373,25.0,4.0,19.0,1.0,2,49.0,0.0,40.0,0,1,0
5374,60.0,7.0,19.0,1.0,3,303.0,0.0,50.0,1,1,1
5375,36.0,1.0,20.0,1.0,4,6.0,0.0,40.0,1,1,1
5376,30.0,1.0,21.0,5.0,2,16.0,13.0,38.0,0,1,1
5377,42.0,1.0,21.0,1.0,4,49.0,1.0,40.0,1,1,1
5378,46.0,1.0,18.0,1.0,2,49.0,0.0,20.0,0,1,0
5379,18.0,1.0,18.0,5.0,2,50.0,2.0,20.0,0,1,0
5380,30.0,1.0,21.0,3.0,0,138.0,13.0,50.0,1,1,0
5381,64.0,3.0,21.0,1.0,0,49.0,0.0,40.0,1,1,1
5382,17.0,1.0,14.0,5.0,1,30.0,4.0,40.0,0,0,0
5383,23.0,4.0,16.0,5.0,0,49.0,0.0,10.0,1,1,0
5384,60.0,1.0,16.0,1.0,0,49.0,1.0,30.0,0,1,1
5385,44.0,5.0,16.0,3.0,2,228.0,2.0,40.0,0,1,1
5386,53.0,7.0,18.0,1.0,3,4.0,0.0,60.0,1,0,1
5387,39.0,1.0,20.0,1.0,2,49.0,1.0,50.0,1,1,1
5388,19.0,1.0,19.0,5.0,1,49.0,17.0,30.0,0,1,0
5389,29.0,1.0,21.0,5.0,0,49.0,13.0,35.0,0,1,0
5390,70.0,7.0,20.0,1.0,1,6.0,0.0,30.0,1,1,0
5391,44.0,2.0,22.0,1.0,0,49.0,1.0,60.0,1,1,1
5392,34.0,5.0,22.0,1.0,0,39.0,2.0,40.0,1,1,1
5393,42.0,1.0,21.0,1.0,0,49.0,1.0,70.0,1,1,1
5394,48.0,1.0,19.0,1.0,0,16.0,1.0,36.0,1,1,1
5395,55.0,3.0,22.0,1.0,0,8.0,0.0,25.0,0,1,0
5396,57.0,4.0,18.0,1.0,0,40.0,0.0,70.0,1,0,1
5397,28.0,1.0,21.0,1.0,0,49.0,1.0,25.0,1,1,0
5398,18.0,1.0,15.0,5.0,4,49.0,2.0,40.0,1,0,0
5399,50.0,1.0,19.0,1.0,0,49.0,0.0,35.0,0,1,1
5400,25.0,7.0,20.0,1.0,0,49.0,0.0,40.0,0,1,1
5401,48.0,1.0,18.0,1.0,2,16.0,1.0,40.0,0,1,1
5402,65.0,3.0,16.0,1.0,2,49.0,1.0,48.0,0,1,0
5403,34.0,1.0,20.0,5.0,-1,49.0,0.0,39.0,0,1,1
5404,45.0,5.0,22.0,1.0,0,49.0,1.0,40.0,1,1,1
5405,18.0,1.0,16.0,5.0,1,49.0,2.0,20.0,0,1,0
5406,60.0,2.0,20.0,1.0,2,42.0,1.0,30.0,0,1,0
5407,23.0,1.0,20.0,1.0,1,49.0,1.0,37.0,0,1,0
5408,21.0,1.0,21.0,5.0,2,53.0,2.0,25.0,0,1,0
5409,59.0,1.0,21.0,1.0,4,49.0,1.0,40.0,0,1,0
5410,25.0,1.0,16.0,5.0,3,247.0,2.0,40.0,1,0,0
5411,32.0,1.0,20.0,5.0,1,49.0,2.0,37.0,0,1,0
5412,31.0,4.0,23.0,1.0,0,34.0,1.0,40.0,1,1,1
5413,27.0,1.0,17.0,5.0,1,49.0,2.0,50.0,1,1,0
5414,54.0,1.0,23.0,1.0,0,213.0,0.0,40.0,1,1,1
5415,32.0,3.0,21.0,1.0,0,6.0,0.0,45.0,1,0,1
5416,60.0,7.0,18.0,1.0,2,515.0,1.0,30.0,1,0,0
5417,20.0,1.0,19.0,5.0,2,49.0,17.0,12.0,0,1,0
5418,43.0,3.0,19.0,1.0,0,49.0,1.0,50.0,1,1,1
5419,50.0,1.0,20.0,1.0,2,30.0,0.0,40.0,0,1,1
5420,38.0,3.0,22.0,1.0,0,49.0,0.0,40.0,1,1,1
5421,68.0,1.0,17.0,3.0,0,26.0,0.0,40.0,0,0,0
5422,56.0,1.0,15.0,1.0,4,49.0,0.0,40.0,1,1,1
5423,30.0,4.0,19.0,1.0,0,49.0,0.0,40.0,1,1,1
5424,30.0,5.0,21.0,1.0,2,49.0,1.0,40.0,0,1,0
5425,23.0,1.0,22.0,5.0,0,49.0,2.0,40.0,0,1,0
5426,57.0,1.0,16.0,1.0,3,303.0,1.0,40.0,1,0,1
5427,53.0,1.0,19.0,1.0,4,49.0,1.0,40.0,1,1,1
5428,20.0,1.0,19.0,5.0,1,42.0,12.0,10.0,0,1,0
5429,61.0,7.0,22.0,1.0,0,6.0,1.0,40.0,1,1,1
5430,61.0,1.0,21.0,1.0,0,6.0,1.0,40.0,1,1,1
5431,24.0,3.0,19.0,1.0,1,8.0,1.0,2.0,0,1,0
5432,53.0,1.0,16.0,4.0,4,49.0,0.0,40.0,0,1,0
5433,47.0,1.0,19.0,5.0,4,31.0,12.0,45.0,1,1,1
5434,36.0,1.0,16.0,1.0,1,49.0,1.0,40.0,1,1,0
5435,58.0,4.0,19.0,1.0,2,49.0,1.0,45.0,0,1,1
5436,36.0,4.0,22.0,5.0,0,49.0,0.0,40.0,1,0,1
5437,46.0,3.0,20.0,3.0,1,49.0,0.0,50.0,0,1,1
5438,38.0,1.0,16.0,1.0,2,49.0,0.0,20.0,0,1,0
5439,64.0,5.0,18.0,1.0,3,8.0,0.0,40.0,1,1,1
5440,20.0,1.0,19.0,5.0,2,49.0,12.0,40.0,0,1,0
5441,40.0,2.0,21.0,1.0,0,49.0,1.0,55.0,1,1,1
5442,23.0,1.0,19.0,5.0,0,49.0,2.0,10.0,1,0,0
5443,44.0,1.0,21.0,1.0,2,49.0,1.0,40.0,1,1,1
5444,32.0,3.0,20.0,1.0,2,49.0,0.0,50.0,1,1,1
5445,17.0,1.0,16.0,5.0,0,16.0,2.0,36.0,0,1,0
5446,20.0,2.0,19.0,5.0,1,49.0,17.0,28.0,0,0,0
5447,23.0,1.0,19.0,5.0,2,11.0,2.0,15.0,0,1,0
5448,65.0,2.0,19.0,1.0,0,49.0,0.0,25.0,0,1,1
5449,35.0,1.0,18.0,5.0,3,49.0,0.0,48.0,1,1,1
5450,57.0,4.0,22.0,1.0,0,49.0,1.0,16.0,0,1,0
5451,58.0,1.0,20.0,2.0,1,49.0,0.0,40.0,0,1,1
5452,33.0,7.0,21.0,1.0,0,37.0,0.0,55.0,1,1,1
5453,21.0,1.0,16.0,5.0,0,39.0,17.0,30.0,1,1,0
5454,21.0,4.0,18.0,5.0,0,49.0,2.0,4.0,1,1,0
5455,49.0,1.0,18.0,3.0,0,6.0,0.0,4.0,1,0,0
5456,36.0,1.0,18.0,1.0,2,49.0,1.0,40.0,0,1,0
5457,34.0,1.0,21.0,5.0,2,49.0,2.0,10.0,0,1,0
5458,57.0,1.0,19.0,1.0,0,213.0,0.0,20.0,0,1,1
5459,46.0,7.0,22.0,1.0,0,207.0,0.0,15.0,0,0,1
5460,25.0,1.0,18.0,1.0,4,49.0,0.0,40.0,0,1,0
5461,75.0,4.0,18.0,3.0,0,49.0,0.0,60.0,0,1,1
5462,44.0,1.0,20.0,1.0,0,55.0,1.0,40.0,0,1,1
5463,29.0,2.0,22.0,5.0,0,21.0,0.0,20.0,0,0,0
5464,20.0,1.0,16.0,5.0,4,49.0,2.0,40.0,1,1,0
5465,21.0,1.0,16.0,5.0,2,49.0,0.0,25.0,0,1,0
5466,72.0,1.0,16.0,1.0,3,49.0,0.0,40.0,1,1,1
5467,50.0,1.0,17.0,3.0,3,42.0,2.0,30.0,1,1,0
5468,43.0,1.0,19.0,1.0,0,39.0,0.0,40.0,1,1,0
5469,60.0,1.0,18.0,1.0,2,49.0,0.0,42.0,1,1,1
5470,36.0,1.0,21.0,1.0,3,53.0,1.0,40.0,1,1,1
5471,45.0,1.0,3.0,5.0,1,36.0,12.0,40.0,0,1,0
5472,59.0,1.0,22.0,3.0,0,49.0,0.0,40.0,0,1,1
5473,70.0,1.0,15.0,1.0,2,39.0,1.0,50.0,1,1,1
5474,18.0,1.0,18.0,5.0,1,49.0,17.0,50.0,1,1,0
5475,17.0,5.0,14.0,5.0,5,49.0,2.0,40.0,1,1,0
5476,22.0,1.0,17.0,5.0,3,53.0,17.0,40.0,1,1,0
5477,75.0,1.0,23.0,4.0,0,49.0,0.0,50.0,1,1,1
5478,33.0,1.0,21.0,5.0,2,41.0,2.0,45.0,1,1,1
5479,47.0,1.0,19.0,1.0,4,49.0,0.0,30.0,1,1,0
5480,50.0,2.0,21.0,5.0,2,49.0,0.0,32.0,0,1,0
5481,26.0,5.0,22.0,1.0,0,49.0,0.0,40.0,1,1,1
5482,23.0,1.0,19.0,5.0,0,49.0,2.0,50.0,0,1,1
5483,68.0,2.0,22.0,1.0,0,217.0,0.0,40.0,1,1,1
5484,57.0,6.0,19.0,5.0,1,233.0,13.0,15.0,0,0,0
5485,55.0,2.0,21.0,5.0,0,49.0,0.0,40.0,0,1,1
5486,52.0,4.0,21.0,1.0,0,39.0,1.0,29.0,0,1,0
5487,44.0,1.0,19.0,1.0,0,35.0,1.0,38.0,0,1,1
5488,77.0,2.0,19.0,1.0,0,6.0,0.0,8.0,1,1,0
5489,26.0,5.0,21.0,5.0,5,49.0,0.0,40.0,1,1,1
5490,72.0,2.0,19.0,1.0,2,512.0,0.0,60.0,1,1,1
5491,53.0,1.0,22.0,1.0,0,49.0,0.0,39.0,1,1,1
5492,44.0,6.0,17.0,3.0,0,49.0,2.0,45.0,0,1,1
5493,58.0,1.0,20.0,1.0,0,32.0,0.0,40.0,1,1,1
5494,42.0,3.0,23.0,1.0,0,49.0,1.0,40.0,1,1,1
5495,17.0,1.0,13.0,5.0,2,303.0,2.0,40.0,1,0,0
5496,47.0,7.0,19.0,1.0,4,215.0,0.0,30.0,1,1,1
5497,18.0,1.0,16.0,5.0,2,18.0,2.0,15.0,0,1,0
5498,62.0,1.0,20.0,1.0,3,49.0,1.0,40.0,1,1,1
5499,75.0,5.0,16.0,3.0,2,16.0,0.0,40.0,0,1,1
5500,36.0,1.0,18.0,1.0,2,17.0,0.0,60.0,1,1,0
5501,46.0,1.0,16.0,1.0,3,49.0,0.0,40.0,1,1,1
5502,67.0,1.0,16.0,1.0,4,126.0,1.0,20.0,1,1,0
5503,38.0,1.0,20.0,1.0,2,49.0,1.0,50.0,1,1,1
5504,25.0,1.0,18.0,5.0,4,49.0,2.0,40.0,1,1,1
5505,24.0,1.0,18.0,5.0,4,27.0,0.0,20.0,0,1,0
5506,22.0,1.0,21.0,5.0,0,6.0,0.0,10.0,0,0,0
5507,57.0,1.0,22.0,1.0,0,6.0,0.0,45.0,1,1,1
5508,51.0,1.0,19.0,3.0,0,16.0,0.0,40.0,1,1,1
5509,27.0,1.0,18.0,1.0,2,360.0,1.0,30.0,0,0,0
5510,47.0,1.0,17.0,5.0,0,303.0,15.0,40.0,1,0,0
5511,39.0,1.0,20.0,1.0,3,313.0,0.0,36.0,0,0,1
5512,53.0,2.0,22.0,1.0,0,303.0,0.0,50.0,0,0,1
5513,58.0,1.0,16.0,1.0,4,303.0,1.0,40.0,1,1,0
5514,25.0,1.0,19.0,5.0,2,49.0,2.0,40.0,0,1,0
5515,48.0,1.0,19.0,1.0,0,49.0,0.0,40.0,0,1,1
5516,59.0,1.0,18.0,1.0,3,49.0,1.0,45.0,1,1,1
5517,38.0,1.0,21.0,1.0,-1,314.0,1.0,50.0,0,1,1
5518,18.0,1.0,16.0,5.0,4,49.0,2.0,40.0,0,1,0
5519,65.0,5.0,16.0,3.0,2,16.0,0.0,40.0,0,1,0
5520,64.0,4.0,18.0,1.0,0,49.0,0.0,40.0,0,1,0
5521,61.0,4.0,22.0,1.0,0,49.0,0.0,40.0,0,1,1
5522,59.0,1.0,21.0,3.0,4,29.0,15.0,20.0,1,1,0
5523,50.0,3.0,18.0,1.0,0,72.0,1.0,40.0,1,1,1
5524,38.0,1.0,19.0,1.0,0,49.0,1.0,40.0,1,1,0
5525,43.0,3.0,21.0,1.0,0,48.0,0.0,30.0,0,1,1
5526,23.0,1.0,19.0,1.0,2,49.0,0.0,35.0,0,1,0
5527,62.0,1.0,18.0,4.0,3,16.0,8.0,20.0,1,1,1
5528,35.0,1.0,22.0,1.0,0,49.0,1.0,50.0,1,1,1
5529,38.0,1.0,22.0,1.0,0,11.0,1.0,45.0,1,1,1
5530,53.0,1.0,24.0,1.0,0,49.0,1.0,41.0,1,1,1
5531,18.0,1.0,18.0,5.0,2,39.0,17.0,15.0,1,1,0
5532,68.0,5.0,21.0,1.0,0,49.0,1.0,27.0,0,1,0
5533,48.0,4.0,21.0,1.0,0,49.0,0.0,40.0,1,1,1
5534,37.0,1.0,21.0,1.0,0,30.0,0.0,50.0,1,1,1
5535,60.0,6.0,16.0,3.0,4,49.0,12.0,25.0,0,1,0
5536,45.0,7.0,21.0,1.0,0,49.0,1.0,22.0,0,1,1
5537,56.0,1.0,19.0,1.0,1,49.0,1.0,30.0,0,1,0
5538,34.0,2.0,21.0,1.0,2,242.0,1.0,40.0,1,0,1
5539,53.0,1.0,16.0,1.0,2,49.0,1.0,35.0,0,1,0
5540,31.0,1.0,16.0,5.0,3,49.0,15.0,40.0,1,1,0
5541,26.0,1.0,21.0,1.0,0,49.0,0.0,3.0,0,1,0
5542,43.0,1.0,20.0,1.0,0,6.0,0.0,30.0,1,1,1
5543,17.0,1.0,14.0,5.0,1,49.0,2.0,30.0,1,1,0
5544,33.0,5.0,16.0,1.0,2,49.0,1.0,40.0,0,1,0
5545,62.0,1.0,21.0,1.0,2,31.0,0.0,24.0,0,1,0
5546,50.0,1.0,22.0,5.0,0,36.0,0.0,45.0,1,1,1
5547,34.0,1.0,16.0,1.0,0,49.0,0.0,20.0,0,1,0
5548,61.0,2.0,21.0,3.0,0,46.0,0.0,40.0,0,1,1
5549,26.0,1.0,16.0,5.0,3,51.0,5.0,40.0,1,1,1
5550,69.0,7.0,21.0,1.0,0,49.0,1.0,40.0,0,1,1
5551,57.0,1.0,22.0,1.0,0,49.0,0.0,40.0,0,1,1
5552,51.0,4.0,22.0,1.0,0,6.0,0.0,40.0,1,1,1
5553,18.0,1.0,16.0,5.0,1,49.0,2.0,18.0,0,1,0
5554,22.0,1.0,18.0,1.0,3,49.0,0.0,40.0,1,1,0
5555,20.0,1.0,14.0,5.0,1,17.0,3.0,40.0,1,1,0
5556,62.0,1.0,21.0,3.0,0,49.0,0.0,40.0,1,1,1
5557,24.0,1.0,19.0,1.0,0,213.0,1.0,40.0,1,1,0
5558,27.0,1.0,16.0,1.0,0,301.0,1.0,6.0,0,1,0
5559,56.0,1.0,21.0,1.0,0,49.0,0.0,40.0,1,1,1
5560,51.0,2.0,19.0,5.0,1,15.0,0.0,24.0,0,1,1
5561,44.0,1.0,20.0,1.0,2,41.0,9.0,32.0,0,1,0
5562,54.0,7.0,18.0,1.0,3,49.0,0.0,30.0,1,1,1
5563,36.0,1.0,20.0,1.0,0,49.0,1.0,35.0,0,1,0
5564,69.0,6.0,21.0,1.0,-1,49.0,0.0,4.0,0,1,1
5565,38.0,1.0,17.0,3.0,2,49.0,12.0,10.0,0,1,0
5566,29.0,1.0,19.0,1.0,2,49.0,0.0,40.0,0,1,1
5567,38.0,7.0,19.0,1.0,2,17.0,9.0,50.0,1,1,1
5568,34.0,1.0,22.0,1.0,0,6.0,1.0,40.0,0,1,1
5569,31.0,1.0,17.0,5.0,2,6.0,0.0,20.0,0,1,0
5570,29.0,1.0,19.0,1.0,1,49.0,0.0,10.0,0,1,0
5571,44.0,1.0,21.0,1.0,0,6.0,1.0,50.0,1,1,1
5572,42.0,1.0,19.0,3.0,0,16.0,0.0,18.0,0,1,0
5573,54.0,1.0,18.0,3.0,4,42.0,10.0,48.0,1,1,1
5574,40.0,1.0,21.0,4.0,0,16.0,0.0,50.0,0,1,1
5575,27.0,5.0,21.0,5.0,4,49.0,16.0,40.0,1,1,0
5576,39.0,1.0,20.0,3.0,0,49.0,12.0,15.0,0,1,0
5577,61.0,7.0,21.0,3.0,0,511.0,0.0,20.0,0,1,0
5578,41.0,3.0,22.0,1.0,0,49.0,1.0,20.0,0,1,1
5579,49.0,1.0,21.0,1.0,0,6.0,0.0,45.0,1,1,1
5580,32.0,1.0,21.0,1.0,3,6.0,0.0,40.0,1,1,1
5581,61.0,5.0,18.0,1.0,0,49.0,1.0,40.0,0,1,0
5582,55.0,2.0,21.0,1.0,0,49.0,1.0,40.0,1,1,1
5583,65.0,2.0,21.0,1.0,0,49.0,1.0,40.0,1,1,1
5584,38.0,1.0,18.0,3.0,2,49.0,0.0,40.0,0,1,1
5585,59.0,1.0,20.0,1.0,3,49.0,1.0,40.0,1,1,1
5586,34.0,1.0,21.0,5.0,0,49.0,2.0,40.0,1,1,1
5587,30.0,1.0,20.0,4.0,2,4.0,8.0,40.0,0,1,1
5588,64.0,1.0,16.0,1.0,2,49.0,1.0,40.0,0,1,0
5589,24.0,1.0,19.0,5.0,0,49.0,7.0,40.0,1,1,0
5590,42.0,5.0,19.0,1.0,0,303.0,0.0,45.0,0,1,1
5591,37.0,1.0,21.0,5.0,0,6.0,2.0,30.0,0,1,0
5592,51.0,1.0,21.0,1.0,0,110.0,1.0,40.0,0,1,1
5593,18.0,1.0,12.0,5.0,1,49.0,2.0,25.0,1,1,0
5594,63.0,1.0,16.0,1.0,1,49.0,1.0,40.0,0,1,1
5595,65.0,1.0,21.0,5.0,2,49.0,17.0,35.0,0,1,0
5596,26.0,1.0,21.0,5.0,0,6.0,12.0,40.0,0,1,0
5597,34.0,7.0,16.0,4.0,2,49.0,12.0,20.0,0,1,0
5598,21.0,1.0,16.0,5.0,0,49.0,2.0,60.0,1,1,0
5599,43.0,1.0,21.0,3.0,0,49.0,0.0,40.0,0,1,1
5600,53.0,1.0,18.0,1.0,3,49.0,1.0,45.0,1,1,1
5601,24.0,1.0,16.0,5.0,2,49.0,2.0,30.0,0,1,0
5602,48.0,1.0,19.0,1.0,1,210.0,1.0,24.0,0,1,0
5603,34.0,5.0,21.0,1.0,3,4.0,0.0,40.0,1,1,1
5604,42.0,1.0,20.0,1.0,0,49.0,1.0,40.0,0,1,1
5605,44.0,6.0,22.0,1.0,-1,31.0,1.0,60.0,1,1,1
5606,77.0,7.0,21.0,1.0,0,35.0,0.0,70.0,1,1,1
5607,53.0,3.0,19.0,1.0,0,49.0,0.0,25.0,1,1,0
5608,17.0,1.0,13.0,5.0,1,49.0,2.0,25.0,0,1,0
5609,60.0,1.0,18.0,1.0,3,49.0,1.0,45.0,1,1,1
5610,18.0,1.0,12.0,3.0,4,15.0,2.0,40.0,1,1,0
5611,20.0,1.0,16.0,5.0,4,49.0,2.0,20.0,1,1,0
5612,37.0,1.0,16.0,1.0,0,4.0,1.0,40.0,1,1,1
5613,38.0,6.0,19.0,1.0,1,49.0,1.0,15.0,0,1,0
5614,51.0,1.0,22.0,1.0,0,49.0,1.0,45.0,1,1,1
5615,22.0,1.0,19.0,5.0,1,6.0,2.0,30.0,0,1,0
5616,38.0,7.0,23.0,1.0,0,49.0,0.0,50.0,1,1,1
5617,33.0,1.0,16.0,5.0,1,6.0,0.0,40.0,1,1,1
5618,62.0,7.0,19.0,1.0,1,49.0,1.0,60.0,1,1,1
5619,22.0,1.0,21.0,5.0,1,49.0,12.0,10.0,0,1,0
5620,62.0,6.0,19.0,1.0,2,49.0,0.0,35.0,0,1,0
5621,58.0,1.0,19.0,1.0,0,51.0,0.0,40.0,0,1,0
5622,41.0,1.0,23.0,1.0,2,49.0,0.0,50.0,1,1,1
5623,20.0,1.0,18.0,5.0,0,6.0,2.0,40.0,0,0,0
5624,35.0,1.0,14.0,1.0,1,49.0,1.0,40.0,0,1,0
5625,37.0,1.0,21.0,1.0,0,6.0,0.0,50.0,1,1,1
5626,62.0,2.0,19.0,1.0,0,49.0,1.0,30.0,1,1,0
5627,51.0,1.0,19.0,1.0,0,49.0,0.0,40.0,1,1,1
5628,24.0,1.0,21.0,5.0,0,6.0,0.0,40.0,1,1,0
5629,42.0,1.0,20.0,1.0,4,49.0,1.0,40.0,1,1,1
5630,32.0,3.0,21.0,1.0,0,49.0,0.0,40.0,1,1,1
5631,59.0,4.0,16.0,1.0,2,49.0,1.0,40.0,0,1,1
5632,49.0,1.0,21.0,1.0,0,6.0,1.0,40.0,0,1,1
5633,22.0,8.0,18.0,5.0,0,16.0,7.0,2.0,1,1,0
5634,84.0,2.0,22.0,1.0,0,36.0,0.0,45.0,1,1,1
5635,50.0,1.0,18.0,1.0,0,49.0,0.0,45.0,1,1,1
5636,40.0,1.0,20.0,5.0,2,49.0,0.0,35.0,0,1,1
5637,51.0,1.0,12.0,1.0,2,49.0,1.0,20.0,0,1,0
5638,32.0,1.0,16.0,1.0,4,49.0,1.0,42.0,1,1,1
5639,44.0,1.0,20.0,3.0,2,53.0,0.0,30.0,0,1,1
5640,62.0,1.0,13.0,4.0,2,49.0,7.0,30.0,0,1,0
5641,36.0,1.0,18.0,5.0,2,49.0,0.0,30.0,1,1,1
5642,31.0,1.0,20.0,1.0,2,303.0,1.0,25.0,0,0,0
5643,55.0,1.0,16.0,1.0,2,132.0,0.0,40.0,0,1,1
5644,42.0,1.0,14.0,5.0,0,6.0,0.0,30.0,1,1,0
5645,53.0,1.0,19.0,5.0,2,49.0,0.0,40.0,0,1,1
5646,41.0,1.0,20.0,1.0,2,32.0,1.0,35.0,0,1,0
5647,31.0,1.0,16.0,1.0,2,49.0,0.0,40.0,1,1,0
5648,30.0,2.0,19.0,1.0,2,6.0,1.0,88.0,0,1,0
5649,41.0,1.0,19.0,1.0,0,53.0,0.0,40.0,1,1,0
5650,28.0,2.0,21.0,1.0,0,49.0,1.0,45.0,0,0,1
5651,52.0,1.0,21.0,1.0,2,49.0,1.0,40.0,0,1,1
5652,39.0,1.0,16.0,3.0,4,313.0,0.0,25.0,0,1,0
5653,42.0,6.0,18.0,1.0,1,56.0,0.0,4.0,1,1,0
5654,26.0,1.0,21.0,1.0,0,27.0,1.0,40.0,1,1,1
5655,18.0,1.0,16.0,5.0,2,49.0,15.0,6.0,0,1,0
5656,22.0,1.0,19.0,5.0,4,49.0,5.0,50.0,0,1,0
5657,30.0,1.0,16.0,5.0,4,27.0,2.0,12.0,0,1,0
5658,26.0,3.0,19.0,1.0,1,49.0,1.0,10.0,0,1,1
5659,56.0,1.0,19.0,1.0,0,6.0,1.0,45.0,1,1,1
5660,60.0,1.0,16.0,1.0,2,49.0,1.0,50.0,1,1,1
5661,18.0,1.0,15.0,5.0,1,49.0,2.0,40.0,0,1,0
5662,24.0,1.0,19.0,1.0,4,20.0,1.0,2.0,0,1,0
5663,53.0,1.0,20.0,1.0,4,49.0,0.0,60.0,1,1,1
5664,41.0,6.0,23.0,1.0,0,49.0,1.0,4.0,1,1,1
5665,18.0,1.0,14.0,5.0,1,49.0,2.0,25.0,1,0,0
5666,23.0,3.0,19.0,1.0,1,49.0,1.0,30.0,0,1,0
5667,27.0,1.0,21.0,5.0,0,49.0,2.0,41.0,1,0,0
5668,45.0,5.0,22.0,1.0,2,49.0,0.0,40.0,0,1,0
5669,59.0,1.0,16.0,1.0,4,6.0,1.0,40.0,1,1,1
5670,50.0,7.0,21.0,1.0,0,49.0,1.0,50.0,1,1,1
5671,44.0,1.0,19.0,4.0,3,32.0,0.0,40.0,1,0,1
5672,62.0,5.0,21.0,1.0,0,49.0,0.0,40.0,1,1,1
5673,36.0,1.0,21.0,1.0,0,49.0,1.0,40.0,1,1,1
5674,20.0,1.0,20.0,5.0,2,49.0,0.0,20.0,0,1,0
5675,37.0,1.0,14.0,1.0,4,49.0,1.0,38.0,1,1,0
5676,46.0,1.0,16.0,5.0,1,49.0,2.0,50.0,1,1,1
5677,57.0,3.0,21.0,1.0,0,49.0,0.0,40.0,0,1,1
5678,20.0,1.0,19.0,5.0,2,5.0,17.0,24.0,0,1,0
5679,18.0,1.0,18.0,5.0,0,42.0,2.0,25.0,1,1,0
5680,57.0,1.0,21.0,1.0,0,6.0,0.0,50.0,0,0,1
5681,35.0,2.0,20.0,5.0,0,35.0,0.0,7.0,0,0,0
5682,20.0,1.0,18.0,5.0,1,49.0,2.0,30.0,0,1,0
5683,37.0,1.0,21.0,1.0,2,303.0,0.0,40.0,0,1,0
5684,52.0,1.0,1.0,1.0,4,49.0,0.0,40.0,0,1,1
5685,19.0,4.0,19.0,5.0,1,49.0,2.0,40.0,0,1,0
5686,53.0,4.0,20.0,1.0,0,42.0,0.0,18.0,0,1,0
5687,59.0,1.0,20.0,3.0,0,49.0,0.0,35.0,0,1,0
5688,33.0,1.0,20.0,4.0,1,49.0,13.0,32.0,0,1,0
5689,52.0,1.0,16.0,1.0,2,8.0,1.0,20.0,0,1,0
5690,51.0,6.0,19.0,1.0,0,49.0,0.0,30.0,0,1,0
5691,29.0,1.0,16.0,1.0,1,49.0,1.0,45.0,1,1,1
5692,31.0,2.0,19.0,5.0,2,49.0,0.0,45.0,1,1,1
5693,34.0,5.0,16.0,5.0,2,49.0,12.0,40.0,1,1,0
5694,53.0,3.0,22.0,1.0,0,49.0,1.0,84.0,0,1,1
5695,44.0,6.0,11.0,5.0,1,49.0,11.0,30.0,1,1,0
5696,57.0,6.0,17.0,3.0,4,49.0,0.0,45.0,1,1,1
5697,42.0,1.0,16.0,1.0,4,49.0,1.0,60.0,1,0,1
5698,64.0,1.0,19.0,5.0,0,49.0,0.0,40.0,1,1,0
5699,26.0,1.0,16.0,5.0,1,49.0,12.0,32.0,0,1,0
5700,29.0,1.0,20.0,1.0,2,49.0,0.0,20.0,0,1,1
5701,33.0,1.0,20.0,1.0,3,16.0,1.0,50.0,1,1,1
5702,66.0,6.0,19.0,1.0,2,49.0,0.0,6.0,1,1,0
5703,67.0,1.0,15.0,5.0,3,12.0,0.0,42.0,1,1,1
5704,19.0,1.0,19.0,5.0,1,49.0,2.0,20.0,0,1,0
5705,26.0,1.0,18.0,1.0,2,48.0,0.0,40.0,1,1,1
5706,63.0,6.0,19.0,1.0,3,49.0,1.0,40.0,1,1,1
5707,64.0,4.0,22.0,1.0,0,37.0,0.0,40.0,0,1,1
5708,19.0,1.0,16.0,5.0,0,34.0,7.0,50.0,1,1,0
5709,50.0,4.0,22.0,1.0,0,373.0,0.0,40.0,0,1,1
5710,59.0,3.0,19.0,1.0,0,303.0,1.0,40.0,0,0,1
5711,51.0,3.0,16.0,1.0,2,4.0,0.0,27.0,0,0,0
5712,18.0,1.0,16.0,5.0,1,49.0,2.0,10.0,0,1,0
5713,31.0,1.0,21.0,1.0,2,49.0,1.0,40.0,1,1,1
5714,30.0,2.0,13.0,1.0,1,49.0,0.0,18.0,1,1,0
5715,29.0,1.0,20.0,1.0,2,49.0,1.0,40.0,0,1,0
5716,51.0,1.0,16.0,5.0,2,303.0,0.0,20.0,0,0,0
5717,32.0,1.0,22.0,3.0,0,8.0,2.0,40.0,1,1,1
5718,78.0,4.0,22.0,1.0,0,12.0,0.0,40.0,1,1,0
5719,53.0,6.0,22.0,1.0,0,49.0,1.0,50.0,1,1,1
5720,44.0,1.0,21.0,1.0,4,312.0,1.0,40.0,1,0,1
5721,21.0,1.0,17.0,5.0,2,48.0,15.0,25.0,1,1,0
5722,47.0,1.0,22.0,1.0,0,49.0,0.0,50.0,1,1,1
5723,71.0,1.0,19.0,1.0,2,47.0,0.0,40.0,0,1,0
5724,22.0,1.0,19.0,1.0,0,49.0,1.0,28.0,0,1,0
5725,40.0,4.0,16.0,1.0,0,49.0,1.0,40.0,0,1,1
5726,17.0,1.0,14.0,5.0,1,448.0,2.0,30.0,0,0,0
5727,24.0,1.0,21.0,1.0,2,49.0,1.0,40.0,1,1,0
5728,18.0,1.0,16.0,5.0,2,53.0,2.0,45.0,0,1,0
5729,63.0,5.0,18.0,1.0,0,49.0,0.0,40.0,1,1,1
5730,32.0,1.0,24.0,1.0,0,36.0,1.0,45.0,1,1,1
5731,29.0,3.0,21.0,1.0,0,49.0,0.0,40.0,1,1,0
5732,43.0,1.0,19.0,1.0,3,303.0,0.0,20.0,0,1,1
5733,23.0,1.0,21.0,5.0,0,49.0,12.0,50.0,0,1,0
5734,20.0,1.0,16.0,5.0,2,53.0,2.0,30.0,0,1,0
5735,22.0,1.0,16.0,5.0,1,49.0,2.0,37.0,0,0,0
5736,44.0,2.0,22.0,1.0,0,6.0,1.0,20.0,0,1,0
5737,36.0,1.0,21.0,1.0,0,49.0,0.0,24.0,0,1,0
5738,20.0,4.0,20.0,5.0,1,36.0,2.0,40.0,1,1,0
5739,25.0,1.0,21.0,5.0,2,49.0,12.0,40.0,0,1,0
5740,70.0,1.0,20.0,3.0,4,30.0,0.0,40.0,0,0,1
5741,68.0,2.0,23.0,1.0,2,303.0,0.0,40.0,0,0,1
5742,46.0,1.0,21.0,1.0,0,49.0,1.0,15.0,0,1,0
5743,56.0,3.0,16.0,1.0,0,110.0,1.0,16.0,1,1,0
5744,42.0,2.0,21.0,1.0,0,312.0,1.0,30.0,0,1,1
5745,59.0,4.0,22.0,1.0,0,49.0,0.0,40.0,0,1,1
5746,28.0,3.0,22.0,1.0,0,49.0,1.0,40.0,0,0,0
5747,36.0,5.0,21.0,1.0,0,49.0,1.0,40.0,0,1,1
5748,50.0,1.0,18.0,1.0,3,26.0,2.0,15.0,1,1,0
5749,41.0,1.0,16.0,3.0,2,49.0,0.0,30.0,1,1,0
5750,51.0,7.0,19.0,1.0,0,26.0,0.0,45.0,1,1,1
5751,60.0,1.0,16.0,1.0,1,49.0,1.0,7.0,0,1,0
5752,36.0,1.0,18.0,1.0,1,37.0,0.0,35.0,0,0,0
5753,18.0,1.0,16.0,5.0,2,6.0,17.0,20.0,0,1,0
5754,48.0,4.0,21.0,1.0,0,24.0,0.0,40.0,0,1,1
5755,55.0,1.0,22.0,1.0,0,16.0,0.0,45.0,1,1,1
5756,63.0,1.0,21.0,1.0,3,49.0,0.0,42.0,1,1,1
5757,31.0,2.0,21.0,5.0,0,49.0,13.0,40.0,1,1,1
5758,33.0,2.0,22.0,5.0,0,4.0,0.0,40.0,1,1,1
5759,32.0,2.0,19.0,1.0,0,49.0,1.0,44.0,1,1,1
5760,50.0,2.0,14.0,3.0,2,49.0,0.0,40.0,0,1,0
5761,67.0,2.0,19.0,1.0,0,49.0,0.0,50.0,1,1,1
5762,36.0,3.0,19.0,1.0,0,4.0,9.0,40.0,1,1,0
5763,32.0,4.0,22.0,1.0,0,231.0,1.0,25.0,0,1,0
5764,18.0,1.0,16.0,3.0,2,49.0,0.0,25.0,0,1,0
5765,19.0,1.0,20.0,5.0,0,16.0,2.0,40.0,0,1,0
5766,49.0,4.0,24.0,1.0,0,49.0,0.0,46.0,0,1,1
5767,42.0,1.0,16.0,3.0,2,2.0,0.0,40.0,0,1,1
5768,61.0,3.0,20.0,1.0,0,49.0,1.0,15.0,0,1,0
5769,30.0,1.0,21.0,1.0,0,49.0,0.0,45.0,1,1,1
5770,24.0,3.0,21.0,1.0,0,12.0,1.0,40.0,1,1,0
5771,45.0,6.0,21.0,1.0,1,49.0,1.0,40.0,0,1,1
5772,76.0,6.0,16.0,5.0,4,233.0,0.0,48.0,1,0,1
5773,42.0,1.0,19.0,1.0,4,49.0,1.0,40.0,0,1,1
5774,58.0,1.0,18.0,1.0,1,313.0,0.0,24.0,0,0,0
5775,22.0,1.0,16.0,5.0,3,48.0,13.0,40.0,1,1,0
5776,32.0,3.0,16.0,1.0,1,49.0,1.0,5.0,0,0,0
5777,24.0,1.0,16.0,5.0,3,16.0,2.0,20.0,1,1,0
5778,30.0,4.0,20.0,1.0,1,6.0,1.0,20.0,1,1,0
5779,29.0,1.0,21.0,5.0,0,53.0,0.0,40.0,1,0,1
5780,18.0,1.0,18.0,5.0,2,16.0,17.0,16.0,0,1,0
5781,28.0,4.0,22.0,5.0,0,233.0,0.0,40.0,0,0,0
5782,44.0,4.0,20.0,1.0,0,49.0,1.0,50.0,1,1,1
5783,68.0,1.0,16.0,3.0,1,6.0,0.0,20.0,0,1,0
5784,40.0,3.0,19.0,1.0,0,26.0,0.0,6.0,1,1,0
5785,25.0,1.0,16.0,1.0,1,49.0,1.0,40.0,0,1,0
5786,36.0,1.0,19.0,1.0,2,39.0,1.0,40.0,0,1,0
5787,30.0,1.0,16.0,5.0,2,6.0,5.0,15.0,0,1,0
5788,32.0,1.0,22.0,1.0,0,49.0,0.0,35.0,1,1,1
5789,50.0,1.0,22.0,1.0,0,12.0,0.0,40.0,1,1,1
5790,50.0,1.0,16.0,1.0,4,362.0,1.0,11.0,1,1,1
5791,56.0,3.0,18.0,1.0,0,49.0,0.0,50.0,1,1,1
5792,29.0,1.0,16.0,1.0,2,49.0,1.0,40.0,0,0,1
5793,45.0,1.0,21.0,1.0,2,53.0,0.0,50.0,1,1,1
5794,29.0,1.0,21.0,1.0,0,53.0,0.0,48.0,1,1,1
5795,27.0,1.0,21.0,5.0,0,49.0,0.0,35.0,0,1,1
5796,59.0,2.0,19.0,1.0,2,4.0,0.0,35.0,0,1,1
5797,54.0,1.0,16.0,1.0,1,49.0,1.0,26.0,0,1,0
5798,37.0,6.0,19.0,1.0,1,49.0,0.0,20.0,0,1,0
5799,26.0,1.0,21.0,5.0,1,49.0,2.0,6.0,0,1,0
5800,62.0,1.0,22.0,1.0,0,6.0,1.0,15.0,0,1,0
5801,74.0,6.0,18.0,1.0,3,303.0,8.0,15.0,0,1,0
5802,28.0,1.0,21.0,5.0,0,53.0,13.0,40.0,0,1,1
5803,54.0,1.0,19.0,1.0,0,49.0,0.0,40.0,1,1,1
5804,70.0,7.0,22.0,1.0,2,49.0,0.0,14.0,1,1,0
5805,42.0,1.0,9.0,1.0,3,313.0,12.0,45.0,1,0,1
5806,25.0,1.0,19.0,3.0,2,49.0,12.0,40.0,1,1,0
5807,65.0,1.0,20.0,1.0,3,49.0,0.0,45.0,1,1,1
5808,30.0,1.0,16.0,5.0,1,17.0,2.0,40.0,1,1,1
5809,64.0,1.0,18.0,1.0,2,49.0,0.0,40.0,0,1,1
5810,23.0,1.0,19.0,5.0,4,373.0,2.0,40.0,1,0,0
5811,55.0,5.0,19.0,1.0,-1,56.0,0.0,40.0,1,1,0
5812,30.0,1.0,16.0,1.0,4,49.0,0.0,40.0,1,1,0
5813,30.0,1.0,20.0,1.0,2,49.0,1.0,40.0,0,1,0
5814,27.0,1.0,21.0,1.0,0,17.0,1.0,20.0,0,1,0
5815,20.0,1.0,16.0,5.0,2,36.0,0.0,40.0,1,1,0
5816,54.0,1.0,16.0,1.0,2,53.0,0.0,32.0,0,1,1
5817,49.0,3.0,22.0,1.0,0,223.0,0.0,40.0,0,0,1
5818,21.0,1.0,20.0,5.0,1,49.0,2.0,48.0,1,1,0
5819,50.0,1.0,16.0,3.0,3,49.0,0.0,40.0,1,1,1
5820,39.0,3.0,21.0,5.0,0,49.0,0.0,2.0,1,1,0
5821,38.0,1.0,21.0,1.0,0,49.0,1.0,20.0,0,1,0
5822,66.0,1.0,21.0,1.0,4,48.0,0.0,40.0,1,1,0
5823,30.0,1.0,19.0,1.0,0,6.0,1.0,40.0,1,1,1
5824,30.0,1.0,19.0,1.0,2,49.0,1.0,47.0,0,1,0
5825,20.0,1.0,16.0,5.0,1,6.0,13.0,8.0,1,1,0
5826,58.0,1.0,16.0,3.0,3,303.0,0.0,40.0,1,1,0
5827,32.0,3.0,22.0,1.0,0,49.0,0.0,40.0,1,1,1
5828,41.0,1.0,18.0,3.0,0,49.0,0.0,35.0,1,1,0
5829,40.0,6.0,16.0,1.0,4,316.0,1.0,1.0,0,1,0
5830,59.0,1.0,20.0,1.0,4,49.0,0.0,47.0,1,0,0
5831,28.0,1.0,18.0,5.0,1,6.0,12.0,12.0,0,1,0
5832,21.0,1.0,19.0,5.0,1,30.0,0.0,35.0,0,1,0
5833,27.0,1.0,16.0,4.0,4,49.0,17.0,13.0,0,1,0
5834,26.0,1.0,21.0,5.0,3,35.0,0.0,40.0,1,0,0
5835,31.0,1.0,21.0,1.0,0,6.0,9.0,58.0,1,1,1
5836,36.0,1.0,21.0,1.0,0,11.0,1.0,40.0,0,1,1
5837,41.0,1.0,21.0,1.0,4,49.0,0.0,40.0,1,0,1
5838,67.0,2.0,16.0,2.0,0,370.0,0.0,50.0,0,1,1
5839,53.0,2.0,22.0,1.0,0,370.0,1.0,19.0,1,1,0
5840,26.0,5.0,5.0,5.0,0,49.0,0.0,40.0,1,1,1
5841,60.0,3.0,24.0,1.0,0,12.0,0.0,40.0,1,1,1
5842,23.0,1.0,19.0,5.0,4,24.0,17.0,20.0,1,1,0
5843,24.0,1.0,19.0,5.0,2,49.0,2.0,40.0,0,1,0
5844,39.0,1.0,21.0,5.0,2,8.0,0.0,40.0,0,0,1
5845,64.0,1.0,21.0,1.0,3,49.0,1.0,40.0,1,1,1
5846,25.0,1.0,19.0,5.0,0,215.0,0.0,30.0,0,1,0
5847,21.0,1.0,19.0,5.0,0,49.0,17.0,30.0,1,1,0
5848,24.0,1.0,20.0,5.0,0,40.0,13.0,40.0,0,1,0
5849,67.0,3.0,16.0,1.0,3,49.0,2.0,50.0,1,0,0
5850,41.0,1.0,16.0,1.0,4,49.0,1.0,2.0,0,0,0
5851,18.0,1.0,14.0,5.0,3,32.0,2.0,40.0,1,1,0
5852,51.0,1.0,21.0,1.0,1,49.0,1.0,40.0,0,1,1
5853,62.0,1.0,16.0,1.0,4,35.0,0.0,40.0,1,0,1
5854,55.0,1.0,21.0,3.0,0,49.0,0.0,50.0,0,1,1
5855,36.0,1.0,20.0,1.0,3,303.0,0.0,40.0,1,1,1
5856,41.0,1.0,21.0,3.0,0,49.0,0.0,40.0,1,1,1
5857,21.0,1.0,20.0,1.0,1,49.0,7.0,20.0,0,1,0
5858,20.0,2.0,16.0,5.0,1,49.0,12.0,10.0,0,1,0
5859,19.0,1.0,19.0,5.0,1,49.0,4.0,20.0,0,1,0
5860,44.0,2.0,22.0,1.0,0,49.0,1.0,42.0,0,1,1
5861,32.0,1.0,19.0,5.0,2,6.0,12.0,47.0,1,1,1
5862,25.0,1.0,21.0,1.0,0,6.0,1.0,50.0,1,1,1
5863,21.0,1.0,16.0,5.0,1,30.0,12.0,50.0,1,1,1
5864,18.0,1.0,18.0,5.0,2,49.0,2.0,40.0,0,1,0
5865,44.0,2.0,21.0,1.0,0,49.0,0.0,40.0,1,1,1
5866,40.0,6.0,16.0,3.0,1,55.0,2.0,31.0,0,1,1
5867,57.0,1.0,21.0,1.0,0,49.0,0.0,40.0,1,1,1
5868,23.0,1.0,19.0,5.0,2,26.0,12.0,40.0,0,1,0
5869,46.0,2.0,21.0,1.0,0,527.0,0.0,40.0,1,0,1
5870,41.0,6.0,20.0,1.0,0,49.0,0.0,41.0,1,1,1
5871,22.0,1.0,18.0,1.0,2,28.0,1.0,35.0,0,1,0
5872,29.0,4.0,21.0,5.0,0,49.0,11.0,30.0,0,1,0
5873,35.0,1.0,17.0,5.0,3,26.0,2.0,40.0,1,1,0
5874,30.0,1.0,16.0,1.0,2,370.0,0.0,34.0,0,1,0
5875,47.0,1.0,17.0,1.0,2,49.0,0.0,35.0,0,1,1
5876,22.0,1.0,16.0,1.0,2,49.0,1.0,36.0,0,1,0
5877,47.0,6.0,21.0,1.0,0,6.0,0.0,50.0,1,1,1
5878,59.0,1.0,20.0,1.0,2,46.0,0.0,6.0,0,1,0
5879,39.0,1.0,20.0,1.0,3,40.0,0.0,40.0,1,1,1
5880,35.0,1.0,15.0,1.0,4,32.0,1.0,70.0,1,1,1
5881,70.0,6.0,15.0,2.0,2,6.0,13.0,70.0,0,1,1
5882,24.0,1.0,19.0,1.0,3,49.0,1.0,40.0,1,1,1
5883,21.0,1.0,19.0,5.0,1,16.0,17.0,60.0,1,1,0
5884,17.0,1.0,13.0,5.0,1,49.0,2.0,20.0,0,1,0
5885,37.0,1.0,21.0,1.0,2,303.0,0.0,32.0,0,0,0
5886,17.0,1.0,14.0,5.0,1,6.0,2.0,20.0,0,1,0
5887,25.0,1.0,24.0,1.0,0,49.0,0.0,45.0,1,1,1
5888,20.0,1.0,19.0,5.0,2,49.0,17.0,32.0,1,1,0
5889,41.0,1.0,20.0,1.0,2,49.0,1.0,40.0,0,1,1
5890,43.0,1.0,18.0,1.0,3,49.0,1.0,44.0,1,1,1
5891,31.0,1.0,21.0,1.0,2,49.0,0.0,30.0,0,1,0
5892,22.0,1.0,19.0,5.0,2,30.0,12.0,40.0,0,1,0
5893,27.0,1.0,21.0,5.0,1,49.0,2.0,20.0,0,1,0
5894,32.0,1.0,21.0,1.0,0,49.0,0.0,40.0,0,1,1
5895,57.0,1.0,19.0,1.0,2,49.0,0.0,70.0,0,1,0
5896,39.0,1.0,22.0,5.0,0,49.0,0.0,40.0,0,1,1
5897,28.0,1.0,21.0,5.0,0,49.0,4.0,40.0,1,1,1
5898,44.0,2.0,24.0,4.0,0,49.0,0.0,47.0,0,1,1
5899,43.0,1.0,16.0,5.0,4,32.0,0.0,40.0,1,0,1
5900,33.0,1.0,17.0,1.0,3,49.0,0.0,70.0,1,1,1
5901,50.0,1.0,16.0,5.0,2,49.0,15.0,20.0,0,1,0
5902,36.0,3.0,21.0,1.0,2,49.0,0.0,35.0,0,1,1
5903,20.0,1.0,16.0,5.0,2,49.0,17.0,40.0,1,1,0
5904,50.0,2.0,20.0,1.0,0,55.0,0.0,40.0,1,1,1
5905,30.0,1.0,22.0,5.0,0,36.0,12.0,70.0,1,1,1
5906,72.0,4.0,2.0,2.0,0,49.0,3.0,40.0,0,1,1
5907,51.0,1.0,16.0,1.0,4,49.0,1.0,45.0,1,1,1
5908,35.0,1.0,16.0,1.0,0,6.0,9.0,4.0,0,1,1
5909,21.0,4.0,19.0,5.0,0,49.0,2.0,8.0,0,1,0
5910,38.0,1.0,19.0,1.0,2,12.0,0.0,30.0,0,1,0
5911,17.0,1.0,14.0,5.0,1,16.0,2.0,20.0,1,1,0
5912,50.0,3.0,21.0,1.0,0,49.0,15.0,45.0,0,1,1
5913,28.0,2.0,22.0,5.0,0,4.0,2.0,40.0,1,1,0
5914,45.0,6.0,19.0,3.0,0,49.0,2.0,40.0,0,1,1
5915,59.0,4.0,20.0,3.0,0,4.0,0.0,18.0,0,1,0
5916,59.0,3.0,16.0,1.0,1,209.0,1.0,60.0,1,0,1
5917,25.0,5.0,16.0,1.0,4,49.0,1.0,80.0,1,0,0
5918,27.0,1.0,19.0,1.0,0,49.0,0.0,70.0,1,1,1
5919,48.0,1.0,14.0,1.0,3,49.0,2.0,55.0,1,1,1
5920,54.0,1.0,19.0,3.0,0,49.0,0.0,40.0,1,1,1
5921,45.0,3.0,19.0,1.0,0,49.0,1.0,40.0,0,1,1
5922,19.0,1.0,19.0,5.0,1,303.0,2.0,38.0,0,0,0
5923,32.0,1.0,23.0,1.0,0,49.0,0.0,50.0,1,1,1
5924,29.0,1.0,22.0,5.0,0,49.0,2.0,55.0,1,1,1
5925,18.0,1.0,16.0,5.0,4,49.0,2.0,20.0,1,1,0
5926,58.0,1.0,21.0,1.0,0,17.0,0.0,60.0,0,1,1
5927,39.0,1.0,19.0,3.0,3,23.0,13.0,40.0,1,1,1
5928,30.0,4.0,21.0,1.0,0,49.0,0.0,10.0,1,1,1
5929,57.0,1.0,16.0,1.0,1,16.0,1.0,20.0,0,1,0
5930,18.0,3.0,16.0,5.0,4,49.0,2.0,40.0,1,1,0
5931,21.0,1.0,21.0,5.0,0,6.0,2.0,32.0,0,1,0
5932,43.0,1.0,21.0,1.0,0,303.0,1.0,40.0,0,1,1
5933,61.0,4.0,23.0,1.0,0,49.0,1.0,50.0,1,1,1
5934,71.0,3.0,19.0,1.0,0,49.0,0.0,37.0,0,1,0
5935,45.0,8.0,12.0,1.0,4,25.0,1.0,20.0,0,1,0
5936,21.0,1.0,19.0,5.0,3,370.0,2.0,12.0,1,1,0
5937,25.0,4.0,20.0,5.0,0,49.0,17.0,40.0,1,1,0
5938,30.0,1.0,19.0,1.0,1,303.0,0.0,60.0,1,0,1
5939,55.0,1.0,21.0,1.0,2,49.0,0.0,4.0,0,1,1
5940,18.0,1.0,14.0,5.0,4,49.0,2.0,29.0,1,1,0
5941,20.0,1.0,19.0,5.0,2,49.0,2.0,24.0,0,1,0
5942,19.0,1.0,19.0,5.0,2,49.0,17.0,48.0,1,0,0
5943,35.0,1.0,20.0,1.0,0,13.0,1.0,45.0,0,1,1
5944,85.0,1.0,18.0,3.0,0,49.0,0.0,45.0,0,1,1
5945,45.0,2.0,19.0,1.0,0,49.0,1.0,8.0,0,1,0
5946,56.0,2.0,21.0,1.0,0,49.0,0.0,50.0,1,1,1
5947,26.0,1.0,19.0,1.0,2,49.0,1.0,15.0,0,1,0
5948,56.0,4.0,24.0,1.0,0,6.0,0.0,50.0,1,1,1
5949,21.0,1.0,18.0,5.0,0,49.0,7.0,28.0,0,1,0
5950,64.0,1.0,19.0,1.0,3,49.0,0.0,50.0,1,1,0
5951,65.0,1.0,20.0,1.0,2,49.0,1.0,50.0,1,1,1
5952,59.0,1.0,16.0,3.0,3,41.0,0.0,30.0,1,1,1
5953,22.0,1.0,21.0,1.0,0,4.0,0.0,35.0,1,1,0
5954,32.0,6.0,22.0,5.0,0,49.0,2.0,10.0,0,1,0
5955,23.0,1.0,19.0,5.0,1,39.0,5.0,40.0,1,1,0
5956,39.0,6.0,23.0,1.0,0,49.0,1.0,45.0,0,1,1
5957,22.0,1.0,18.0,5.0,0,372.0,17.0,40.0,0,1,0
5958,22.0,1.0,20.0,5.0,2,36.0,2.0,20.0,0,1,0
5959,18.0,6.0,18.0,5.0,1,49.0,2.0,10.0,0,1,0
5960,38.0,3.0,19.0,3.0,2,49.0,0.0,35.0,0,1,0
5961,23.0,1.0,16.0,1.0,2,49.0,16.0,25.0,0,0,0
5962,57.0,1.0,18.0,1.0,4,49.0,0.0,45.0,1,1,1
5963,18.0,1.0,22.0,5.0,2,48.0,2.0,35.0,0,1,0
5964,71.0,1.0,22.0,1.0,2,16.0,0.0,30.0,1,1,0
5965,58.0,1.0,16.0,1.0,1,27.0,0.0,38.0,0,1,1
5966,42.0,1.0,16.0,1.0,2,49.0,0.0,40.0,1,1,1
5967,17.0,3.0,14.0,5.0,1,6.0,2.0,25.0,0,1,0
5968,43.0,7.0,21.0,1.0,4,49.0,1.0,40.0,1,1,1
5969,54.0,7.0,22.0,1.0,0,49.0,0.0,80.0,1,1,1
5970,41.0,5.0,16.0,1.0,2,49.0,0.0,60.0,1,1,1
5971,21.0,1.0,17.0,5.0,3,17.0,2.0,50.0,1,1,0
5972,52.0,1.0,21.0,1.0,0,49.0,1.0,16.0,0,1,1
5973,23.0,1.0,18.0,1.0,0,49.0,1.0,50.0,1,1,0
5974,28.0,2.0,21.0,1.0,0,16.0,0.0,40.0,0,1,1
5975,31.0,1.0,21.0,5.0,2,42.0,2.0,40.0,1,1,0
5976,40.0,1.0,20.0,5.0,0,217.0,0.0,40.0,1,0,1
5977,28.0,1.0,22.0,1.0,0,8.0,0.0,40.0,0,1,1
5978,45.0,3.0,10.0,1.0,3,32.0,0.0,40.0,1,1,0
5979,53.0,1.0,19.0,1.0,0,49.0,1.0,50.0,1,1,1
5980,29.0,1.0,16.0,3.0,2,6.0,15.0,40.0,0,1,0
5981,49.0,1.0,20.0,1.0,1,36.0,0.0,40.0,0,1,1
5982,38.0,1.0,22.0,1.0,0,16.0,0.0,40.0,1,1,1
5983,65.0,1.0,16.0,1.0,1,49.0,1.0,45.0,0,1,1
5984,40.0,2.0,18.0,2.0,0,467.0,0.0,40.0,1,0,1
5985,36.0,1.0,16.0,1.0,1,51.0,1.0,40.0,0,1,0
5986,44.0,1.0,21.0,1.0,0,53.0,0.0,48.0,1,1,0
5987,18.0,1.0,13.0,5.0,1,49.0,2.0,32.0,0,1,0
5988,68.0,1.0,16.0,1.0,3,53.0,0.0,40.0,1,1,1
5989,24.0,1.0,13.0,1.0,1,34.0,1.0,40.0,1,1,1
5990,69.0,7.0,19.0,1.0,2,49.0,0.0,50.0,1,1,1
5991,37.0,4.0,21.0,1.0,0,16.0,0.0,50.0,1,1,1
5992,48.0,7.0,22.0,1.0,0,49.0,0.0,45.0,1,0,1
5993,62.0,1.0,22.0,3.0,2,49.0,0.0,45.0,0,1,1
5994,43.0,1.0,21.0,1.0,0,49.0,0.0,40.0,1,1,1
5995,78.0,2.0,21.0,1.0,0,49.0,1.0,10.0,1,1,0
5996,45.0,1.0,21.0,3.0,2,312.0,0.0,25.0,0,1,0
5997,35.0,1.0,22.0,1.0,-1,30.0,1.0,40.0,1,1,1
5998,18.0,1.0,15.0,5.0,4,49.0,2.0,17.0,0,0,0
5999,47.0,7.0,18.0,1.0,4,370.0,1.0,30.0,1,0,0
6000,18.0,1.0,16.0,5.0,0,126.0,2.0,40.0,1,1,0
6001,37.0,2.0,22.0,1.0,0,9.0,0.0,45.0,0,1,1
6002,34.0,3.0,19.0,1.0,0,49.0,1.0,18.0,1,1,1
6003,39.0,4.0,24.0,1.0,0,6.0,1.0,40.0,0,0,1
6004,40.0,1.0,21.0,1.0,2,49.0,0.0,40.0,1,1,1
6005,52.0,1.0,16.0,1.0,3,49.0,0.0,40.0,1,1,1
6006,50.0,4.0,19.0,1.0,0,49.0,0.0,40.0,0,1,1
6007,37.0,1.0,14.0,1.0,1,49.0,4.0,40.0,0,1,0
6008,28.0,1.0,19.0,1.0,2,303.0,0.0,40.0,1,1,0
6009,31.0,1.0,18.0,1.0,0,49.0,1.0,40.0,1,1,1
6010,18.0,1.0,16.0,5.0,1,110.0,2.0,40.0,1,1,0
6011,18.0,1.0,16.0,5.0,2,8.0,2.0,20.0,1,1,0
6012,32.0,2.0,24.0,1.0,0,49.0,1.0,20.0,0,1,0
6013,88.0,8.0,11.0,3.0,1,49.0,10.0,8.0,0,1,0
6014,41.0,1.0,19.0,3.0,3,26.0,0.0,40.0,1,1,1
6015,17.0,1.0,13.0,5.0,0,49.0,2.0,25.0,0,1,0
6016,40.0,5.0,21.0,1.0,0,8.0,0.0,40.0,1,1,1
6017,21.0,1.0,19.0,1.0,4,48.0,17.0,40.0,0,1,0
6018,23.0,1.0,18.0,5.0,3,49.0,0.0,70.0,1,1,1
6019,36.0,1.0,21.0,1.0,0,49.0,0.0,50.0,1,1,1
6020,24.0,1.0,19.0,5.0,1,49.0,0.0,38.0,0,1,0
6021,37.0,7.0,20.0,1.0,0,49.0,0.0,60.0,1,1,1
6022,40.0,3.0,21.0,1.0,0,34.0,0.0,10.0,0,1,0
6023,59.0,6.0,18.0,3.0,0,49.0,2.0,26.0,0,1,0
6024,28.0,1.0,16.0,3.0,3,53.0,0.0,40.0,1,1,1
6025,44.0,6.0,16.0,1.0,2,49.0,1.0,20.0,0,0,0
6026,23.0,1.0,16.0,1.0,2,49.0,0.0,40.0,0,1,0
6027,40.0,1.0,20.0,1.0,0,360.0,0.0,45.0,0,0,1
6028,58.0,6.0,19.0,1.0,1,49.0,1.0,48.0,1,1,1
6029,31.0,1.0,19.0,1.0,2,49.0,1.0,45.0,1,1,1
6030,49.0,2.0,21.0,1.0,0,6.0,1.0,30.0,0,0,0
6031,44.0,1.0,20.0,1.0,0,313.0,0.0,60.0,1,1,1
6032,18.0,1.0,18.0,5.0,1,30.0,17.0,30.0,0,1,0
6033,36.0,1.0,19.0,1.0,2,27.0,1.0,40.0,1,1,1
6034,27.0,1.0,19.0,1.0,1,49.0,0.0,45.0,1,1,1
6035,70.0,1.0,19.0,1.0,3,361.0,1.0,40.0,1,0,1
6036,29.0,1.0,17.0,1.0,3,35.0,1.0,22.0,1,1,0
6037,26.0,1.0,14.0,5.0,3,20.0,2.0,15.0,1,0,0
6038,71.0,6.0,19.0,1.0,1,49.0,1.0,15.0,0,1,0
6039,22.0,7.0,19.0,5.0,2,27.0,0.0,15.0,1,1,0
6040,61.0,1.0,16.0,1.0,4,49.0,0.0,40.0,0,1,1
6041,19.0,1.0,18.0,5.0,1,16.0,2.0,10.0,1,1,0
6042,80.0,1.0,19.0,3.0,1,49.0,12.0,40.0,0,1,1
6043,27.0,1.0,16.0,1.0,4,49.0,1.0,40.0,1,1,0
6044,22.0,1.0,19.0,5.0,2,49.0,12.0,40.0,1,0,0
6045,29.0,1.0,16.0,1.0,2,49.0,1.0,40.0,1,1,1
6046,23.0,1.0,21.0,1.0,0,303.0,1.0,20.0,1,1,0
6047,39.0,1.0,22.0,1.0,0,49.0,1.0,45.0,1,1,1
6048,39.0,1.0,21.0,1.0,0,34.0,0.0,50.0,0,1,1
6049,37.0,1.0,19.0,1.0,1,49.0,1.0,40.0,1,1,1
6050,54.0,1.0,20.0,1.0,4,6.0,1.0,40.0,0,1,0
6051,22.0,1.0,17.0,5.0,3,6.0,13.0,40.0,1,1,0
6052,59.0,1.0,19.0,1.0,2,49.0,0.0,45.0,0,1,1
6053,46.0,1.0,20.0,1.0,0,49.0,1.0,40.0,0,1,1
6054,29.0,1.0,19.0,5.0,0,49.0,0.0,45.0,1,1,1
6055,29.0,1.0,19.0,5.0,0,48.0,12.0,40.0,0,1,0
6056,19.0,1.0,18.0,5.0,2,6.0,2.0,40.0,0,1,0
6057,21.0,1.0,19.0,5.0,4,49.0,12.0,80.0,1,1,0
6058,36.0,1.0,19.0,1.0,4,49.0,0.0,40.0,1,1,0
6059,22.0,1.0,19.0,5.0,1,49.0,17.0,20.0,1,1,0
6060,20.0,1.0,19.0,5.0,1,12.0,12.0,40.0,1,1,0
6061,64.0,2.0,21.0,1.0,0,6.0,1.0,50.0,1,1,1
6062,24.0,1.0,18.0,1.0,1,301.0,0.0,10.0,0,1,0
6063,59.0,1.0,19.0,1.0,3,370.0,0.0,43.0,1,0,1
6064,63.0,1.0,16.0,3.0,1,303.0,17.0,30.0,0,1,0
6065,25.0,4.0,21.0,1.0,0,365.0,1.0,50.0,0,1,1
6066,42.0,3.0,21.0,1.0,2,49.0,0.0,50.0,1,1,1
6067,47.0,3.0,22.0,1.0,0,49.0,1.0,7.0,0,1,0
6068,55.0,1.0,16.0,1.0,0,233.0,0.0,41.0,0,0,1
6069,19.0,1.0,19.0,5.0,2,49.0,2.0,20.0,0,0,0
6070,46.0,1.0,21.0,1.0,0,49.0,1.0,40.0,1,1,1
6071,44.0,1.0,16.0,1.0,2,49.0,1.0,34.0,0,1,0
6072,38.0,6.0,18.0,1.0,2,49.0,9.0,25.0,1,1,0
6073,57.0,2.0,21.0,1.0,0,49.0,0.0,70.0,1,0,1
6074,20.0,1.0,9.0,5.0,3,226.0,12.0,10.0,0,0,0
6075,66.0,3.0,19.0,1.0,4,303.0,1.0,35.0,0,1,0
6076,64.0,1.0,21.0,1.0,2,49.0,0.0,50.0,1,1,1
6077,29.0,1.0,22.0,1.0,0,4.0,0.0,45.0,1,1,1
6078,61.0,5.0,21.0,1.0,0,16.0,0.0,48.0,0,1,1
6079,57.0,1.0,19.0,1.0,1,12.0,0.0,50.0,1,1,1
6080,38.0,7.0,20.0,1.0,2,49.0,0.0,25.0,0,1,0
6081,49.0,5.0,16.0,1.0,1,34.0,1.0,32.0,0,1,0
6082,44.0,1.0,18.0,3.0,2,49.0,0.0,40.0,0,1,0
6083,21.0,1.0,19.0,5.0,2,29.0,0.0,40.0,0,1,0
6084,58.0,5.0,21.0,1.0,0,8.0,0.0,40.0,1,1,1
6085,25.0,4.0,24.0,5.0,0,49.0,12.0,55.0,1,1,1
6086,27.0,1.0,20.0,1.0,0,49.0,1.0,55.0,1,1,1
6087,33.0,1.0,21.0,1.0,0,49.0,1.0,40.0,1,1,1
6088,36.0,1.0,21.0,1.0,0,49.0,0.0,40.0,1,1,1
6089,59.0,4.0,18.0,1.0,3,49.0,0.0,48.0,1,1,1
6090,59.0,7.0,20.0,1.0,2,49.0,1.0,40.0,1,1,0
6091,41.0,7.0,21.0,1.0,0,49.0,1.0,60.0,1,1,1
6092,23.0,1.0,20.0,5.0,2,49.0,2.0,40.0,0,1,0
6093,18.0,1.0,16.0,5.0,1,303.0,2.0,30.0,1,1,0
6094,20.0,1.0,18.0,5.0,4,32.0,2.0,40.0,1,1,0
6095,32.0,7.0,21.0,1.0,1,16.0,1.0,45.0,0,0,1
6096,62.0,1.0,19.0,3.0,0,49.0,0.0,40.0,1,1,1
6097,38.0,2.0,19.0,1.0,1,49.0,0.0,5.0,1,0,0
6098,65.0,4.0,21.0,3.0,2,49.0,0.0,28.0,0,1,0
6099,52.0,1.0,18.0,3.0,2,49.0,0.0,40.0,0,1,1
6100,65.0,7.0,20.0,1.0,0,49.0,0.0,45.0,1,1,1
6101,56.0,1.0,17.0,3.0,0,41.0,0.0,60.0,0,1,1
6102,32.0,1.0,18.0,1.0,0,39.0,1.0,45.0,1,1,1
6103,26.0,1.0,18.0,1.0,0,373.0,0.0,28.0,0,1,0
6104,55.0,1.0,22.0,3.0,0,49.0,0.0,2.0,0,1,0
6105,26.0,1.0,21.0,1.0,2,49.0,0.0,40.0,1,1,1
6106,30.0,1.0,20.0,1.0,2,4.0,1.0,30.0,0,1,0
6107,35.0,1.0,21.0,1.0,0,32.0,1.0,35.0,0,1,1
6108,69.0,1.0,20.0,1.0,4,205.0,0.0,40.0,1,0,1
6109,55.0,1.0,1.0,3.0,4,303.0,6.0,40.0,0,1,0
6110,48.0,6.0,20.0,1.0,1,49.0,1.0,10.0,0,0,0
6111,17.0,1.0,14.0,5.0,1,51.0,2.0,20.0,0,1,0
6112,42.0,3.0,20.0,1.0,0,53.0,1.0,40.0,0,1,0
6113,22.0,1.0,19.0,1.0,3,49.0,1.0,35.0,1,1,0
6114,44.0,1.0,18.0,3.0,2,49.0,0.0,40.0,1,1,1
6115,18.0,1.0,18.0,5.0,2,48.0,0.0,40.0,0,1,0
6116,61.0,2.0,16.0,3.0,0,49.0,0.0,40.0,0,1,1
6117,55.0,5.0,19.0,1.0,0,49.0,1.0,40.0,0,1,1
6118,55.0,6.0,18.0,3.0,2,55.0,0.0,40.0,0,1,1
6119,38.0,5.0,21.0,3.0,2,49.0,0.0,40.0,0,1,1
6120,36.0,1.0,21.0,3.0,1,49.0,3.0,40.0,1,1,0
6121,51.0,6.0,21.0,1.0,0,55.0,0.0,41.0,1,1,1
6122,26.0,2.0,18.0,5.0,2,8.0,2.0,40.0,0,1,0
6123,52.0,3.0,20.0,1.0,0,49.0,1.0,19.0,0,1,0
6124,58.0,1.0,21.0,1.0,0,6.0,1.0,40.0,0,1,1
6125,33.0,7.0,20.0,1.0,1,49.0,1.0,20.0,1,1,0
6126,43.0,2.0,24.0,1.0,0,49.0,1.0,33.0,0,1,1
6127,44.0,1.0,21.0,1.0,0,233.0,0.0,40.0,1,0,1
6128,28.0,1.0,21.0,5.0,0,49.0,12.0,40.0,1,1,1
6129,21.0,1.0,21.0,5.0,0,26.0,10.0,20.0,1,1,0
6130,33.0,1.0,21.0,1.0,2,49.0,1.0,25.0,0,1,0
6131,32.0,1.0,21.0,4.0,2,49.0,0.0,40.0,1,1,1
6132,34.0,7.0,19.0,1.0,0,32.0,0.0,40.0,1,1,1
6133,31.0,6.0,16.0,1.0,3,303.0,0.0,20.0,1,1,0
6134,42.0,1.0,18.0,1.0,4,511.0,0.0,40.0,1,0,1
6135,40.0,1.0,21.0,1.0,2,49.0,1.0,20.0,0,1,0
6136,47.0,1.0,16.0,1.0,2,49.0,0.0,25.0,0,1,0
6137,21.0,1.0,19.0,5.0,2,49.0,12.0,40.0,1,1,0
6138,45.0,1.0,20.0,1.0,0,49.0,0.0,45.0,1,1,1
6139,78.0,1.0,24.0,1.0,0,49.0,1.0,45.0,1,1,1
6140,19.0,1.0,19.0,5.0,2,49.0,17.0,40.0,0,1,0
6141,39.0,1.0,22.0,1.0,0,49.0,0.0,60.0,1,1,0
6142,41.0,1.0,13.0,4.0,1,40.0,16.0,3.0,1,0,0
6143,34.0,1.0,20.0,1.0,1,223.0,0.0,40.0,1,0,1
6144,40.0,1.0,21.0,2.0,0,24.0,0.0,40.0,0,1,1
6145,33.0,1.0,19.0,1.0,4,49.0,1.0,40.0,0,1,1
6146,33.0,6.0,21.0,1.0,0,4.0,0.0,60.0,1,1,1
6147,22.0,1.0,16.0,5.0,0,49.0,2.0,12.0,1,1,0
6148,26.0,1.0,21.0,3.0,0,49.0,0.0,60.0,1,1,1
6149,20.0,1.0,16.0,5.0,3,49.0,2.0,35.0,0,1,0
6150,58.0,6.0,20.0,1.0,1,49.0,1.0,40.0,0,1,1
6151,17.0,4.0,14.0,5.0,1,49.0,2.0,9.0,0,1,0
6152,26.0,1.0,16.0,5.0,3,49.0,4.0,30.0,1,1,0
6153,40.0,1.0,21.0,1.0,0,16.0,1.0,50.0,1,1,1
6154,58.0,3.0,19.0,1.0,0,49.0,1.0,40.0,1,1,1
6155,43.0,1.0,21.0,1.0,0,49.0,1.0,40.0,1,1,1
6156,36.0,1.0,22.0,1.0,0,49.0,1.0,40.0,1,1,1
6157,27.0,1.0,22.0,1.0,0,53.0,0.0,50.0,1,1,1
6158,36.0,1.0,19.0,5.0,4,49.0,0.0,36.0,0,1,0
6159,27.0,1.0,19.0,5.0,0,139.0,0.0,50.0,1,1,1
6160,27.0,1.0,19.0,5.0,0,49.0,17.0,40.0,1,1,0
6161,54.0,1.0,17.0,1.0,3,6.0,1.0,40.0,1,0,1
6162,56.0,2.0,21.0,1.0,0,24.0,1.0,20.0,0,1,0
6163,55.0,1.0,19.0,1.0,0,27.0,1.0,50.0,1,1,1
6164,28.0,1.0,18.0,1.0,2,6.0,0.0,40.0,0,1,1
6165,49.0,1.0,21.0,1.0,2,49.0,0.0,40.0,0,1,1
6166,54.0,1.0,16.0,1.0,1,6.0,1.0,25.0,0,1,0
6167,59.0,2.0,16.0,2.0,1,49.0,0.0,40.0,0,1,0
6168,19.0,1.0,18.0,5.0,2,49.0,7.0,40.0,1,1,0
6169,53.0,1.0,1.0,1.0,1,49.0,0.0,40.0,1,1,0
6170,27.0,5.0,19.0,5.0,0,2.0,2.0,42.0,1,1,1
6171,37.0,3.0,16.0,1.0,0,49.0,1.0,40.0,1,1,0
6172,74.0,2.0,18.0,1.0,4,49.0,0.0,80.0,1,1,1
6173,19.0,1.0,19.0,5.0,4,29.0,12.0,40.0,1,1,0
6174,40.0,1.0,16.0,1.0,4,6.0,1.0,40.0,1,0,0
6175,19.0,1.0,16.0,5.0,2,6.0,17.0,40.0,0,1,0
6176,55.0,4.0,19.0,5.0,0,4.0,12.0,40.0,1,1,1
6177,24.0,1.0,21.0,5.0,0,49.0,12.0,60.0,1,1,0
6178,69.0,1.0,23.0,1.0,0,49.0,0.0,40.0,1,1,1
6179,29.0,1.0,7.0,5.0,0,49.0,15.0,30.0,1,1,0
6180,46.0,7.0,21.0,1.0,0,49.0,0.0,40.0,1,1,1
6181,26.0,1.0,19.0,5.0,0,49.0,0.0,50.0,1,1,1
6182,59.0,7.0,17.0,1.0,1,110.0,1.0,32.0,1,1,0
6183,69.0,6.0,22.0,1.0,0,49.0,0.0,40.0,1,1,1
6184,22.0,2.0,21.0,5.0,0,49.0,12.0,50.0,0,1,0
6185,23.0,2.0,19.0,1.0,1,6.0,0.0,20.0,0,1,0
6186,20.0,1.0,19.0,5.0,0,6.0,17.0,36.0,0,1,0
6187,26.0,3.0,19.0,1.0,1,6.0,0.0,40.0,1,1,0
6188,58.0,7.0,23.0,1.0,0,49.0,1.0,60.0,1,0,1
6189,55.0,1.0,22.0,3.0,0,15.0,0.0,40.0,0,0,1
6190,65.0,1.0,18.0,1.0,3,49.0,0.0,60.0,1,1,1
6191,73.0,3.0,16.0,1.0,4,24.0,0.0,40.0,0,0,0
6192,46.0,5.0,17.0,1.0,4,56.0,1.0,50.0,1,1,1
6193,44.0,3.0,21.0,3.0,0,13.0,5.0,40.0,1,1,1
6194,34.0,2.0,24.0,1.0,0,17.0,1.0,50.0,1,1,1
6195,42.0,3.0,19.0,1.0,1,120.0,0.0,40.0,1,0,1
6196,18.0,1.0,16.0,5.0,3,223.0,17.0,45.0,1,0,0
6197,19.0,1.0,14.0,5.0,2,49.0,2.0,20.0,0,1,0
6198,42.0,1.0,20.0,1.0,2,49.0,0.0,20.0,0,1,0
6199,55.0,4.0,21.0,5.0,0,6.0,2.0,40.0,1,1,1
6200,63.0,1.0,20.0,1.0,0,49.0,0.0,35.0,0,1,0
6201,45.0,1.0,24.0,1.0,1,53.0,0.0,45.0,1,1,1
6202,53.0,1.0,16.0,1.0,2,38.0,1.0,45.0,1,1,1
6203,49.0,1.0,14.0,1.0,4,49.0,1.0,25.0,1,1,0
6204,62.0,1.0,22.0,1.0,0,49.0,1.0,40.0,1,1,1
6205,38.0,4.0,20.0,1.0,1,16.0,0.0,30.0,1,1,1
6206,66.0,1.0,17.0,1.0,3,49.0,1.0,30.0,0,1,0
6207,39.0,6.0,16.0,5.0,1,6.0,2.0,50.0,1,1,1
6208,47.0,1.0,19.0,1.0,4,49.0,0.0,40.0,1,1,1
6209,21.0,1.0,19.0,5.0,4,49.0,17.0,40.0,1,1,0
6210,22.0,1.0,24.0,1.0,0,49.0,1.0,40.0,1,1,0
6211,25.0,1.0,21.0,1.0,0,49.0,0.0,40.0,1,1,0
6212,20.0,1.0,18.0,1.0,2,17.0,1.0,20.0,0,1,0
6213,31.0,1.0,19.0,1.0,3,6.0,0.0,40.0,1,1,1
6214,39.0,2.0,20.0,1.0,0,49.0,0.0,65.0,1,1,1
6215,39.0,2.0,16.0,1.0,1,55.0,0.0,20.0,0,1,0
6216,35.0,6.0,16.0,1.0,1,6.0,1.0,48.0,1,1,0
6217,34.0,1.0,4.0,3.0,1,16.0,11.0,35.0,0,1,0
6218,50.0,4.0,24.0,1.0,0,49.0,0.0,60.0,1,1,1
6219,21.0,1.0,19.0,5.0,2,49.0,17.0,5.0,0,1,0
6220,30.0,2.0,21.0,1.0,0,49.0,1.0,40.0,0,1,1
6221,69.0,1.0,19.0,1.0,1,48.0,1.0,10.0,0,1,0
6222,60.0,3.0,22.0,1.0,0,49.0,0.0,45.0,0,1,1
6223,26.0,1.0,18.0,1.0,4,49.0,1.0,40.0,1,1,0
6224,41.0,1.0,16.0,1.0,4,49.0,0.0,45.0,1,1,1
6225,29.0,1.0,19.0,5.0,2,49.0,13.0,40.0,1,1,1
6226,21.0,1.0,19.0,5.0,0,49.0,10.0,40.0,1,1,0
6227,56.0,1.0,19.0,5.0,3,49.0,13.0,50.0,1,1,1
6228,35.0,1.0,20.0,3.0,4,49.0,2.0,40.0,1,1,0
6229,38.0,1.0,21.0,1.0,1,49.0,0.0,36.0,0,1,1
6230,41.0,1.0,16.0,1.0,0,49.0,1.0,60.0,1,1,1
6231,71.0,4.0,18.0,1.0,0,49.0,0.0,40.0,1,1,1
6232,41.0,4.0,21.0,1.0,0,49.0,0.0,40.0,1,1,1
6233,31.0,1.0,18.0,3.0,2,49.0,15.0,18.0,1,1,0
6234,26.0,4.0,20.0,5.0,1,26.0,2.0,40.0,1,1,0
6235,53.0,6.0,23.0,1.0,0,49.0,0.0,60.0,1,1,1
6236,47.0,3.0,16.0,1.0,1,49.0,0.0,20.0,0,1,0
6237,37.0,1.0,21.0,1.0,0,49.0,1.0,40.0,1,1,1
6238,57.0,2.0,20.0,1.0,0,49.0,1.0,40.0,0,1,1
6239,65.0,2.0,18.0,1.0,2,16.0,1.0,24.0,0,1,0
6240,54.0,3.0,21.0,1.0,0,32.0,0.0,40.0,1,1,1
6241,21.0,1.0,19.0,5.0,0,49.0,2.0,40.0,0,1,0
6242,24.0,1.0,21.0,1.0,0,42.0,1.0,30.0,0,1,0
6243,23.0,1.0,18.0,5.0,0,6.0,10.0,48.0,1,1,0
6244,62.0,5.0,16.0,1.0,2,49.0,0.0,40.0,1,1,0
6245,77.0,7.0,19.0,1.0,0,527.0,1.0,40.0,1,0,1
6246,37.0,1.0,21.0,1.0,0,56.0,0.0,60.0,1,1,1
6247,56.0,7.0,21.0,1.0,0,362.0,0.0,50.0,1,1,1
6248,28.0,1.0,19.0,1.0,4,4.0,1.0,40.0,1,1,1
6249,55.0,1.0,21.0,1.0,0,49.0,1.0,60.0,1,1,1
6250,26.0,1.0,16.0,3.0,1,26.0,12.0,10.0,0,1,0
6251,41.0,1.0,20.0,1.0,3,49.0,0.0,40.0,1,1,1
6252,35.0,4.0,18.0,1.0,1,6.0,0.0,32.0,0,1,1
6253,17.0,1.0,14.0,5.0,1,6.0,2.0,50.0,1,1,0
6254,38.0,3.0,20.0,1.0,1,301.0,0.0,45.0,1,1,1
6255,53.0,1.0,16.0,3.0,2,24.0,0.0,48.0,0,0,1
6256,25.0,1.0,20.0,1.0,0,49.0,0.0,40.0,0,1,0
6257,55.0,7.0,24.0,1.0,0,49.0,0.0,45.0,1,1,1
6258,39.0,1.0,19.0,1.0,4,49.0,0.0,40.0,1,1,1
6259,23.0,1.0,20.0,5.0,1,49.0,0.0,30.0,0,1,0
6260,41.0,1.0,22.0,1.0,0,49.0,1.0,36.0,1,1,1
6261,39.0,4.0,21.0,1.0,0,49.0,2.0,99.0,0,1,1
6262,39.0,6.0,20.0,1.0,0,49.0,1.0,30.0,1,1,1
6263,58.0,6.0,21.0,3.0,0,49.0,17.0,20.0,0,1,0
6264,35.0,3.0,22.0,1.0,0,303.0,1.0,8.0,0,1,0
6265,65.0,4.0,20.0,1.0,2,303.0,1.0,40.0,1,1,0
6266,35.0,3.0,20.0,1.0,1,6.0,0.0,16.0,0,1,0
6267,63.0,1.0,21.0,1.0,2,49.0,0.0,27.0,0,1,0
6268,60.0,1.0,21.0,1.0,2,6.0,1.0,40.0,0,1,1
6269,31.0,3.0,16.0,1.0,0,49.0,9.0,45.0,1,1,1
6270,61.0,6.0,21.0,1.0,0,49.0,1.0,20.0,1,1,0
6271,19.0,1.0,11.0,5.0,4,6.0,4.0,40.0,1,1,0
6272,51.0,6.0,20.0,1.0,1,49.0,0.0,70.0,1,1,1
6273,19.0,1.0,19.0,5.0,4,49.0,17.0,30.0,1,1,0
6274,21.0,3.0,19.0,5.0,0,49.0,2.0,40.0,1,1,0
6275,58.0,1.0,20.0,1.0,1,42.0,0.0,30.0,1,1,0
6276,63.0,1.0,18.0,1.0,0,49.0,1.0,38.0,1,1,1
6277,41.0,1.0,20.0,1.0,0,49.0,1.0,40.0,1,1,1
6278,59.0,4.0,18.0,1.0,4,49.0,0.0,15.0,0,1,0
6279,51.0,7.0,19.0,1.0,4,49.0,1.0,45.0,1,1,1
6280,61.0,7.0,21.0,1.0,1,49.0,6.0,50.0,1,1,0
6281,63.0,6.0,22.0,1.0,0,49.0,0.0,15.0,1,1,0
6282,55.0,7.0,21.0,1.0,0,49.0,1.0,40.0,0,1,1
6283,61.0,1.0,18.0,1.0,1,49.0,1.0,40.0,1,1,1
6284,47.0,7.0,21.0,1.0,0,41.0,1.0,40.0,1,1,1
6285,56.0,6.0,21.0,1.0,0,49.0,1.0,40.0,1,1,1
6286,50.0,1.0,17.0,1.0,2,53.0,0.0,25.0,1,1,0
6287,56.0,7.0,21.0,1.0,2,49.0,1.0,50.0,1,1,1
6288,80.0,4.0,14.0,2.0,1,49.0,7.0,13.0,0,1,0
6289,48.0,8.0,21.0,1.0,1,49.0,1.0,60.0,0,1,1
6290,18.0,1.0,16.0,5.0,2,49.0,2.0,48.0,1,1,0
6291,47.0,2.0,21.0,1.0,0,6.0,1.0,60.0,1,1,1
6292,34.0,1.0,21.0,1.0,0,42.0,0.0,40.0,1,1,1
6293,58.0,1.0,14.0,1.0,2,49.0,0.0,40.0,0,1,1
6294,51.0,6.0,22.0,1.0,0,303.0,0.0,40.0,1,1,1
6295,64.0,6.0,16.0,1.0,4,49.0,1.0,40.0,1,1,0
6296,55.0,1.0,21.0,1.0,4,49.0,0.0,45.0,1,1,1
6297,36.0,1.0,14.0,3.0,2,56.0,13.0,40.0,0,1,0
6298,26.0,1.0,16.0,5.0,0,6.0,2.0,40.0,1,1,0
6299,21.0,1.0,16.0,5.0,0,6.0,0.0,40.0,1,1,1
6300,17.0,1.0,13.0,5.0,2,49.0,2.0,40.0,0,1,0
6301,67.0,3.0,21.0,1.0,1,33.0,1.0,16.0,0,1,0
6302,56.0,1.0,19.0,5.0,0,49.0,0.0,40.0,1,1,1
6303,68.0,4.0,21.0,1.0,2,49.0,0.0,40.0,0,1,1
6304,29.0,2.0,23.0,3.0,0,209.0,2.0,40.0,1,0,1
6305,51.0,1.0,20.0,1.0,2,49.0,0.0,20.0,1,1,0
6306,40.0,1.0,24.0,1.0,0,49.0,1.0,60.0,1,1,1
6307,37.0,1.0,21.0,5.0,0,35.0,2.0,40.0,0,1,1
6308,53.0,7.0,23.0,1.0,2,12.0,0.0,8.0,0,1,0
6309,25.0,1.0,16.0,5.0,0,49.0,2.0,35.0,1,1,0
6310,23.0,1.0,19.0,5.0,2,6.0,3.0,24.0,0,1,0
6311,43.0,1.0,19.0,1.0,2,8.0,1.0,40.0,0,1,0
6312,59.0,7.0,17.0,1.0,3,49.0,0.0,55.0,1,1,1
6313,39.0,1.0,20.0,1.0,2,49.0,0.0,28.0,0,1,0
6314,43.0,3.0,21.0,1.0,2,53.0,1.0,20.0,0,1,0
6315,55.0,1.0,21.0,1.0,0,6.0,1.0,40.0,0,1,1
6316,64.0,1.0,21.0,1.0,0,49.0,0.0,45.0,1,1,1
6317,58.0,1.0,18.0,1.0,2,6.0,1.0,48.0,1,1,1
6318,42.0,2.0,21.0,1.0,0,49.0,0.0,40.0,1,1,1
6319,65.0,1.0,16.0,1.0,4,49.0,0.0,3.0,1,1,0
6320,75.0,7.0,24.0,1.0,0,49.0,1.0,40.0,1,1,1
6321,34.0,5.0,21.0,1.0,0,49.0,1.0,50.0,1,1,1
6322,47.0,1.0,18.0,5.0,1,49.0,2.0,40.0,1,1,0
6323,61.0,3.0,21.0,3.0,0,49.0,2.0,15.0,0,1,0
6324,48.0,5.0,21.0,1.0,2,49.0,0.0,50.0,1,0,1
6325,35.0,1.0,16.0,1.0,3,45.0,0.0,45.0,1,1,1
6326,54.0,2.0,21.0,1.0,0,49.0,1.0,48.0,1,1,1
6327,18.0,1.0,12.0,5.0,2,49.0,2.0,27.0,0,1,0
6328,30.0,1.0,4.0,1.0,3,303.0,15.0,40.0,1,1,0
6329,26.0,1.0,19.0,1.0,2,49.0,1.0,30.0,1,1,0
6330,51.0,1.0,19.0,1.0,0,49.0,1.0,35.0,0,1,1
6331,47.0,1.0,22.0,1.0,-1,49.0,1.0,50.0,1,1,1
6332,67.0,5.0,9.0,1.0,3,49.0,0.0,50.0,0,1,0
6333,60.0,7.0,21.0,1.0,-1,16.0,0.0,50.0,1,1,1
6334,35.0,1.0,22.0,1.0,0,49.0,0.0,45.0,1,1,1
6335,33.0,3.0,21.0,1.0,1,49.0,0.0,40.0,1,1,0
6336,28.0,1.0,21.0,1.0,4,49.0,0.0,55.0,1,1,1
6337,36.0,1.0,19.0,5.0,0,49.0,2.0,10.0,1,1,0
6338,29.0,1.0,16.0,5.0,2,49.0,5.0,40.0,0,1,0
6339,18.0,1.0,16.0,5.0,2,49.0,17.0,40.0,1,1,0
6340,26.0,1.0,19.0,5.0,3,49.0,11.0,12.0,1,1,0
6341,56.0,1.0,16.0,1.0,4,49.0,1.0,65.0,1,1,1
6342,60.0,1.0,21.0,1.0,2,301.0,0.0,50.0,0,1,1
6343,58.0,1.0,19.0,1.0,3,49.0,1.0,20.0,1,1,0
6344,23.0,1.0,20.0,1.0,2,16.0,0.0,40.0,1,1,0
6345,64.0,1.0,20.0,1.0,4,49.0,1.0,20.0,1,1,0
6346,61.0,1.0,22.0,1.0,3,49.0,0.0,42.0,1,1,1
6347,51.0,6.0,18.0,1.0,0,49.0,1.0,55.0,1,1,1
6348,70.0,6.0,20.0,1.0,0,49.0,1.0,50.0,1,1,1
6349,21.0,1.0,20.0,5.0,1,49.0,2.0,40.0,1,1,1
6350,35.0,1.0,16.0,1.0,0,49.0,0.0,54.0,1,1,1
6351,62.0,1.0,19.0,1.0,4,49.0,0.0,45.0,1,1,1
6352,35.0,1.0,22.0,1.0,0,49.0,0.0,38.0,0,1,1
6353,46.0,2.0,16.0,1.0,0,53.0,1.0,10.0,0,1,0
6354,17.0,1.0,13.0,5.0,1,49.0,2.0,40.0,0,1,0
6355,32.0,3.0,20.0,1.0,2,49.0,2.0,14.0,0,1,0
6356,39.0,1.0,20.0,1.0,0,6.0,0.0,40.0,1,1,1
6357,49.0,1.0,19.0,1.0,0,22.0,1.0,45.0,0,1,0
6358,43.0,7.0,20.0,1.0,0,314.0,1.0,32.0,0,1,1
6359,42.0,4.0,20.0,1.0,0,49.0,0.0,40.0,0,1,1
6360,35.0,1.0,16.0,1.0,2,49.0,1.0,42.0,1,1,1
6361,63.0,1.0,19.0,3.0,0,49.0,13.0,30.0,1,1,0
6362,63.0,1.0,16.0,5.0,4,49.0,0.0,36.0,0,1,1
6363,28.0,4.0,19.0,3.0,0,110.0,13.0,40.0,0,1,1
6364,30.0,4.0,21.0,1.0,2,49.0,7.0,40.0,0,1,0
6365,60.0,1.0,16.0,1.0,3,8.0,1.0,45.0,1,1,1
6366,48.0,1.0,13.0,1.0,4,17.0,16.0,25.0,1,1,0
6367,50.0,3.0,20.0,1.0,0,31.0,1.0,29.0,0,1,0
6368,44.0,1.0,21.0,1.0,0,48.0,1.0,40.0,0,1,1
6369,51.0,1.0,16.0,3.0,1,49.0,5.0,30.0,0,1,0
6370,68.0,1.0,23.0,1.0,0,36.0,0.0,45.0,1,1,1
6371,56.0,1.0,16.0,3.0,2,49.0,0.0,40.0,0,1,1
6372,17.0,5.0,13.0,5.0,1,51.0,2.0,40.0,1,0,0
6373,35.0,1.0,18.0,5.0,0,16.0,2.0,40.0,0,1,0
6374,20.0,1.0,16.0,5.0,0,49.0,2.0,40.0,0,1,0
6375,30.0,1.0,21.0,1.0,2,49.0,1.0,45.0,1,1,1
6376,53.0,1.0,19.0,3.0,0,49.0,0.0,38.0,1,1,1
6377,54.0,7.0,14.0,1.0,1,34.0,0.0,50.0,1,1,1
6378,32.0,1.0,18.0,1.0,1,51.0,2.0,32.0,1,1,1
6379,42.0,1.0,19.0,1.0,2,49.0,0.0,10.0,1,1,0
6380,58.0,1.0,16.0,1.0,1,49.0,1.0,20.0,0,1,0
6381,52.0,6.0,22.0,2.0,0,42.0,0.0,30.0,0,1,1
6382,37.0,1.0,20.0,1.0,0,49.0,1.0,40.0,1,1,1
6383,26.0,1.0,18.0,1.0,2,49.0,1.0,40.0,0,1,1
6384,49.0,1.0,18.0,1.0,4,49.0,1.0,40.0,1,1,1
6385,64.0,1.0,21.0,1.0,0,11.0,0.0,40.0,1,1,1
6386,20.0,1.0,16.0,5.0,2,48.0,2.0,16.0,0,0,0
6387,55.0,2.0,21.0,1.0,0,49.0,0.0,45.0,1,1,1
6388,62.0,1.0,16.0,1.0,4,49.0,0.0,40.0,1,1,1
6389,37.0,4.0,20.0,1.0,1,16.0,1.0,40.0,0,1,1
6390,33.0,1.0,16.0,1.0,1,56.0,0.0,30.0,1,1,0
6391,34.0,1.0,20.0,1.0,2,49.0,0.0,40.0,1,1,1
6392,55.0,7.0,16.0,1.0,1,56.0,0.0,40.0,1,1,1
6393,69.0,6.0,20.0,1.0,0,49.0,0.0,50.0,1,1,1
6394,38.0,1.0,17.0,3.0,3,49.0,0.0,40.0,1,1,0
6395,68.0,1.0,18.0,1.0,3,49.0,0.0,20.0,1,1,1
6396,28.0,2.0,21.0,1.0,0,48.0,0.0,18.0,0,0,0
6397,61.0,7.0,14.0,2.0,1,360.0,6.0,12.0,0,1,0
6398,43.0,1.0,19.0,1.0,2,49.0,1.0,40.0,1,1,1
6399,22.0,1.0,20.0,3.0,1,6.0,0.0,40.0,0,0,0
6400,21.0,1.0,19.0,5.0,1,6.0,17.0,35.0,0,1,0
6401,47.0,7.0,18.0,1.0,1,6.0,1.0,40.0,0,1,0
6402,23.0,1.0,16.0,5.0,1,6.0,13.0,48.0,0,0,0
6403,68.0,4.0,22.0,1.0,0,49.0,0.0,50.0,1,1,1
6404,42.0,1.0,21.0,1.0,1,49.0,1.0,10.0,0,1,0
6405,64.0,2.0,21.0,1.0,3,364.0,1.0,40.0,1,1,1
6406,19.0,1.0,16.0,5.0,4,162.0,2.0,6.0,0,1,0
6407,52.0,1.0,16.0,3.0,3,49.0,5.0,50.0,1,1,1
6408,40.0,1.0,22.0,1.0,0,49.0,0.0,40.0,1,1,1
6409,29.0,3.0,18.0,1.0,0,49.0,1.0,40.0,1,1,1
6410,24.0,1.0,21.0,5.0,0,53.0,2.0,40.0,0,1,0
6411,52.0,1.0,21.0,1.0,0,49.0,0.0,40.0,1,1,1
6412,52.0,1.0,1.0,1.0,3,49.0,1.0,40.0,1,1,0
6413,40.0,1.0,21.0,3.0,2,49.0,0.0,40.0,0,1,1
6414,50.0,1.0,19.0,1.0,4,6.0,0.0,40.0,1,1,0
6415,49.0,2.0,21.0,1.0,0,49.0,0.0,32.0,1,1,0
6416,18.0,1.0,16.0,5.0,0,15.0,2.0,52.0,1,0,0
6417,37.0,1.0,21.0,5.0,0,16.0,12.0,40.0,0,1,1
6418,32.0,1.0,22.0,5.0,1,2.0,0.0,40.0,0,1,1
6419,20.0,1.0,15.0,5.0,1,49.0,4.0,5.0,1,1,0
6420,41.0,4.0,22.0,1.0,0,6.0,0.0,45.0,1,1,1
6421,21.0,1.0,19.0,5.0,1,527.0,17.0,10.0,1,0,0
6422,21.0,1.0,16.0,5.0,1,49.0,2.0,35.0,0,1,0
6423,28.0,1.0,21.0,1.0,4,17.0,9.0,36.0,0,1,1
6424,26.0,1.0,19.0,1.0,1,49.0,9.0,40.0,0,1,0
6425,39.0,1.0,21.0,1.0,0,16.0,0.0,40.0,1,1,1
6426,21.0,1.0,18.0,5.0,4,18.0,17.0,35.0,1,1,1
6427,66.0,3.0,21.0,1.0,0,49.0,1.0,16.0,1,1,1
6428,21.0,1.0,18.0,5.0,1,49.0,13.0,40.0,0,1,0
6429,44.0,1.0,19.0,1.0,2,49.0,1.0,50.0,1,1,1
6430,20.0,1.0,19.0,5.0,2,27.0,2.0,45.0,0,0,0
6431,63.0,4.0,22.0,1.0,2,56.0,0.0,40.0,0,1,1
6432,62.0,3.0,22.0,1.0,0,6.0,0.0,40.0,1,1,1
6433,31.0,1.0,19.0,1.0,4,41.0,1.0,40.0,1,1,0
6434,53.0,1.0,21.0,1.0,4,49.0,0.0,40.0,1,0,1
6435,47.0,5.0,16.0,1.0,3,49.0,0.0,30.0,1,1,0
6436,28.0,1.0,16.0,1.0,3,49.0,0.0,50.0,1,1,1
6437,38.0,3.0,21.0,1.0,-1,49.0,1.0,40.0,1,1,1
6438,26.0,1.0,21.0,1.0,1,49.0,0.0,45.0,0,1,1
6439,38.0,2.0,21.0,5.0,0,6.0,12.0,20.0,0,1,0
6440,34.0,1.0,16.0,5.0,2,49.0,0.0,45.0,0,1,1
6441,37.0,7.0,22.0,1.0,0,49.0,0.0,40.0,1,1,1
6442,56.0,7.0,19.0,1.0,2,16.0,1.0,40.0,0,1,0
6443,60.0,1.0,19.0,1.0,2,49.0,1.0,40.0,0,1,0
6444,70.0,1.0,19.0,3.0,1,41.0,0.0,4.0,0,1,0
6445,61.0,3.0,18.0,1.0,2,49.0,0.0,30.0,0,1,0
6446,19.0,1.0,18.0,5.0,1,49.0,2.0,25.0,0,1,0
6447,39.0,1.0,18.0,1.0,4,49.0,0.0,40.0,1,1,1
6448,35.0,1.0,17.0,1.0,2,11.0,0.0,50.0,1,1,0
6449,59.0,1.0,19.0,1.0,1,9.0,0.0,40.0,1,1,1
6450,24.0,1.0,19.0,5.0,1,49.0,0.0,40.0,1,1,0
6451,19.0,7.0,19.0,5.0,1,49.0,17.0,40.0,1,1,0
6452,47.0,1.0,21.0,1.0,0,49.0,0.0,50.0,0,1,1
6453,37.0,1.0,20.0,3.0,0,49.0,0.0,32.0,1,1,1
6454,40.0,2.0,21.0,1.0,0,49.0,0.0,45.0,0,0,0
6455,26.0,1.0,20.0,5.0,1,53.0,15.0,55.0,0,1,0
6456,20.0,1.0,20.0,5.0,4,49.0,2.0,40.0,1,1,1
6457,31.0,1.0,18.0,1.0,3,49.0,0.0,35.0,1,1,1
6458,20.0,8.0,18.0,5.0,4,54.0,17.0,50.0,1,0,0
6459,45.0,1.0,18.0,3.0,4,6.0,0.0,40.0,1,0,1
6460,50.0,1.0,20.0,1.0,3,16.0,0.0,40.0,1,1,1
6461,29.0,1.0,18.0,1.0,1,15.0,0.0,40.0,0,0,0
6462,23.0,1.0,19.0,1.0,0,303.0,2.0,27.0,1,1,0
6463,22.0,1.0,19.0,1.0,3,49.0,1.0,40.0,1,1,1
6464,28.0,1.0,22.0,5.0,0,49.0,0.0,40.0,1,1,1
6465,61.0,1.0,18.0,1.0,2,49.0,0.0,60.0,0,1,1
6466,61.0,1.0,16.0,1.0,3,49.0,0.0,40.0,1,1,1
6467,32.0,1.0,16.0,1.0,3,49.0,0.0,32.0,1,1,0
6468,24.0,1.0,19.0,5.0,1,49.0,0.0,30.0,1,1,0
6469,63.0,1.0,18.0,5.0,3,49.0,0.0,50.0,1,0,1
6470,51.0,7.0,15.0,1.0,1,49.0,0.0,10.0,0,1,0
6471,63.0,5.0,20.0,3.0,2,49.0,0.0,40.0,0,1,1
6472,48.0,2.0,19.0,1.0,2,6.0,1.0,40.0,0,0,0
6473,27.0,1.0,17.0,5.0,2,49.0,0.0,35.0,1,1,0
6474,46.0,1.0,16.0,1.0,2,49.0,0.0,25.0,1,1,0
6475,42.0,1.0,19.0,1.0,2,6.0,0.0,40.0,1,0,1
6476,27.0,1.0,20.0,4.0,0,56.0,4.0,30.0,1,1,0
6477,45.0,1.0,21.0,1.0,0,49.0,0.0,40.0,1,1,1
6478,47.0,1.0,21.0,1.0,0,17.0,1.0,50.0,1,1,1
6479,42.0,6.0,22.0,1.0,-1,49.0,0.0,60.0,1,1,1
6480,47.0,1.0,16.0,1.0,4,49.0,0.0,45.0,1,1,1
6481,26.0,6.0,21.0,5.0,0,49.0,2.0,40.0,1,1,1
6482,62.0,1.0,19.0,1.0,1,12.0,1.0,35.0,0,1,0
6483,42.0,1.0,16.0,1.0,3,370.0,0.0,40.0,1,0,1
6484,21.0,1.0,16.0,5.0,4,49.0,2.0,40.0,1,1,0
6485,21.0,1.0,15.0,1.0,4,10.0,8.0,40.0,1,1,0
6486,20.0,1.0,16.0,5.0,2,6.0,2.0,28.0,0,1,0
6487,50.0,1.0,19.0,1.0,3,49.0,1.0,45.0,0,1,1
6488,35.0,1.0,21.0,5.0,0,49.0,14.0,40.0,1,0,0
6489,38.0,1.0,16.0,2.0,4,49.0,0.0,42.0,0,1,0
6490,60.0,1.0,18.0,1.0,2,49.0,0.0,40.0,1,0,0
6491,46.0,1.0,20.0,1.0,3,49.0,1.0,15.0,1,1,1
6492,59.0,1.0,21.0,3.0,0,36.0,0.0,40.0,1,1,0
6493,45.0,6.0,19.0,1.0,0,49.0,0.0,30.0,0,1,0
6494,28.0,2.0,21.0,1.0,0,49.0,1.0,40.0,1,1,1
6495,60.0,1.0,19.0,1.0,3,49.0,1.0,40.0,1,1,1
6496,25.0,1.0,21.0,5.0,0,49.0,2.0,24.0,1,1,0
6497,41.0,1.0,20.0,1.0,0,49.0,0.0,55.0,0,1,1
6498,39.0,3.0,16.0,1.0,0,53.0,0.0,40.0,0,1,1
6499,30.0,6.0,21.0,1.0,0,49.0,0.0,43.0,1,1,1
6500,46.0,1.0,20.0,1.0,0,49.0,1.0,40.0,1,1,0
6501,41.0,6.0,20.0,1.0,2,49.0,0.0,40.0,0,1,1
6502,63.0,5.0,21.0,1.0,0,49.0,1.0,40.0,0,1,0
6503,27.0,1.0,21.0,5.0,0,49.0,2.0,30.0,0,1,0
6504,57.0,1.0,21.0,1.0,0,27.0,0.0,45.0,1,1,1
6505,38.0,1.0,19.0,1.0,1,49.0,1.0,20.0,0,1,0
6506,80.0,1.0,20.0,1.0,2,13.0,1.0,40.0,1,1,0
6507,37.0,1.0,1.0,1.0,2,49.0,0.0,8.0,0,1,0
6508,67.0,1.0,21.0,5.0,0,49.0,0.0,40.0,1,1,1
6509,55.0,1.0,20.0,1.0,-1,49.0,0.0,40.0,1,1,1
6510,21.0,1.0,20.0,5.0,0,214.0,13.0,9.0,0,1,0
6511,50.0,3.0,19.0,1.0,1,49.0,1.0,25.0,0,1,1
6512,71.0,1.0,22.0,1.0,0,49.0,0.0,40.0,1,1,1
6513,28.0,1.0,21.0,5.0,2,39.0,0.0,37.0,0,1,0
6514,57.0,1.0,19.0,1.0,2,8.0,0.0,40.0,1,1,1
6515,43.0,1.0,11.0,3.0,3,49.0,16.0,10.0,0,1,0
6516,35.0,1.0,17.0,1.0,1,49.0,1.0,40.0,1,1,0
6517,21.0,1.0,16.0,5.0,3,49.0,15.0,40.0,1,1,0
6518,41.0,3.0,21.0,1.0,0,24.0,1.0,40.0,1,1,1
6519,28.0,1.0,21.0,5.0,4,49.0,12.0,50.0,1,1,0
6520,55.0,1.0,16.0,3.0,0,6.0,0.0,27.0,1,1,1
6521,30.0,1.0,19.0,1.0,2,49.0,9.0,15.0,1,1,0
6522,40.0,1.0,23.0,1.0,0,49.0,1.0,50.0,1,1,1
6523,27.0,1.0,18.0,4.0,1,212.0,15.0,35.0,1,1,0
6524,72.0,1.0,19.0,5.0,2,49.0,0.0,40.0,1,1,1
6525,64.0,1.0,21.0,5.0,2,4.0,0.0,50.0,1,1,1
6526,24.0,5.0,19.0,1.0,4,6.0,1.0,40.0,0,1,0
6527,58.0,1.0,16.0,1.0,4,49.0,0.0,40.0,1,1,1
6528,54.0,2.0,19.0,1.0,4,49.0,1.0,5.0,0,1,0
6529,35.0,2.0,21.0,1.0,1,49.0,1.0,20.0,0,1,0
6530,61.0,8.0,16.0,5.0,1,6.0,0.0,61.0,1,1,0
6531,28.0,1.0,20.0,1.0,0,49.0,0.0,42.0,1,1,0
6532,27.0,1.0,17.0,1.0,0,49.0,1.0,40.0,0,1,1
6533,66.0,1.0,20.0,1.0,3,364.0,1.0,55.0,1,1,1
6534,24.0,1.0,20.0,5.0,4,16.0,7.0,12.0,1,1,0
6535,47.0,1.0,16.0,1.0,4,49.0,1.0,40.0,0,1,0
6536,56.0,6.0,21.0,1.0,2,66.0,1.0,40.0,0,0,1
6537,41.0,1.0,17.0,1.0,3,6.0,0.0,60.0,1,1,1
6538,36.0,1.0,21.0,5.0,0,49.0,0.0,40.0,1,1,1
6539,37.0,1.0,19.0,1.0,0,29.0,0.0,40.0,1,1,1
6540,45.0,1.0,16.0,3.0,2,49.0,2.0,40.0,0,1,0
6541,21.0,1.0,19.0,5.0,0,38.0,8.0,10.0,0,1,0
6542,25.0,6.0,21.0,5.0,0,527.0,17.0,24.0,0,0,0
6543,22.0,1.0,20.0,5.0,2,48.0,17.0,28.0,0,1,0
6544,35.0,1.0,21.0,3.0,0,6.0,0.0,40.0,1,1,1
6545,67.0,2.0,19.0,3.0,0,31.0,0.0,25.0,0,1,1
6546,32.0,7.0,19.0,1.0,2,41.0,1.0,3.0,0,1,0
6547,42.0,1.0,22.0,1.0,2,6.0,1.0,45.0,1,1,0
6548,48.0,1.0,21.0,1.0,2,364.0,1.0,40.0,1,1,1
6549,42.0,1.0,21.0,1.0,2,49.0,0.0,40.0,0,1,1
6550,34.0,1.0,16.0,1.0,2,49.0,1.0,40.0,0,1,0
6551,18.0,1.0,16.0,5.0,1,150.0,2.0,15.0,1,1,0
6552,31.0,2.0,22.0,1.0,0,49.0,1.0,40.0,0,1,1
6553,17.0,1.0,16.0,5.0,2,26.0,2.0,40.0,1,1,0
6554,55.0,1.0,19.0,1.0,0,247.0,0.0,36.0,0,0,1
6555,31.0,1.0,16.0,1.0,4,49.0,7.0,40.0,1,1,0
6556,22.0,2.0,19.0,5.0,0,49.0,12.0,15.0,0,1,0
6557,45.0,1.0,21.0,1.0,0,49.0,0.0,50.0,1,1,1
6558,41.0,1.0,19.0,1.0,4,49.0,0.0,40.0,1,1,1
6559,24.0,7.0,20.0,5.0,0,16.0,13.0,30.0,1,1,1
6560,56.0,3.0,16.0,1.0,4,6.0,0.0,3.0,0,1,0
6561,51.0,7.0,21.0,1.0,0,49.0,0.0,65.0,1,1,1
6562,29.0,1.0,22.0,1.0,0,49.0,1.0,40.0,1,1,1
6563,39.0,4.0,19.0,1.0,0,53.0,1.0,40.0,1,1,1
6564,30.0,1.0,17.0,5.0,0,16.0,0.0,50.0,1,1,1
6565,32.0,1.0,24.0,5.0,0,55.0,0.0,50.0,1,1,1
6566,21.0,1.0,19.0,5.0,4,49.0,17.0,40.0,1,1,0
6567,51.0,2.0,22.0,1.0,0,49.0,0.0,16.0,0,1,1
6568,41.0,1.0,19.0,1.0,1,49.0,1.0,50.0,1,1,0
6569,22.0,7.0,19.0,1.0,0,49.0,0.0,15.0,0,1,0
6570,54.0,1.0,16.0,1.0,3,364.0,1.0,50.0,1,0,1
6571,50.0,1.0,21.0,1.0,0,53.0,0.0,40.0,1,1,1
6572,58.0,1.0,21.0,1.0,0,6.0,5.0,1.0,0,0,1
6573,33.0,7.0,16.0,1.0,0,49.0,1.0,40.0,0,1,1
6574,18.0,3.0,16.0,5.0,2,41.0,2.0,10.0,0,1,0
6575,68.0,1.0,19.0,1.0,2,49.0,1.0,40.0,1,1,0
6576,35.0,1.0,17.0,1.0,3,49.0,1.0,40.0,0,1,1
6577,44.0,3.0,21.0,1.0,0,49.0,0.0,45.0,1,0,1
6578,18.0,1.0,16.0,5.0,2,36.0,17.0,40.0,0,1,0
6579,41.0,1.0,16.0,1.0,4,303.0,0.0,50.0,1,0,1
6580,32.0,1.0,17.0,1.0,1,49.0,1.0,25.0,0,0,0
6581,27.0,1.0,16.0,1.0,4,303.0,1.0,15.0,0,0,0
6582,22.0,1.0,20.0,1.0,1,33.0,12.0,32.0,0,0,0
6583,20.0,1.0,19.0,5.0,0,49.0,0.0,20.0,1,1,0
6584,24.0,1.0,13.0,5.0,2,6.0,16.0,20.0,0,1,0
6585,62.0,1.0,15.0,1.0,2,49.0,1.0,42.0,0,1,1
6586,29.0,1.0,21.0,1.0,0,6.0,0.0,40.0,1,1,1
6587,48.0,1.0,19.0,1.0,2,207.0,1.0,60.0,1,0,1
6588,18.0,1.0,19.0,5.0,2,6.0,17.0,70.0,0,1,0
6589,22.0,1.0,19.0,5.0,0,39.0,2.0,14.0,1,1,0
6590,88.0,1.0,11.0,5.0,3,49.0,4.0,23.0,1,1,0
6591,17.0,1.0,13.0,5.0,2,47.0,2.0,60.0,1,1,0
6592,25.0,1.0,21.0,1.0,0,49.0,1.0,20.0,0,1,1
6593,20.0,1.0,19.0,5.0,2,364.0,2.0,36.0,0,1,0
6594,36.0,1.0,16.0,1.0,2,49.0,1.0,40.0,1,1,0
6595,40.0,1.0,20.0,1.0,3,49.0,0.0,40.0,1,1,1
6596,47.0,7.0,19.0,1.0,-1,49.0,0.0,29.0,0,1,0
6597,27.0,1.0,20.0,1.0,1,303.0,1.0,45.0,1,1,1
6598,30.0,4.0,19.0,1.0,2,6.0,1.0,20.0,0,1,0
6599,27.0,1.0,16.0,5.0,2,49.0,2.0,36.0,0,1,0
6600,53.0,1.0,1.0,1.0,4,49.0,0.0,50.0,1,1,1
6601,55.0,3.0,21.0,1.0,0,47.0,1.0,42.0,1,1,1
6602,32.0,2.0,21.0,3.0,0,41.0,0.0,40.0,1,1,1
6603,47.0,6.0,21.0,1.0,0,49.0,0.0,1.0,1,1,0
6604,49.0,1.0,21.0,1.0,2,56.0,1.0,48.0,1,1,1
6605,19.0,1.0,17.0,5.0,2,303.0,2.0,16.0,0,1,0
6606,61.0,4.0,24.0,1.0,0,49.0,0.0,48.0,1,1,1
6607,40.0,1.0,21.0,1.0,0,32.0,1.0,30.0,0,1,0
6608,27.0,3.0,21.0,1.0,0,49.0,0.0,40.0,1,1,1
6609,35.0,1.0,7.0,3.0,1,49.0,15.0,40.0,0,1,0
6610,19.0,1.0,19.0,5.0,2,6.0,17.0,25.0,0,1,0
6611,53.0,1.0,8.0,1.0,2,49.0,0.0,50.0,0,1,1
6612,48.0,1.0,16.0,1.0,1,49.0,0.0,40.0,0,0,1
6613,36.0,5.0,19.0,1.0,2,49.0,0.0,40.0,1,1,1
6614,66.0,1.0,19.0,5.0,2,49.0,0.0,40.0,0,1,0
6615,21.0,1.0,19.0,5.0,2,8.0,12.0,30.0,0,1,0
6616,39.0,2.0,21.0,1.0,2,16.0,0.0,40.0,0,1,1
6617,36.0,1.0,19.0,1.0,2,16.0,1.0,15.0,0,1,0
6618,23.0,1.0,16.0,3.0,1,38.0,2.0,20.0,0,1,0
6619,46.0,2.0,18.0,1.0,4,49.0,1.0,99.0,1,1,0
6620,27.0,1.0,19.0,1.0,0,49.0,1.0,11.0,0,1,0
6621,29.0,1.0,21.0,1.0,2,49.0,0.0,50.0,0,1,1
6622,27.0,1.0,16.0,5.0,2,49.0,2.0,10.0,0,1,0
6623,56.0,1.0,16.0,1.0,3,49.0,1.0,40.0,1,1,1
6624,37.0,1.0,20.0,1.0,1,49.0,1.0,30.0,1,1,1
6625,25.0,1.0,21.0,5.0,2,110.0,0.0,6.0,1,1,0
6626,40.0,1.0,20.0,1.0,1,19.0,0.0,25.0,0,1,0
6627,45.0,3.0,16.0,3.0,3,49.0,13.0,40.0,1,1,1
6628,31.0,1.0,16.0,5.0,0,34.0,0.0,36.0,1,1,1
6629,37.0,2.0,19.0,1.0,0,49.0,1.0,42.0,0,1,1
6630,80.0,2.0,1.0,1.0,4,49.0,1.0,40.0,0,1,1
6631,57.0,1.0,20.0,1.0,1,49.0,0.0,16.0,1,1,0
6632,49.0,5.0,22.0,1.0,0,16.0,1.0,40.0,0,1,1
6633,54.0,4.0,21.0,3.0,0,49.0,0.0,40.0,1,1,1
6634,23.0,1.0,21.0,1.0,0,26.0,1.0,10.0,0,1,0
6635,49.0,3.0,21.0,1.0,0,27.0,0.0,40.0,1,1,1
6636,21.0,1.0,20.0,5.0,4,6.0,3.0,40.0,1,1,0
6637,20.0,1.0,18.0,3.0,0,49.0,12.0,28.0,0,1,0
6638,22.0,1.0,19.0,5.0,0,49.0,13.0,40.0,1,1,0
6639,34.0,7.0,22.0,1.0,0,49.0,1.0,60.0,1,1,1
6640,36.0,1.0,22.0,1.0,0,49.0,1.0,40.0,1,1,1
6641,58.0,1.0,19.0,1.0,0,16.0,0.0,50.0,1,1,1
6642,51.0,1.0,18.0,1.0,2,6.0,1.0,40.0,0,1,0
6643,19.0,1.0,19.0,5.0,1,49.0,2.0,10.0,1,1,0
6644,53.0,1.0,19.0,1.0,3,49.0,1.0,60.0,1,1,1
6645,19.0,1.0,19.0,5.0,2,26.0,17.0,15.0,0,1,0
6646,24.0,2.0,22.0,5.0,0,16.0,7.0,40.0,1,1,0
6647,21.0,1.0,18.0,5.0,2,49.0,17.0,25.0,1,1,0
6648,55.0,1.0,16.0,1.0,4,17.0,1.0,40.0,0,1,0
6649,42.0,2.0,19.0,1.0,0,49.0,1.0,20.0,0,1,0
6650,40.0,1.0,20.0,3.0,0,32.0,0.0,30.0,0,1,0
6651,21.0,6.0,19.0,1.0,1,49.0,1.0,10.0,0,1,0
6652,23.0,1.0,16.0,5.0,4,206.0,2.0,16.0,0,0,0
6653,25.0,1.0,19.0,5.0,4,49.0,0.0,40.0,1,1,0
6654,59.0,1.0,19.0,1.0,2,49.0,0.0,27.0,0,1,0
6655,62.0,1.0,7.0,3.0,3,303.0,0.0,40.0,1,0,0
6656,73.0,3.0,16.0,3.0,1,49.0,0.0,40.0,1,1,0
6657,37.0,1.0,16.0,5.0,1,49.0,13.0,20.0,1,1,0
6658,35.0,7.0,21.0,1.0,0,233.0,1.0,12.0,1,0,0
6659,28.0,1.0,18.0,1.0,0,49.0,1.0,45.0,1,1,1
6660,22.0,3.0,20.0,5.0,0,49.0,17.0,37.0,1,1,0
6661,27.0,1.0,15.0,5.0,1,49.0,2.0,20.0,1,1,0
6662,27.0,1.0,21.0,1.0,0,49.0,1.0,40.0,0,1,0
6663,25.0,1.0,19.0,1.0,1,49.0,1.0,40.0,0,1,0
6664,50.0,7.0,16.0,1.0,-1,49.0,0.0,40.0,1,1,1
6665,21.0,1.0,16.0,5.0,3,16.0,2.0,40.0,0,1,0
6666,60.0,6.0,19.0,3.0,0,26.0,0.0,1.0,1,1,1
6667,41.0,1.0,19.0,1.0,0,49.0,1.0,40.0,0,1,0
6668,72.0,1.0,19.0,1.0,1,49.0,0.0,18.0,1,1,1
6669,73.0,2.0,23.0,1.0,4,49.0,0.0,35.0,1,1,1
6670,22.0,7.0,19.0,5.0,1,49.0,2.0,88.0,0,0,0
6671,47.0,3.0,21.0,1.0,0,49.0,0.0,45.0,1,1,1
6672,25.0,1.0,20.0,1.0,2,303.0,0.0,40.0,1,0,1
6673,17.0,1.0,13.0,5.0,1,49.0,4.0,18.0,0,1,0
6674,34.0,1.0,22.0,1.0,1,49.0,1.0,30.0,0,1,0
6675,32.0,1.0,21.0,3.0,0,35.0,12.0,40.0,1,0,1
6676,59.0,1.0,16.0,3.0,2,49.0,0.0,40.0,0,1,0
6677,22.0,1.0,16.0,5.0,2,49.0,15.0,25.0,1,1,0
6678,18.0,1.0,16.0,5.0,4,17.0,17.0,40.0,0,1,0
6679,50.0,1.0,20.0,1.0,0,32.0,0.0,45.0,1,1,1
6680,46.0,3.0,21.0,1.0,0,32.0,0.0,40.0,1,1,1
6681,58.0,4.0,20.0,1.0,2,49.0,1.0,30.0,0,1,0
6682,56.0,1.0,1.0,1.0,2,39.0,6.0,30.0,1,1,0
6683,18.0,1.0,14.0,5.0,1,49.0,2.0,20.0,1,0,0
6684,33.0,4.0,24.0,1.0,0,40.0,1.0,40.0,1,1,1
6685,66.0,1.0,18.0,1.0,1,49.0,0.0,50.0,1,1,1
6686,85.0,7.0,11.0,5.0,0,26.0,11.0,40.0,1,1,1
6687,45.0,5.0,21.0,1.0,2,49.0,0.0,48.0,1,1,1
6688,17.0,1.0,10.0,5.0,2,6.0,2.0,40.0,1,1,0
6689,70.0,6.0,20.0,1.0,1,53.0,1.0,40.0,0,1,0
6690,49.0,1.0,15.0,3.0,4,26.0,13.0,40.0,0,1,1
6691,53.0,1.0,19.0,1.0,4,49.0,1.0,40.0,0,1,1
6692,19.0,1.0,16.0,5.0,2,49.0,12.0,40.0,1,0,0
6693,21.0,1.0,19.0,5.0,3,49.0,12.0,40.0,1,0,0
6694,68.0,1.0,16.0,1.0,2,16.0,1.0,40.0,0,1,1
6695,28.0,2.0,21.0,1.0,0,20.0,0.0,40.0,1,1,0
6696,36.0,2.0,21.0,1.0,0,49.0,0.0,50.0,1,1,0
6697,54.0,1.0,16.0,1.0,2,6.0,1.0,60.0,1,1,1
6698,54.0,1.0,21.0,1.0,-1,49.0,10.0,50.0,1,1,1
6699,23.0,1.0,20.0,1.0,1,12.0,0.0,8.0,0,1,0
6700,33.0,4.0,24.0,1.0,0,18.0,1.0,40.0,0,1,1
6701,23.0,1.0,19.0,5.0,4,53.0,0.0,20.0,1,1,0
6702,24.0,7.0,19.0,1.0,3,49.0,1.0,35.0,1,1,0
6703,33.0,6.0,16.0,1.0,3,49.0,1.0,30.0,1,1,0
6704,52.0,4.0,21.0,1.0,0,49.0,1.0,40.0,1,1,1
6705,47.0,6.0,21.0,1.0,0,16.0,1.0,20.0,0,1,0
6706,26.0,1.0,16.0,5.0,2,66.0,2.0,20.0,0,1,0
6707,37.0,1.0,19.0,1.0,4,49.0,1.0,55.0,1,1,1
6708,34.0,3.0,19.0,1.0,0,205.0,0.0,25.0,0,0,0
6709,28.0,4.0,22.0,1.0,0,49.0,0.0,40.0,1,1,1
6710,47.0,1.0,17.0,1.0,3,49.0,0.0,65.0,1,1,1
6711,41.0,1.0,19.0,1.0,3,373.0,0.0,40.0,1,1,1
6712,42.0,2.0,22.0,1.0,0,49.0,1.0,40.0,1,1,1
6713,57.0,2.0,22.0,1.0,0,8.0,0.0,40.0,1,1,1
6714,37.0,1.0,20.0,1.0,2,49.0,0.0,40.0,1,1,1
6715,27.0,1.0,21.0,5.0,2,49.0,2.0,40.0,0,1,0
6716,66.0,3.0,16.0,5.0,1,32.0,0.0,15.0,0,1,0
6717,31.0,1.0,18.0,5.0,2,49.0,0.0,40.0,0,1,1
6718,24.0,1.0,16.0,5.0,3,35.0,7.0,40.0,1,0,0
6719,18.0,1.0,14.0,5.0,4,49.0,2.0,40.0,1,1,0
6720,42.0,1.0,19.0,1.0,4,49.0,0.0,45.0,1,1,1
6721,23.0,1.0,16.0,5.0,4,6.0,5.0,40.0,0,1,0
6722,25.0,1.0,19.0,5.0,0,55.0,17.0,30.0,1,1,0
6723,26.0,2.0,17.0,1.0,2,49.0,0.0,24.0,0,1,0
6724,53.0,1.0,19.0,1.0,1,4.0,1.0,20.0,0,1,0
6725,54.0,1.0,16.0,1.0,4,49.0,0.0,40.0,1,1,1
6726,54.0,1.0,21.0,1.0,0,49.0,0.0,40.0,1,1,1
6727,31.0,2.0,6.0,1.0,4,49.0,9.0,40.0,1,1,0
6728,50.0,1.0,21.0,1.0,-1,6.0,1.0,40.0,1,1,1
6729,34.0,1.0,18.0,5.0,3,49.0,0.0,32.0,1,1,0
6730,56.0,1.0,21.0,1.0,0,16.0,0.0,52.0,1,1,1
6731,41.0,1.0,20.0,3.0,1,49.0,0.0,12.0,0,1,0
6732,23.0,1.0,19.0,5.0,0,6.0,17.0,3.0,0,1,0
6733,50.0,1.0,16.0,1.0,0,6.0,1.0,40.0,1,1,0
6734,17.0,1.0,13.0,5.0,2,523.0,2.0,16.0,0,0,0
6735,23.0,1.0,19.0,5.0,3,49.0,2.0,50.0,1,1,1
6736,61.0,1.0,17.0,1.0,3,49.0,1.0,40.0,1,1,1
6737,63.0,6.0,22.0,1.0,0,49.0,0.0,40.0,0,0,0
6738,55.0,2.0,22.0,3.0,0,49.0,13.0,46.0,0,1,1
6739,58.0,7.0,19.0,1.0,2,49.0,0.0,50.0,1,1,1
6740,61.0,1.0,16.0,1.0,1,16.0,1.0,27.0,0,1,0
6741,27.0,1.0,18.0,1.0,2,49.0,0.0,55.0,1,1,1
6742,55.0,1.0,18.0,4.0,0,49.0,0.0,40.0,0,1,1
6743,51.0,1.0,18.0,1.0,1,49.0,1.0,40.0,0,1,1
6744,46.0,5.0,21.0,1.0,0,228.0,0.0,40.0,0,1,1
6745,29.0,1.0,21.0,1.0,2,49.0,0.0,40.0,1,1,1
6746,28.0,1.0,16.0,3.0,2,47.0,13.0,8.0,0,1,0
6747,25.0,6.0,21.0,3.0,0,49.0,5.0,20.0,0,1,0
6748,21.0,1.0,16.0,5.0,3,303.0,12.0,60.0,1,0,0
6749,32.0,1.0,14.0,5.0,3,301.0,7.0,16.0,1,1,0
6750,48.0,1.0,21.0,1.0,0,6.0,0.0,20.0,1,0,0
6751,27.0,5.0,19.0,1.0,2,12.0,0.0,40.0,0,1,1
6752,41.0,1.0,19.0,1.0,0,49.0,1.0,40.0,1,1,1
6753,66.0,2.0,21.0,1.0,2,2.0,0.0,40.0,0,1,0
6754,57.0,1.0,21.0,1.0,2,49.0,0.0,40.0,0,1,0
6755,59.0,1.0,16.0,1.0,1,468.0,0.0,30.0,1,0,0
6756,40.0,1.0,16.0,1.0,3,49.0,1.0,40.0,1,1,1
6757,28.0,4.0,21.0,1.0,0,49.0,1.0,45.0,1,1,1
6758,48.0,4.0,22.0,1.0,0,303.0,0.0,40.0,1,0,1
6759,55.0,1.0,21.0,1.0,4,49.0,0.0,40.0,0,1,1
6760,24.0,1.0,21.0,1.0,2,207.0,1.0,40.0,0,0,0
6761,78.0,7.0,23.0,1.0,0,215.0,0.0,60.0,1,1,1
6762,33.0,1.0,20.0,5.0,0,51.0,0.0,15.0,0,1,0
6763,29.0,1.0,16.0,1.0,3,13.0,1.0,37.0,1,1,0
6764,57.0,2.0,21.0,1.0,2,49.0,1.0,40.0,0,1,1
6765,57.0,2.0,16.0,5.0,0,46.0,2.0,30.0,0,1,0
6766,62.0,1.0,21.0,1.0,0,49.0,0.0,40.0,1,1,1
6767,64.0,2.0,22.0,1.0,0,8.0,0.0,40.0,1,1,1
6768,32.0,1.0,21.0,1.0,0,13.0,0.0,40.0,1,1,1
6769,55.0,5.0,16.0,1.0,3,303.0,0.0,45.0,1,0,1
6770,53.0,1.0,16.0,1.0,2,6.0,1.0,25.0,0,1,0
6771,41.0,1.0,22.0,1.0,0,49.0,0.0,80.0,1,1,1
6772,74.0,1.0,18.0,1.0,2,6.0,0.0,20.0,0,1,0
6773,27.0,1.0,16.0,5.0,4,233.0,2.0,40.0,1,0,0
6774,58.0,1.0,16.0,5.0,1,49.0,0.0,33.0,0,1,0
6775,23.0,1.0,19.0,5.0,1,32.0,0.0,12.0,1,1,0
6776,20.0,1.0,19.0,5.0,2,30.0,12.0,40.0,0,1,0
6777,41.0,1.0,20.0,1.0,2,49.0,1.0,40.0,1,1,1
6778,40.0,1.0,19.0,1.0,2,37.0,0.0,40.0,1,1,1
6779,34.0,1.0,22.0,1.0,0,16.0,0.0,40.0,0,1,1
6780,64.0,1.0,17.0,3.0,1,49.0,0.0,35.0,0,1,0
6781,66.0,1.0,19.0,1.0,4,34.0,0.0,40.0,1,1,1
6782,43.0,1.0,18.0,1.0,3,49.0,1.0,41.0,0,1,1
6783,61.0,2.0,20.0,3.0,0,41.0,6.0,8.0,0,1,1
6784,52.0,1.0,20.0,1.0,0,49.0,0.0,20.0,1,1,0
6785,62.0,1.0,17.0,1.0,2,49.0,1.0,45.0,1,1,0
6786,47.0,1.0,20.0,1.0,0,49.0,0.0,15.0,1,1,0
6787,40.0,1.0,17.0,1.0,0,45.0,1.0,30.0,0,1,0
6788,44.0,1.0,13.0,5.0,2,49.0,2.0,40.0,0,1,0
6789,21.0,2.0,19.0,5.0,2,49.0,17.0,30.0,0,1,0
6790,62.0,1.0,19.0,3.0,2,49.0,0.0,40.0,1,1,1
6791,84.0,2.0,10.0,1.0,2,6.0,1.0,10.0,0,1,0
6792,18.0,6.0,16.0,5.0,4,49.0,17.0,20.0,0,1,0
6793,55.0,1.0,16.0,1.0,2,49.0,0.0,20.0,0,1,0
6794,32.0,1.0,19.0,1.0,4,4.0,0.0,40.0,1,1,1
6795,17.0,1.0,14.0,5.0,1,49.0,2.0,25.0,1,1,0
6796,55.0,1.0,1.0,1.0,0,39.0,2.0,27.0,1,1,0
6797,63.0,4.0,19.0,1.0,1,49.0,1.0,40.0,0,1,1
6798,40.0,1.0,16.0,1.0,2,12.0,1.0,15.0,0,1,0
6799,32.0,1.0,19.0,5.0,3,49.0,0.0,40.0,1,1,1
6800,48.0,1.0,18.0,1.0,3,2.0,12.0,40.0,1,0,0
6801,19.0,1.0,19.0,5.0,1,49.0,2.0,35.0,1,1,0
6802,35.0,6.0,20.0,1.0,0,49.0,1.0,20.0,0,1,0
6803,43.0,1.0,21.0,1.0,0,49.0,0.0,41.0,1,1,0
6804,36.0,1.0,18.0,1.0,3,6.0,0.0,47.0,1,1,1
6805,56.0,4.0,22.0,1.0,0,49.0,0.0,20.0,0,1,0
6806,41.0,1.0,16.0,1.0,4,49.0,0.0,36.0,1,1,0
6807,32.0,1.0,16.0,5.0,2,53.0,0.0,40.0,0,1,0
6808,24.0,5.0,20.0,1.0,1,46.0,1.0,40.0,0,1,0
6809,37.0,4.0,16.0,1.0,0,53.0,1.0,40.0,0,1,1
6810,26.0,1.0,18.0,1.0,1,32.0,1.0,60.0,0,1,0
6811,36.0,1.0,20.0,1.0,2,6.0,0.0,24.0,0,1,0
6812,23.0,1.0,20.0,5.0,0,49.0,0.0,40.0,1,1,1
6813,18.0,1.0,16.0,5.0,1,6.0,17.0,40.0,0,1,0
6814,59.0,1.0,19.0,1.0,0,41.0,1.0,40.0,0,1,1
6815,58.0,1.0,18.0,4.0,1,49.0,0.0,35.0,0,1,0
6816,31.0,1.0,20.0,1.0,2,53.0,1.0,40.0,0,1,0
6817,47.0,2.0,22.0,1.0,0,49.0,1.0,50.0,1,1,1
6818,20.0,1.0,19.0,1.0,2,49.0,17.0,20.0,0,1,1
6819,55.0,1.0,19.0,5.0,1,49.0,2.0,32.0,0,0,0
6820,64.0,1.0,16.0,3.0,-1,49.0,6.0,30.0,0,1,1
6821,64.0,3.0,19.0,1.0,0,24.0,1.0,40.0,1,1,0
6822,65.0,7.0,21.0,1.0,0,303.0,1.0,3.0,1,0,0
6823,47.0,1.0,16.0,3.0,1,49.0,0.0,40.0,0,1,1
6824,44.0,3.0,20.0,3.0,0,29.0,13.0,40.0,0,1,0
6825,58.0,1.0,19.0,1.0,0,303.0,1.0,50.0,1,1,1
6826,65.0,1.0,23.0,1.0,0,49.0,1.0,40.0,1,1,1
6827,57.0,1.0,20.0,1.0,4,23.0,0.0,40.0,1,0,1
6828,30.0,1.0,20.0,1.0,1,49.0,0.0,1.0,0,1,0
6829,23.0,1.0,19.0,1.0,4,370.0,0.0,35.0,1,1,0
6830,58.0,1.0,16.0,5.0,0,49.0,11.0,15.0,1,1,0
6831,69.0,1.0,21.0,3.0,2,49.0,0.0,40.0,0,1,0
6832,21.0,1.0,19.0,5.0,0,49.0,17.0,40.0,1,1,0
6833,36.0,4.0,21.0,1.0,2,49.0,9.0,12.0,0,1,0
6834,62.0,2.0,19.0,5.0,0,8.0,17.0,10.0,0,1,0
6835,65.0,1.0,16.0,1.0,4,11.0,0.0,40.0,1,1,1
6836,46.0,1.0,18.0,1.0,1,2.0,0.0,20.0,1,1,0
6837,50.0,1.0,16.0,1.0,0,6.0,0.0,40.0,0,1,0
6838,32.0,2.0,20.0,1.0,0,303.0,1.0,36.0,0,1,1
6839,39.0,1.0,21.0,1.0,0,231.0,0.0,50.0,1,1,1
6840,43.0,1.0,21.0,1.0,4,49.0,0.0,45.0,1,1,1
6841,22.0,7.0,16.0,5.0,2,49.0,17.0,40.0,0,1,1
6842,53.0,5.0,19.0,1.0,4,4.0,0.0,40.0,1,0,1
6843,88.0,4.0,24.0,1.0,0,49.0,1.0,40.0,1,1,1
6844,19.0,1.0,16.0,5.0,3,49.0,12.0,50.0,1,1,1
6845,19.0,1.0,18.0,5.0,4,247.0,16.0,38.0,1,0,0
6846,43.0,6.0,12.0,1.0,3,49.0,0.0,40.0,1,1,1
6847,65.0,1.0,14.0,1.0,3,49.0,0.0,20.0,1,0,0
6848,22.0,1.0,19.0,5.0,1,49.0,0.0,20.0,1,1,0
6849,38.0,2.0,22.0,1.0,0,49.0,0.0,20.0,0,1,0
6850,32.0,1.0,21.0,1.0,0,4.0,0.0,40.0,1,1,1
6851,26.0,5.0,21.0,5.0,0,49.0,2.0,12.0,1,1,0
6852,41.0,3.0,20.0,1.0,3,467.0,0.0,50.0,1,0,1
6853,34.0,1.0,17.0,5.0,0,49.0,2.0,50.0,1,1,1
6854,18.0,1.0,18.0,5.0,1,49.0,2.0,20.0,1,1,0
6855,35.0,1.0,20.0,1.0,3,49.0,0.0,40.0,1,1,1
6856,40.0,1.0,21.0,3.0,0,6.0,0.0,30.0,0,1,1
6857,39.0,1.0,20.0,5.0,0,49.0,0.0,45.0,0,1,1
6858,22.0,1.0,19.0,5.0,4,48.0,0.0,40.0,0,1,0
6859,19.0,1.0,16.0,5.0,1,49.0,7.0,20.0,0,1,0
6860,20.0,1.0,19.0,5.0,4,49.0,11.0,30.0,1,1,0
6861,18.0,3.0,19.0,5.0,1,53.0,10.0,40.0,0,1,0
6862,48.0,8.0,16.0,1.0,3,25.0,1.0,4.0,0,1,0
6863,49.0,1.0,17.0,3.0,4,49.0,0.0,34.0,0,1,0
6864,49.0,4.0,23.0,1.0,0,56.0,0.0,45.0,1,1,1
6865,38.0,1.0,9.0,1.0,4,49.0,0.0,40.0,1,1,1
6866,32.0,1.0,17.0,5.0,4,16.0,2.0,55.0,1,1,0
6867,61.0,6.0,16.0,1.0,3,37.0,0.0,15.0,0,1,0
6868,29.0,1.0,22.0,5.0,0,4.0,0.0,55.0,1,0,1
6869,34.0,1.0,24.0,1.0,0,11.0,0.0,42.0,1,1,1
6870,40.0,6.0,24.0,1.0,1,6.0,0.0,40.0,1,1,1
6871,29.0,1.0,20.0,5.0,0,49.0,0.0,40.0,1,1,1
6872,51.0,1.0,17.0,1.0,4,49.0,1.0,40.0,1,1,1
6873,60.0,1.0,13.0,1.0,0,8.0,1.0,40.0,0,1,1
6874,26.0,1.0,19.0,1.0,0,56.0,0.0,40.0,0,1,1
6875,53.0,1.0,21.0,1.0,2,53.0,0.0,36.0,0,1,1
6876,28.0,1.0,20.0,1.0,0,49.0,0.0,40.0,1,1,1
6877,48.0,1.0,18.0,1.0,2,49.0,0.0,45.0,1,1,1
6878,56.0,4.0,16.0,5.0,2,49.0,0.0,45.0,0,1,1
6879,62.0,6.0,16.0,1.0,0,25.0,1.0,20.0,1,1,0
6880,43.0,1.0,16.0,1.0,3,49.0,0.0,40.0,1,1,1
6881,42.0,1.0,21.0,1.0,2,17.0,1.0,60.0,1,1,1
6882,18.0,1.0,19.0,5.0,0,24.0,4.0,23.0,0,1,0
6883,69.0,6.0,19.0,1.0,0,49.0,0.0,50.0,1,1,1
6884,21.0,1.0,18.0,5.0,2,49.0,12.0,40.0,0,1,0
6885,17.0,1.0,13.0,5.0,1,215.0,2.0,40.0,1,1,0
6886,44.0,1.0,16.0,1.0,3,49.0,1.0,20.0,1,1,0
6887,24.0,1.0,21.0,1.0,0,4.0,0.0,46.0,0,1,0
6888,25.0,1.0,15.0,5.0,4,49.0,2.0,40.0,0,1,0
6889,17.0,1.0,14.0,5.0,1,51.0,2.0,40.0,1,0,0
6890,37.0,1.0,19.0,1.0,2,49.0,0.0,40.0,1,1,1
6891,17.0,1.0,14.0,5.0,1,8.0,2.0,12.0,1,1,0
6892,27.0,1.0,18.0,1.0,1,49.0,2.0,40.0,1,1,1
6893,36.0,1.0,16.0,1.0,2,6.0,1.0,40.0,1,1,1
6894,41.0,1.0,21.0,1.0,2,16.0,0.0,50.0,1,1,1
6895,50.0,1.0,21.0,1.0,0,49.0,1.0,36.0,1,1,1
6896,33.0,1.0,19.0,3.0,3,2.0,2.0,40.0,1,1,0
6897,63.0,1.0,20.0,1.0,2,49.0,1.0,36.0,0,1,0
6898,35.0,1.0,16.0,5.0,3,49.0,0.0,50.0,1,1,1
6899,45.0,1.0,22.0,1.0,0,49.0,0.0,40.0,1,1,1
6900,19.0,3.0,20.0,5.0,0,158.0,17.0,40.0,1,0,0
6901,59.0,1.0,20.0,1.0,0,303.0,0.0,40.0,1,1,1
6902,46.0,6.0,19.0,1.0,0,12.0,0.0,40.0,1,1,1
6903,32.0,1.0,12.0,1.0,0,49.0,0.0,20.0,1,1,0
6904,53.0,1.0,19.0,3.0,0,6.0,5.0,45.0,1,1,1
6905,81.0,4.0,23.0,1.0,0,303.0,0.0,40.0,1,0,1
6906,41.0,1.0,17.0,3.0,4,49.0,0.0,40.0,1,1,1
6907,31.0,1.0,18.0,1.0,4,6.0,0.0,48.0,1,1,1
6908,66.0,3.0,20.0,1.0,1,247.0,0.0,40.0,1,0,0
6909,56.0,7.0,23.0,1.0,0,56.0,1.0,14.0,1,1,1
6910,18.0,1.0,18.0,5.0,2,49.0,17.0,40.0,0,1,0
6911,46.0,1.0,21.0,1.0,0,158.0,0.0,40.0,1,0,1
6912,18.0,1.0,16.0,5.0,1,49.0,2.0,12.0,0,0,0
6913,63.0,1.0,22.0,3.0,0,49.0,0.0,42.0,0,1,1
6914,56.0,1.0,21.0,5.0,2,24.0,0.0,45.0,0,1,1
6915,28.0,1.0,19.0,1.0,3,16.0,0.0,40.0,1,1,1
6916,64.0,5.0,18.0,1.0,4,49.0,1.0,40.0,1,1,0
6917,53.0,2.0,23.0,1.0,0,37.0,1.0,40.0,1,0,1
6918,34.0,1.0,21.0,1.0,0,210.0,0.0,45.0,0,0,0
6919,54.0,5.0,18.0,1.0,2,6.0,0.0,40.0,1,1,1
6920,39.0,6.0,21.0,1.0,0,364.0,0.0,40.0,0,1,1
6921,33.0,1.0,16.0,1.0,2,49.0,1.0,40.0,0,1,0
6922,63.0,7.0,16.0,1.0,0,26.0,0.0,60.0,1,1,1
6923,29.0,1.0,16.0,5.0,1,49.0,2.0,40.0,0,1,0
6924,37.0,4.0,20.0,1.0,1,6.0,1.0,20.0,0,1,0
6925,38.0,1.0,19.0,1.0,4,49.0,17.0,40.0,1,1,1
6926,43.0,1.0,21.0,1.0,0,49.0,0.0,25.0,1,1,1
6927,52.0,6.0,21.0,1.0,3,6.0,0.0,50.0,1,1,1
6928,61.0,3.0,22.0,1.0,0,49.0,0.0,40.0,0,1,1
6929,31.0,1.0,16.0,1.0,1,49.0,1.0,20.0,0,1,0
6930,20.0,1.0,19.0,1.0,0,49.0,0.0,35.0,0,0,0
6931,56.0,1.0,22.0,1.0,0,4.0,0.0,40.0,1,1,1
6932,33.0,2.0,23.0,1.0,0,6.0,0.0,55.0,1,1,1
6933,19.0,1.0,18.0,5.0,4,49.0,17.0,50.0,1,1,0
6934,52.0,1.0,16.0,1.0,4,49.0,1.0,50.0,0,1,1
6935,46.0,1.0,21.0,1.0,4,49.0,0.0,35.0,0,1,0
6936,33.0,1.0,22.0,1.0,0,49.0,0.0,40.0,1,1,1
6937,38.0,6.0,21.0,1.0,0,6.0,0.0,30.0,0,1,0
6938,17.0,3.0,14.0,5.0,4,49.0,2.0,8.0,1,1,0
6939,35.0,1.0,20.0,1.0,1,55.0,1.0,20.0,0,1,0
6940,18.0,6.0,16.0,5.0,1,49.0,17.0,60.0,1,1,0
6941,80.0,3.0,18.0,3.0,1,49.0,17.0,40.0,0,1,0
6942,59.0,2.0,16.0,1.0,3,31.0,0.0,40.0,1,1,1
6943,60.0,1.0,16.0,1.0,3,49.0,1.0,20.0,1,1,0
6944,22.0,1.0,16.0,1.0,4,303.0,9.0,45.0,1,1,1
6945,66.0,1.0,18.0,5.0,4,16.0,0.0,55.0,1,1,1
6946,25.0,1.0,19.0,1.0,0,48.0,0.0,85.0,1,0,0
6947,18.0,1.0,16.0,5.0,4,5.0,2.0,60.0,1,0,0
6948,35.0,1.0,18.0,3.0,0,49.0,13.0,25.0,0,1,1
6949,56.0,3.0,18.0,1.0,0,34.0,1.0,40.0,0,1,0
6950,30.0,1.0,21.0,1.0,0,6.0,0.0,40.0,1,1,1
6951,24.0,1.0,16.0,1.0,0,41.0,0.0,40.0,1,1,0
6952,57.0,1.0,22.0,3.0,2,49.0,0.0,40.0,1,1,1
6953,44.0,1.0,21.0,1.0,1,49.0,1.0,40.0,0,1,0
6954,23.0,1.0,16.0,5.0,1,6.0,2.0,40.0,0,0,0
6955,27.0,1.0,17.0,5.0,3,49.0,0.0,50.0,1,1,1
6956,19.0,1.0,19.0,5.0,2,49.0,12.0,32.0,1,1,0
6957,42.0,1.0,22.0,1.0,0,49.0,0.0,40.0,1,1,1
6958,39.0,1.0,19.0,1.0,1,49.0,12.0,40.0,1,1,1
6959,26.0,6.0,21.0,1.0,0,373.0,0.0,35.0,1,0,1
6960,26.0,4.0,19.0,5.0,2,49.0,0.0,7.0,0,1,0
6961,52.0,1.0,16.0,5.0,4,49.0,0.0,20.0,1,1,1
6962,57.0,1.0,16.0,3.0,0,32.0,0.0,30.0,1,1,1
6963,27.0,1.0,16.0,1.0,1,49.0,0.0,40.0,1,1,0
6964,65.0,1.0,18.0,3.0,2,17.0,0.0,40.0,0,1,1
6965,68.0,6.0,20.0,1.0,1,49.0,1.0,40.0,0,0,0
6966,19.0,1.0,19.0,5.0,1,49.0,2.0,40.0,0,1,0
6967,25.0,1.0,16.0,5.0,0,49.0,0.0,30.0,0,1,0
6968,21.0,1.0,19.0,1.0,1,49.0,1.0,40.0,0,1,0
6969,45.0,1.0,19.0,1.0,3,303.0,0.0,30.0,0,0,1
6970,55.0,4.0,22.0,1.0,0,49.0,0.0,40.0,1,1,1
6971,44.0,1.0,21.0,4.0,0,49.0,0.0,70.0,1,1,1
6972,18.0,1.0,15.0,5.0,2,49.0,15.0,8.0,0,1,0
6973,20.0,1.0,19.0,5.0,4,233.0,2.0,40.0,1,1,1
6974,43.0,1.0,21.0,1.0,2,56.0,1.0,45.0,1,1,1
6975,42.0,1.0,18.0,3.0,2,49.0,0.0,50.0,1,0,1
6976,45.0,1.0,19.0,1.0,2,49.0,0.0,5.0,0,1,0
6977,65.0,6.0,16.0,1.0,3,49.0,1.0,40.0,1,1,0
6978,22.0,1.0,16.0,5.0,2,49.0,10.0,40.0,0,1,0
6979,36.0,1.0,14.0,5.0,1,20.0,2.0,84.0,1,1,1
6980,35.0,1.0,16.0,1.0,0,207.0,1.0,30.0,0,0,0
6981,21.0,1.0,19.0,1.0,0,49.0,4.0,40.0,1,1,0
6982,38.0,7.0,18.0,1.0,0,49.0,1.0,25.0,0,1,0
6983,19.0,1.0,16.0,5.0,0,49.0,17.0,20.0,0,1,0
6984,46.0,1.0,19.0,1.0,0,49.0,0.0,40.0,0,1,1
6985,55.0,7.0,22.0,1.0,0,24.0,1.0,50.0,1,1,1
6986,43.0,1.0,16.0,1.0,4,49.0,0.0,40.0,1,1,1
6987,63.0,1.0,22.0,1.0,0,49.0,1.0,70.0,0,1,1
6988,58.0,1.0,19.0,1.0,4,56.0,0.0,50.0,1,1,1
6989,24.0,1.0,16.0,5.0,2,49.0,12.0,20.0,1,1,0
6990,32.0,1.0,21.0,1.0,0,56.0,0.0,36.0,0,1,1
6991,24.0,1.0,19.0,5.0,2,39.0,17.0,40.0,1,1,0
6992,42.0,1.0,18.0,1.0,4,49.0,1.0,40.0,1,0,1
6993,20.0,1.0,20.0,1.0,0,49.0,0.0,40.0,0,1,1
6994,22.0,1.0,24.0,5.0,4,49.0,0.0,40.0,1,1,1
6995,63.0,4.0,19.0,1.0,1,6.0,0.0,30.0,1,0,0
6996,46.0,1.0,16.0,1.0,4,49.0,1.0,30.0,0,1,0
6997,28.0,1.0,21.0,1.0,0,49.0,0.0,40.0,1,1,1
6998,27.0,1.0,20.0,5.0,2,49.0,0.0,40.0,1,1,0
6999,19.0,1.0,16.0,5.0,2,312.0,2.0,20.0,0,0,0
7000,64.0,4.0,16.0,1.0,0,49.0,0.0,45.0,0,1,1
7001,57.0,1.0,21.0,5.0,2,6.0,0.0,14.0,0,1,0
7002,47.0,1.0,21.0,1.0,3,35.0,1.0,45.0,1,1,1
7003,46.0,5.0,19.0,1.0,2,49.0,0.0,50.0,1,1,1
7004,59.0,4.0,21.0,1.0,0,8.0,1.0,40.0,0,1,1
7005,42.0,3.0,22.0,1.0,0,6.0,1.0,40.0,1,1,1
7006,82.0,1.0,18.0,1.0,2,49.0,0.0,40.0,1,1,1
7007,50.0,3.0,19.0,3.0,2,49.0,0.0,40.0,0,1,0
7008,59.0,1.0,21.0,1.0,0,9.0,1.0,15.0,0,1,0
7009,22.0,2.0,20.0,5.0,2,49.0,12.0,25.0,0,1,0
7010,49.0,1.0,14.0,1.0,1,49.0,1.0,42.0,0,1,0
7011,63.0,7.0,22.0,1.0,0,49.0,0.0,40.0,0,1,1
7012,38.0,1.0,22.0,1.0,-1,49.0,0.0,99.0,1,1,1
7013,30.0,1.0,22.0,1.0,0,49.0,0.0,6.0,0,1,0
7014,20.0,1.0,18.0,5.0,4,49.0,2.0,85.0,1,1,0
7015,43.0,1.0,20.0,1.0,2,39.0,0.0,25.0,0,0,0
7016,49.0,1.0,21.0,3.0,0,128.0,0.0,60.0,1,1,1
7017,31.0,1.0,22.0,1.0,3,6.0,1.0,43.0,1,1,1
7018,61.0,7.0,18.0,1.0,4,49.0,0.0,75.0,1,1,0
7019,40.0,1.0,21.0,1.0,0,49.0,0.0,12.0,1,1,0
7020,44.0,3.0,16.0,1.0,2,49.0,0.0,10.0,1,1,0
7021,51.0,1.0,19.0,1.0,2,49.0,17.0,10.0,1,1,0
7022,46.0,1.0,23.0,1.0,0,247.0,0.0,40.0,0,0,0
7023,19.0,1.0,19.0,5.0,0,6.0,17.0,24.0,0,1,0
7024,24.0,1.0,16.0,5.0,2,49.0,7.0,37.0,0,1,0
7025,82.0,1.0,21.0,5.0,2,247.0,0.0,60.0,1,0,1
7026,60.0,5.0,19.0,1.0,0,49.0,0.0,50.0,1,1,1
7027,47.0,1.0,19.0,5.0,0,49.0,0.0,30.0,0,1,1
7028,24.0,1.0,18.0,5.0,0,49.0,7.0,30.0,0,1,0
7029,50.0,1.0,16.0,1.0,2,49.0,1.0,20.0,0,1,1
7030,34.0,5.0,21.0,5.0,5,303.0,0.0,60.0,1,0,1
7031,56.0,7.0,19.0,1.0,4,49.0,0.0,45.0,1,0,1
7032,26.0,1.0,18.0,1.0,2,49.0,2.0,43.0,0,1,0
7033,22.0,1.0,18.0,1.0,0,16.0,0.0,50.0,1,1,1
7034,36.0,1.0,22.0,1.0,0,362.0,0.0,42.0,0,1,1
7035,42.0,1.0,20.0,1.0,0,49.0,1.0,40.0,1,1,1
7036,30.0,1.0,21.0,1.0,0,49.0,1.0,35.0,0,1,1
7037,21.0,1.0,16.0,5.0,0,56.0,2.0,4.0,0,1,0
7038,63.0,1.0,20.0,3.0,3,6.0,0.0,60.0,1,0,1
7039,38.0,1.0,18.0,1.0,2,49.0,1.0,10.0,1,1,0
7040,20.0,1.0,19.0,5.0,0,49.0,17.0,12.0,1,1,0
7041,26.0,5.0,16.0,1.0,1,49.0,10.0,40.0,0,1,0
7042,18.0,3.0,14.0,5.0,1,49.0,0.0,10.0,0,1,0
7043,56.0,4.0,19.0,1.0,3,13.0,5.0,40.0,1,1,1
7044,58.0,6.0,19.0,1.0,1,303.0,0.0,40.0,0,0,0
7045,53.0,1.0,8.0,3.0,2,49.0,5.0,40.0,0,1,0
7046,37.0,3.0,21.0,1.0,4,49.0,1.0,40.0,1,1,1
7047,20.0,1.0,13.0,5.0,1,6.0,0.0,25.0,0,1,0
7048,39.0,1.0,22.0,1.0,2,49.0,1.0,40.0,1,1,1
7049,36.0,7.0,21.0,1.0,0,53.0,1.0,30.0,1,1,0
7050,45.0,1.0,21.0,1.0,0,46.0,1.0,20.0,0,1,0
7051,20.0,1.0,14.0,5.0,3,49.0,2.0,40.0,1,1,0
7052,42.0,1.0,19.0,5.0,-1,49.0,2.0,50.0,1,1,1
7053,48.0,5.0,14.0,1.0,3,49.0,0.0,42.0,1,1,0
7054,58.0,4.0,21.0,1.0,0,49.0,1.0,40.0,0,1,0
7055,65.0,6.0,18.0,1.0,1,39.0,0.0,40.0,0,1,0
7056,61.0,4.0,21.0,3.0,0,49.0,0.0,40.0,0,1,1
7057,42.0,8.0,16.0,5.0,4,15.0,0.0,20.0,0,1,1
7058,39.0,1.0,16.0,5.0,4,6.0,0.0,60.0,1,1,1
7059,60.0,1.0,17.0,3.0,2,49.0,0.0,40.0,0,0,1
7060,21.0,1.0,16.0,5.0,4,373.0,2.0,20.0,1,0,0
7061,42.0,6.0,20.0,1.0,0,49.0,0.0,60.0,1,1,1
7062,65.0,1.0,20.0,1.0,4,49.0,0.0,40.0,0,1,1
7063,61.0,1.0,22.0,3.0,0,49.0,0.0,30.0,1,1,1
7064,53.0,5.0,22.0,5.0,0,312.0,0.0,40.0,0,1,1
7065,34.0,1.0,16.0,5.0,0,6.0,15.0,38.0,1,1,0
7066,55.0,1.0,18.0,1.0,4,49.0,1.0,40.0,1,1,0
7067,25.0,1.0,21.0,5.0,3,49.0,17.0,45.0,1,1,0
7068,56.0,1.0,16.0,1.0,1,49.0,1.0,40.0,0,1,0
7069,26.0,1.0,21.0,1.0,4,49.0,0.0,50.0,1,1,1
7070,67.0,5.0,21.0,1.0,2,49.0,0.0,40.0,1,1,1
7071,49.0,3.0,22.0,1.0,0,6.0,0.0,45.0,1,1,1
7072,32.0,1.0,17.0,1.0,1,364.0,0.0,40.0,1,0,1
7073,62.0,1.0,19.0,1.0,3,49.0,0.0,40.0,1,1,1
7074,55.0,1.0,21.0,3.0,0,16.0,0.0,8.0,0,1,0
7075,66.0,7.0,19.0,1.0,2,370.0,0.0,10.0,0,0,0
7076,46.0,5.0,18.0,3.0,2,49.0,0.0,40.0,1,1,1
7077,29.0,1.0,19.0,1.0,2,4.0,0.0,42.0,1,1,0
7078,54.0,1.0,18.0,1.0,2,49.0,1.0,90.0,0,1,1
7079,39.0,1.0,16.0,1.0,3,49.0,2.0,40.0,1,1,0
7080,30.0,6.0,16.0,1.0,0,49.0,1.0,40.0,1,1,1
7081,57.0,3.0,22.0,1.0,0,49.0,1.0,50.0,1,1,1
7082,19.0,3.0,16.0,5.0,1,49.0,2.0,6.0,0,1,0
7083,70.0,1.0,22.0,1.0,0,49.0,0.0,40.0,1,1,1
7084,20.0,1.0,19.0,5.0,2,49.0,15.0,40.0,0,1,0
7085,48.0,1.0,19.0,1.0,3,49.0,0.0,40.0,1,0,1
7086,17.0,1.0,14.0,5.0,1,46.0,2.0,38.0,1,1,0
7087,44.0,4.0,19.0,1.0,1,49.0,0.0,45.0,0,1,1
7088,33.0,1.0,16.0,1.0,0,40.0,0.0,40.0,0,1,0
7089,57.0,1.0,21.0,3.0,4,49.0,0.0,2.0,0,1,0
7090,78.0,1.0,16.0,1.0,4,362.0,1.0,40.0,0,0,0
7091,61.0,1.0,11.0,1.0,4,49.0,0.0,15.0,0,1,0
7092,36.0,6.0,18.0,1.0,3,6.0,1.0,60.0,1,1,1
7093,68.0,3.0,23.0,1.0,0,49.0,1.0,20.0,0,1,1
7094,61.0,1.0,21.0,2.0,3,370.0,0.0,50.0,1,1,1
7095,22.0,1.0,20.0,1.0,3,49.0,1.0,40.0,1,1,0
7096,40.0,1.0,16.0,1.0,1,36.0,1.0,60.0,0,1,0
7097,75.0,1.0,19.0,4.0,0,49.0,0.0,40.0,0,1,1
7098,47.0,1.0,19.0,1.0,2,49.0,0.0,45.0,0,1,1
7099,70.0,6.0,21.0,1.0,0,49.0,0.0,70.0,1,1,1
7100,62.0,5.0,21.0,1.0,2,49.0,0.0,40.0,1,1,1
7101,42.0,6.0,19.0,1.0,1,19.0,1.0,40.0,1,1,1
7102,46.0,6.0,20.0,5.0,0,49.0,0.0,40.0,1,1,0
7103,30.0,1.0,18.0,5.0,0,42.0,0.0,40.0,0,1,1
7104,52.0,1.0,22.0,1.0,0,49.0,0.0,40.0,1,1,1
7105,29.0,5.0,21.0,1.0,2,40.0,1.0,30.0,0,1,0
7106,42.0,7.0,19.0,1.0,0,49.0,1.0,40.0,1,1,0
7107,25.0,1.0,20.0,1.0,2,24.0,1.0,22.0,0,1,0
7108,35.0,1.0,21.0,1.0,0,49.0,1.0,40.0,1,1,1
7109,64.0,2.0,24.0,1.0,0,49.0,0.0,55.0,1,1,1
7110,38.0,3.0,22.0,1.0,0,49.0,0.0,40.0,0,1,1
7111,29.0,1.0,22.0,1.0,0,245.0,1.0,40.0,1,1,1
7112,27.0,5.0,21.0,1.0,5,49.0,0.0,30.0,1,1,1
7113,52.0,4.0,21.0,1.0,0,17.0,0.0,40.0,1,1,1
7114,55.0,2.0,21.0,1.0,2,49.0,1.0,20.0,0,1,0
7115,56.0,7.0,19.0,1.0,2,39.0,0.0,1.0,1,0,0
7116,42.0,1.0,21.0,1.0,4,49.0,1.0,40.0,0,1,1
7117,43.0,1.0,21.0,1.0,2,49.0,1.0,50.0,1,0,1
7118,34.0,5.0,18.0,5.0,0,49.0,17.0,17.0,0,1,0
7119,21.0,1.0,15.0,5.0,3,8.0,0.0,40.0,1,1,0
7120,33.0,1.0,16.0,1.0,2,49.0,0.0,45.0,1,0,1
7121,54.0,8.0,16.0,1.0,1,8.0,1.0,60.0,1,1,1
7122,21.0,1.0,19.0,1.0,2,6.0,0.0,10.0,0,1,0
7123,42.0,2.0,22.0,1.0,0,66.0,1.0,40.0,0,1,1
7124,24.0,1.0,19.0,5.0,0,6.0,12.0,4.0,1,1,0
7125,33.0,1.0,16.0,5.0,1,49.0,0.0,8.0,0,1,0
7126,23.0,1.0,16.0,1.0,0,16.0,17.0,40.0,0,1,0
7127,36.0,1.0,23.0,1.0,0,49.0,0.0,60.0,0,1,1
7128,45.0,4.0,22.0,5.0,2,49.0,2.0,40.0,0,1,1
7129,82.0,1.0,13.0,1.0,4,49.0,1.0,40.0,0,1,0
7130,36.0,5.0,18.0,1.0,2,49.0,0.0,45.0,1,1,1
7131,34.0,1.0,21.0,1.0,0,527.0,0.0,40.0,1,0,1
7132,53.0,5.0,20.0,3.0,3,6.0,0.0,40.0,1,1,1
7133,50.0,7.0,18.0,1.0,1,6.0,0.0,55.0,0,1,1
7134,50.0,1.0,16.0,1.0,4,55.0,0.0,40.0,1,1,0
7135,33.0,2.0,19.0,1.0,2,42.0,1.0,20.0,0,1,0
7136,43.0,1.0,19.0,1.0,3,301.0,1.0,40.0,1,1,0
7137,26.0,1.0,21.0,5.0,1,303.0,2.0,40.0,1,0,0
7138,36.0,1.0,17.0,1.0,2,49.0,0.0,48.0,1,1,1
7139,48.0,1.0,18.0,5.0,0,56.0,2.0,40.0,0,1,1
7140,35.0,2.0,23.0,5.0,0,362.0,0.0,10.0,0,1,0
7141,44.0,5.0,18.0,1.0,3,19.0,0.0,40.0,1,1,1
7142,42.0,1.0,14.0,1.0,2,49.0,0.0,30.0,0,1,0
7143,36.0,1.0,20.0,1.0,0,53.0,0.0,40.0,1,1,0
7144,42.0,1.0,21.0,1.0,0,53.0,1.0,40.0,1,1,1
7145,50.0,2.0,21.0,1.0,0,49.0,0.0,99.0,1,1,1
7146,44.0,1.0,20.0,1.0,0,49.0,1.0,40.0,0,1,0
7147,18.0,1.0,14.0,5.0,0,49.0,7.0,40.0,0,1,0
7148,61.0,1.0,18.0,1.0,4,49.0,0.0,70.0,1,1,1
7149,34.0,1.0,17.0,1.0,3,303.0,0.0,40.0,1,0,1
7150,42.0,1.0,16.0,5.0,1,49.0,2.0,40.0,1,1,1
7151,59.0,1.0,16.0,1.0,2,49.0,0.0,40.0,1,1,1
7152,34.0,1.0,4.0,3.0,2,49.0,0.0,60.0,0,1,1
7153,21.0,3.0,18.0,1.0,4,49.0,9.0,29.0,0,0,0
7154,64.0,6.0,19.0,1.0,0,49.0,0.0,40.0,1,1,1
7155,61.0,1.0,11.0,1.0,3,370.0,0.0,40.0,1,1,0
7156,48.0,5.0,22.0,1.0,0,49.0,1.0,60.0,1,1,1
7157,48.0,5.0,19.0,1.0,-1,49.0,1.0,40.0,0,1,1
7158,37.0,2.0,1.0,1.0,0,49.0,1.0,18.0,0,1,0
7159,32.0,1.0,18.0,5.0,4,365.0,7.0,32.0,0,1,0
7160,24.0,5.0,20.0,1.0,2,49.0,0.0,40.0,1,1,0
7161,56.0,2.0,18.0,3.0,0,49.0,0.0,49.0,0,1,1
7162,44.0,1.0,21.0,1.0,2,49.0,1.0,20.0,0,1,0
7163,48.0,1.0,21.0,1.0,0,49.0,1.0,50.0,1,1,1
7164,66.0,7.0,16.0,1.0,2,210.0,1.0,20.0,0,1,0
7165,55.0,4.0,23.0,1.0,0,49.0,1.0,40.0,0,1,1
7166,39.0,2.0,22.0,1.0,0,373.0,1.0,30.0,0,1,0
7167,62.0,7.0,19.0,1.0,0,27.0,0.0,50.0,1,1,1
7168,40.0,2.0,20.0,1.0,2,51.0,1.0,40.0,0,1,1
7169,57.0,1.0,18.0,3.0,2,49.0,0.0,45.0,1,1,1
7170,65.0,1.0,21.0,1.0,2,49.0,1.0,40.0,0,1,1
7171,49.0,1.0,17.0,1.0,0,49.0,0.0,40.0,0,1,0
7172,56.0,2.0,20.0,1.0,2,49.0,0.0,40.0,0,1,1
7173,31.0,1.0,24.0,5.0,0,49.0,0.0,55.0,1,1,1
7174,19.0,1.0,19.0,5.0,2,6.0,12.0,16.0,0,1,0
7175,25.0,4.0,22.0,5.0,0,49.0,17.0,40.0,0,1,0
7176,37.0,1.0,21.0,1.0,4,49.0,0.0,55.0,1,1,1
7177,39.0,1.0,16.0,1.0,0,6.0,9.0,25.0,1,1,0
7178,32.0,1.0,18.0,1.0,4,49.0,0.0,40.0,1,1,0
7179,76.0,6.0,21.0,1.0,0,49.0,0.0,40.0,0,1,1
7180,45.0,1.0,16.0,3.0,4,39.0,0.0,35.0,0,1,1
7181,61.0,7.0,21.0,4.0,1,49.0,0.0,5.0,0,1,0
7182,55.0,1.0,22.0,1.0,0,49.0,1.0,40.0,1,1,1
7183,34.0,1.0,16.0,5.0,1,25.0,2.0,40.0,1,1,1
7184,21.0,1.0,19.0,1.0,3,49.0,1.0,40.0,1,1,0
7185,20.0,1.0,20.0,1.0,2,53.0,0.0,20.0,0,1,0
7186,32.0,1.0,18.0,1.0,1,49.0,7.0,40.0,0,1,1
7187,56.0,1.0,21.0,1.0,0,49.0,0.0,40.0,1,1,0
7188,60.0,1.0,19.0,3.0,0,49.0,0.0,17.0,0,0,0
7189,17.0,1.0,14.0,5.0,1,49.0,2.0,20.0,0,1,0
7190,57.0,5.0,19.0,1.0,0,6.0,0.0,40.0,1,1,1
7191,56.0,1.0,16.0,1.0,4,49.0,1.0,8.0,1,0,0
7192,26.0,3.0,16.0,1.0,3,49.0,1.0,40.0,1,1,1
7193,44.0,1.0,21.0,1.0,2,25.0,0.0,45.0,0,1,1
7194,44.0,4.0,21.0,1.0,0,6.0,1.0,40.0,0,1,1
7195,30.0,8.0,1.0,5.0,1,49.0,11.0,4.0,1,1,0
7196,58.0,7.0,23.0,3.0,0,49.0,0.0,55.0,1,1,1
7197,46.0,6.0,16.0,1.0,1,49.0,0.0,5.0,0,1,0
7198,65.0,6.0,19.0,1.0,1,22.0,1.0,15.0,0,1,0
7199,60.0,3.0,16.0,1.0,0,49.0,1.0,40.0,0,1,1
7200,64.0,1.0,19.0,5.0,0,26.0,0.0,40.0,1,1,1
7201,27.0,2.0,21.0,5.0,2,47.0,2.0,38.0,1,0,1
7202,30.0,2.0,21.0,1.0,0,16.0,0.0,20.0,0,1,0
7203,47.0,1.0,23.0,2.0,0,49.0,11.0,20.0,1,1,0
7204,64.0,1.0,20.0,1.0,0,49.0,1.0,35.0,1,1,1
7205,34.0,1.0,21.0,1.0,0,49.0,1.0,45.0,0,1,1
7206,69.0,1.0,19.0,1.0,0,49.0,0.0,10.0,1,1,0
7207,40.0,1.0,21.0,1.0,0,49.0,0.0,40.0,1,1,1
7208,21.0,1.0,20.0,5.0,1,49.0,2.0,40.0,1,1,0
7209,73.0,7.0,20.0,3.0,0,6.0,0.0,30.0,0,1,0
7210,27.0,1.0,20.0,1.0,3,46.0,1.0,20.0,1,1,0
7211,37.0,1.0,21.0,5.0,0,49.0,13.0,40.0,1,1,1
7212,35.0,1.0,22.0,1.0,2,49.0,1.0,20.0,0,1,0
7213,27.0,1.0,21.0,5.0,0,49.0,17.0,40.0,1,1,0
7214,41.0,5.0,16.0,5.0,3,49.0,2.0,40.0,1,1,0
7215,46.0,5.0,16.0,1.0,4,45.0,0.0,40.0,0,1,1
7216,24.0,1.0,21.0,5.0,0,233.0,0.0,35.0,0,0,0
7217,26.0,1.0,19.0,1.0,2,49.0,1.0,40.0,1,1,1
7218,31.0,5.0,16.0,2.0,1,49.0,0.0,40.0,0,1,0
7219,53.0,1.0,16.0,3.0,3,49.0,0.0,50.0,1,1,1
7220,38.0,1.0,22.0,1.0,0,49.0,1.0,40.0,0,1,1
7221,24.0,1.0,16.0,5.0,0,49.0,0.0,20.0,1,1,0
7222,67.0,1.0,16.0,1.0,2,48.0,0.0,40.0,1,1,1
7223,46.0,1.0,15.0,1.0,2,16.0,1.0,20.0,0,1,0
7224,22.0,1.0,19.0,5.0,0,49.0,2.0,48.0,1,1,0
7225,22.0,1.0,16.0,1.0,3,40.0,0.0,32.0,0,1,0
7226,37.0,1.0,21.0,1.0,-1,33.0,0.0,40.0,1,1,1
7227,19.0,1.0,19.0,5.0,0,42.0,2.0,12.0,1,1,0
7228,52.0,1.0,19.0,1.0,2,49.0,1.0,40.0,0,1,0
7229,23.0,1.0,16.0,5.0,2,6.0,12.0,40.0,0,1,0
7230,25.0,1.0,21.0,5.0,2,214.0,2.0,50.0,1,1,1
7231,39.0,2.0,22.0,1.0,0,49.0,2.0,55.0,1,1,1
7232,21.0,1.0,15.0,5.0,2,49.0,4.0,30.0,0,1,0
7233,44.0,1.0,11.0,1.0,2,49.0,10.0,40.0,1,1,1
7234,53.0,1.0,18.0,1.0,4,30.0,1.0,42.0,1,1,0
7235,46.0,1.0,7.0,1.0,2,49.0,1.0,20.0,1,1,0
7236,31.0,1.0,15.0,5.0,4,18.0,4.0,60.0,1,1,0
7237,28.0,1.0,16.0,1.0,4,49.0,1.0,40.0,1,1,1
7238,60.0,5.0,22.0,1.0,0,49.0,1.0,40.0,1,1,1
7239,22.0,1.0,17.0,5.0,3,49.0,15.0,40.0,1,1,1
7240,64.0,1.0,21.0,1.0,0,49.0,1.0,20.0,0,1,0
7241,23.0,1.0,21.0,5.0,0,30.0,0.0,25.0,1,1,0
7242,18.0,1.0,14.0,5.0,1,205.0,13.0,40.0,0,0,0
7243,17.0,1.0,14.0,5.0,2,51.0,13.0,40.0,1,0,0
7244,39.0,1.0,17.0,1.0,3,49.0,1.0,60.0,1,1,0
7245,55.0,6.0,22.0,1.0,0,49.0,0.0,25.0,1,1,1
7246,28.0,8.0,20.0,1.0,1,49.0,0.0,17.0,0,1,0
7247,31.0,7.0,18.0,1.0,4,49.0,1.0,40.0,1,1,0
7248,59.0,1.0,17.0,1.0,1,37.0,1.0,5.0,0,1,0
7249,51.0,6.0,16.0,5.0,4,6.0,5.0,30.0,1,1,1
7250,21.0,1.0,19.0,5.0,0,49.0,0.0,40.0,0,1,0
7251,36.0,1.0,24.0,1.0,0,6.0,0.0,50.0,1,1,1
7252,51.0,1.0,16.0,1.0,4,32.0,1.0,40.0,0,1,1
7253,47.0,4.0,21.0,1.0,0,49.0,1.0,60.0,1,1,1
7254,60.0,2.0,19.0,1.0,0,49.0,0.0,40.0,0,1,1
7255,19.0,1.0,19.0,5.0,2,8.0,0.0,45.0,1,1,1
7256,25.0,1.0,19.0,1.0,1,32.0,1.0,40.0,0,1,1
7257,62.0,1.0,21.0,1.0,2,49.0,0.0,40.0,1,1,1
7258,30.0,4.0,20.0,5.0,0,49.0,2.0,4.0,0,1,0
7259,40.0,1.0,15.0,5.0,3,49.0,2.0,40.0,1,1,0
7260,37.0,1.0,21.0,1.0,0,49.0,0.0,48.0,1,1,1
7261,27.0,1.0,16.0,1.0,4,49.0,2.0,36.0,1,1,0
7262,31.0,1.0,14.0,1.0,4,49.0,0.0,20.0,1,1,0
7263,30.0,7.0,21.0,1.0,2,49.0,1.0,45.0,1,0,1
7264,51.0,1.0,21.0,5.0,4,53.0,13.0,10.0,1,0,0
7265,39.0,1.0,17.0,1.0,4,6.0,0.0,40.0,1,0,0
7266,24.0,1.0,18.0,1.0,0,49.0,1.0,24.0,0,1,0
7267,26.0,1.0,21.0,5.0,0,6.0,0.0,24.0,0,1,0
7268,69.0,7.0,9.0,1.0,1,515.0,0.0,40.0,0,1,0
7269,36.0,1.0,16.0,1.0,3,41.0,0.0,40.0,1,1,1
7270,46.0,1.0,20.0,1.0,1,49.0,0.0,40.0,1,1,1
7271,18.0,1.0,15.0,5.0,2,49.0,2.0,27.0,0,1,0
7272,45.0,1.0,19.0,3.0,0,56.0,0.0,50.0,0,1,1
7273,53.0,1.0,19.0,1.0,4,49.0,1.0,40.0,1,1,0
7274,38.0,1.0,20.0,2.0,2,49.0,6.0,40.0,0,1,1
7275,49.0,1.0,20.0,1.0,1,49.0,0.0,40.0,1,1,1
7276,23.0,1.0,20.0,5.0,2,527.0,2.0,35.0,1,0,0
7277,58.0,6.0,21.0,1.0,1,467.0,0.0,40.0,0,0,0
7278,32.0,1.0,19.0,1.0,0,56.0,0.0,35.0,1,1,1
7279,42.0,7.0,22.0,1.0,2,49.0,0.0,40.0,1,1,1
7280,27.0,1.0,16.0,1.0,2,49.0,1.0,40.0,0,1,0
7281,62.0,1.0,21.0,1.0,2,49.0,1.0,40.0,0,1,1
7282,53.0,1.0,22.0,1.0,0,49.0,0.0,40.0,1,0,1
7283,22.0,1.0,17.0,5.0,0,49.0,10.0,40.0,1,1,0
7284,31.0,1.0,21.0,1.0,0,49.0,0.0,28.0,1,1,0
7285,44.0,1.0,20.0,3.0,0,527.0,11.0,60.0,1,0,1
7286,54.0,7.0,23.0,1.0,0,49.0,1.0,50.0,1,1,1
7287,33.0,1.0,18.0,1.0,0,49.0,0.0,50.0,0,1,1
7288,36.0,1.0,21.0,5.0,0,49.0,0.0,45.0,1,1,1
7289,55.0,1.0,19.0,1.0,4,49.0,1.0,45.0,1,1,1
7290,60.0,3.0,21.0,1.0,0,51.0,0.0,30.0,0,1,0
7291,58.0,1.0,18.0,2.0,4,23.0,0.0,25.0,0,0,0
7292,33.0,1.0,18.0,1.0,3,6.0,0.0,40.0,1,1,1
7293,74.0,1.0,19.0,1.0,4,49.0,1.0,55.0,1,1,1
7294,61.0,1.0,6.0,1.0,4,36.0,9.0,40.0,0,1,0
7295,56.0,6.0,16.0,1.0,4,49.0,1.0,20.0,0,1,0
7296,46.0,1.0,21.0,1.0,0,49.0,0.0,20.0,0,1,1
7297,21.0,1.0,15.0,2.0,1,49.0,0.0,18.0,0,1,0
7298,25.0,2.0,21.0,5.0,0,49.0,0.0,18.0,0,1,0
7299,54.0,2.0,18.0,3.0,2,49.0,0.0,55.0,1,1,1
7300,54.0,2.0,20.0,1.0,1,110.0,0.0,2.0,0,1,0
7301,43.0,6.0,21.0,1.0,1,49.0,1.0,6.0,0,1,0
7302,38.0,6.0,21.0,1.0,0,49.0,1.0,20.0,1,1,1
7303,77.0,3.0,20.0,1.0,2,49.0,1.0,40.0,1,1,1
7304,62.0,6.0,22.0,1.0,-1,49.0,0.0,20.0,0,1,0
7305,46.0,7.0,24.0,1.0,0,49.0,1.0,50.0,1,1,1
7306,48.0,3.0,21.0,1.0,2,49.0,0.0,40.0,1,1,1
7307,28.0,1.0,21.0,1.0,2,29.0,0.0,55.0,0,1,1
7308,58.0,1.0,16.0,2.0,4,49.0,0.0,40.0,0,0,1
7309,32.0,1.0,22.0,1.0,0,42.0,1.0,50.0,1,1,1
7310,24.0,1.0,16.0,5.0,4,49.0,4.0,12.0,1,0,0
7311,61.0,6.0,21.0,1.0,0,49.0,1.0,30.0,0,1,0
7312,18.0,1.0,14.0,5.0,1,49.0,2.0,35.0,0,1,0
7313,49.0,4.0,24.0,1.0,0,53.0,0.0,50.0,1,1,1
7314,32.0,1.0,20.0,1.0,4,49.0,0.0,40.0,1,1,1
7315,17.0,2.0,13.0,5.0,0,49.0,5.0,40.0,0,1,0
7316,50.0,7.0,23.0,1.0,-1,363.0,0.0,35.0,1,1,1
7317,46.0,3.0,21.0,1.0,2,303.0,0.0,40.0,0,0,1
7318,40.0,1.0,22.0,3.0,0,6.0,2.0,3.0,0,1,0
7319,39.0,1.0,20.0,1.0,0,19.0,0.0,55.0,1,1,1
7320,33.0,1.0,19.0,5.0,0,49.0,5.0,25.0,0,1,1
7321,59.0,1.0,20.0,2.0,2,53.0,0.0,24.0,0,1,1
7322,60.0,4.0,21.0,1.0,0,4.0,0.0,40.0,0,1,0
7323,51.0,1.0,17.0,1.0,3,11.0,0.0,40.0,1,1,1
7324,44.0,2.0,21.0,5.0,0,49.0,0.0,10.0,1,1,0
7325,23.0,1.0,19.0,5.0,3,26.0,17.0,25.0,1,1,0
7326,66.0,1.0,19.0,1.0,2,49.0,1.0,40.0,0,1,1
7327,31.0,5.0,21.0,1.0,0,49.0,1.0,40.0,1,1,1
7328,70.0,4.0,21.0,1.0,1,49.0,1.0,40.0,0,1,0
7329,26.0,6.0,22.0,5.0,0,49.0,17.0,40.0,0,1,0
7330,60.0,1.0,18.0,1.0,2,25.0,0.0,18.0,0,1,0
7331,40.0,2.0,19.0,1.0,0,49.0,1.0,80.0,0,1,1
7332,63.0,1.0,19.0,1.0,1,303.0,1.0,40.0,0,1,0
7333,59.0,1.0,20.0,3.0,3,16.0,0.0,40.0,1,1,0
7334,20.0,1.0,19.0,5.0,2,49.0,17.0,35.0,0,1,0
7335,21.0,1.0,19.0,1.0,1,42.0,0.0,40.0,0,1,0
7336,61.0,5.0,20.0,1.0,0,49.0,1.0,32.0,0,1,1
7337,26.0,1.0,22.0,1.0,0,51.0,1.0,40.0,1,1,1
7338,63.0,1.0,12.0,1.0,2,49.0,0.0,40.0,1,1,1
7339,58.0,1.0,16.0,1.0,1,215.0,0.0,50.0,1,1,1
7340,50.0,5.0,21.0,1.0,0,49.0,0.0,50.0,1,1,1
7341,34.0,1.0,16.0,1.0,3,49.0,1.0,45.0,1,1,1
7342,27.0,1.0,21.0,1.0,0,49.0,1.0,42.0,1,1,0
7343,44.0,1.0,19.0,1.0,2,17.0,0.0,40.0,1,1,0
7344,36.0,4.0,22.0,1.0,0,163.0,0.0,50.0,0,1,1
7345,30.0,1.0,21.0,1.0,0,49.0,1.0,39.0,0,1,0
7346,24.0,1.0,18.0,3.0,4,49.0,0.0,30.0,1,0,0
7347,51.0,7.0,19.0,1.0,1,49.0,0.0,20.0,0,1,1
7348,36.0,6.0,21.0,1.0,0,301.0,0.0,40.0,0,1,1
7349,23.0,1.0,20.0,5.0,0,362.0,2.0,10.0,1,1,0
7350,35.0,1.0,21.0,3.0,2,16.0,12.0,40.0,1,1,0
7351,62.0,1.0,19.0,1.0,1,49.0,0.0,20.0,1,1,0
7352,29.0,5.0,19.0,1.0,2,49.0,1.0,25.0,0,1,0
7353,27.0,7.0,16.0,5.0,1,233.0,2.0,5.0,1,0,0
7354,47.0,1.0,21.0,1.0,0,6.0,0.0,40.0,1,1,1
7355,69.0,7.0,20.0,1.0,2,6.0,0.0,40.0,0,1,1
7356,49.0,1.0,21.0,1.0,0,49.0,0.0,45.0,1,1,1
7357,56.0,1.0,16.0,1.0,2,49.0,0.0,40.0,1,1,0
7358,34.0,4.0,22.0,1.0,0,49.0,0.0,40.0,0,1,1
7359,40.0,5.0,16.0,1.0,3,49.0,1.0,48.0,1,1,1
7360,28.0,2.0,19.0,5.0,0,49.0,12.0,40.0,1,1,0
7361,52.0,1.0,20.0,1.0,1,49.0,0.0,12.0,0,1,0
7362,26.0,1.0,20.0,1.0,4,49.0,0.0,40.0,1,1,1
7363,64.0,1.0,10.0,1.0,4,49.0,0.0,45.0,1,1,1
7364,50.0,7.0,1.0,1.0,4,110.0,2.0,50.0,1,1,1
7365,27.0,4.0,20.0,1.0,2,49.0,0.0,40.0,1,1,0
7366,29.0,6.0,7.0,5.0,1,49.0,2.0,45.0,1,1,0
7367,45.0,7.0,22.0,1.0,1,49.0,1.0,1.0,0,1,1
7368,66.0,1.0,21.0,5.0,2,106.0,0.0,40.0,0,0,1
7369,71.0,7.0,21.0,1.0,0,49.0,1.0,30.0,0,1,0
7370,22.0,1.0,16.0,5.0,3,49.0,12.0,48.0,1,1,1
7371,66.0,1.0,20.0,1.0,2,49.0,1.0,15.0,0,1,0
7372,80.0,1.0,1.0,5.0,4,49.0,17.0,20.0,1,1,0
7373,34.0,1.0,24.0,5.0,0,4.0,0.0,40.0,0,1,1
7374,34.0,5.0,21.0,1.0,0,22.0,1.0,60.0,0,1,1
7375,27.0,1.0,19.0,1.0,1,17.0,1.0,4.0,1,1,0
7376,18.0,1.0,14.0,5.0,4,24.0,2.0,40.0,1,1,0
7377,51.0,6.0,16.0,1.0,1,16.0,1.0,3.0,0,1,0
7378,36.0,3.0,22.0,1.0,0,49.0,0.0,40.0,0,1,1
7379,63.0,6.0,20.0,1.0,2,4.0,1.0,3.0,1,1,0
7380,39.0,1.0,20.0,1.0,4,49.0,1.0,60.0,0,1,0
7381,61.0,7.0,16.0,1.0,3,49.0,0.0,50.0,1,1,1
7382,51.0,1.0,16.0,3.0,1,49.0,0.0,40.0,0,1,0
7383,41.0,5.0,16.0,1.0,2,49.0,1.0,40.0,0,1,1
7384,61.0,5.0,16.0,1.0,2,49.0,1.0,40.0,0,1,1
7385,49.0,1.0,22.0,3.0,1,49.0,0.0,55.0,1,1,1
7386,30.0,6.0,16.0,5.0,2,49.0,12.0,20.0,0,1,0
7387,61.0,1.0,16.0,3.0,2,49.0,0.0,48.0,0,1,0
7388,22.0,4.0,16.0,5.0,2,16.0,2.0,8.0,0,1,0
7389,33.0,1.0,18.0,1.0,4,49.0,9.0,38.0,1,1,1
7390,43.0,2.0,19.0,1.0,0,56.0,0.0,20.0,1,1,0
7391,32.0,1.0,22.0,5.0,-1,49.0,2.0,40.0,1,1,1
7392,26.0,1.0,17.0,1.0,1,25.0,1.0,25.0,0,1,0
7393,19.0,1.0,16.0,5.0,2,49.0,2.0,53.0,0,1,0
7394,42.0,1.0,16.0,1.0,3,32.0,1.0,45.0,1,1,1
7395,26.0,1.0,16.0,1.0,3,20.0,1.0,40.0,0,0,0
7396,51.0,1.0,20.0,1.0,3,49.0,0.0,40.0,1,1,1
7397,19.0,1.0,19.0,3.0,3,53.0,2.0,30.0,1,1,0
7398,64.0,1.0,22.0,1.0,0,49.0,0.0,40.0,1,1,1
7399,33.0,2.0,21.0,1.0,0,49.0,1.0,99.0,0,1,1
7400,33.0,1.0,21.0,1.0,0,49.0,1.0,35.0,1,1,0
7401,38.0,1.0,21.0,1.0,0,49.0,0.0,42.0,1,1,1
7402,46.0,4.0,22.0,1.0,0,2.0,1.0,30.0,0,1,1
7403,59.0,1.0,21.0,1.0,0,49.0,0.0,20.0,1,1,0
7404,43.0,2.0,22.0,1.0,0,49.0,0.0,40.0,1,1,1
7405,56.0,7.0,17.0,1.0,2,49.0,1.0,30.0,1,1,0
7406,43.0,1.0,16.0,1.0,3,49.0,0.0,30.0,1,1,0
7407,42.0,1.0,21.0,3.0,2,49.0,0.0,42.0,1,1,1
7408,26.0,1.0,21.0,1.0,0,49.0,0.0,25.0,1,1,0
7409,32.0,1.0,20.0,1.0,1,49.0,1.0,40.0,1,0,0
7410,40.0,1.0,21.0,1.0,0,303.0,0.0,40.0,1,1,1
7411,69.0,1.0,16.0,1.0,3,51.0,1.0,45.0,1,1,1
7412,59.0,1.0,16.0,3.0,3,6.0,0.0,50.0,1,1,1
7413,67.0,1.0,19.0,1.0,0,49.0,0.0,60.0,1,1,1
7414,25.0,1.0,16.0,5.0,2,49.0,13.0,25.0,0,1,0
7415,40.0,5.0,18.0,1.0,3,49.0,0.0,40.0,1,1,1
7416,51.0,1.0,20.0,1.0,4,49.0,1.0,40.0,1,1,0
7417,37.0,1.0,22.0,1.0,0,6.0,0.0,40.0,1,1,1
7418,41.0,1.0,19.0,1.0,0,15.0,0.0,44.0,1,1,1
7419,42.0,1.0,21.0,1.0,0,49.0,0.0,30.0,0,1,0
7420,63.0,1.0,16.0,1.0,3,49.0,0.0,41.0,1,1,1
7421,20.0,1.0,14.0,5.0,2,49.0,7.0,40.0,0,1,0
7422,21.0,1.0,20.0,5.0,0,49.0,11.0,46.0,0,1,0
7423,21.0,1.0,19.0,1.0,1,49.0,9.0,20.0,0,1,0
7424,43.0,6.0,16.0,1.0,4,10.0,1.0,30.0,1,1,0
7425,42.0,2.0,20.0,3.0,0,49.0,0.0,4.0,0,1,1
7426,46.0,1.0,17.0,3.0,1,49.0,2.0,40.0,0,1,0
7427,58.0,1.0,19.0,3.0,1,49.0,16.0,40.0,1,1,0
7428,30.0,6.0,19.0,5.0,2,49.0,0.0,50.0,0,1,0
7429,30.0,7.0,21.0,1.0,0,49.0,0.0,82.0,0,1,1
7430,66.0,1.0,21.0,1.0,0,6.0,0.0,42.0,1,1,1
7431,33.0,1.0,16.0,1.0,3,15.0,2.0,15.0,1,0,0
7432,38.0,1.0,20.0,1.0,3,49.0,0.0,60.0,1,1,1
7433,25.0,1.0,19.0,1.0,4,49.0,1.0,15.0,1,1,0
7434,52.0,1.0,21.0,1.0,0,49.0,1.0,20.0,0,1,1
7435,45.0,1.0,16.0,1.0,2,49.0,9.0,40.0,0,1,0
7436,62.0,1.0,16.0,1.0,1,34.0,0.0,70.0,0,1,1
7437,35.0,6.0,21.0,1.0,2,49.0,0.0,2.0,0,1,0
7438,19.0,1.0,19.0,5.0,0,49.0,17.0,36.0,0,1,0
7439,20.0,1.0,19.0,1.0,3,49.0,0.0,40.0,1,1,0
7440,58.0,1.0,16.0,3.0,3,6.0,0.0,40.0,1,1,1
7441,23.0,1.0,19.0,5.0,0,49.0,17.0,18.0,0,1,0
7442,62.0,1.0,22.0,1.0,4,38.0,0.0,36.0,1,1,1
7443,61.0,2.0,16.0,2.0,4,49.0,0.0,40.0,1,1,1
7444,18.0,1.0,18.0,5.0,4,49.0,17.0,20.0,0,1,0
7445,29.0,1.0,21.0,5.0,0,2.0,0.0,39.0,0,1,0
7446,60.0,6.0,13.0,3.0,3,49.0,0.0,40.0,1,1,1
7447,46.0,6.0,19.0,1.0,1,49.0,1.0,40.0,0,1,1
7448,45.0,2.0,21.0,1.0,0,49.0,0.0,30.0,1,1,1
7449,33.0,1.0,21.0,1.0,3,6.0,1.0,40.0,0,1,1
7450,37.0,1.0,21.0,1.0,2,49.0,0.0,40.0,0,1,1
7451,59.0,1.0,22.0,1.0,0,49.0,0.0,20.0,1,1,1
7452,47.0,8.0,21.0,1.0,0,32.0,0.0,70.0,1,1,1
7453,35.0,1.0,16.0,1.0,4,49.0,9.0,20.0,1,1,0
7454,48.0,1.0,19.0,1.0,3,49.0,0.0,35.0,1,1,0
7455,18.0,2.0,16.0,5.0,4,6.0,2.0,25.0,1,1,0
7456,54.0,1.0,21.0,1.0,0,49.0,1.0,60.0,1,1,1
7457,32.0,1.0,21.0,3.0,2,49.0,0.0,70.0,1,1,0
7458,58.0,7.0,17.0,1.0,1,49.0,1.0,30.0,1,1,0
7459,18.0,1.0,18.0,5.0,1,49.0,2.0,20.0,1,1,0
7460,25.0,1.0,16.0,1.0,2,49.0,1.0,38.0,0,1,0
7461,24.0,1.0,16.0,1.0,4,53.0,1.0,12.0,0,1,0
7462,46.0,1.0,22.0,1.0,0,16.0,1.0,40.0,0,1,1
7463,52.0,1.0,21.0,3.0,2,49.0,0.0,38.0,0,1,0
7464,61.0,2.0,20.0,1.0,2,301.0,0.0,40.0,0,1,1
7465,22.0,1.0,20.0,5.0,2,39.0,0.0,20.0,0,1,0
7466,48.0,1.0,19.0,1.0,3,303.0,1.0,40.0,1,1,1
7467,47.0,1.0,22.0,1.0,0,19.0,1.0,40.0,0,1,1
7468,64.0,4.0,21.0,1.0,0,49.0,1.0,40.0,0,1,1
7469,40.0,3.0,19.0,1.0,2,49.0,1.0,35.0,1,1,1
7470,45.0,3.0,20.0,3.0,0,49.0,0.0,40.0,0,1,0
7471,59.0,1.0,18.0,3.0,0,25.0,0.0,50.0,0,1,1
7472,33.0,6.0,19.0,1.0,1,49.0,0.0,5.0,1,1,0
7473,61.0,7.0,14.0,1.0,3,49.0,1.0,60.0,1,1,1
7474,55.0,1.0,16.0,1.0,3,49.0,0.0,30.0,1,1,0
7475,32.0,2.0,21.0,5.0,0,16.0,2.0,28.0,0,1,0
7476,24.0,7.0,21.0,1.0,0,49.0,0.0,40.0,0,1,0
7477,35.0,1.0,19.0,1.0,0,49.0,0.0,40.0,1,1,1
7478,34.0,2.0,18.0,1.0,0,6.0,1.0,40.0,0,1,1
7479,65.0,1.0,17.0,1.0,4,16.0,5.0,45.0,1,1,0
7480,35.0,7.0,16.0,1.0,0,42.0,1.0,40.0,1,1,1
7481,30.0,1.0,16.0,5.0,2,49.0,13.0,40.0,1,1,0
7482,41.0,4.0,18.0,1.0,0,49.0,1.0,40.0,1,1,1
7483,36.0,1.0,16.0,1.0,3,49.0,9.0,40.0,1,1,1
7484,49.0,1.0,20.0,1.0,0,49.0,0.0,45.0,1,1,1
7485,26.0,5.0,16.0,1.0,0,49.0,1.0,40.0,1,1,0
7486,73.0,3.0,1.0,1.0,2,370.0,0.0,40.0,0,0,0
7487,25.0,1.0,21.0,1.0,0,49.0,0.0,40.0,1,1,1
7488,62.0,2.0,20.0,4.0,0,55.0,0.0,50.0,0,1,1
7489,62.0,6.0,20.0,1.0,0,15.0,1.0,6.0,0,1,0
7490,42.0,1.0,21.0,1.0,2,49.0,0.0,80.0,1,1,1
7491,18.0,1.0,14.0,5.0,1,49.0,2.0,20.0,1,1,0
7492,43.0,1.0,16.0,1.0,1,49.0,1.0,40.0,0,1,0
7493,63.0,7.0,19.0,1.0,1,6.0,0.0,40.0,1,1,1
7494,68.0,1.0,17.0,1.0,1,110.0,1.0,40.0,1,1,1
7495,64.0,1.0,18.0,1.0,2,49.0,1.0,30.0,0,1,0
7496,84.0,2.0,19.0,3.0,0,49.0,17.0,15.0,1,1,0
7497,60.0,1.0,15.0,3.0,0,49.0,0.0,22.0,0,1,1
7498,63.0,3.0,22.0,1.0,0,49.0,1.0,65.0,1,1,1
7499,17.0,1.0,13.0,5.0,4,49.0,2.0,15.0,0,1,0
7500,52.0,1.0,18.0,5.0,4,49.0,0.0,40.0,1,1,1
7501,22.0,2.0,19.0,5.0,1,49.0,17.0,8.0,0,1,0
7502,70.0,1.0,18.0,2.0,4,6.0,0.0,40.0,1,1,1
7503,45.0,6.0,21.0,1.0,2,49.0,0.0,5.0,0,1,0
7504,57.0,1.0,19.0,1.0,2,25.0,0.0,40.0,1,1,0
7505,42.0,3.0,17.0,3.0,2,370.0,0.0,40.0,0,1,0
7506,38.0,1.0,20.0,3.0,0,9.0,0.0,40.0,1,1,1
7507,18.0,5.0,18.0,5.0,5,207.0,2.0,40.0,1,0,0
7508,35.0,2.0,22.0,1.0,0,25.0,0.0,65.0,1,1,1
7509,32.0,1.0,18.0,1.0,2,6.0,9.0,35.0,1,1,0
7510,60.0,1.0,16.0,1.0,0,49.0,0.0,41.0,1,1,1
7511,29.0,4.0,19.0,5.0,2,48.0,5.0,40.0,0,1,0
7512,47.0,1.0,21.0,1.0,0,16.0,0.0,2.0,1,1,0
7513,26.0,1.0,21.0,1.0,1,51.0,9.0,40.0,0,0,0
7514,67.0,1.0,12.0,5.0,4,49.0,0.0,50.0,1,1,1
7515,33.0,4.0,21.0,1.0,1,49.0,0.0,34.0,0,1,0
7516,63.0,5.0,21.0,1.0,5,49.0,1.0,40.0,1,1,1
7517,72.0,1.0,21.0,1.0,1,49.0,0.0,30.0,1,1,1
7518,55.0,4.0,21.0,3.0,0,12.0,0.0,40.0,0,1,1
7519,34.0,1.0,22.0,1.0,0,6.0,1.0,50.0,1,1,1
7520,52.0,3.0,19.0,1.0,0,6.0,0.0,40.0,0,1,1
7521,35.0,1.0,21.0,3.0,2,49.0,0.0,11.0,0,1,1
7522,44.0,1.0,16.0,1.0,4,49.0,1.0,50.0,1,1,1
7523,25.0,1.0,16.0,5.0,4,49.0,2.0,32.0,1,1,0
7524,45.0,1.0,21.0,1.0,2,49.0,0.0,46.0,1,1,1
7525,68.0,3.0,17.0,1.0,0,48.0,1.0,35.0,0,1,0
7526,25.0,1.0,16.0,5.0,0,4.0,2.0,40.0,0,1,1
7527,25.0,3.0,21.0,1.0,2,49.0,1.0,15.0,0,1,0
7528,19.0,1.0,19.0,5.0,1,301.0,17.0,50.0,1,1,0
7529,73.0,7.0,19.0,1.0,1,2.0,1.0,25.0,0,1,0
7530,36.0,1.0,16.0,1.0,4,49.0,0.0,40.0,0,1,1
7531,31.0,1.0,20.0,1.0,2,303.0,0.0,45.0,0,0,0
7532,23.0,1.0,19.0,5.0,1,301.0,2.0,20.0,1,1,0
7533,35.0,2.0,16.0,1.0,2,49.0,1.0,20.0,0,1,0
7534,73.0,1.0,12.0,3.0,2,49.0,0.0,40.0,0,1,0
7535,43.0,3.0,18.0,1.0,0,314.0,1.0,28.0,0,1,0
7536,33.0,1.0,22.0,1.0,0,49.0,0.0,40.0,1,1,1
7537,48.0,1.0,21.0,1.0,0,49.0,1.0,40.0,0,1,1
7538,22.0,2.0,19.0,5.0,0,49.0,17.0,20.0,0,1,0
7539,57.0,1.0,19.0,3.0,0,49.0,0.0,25.0,0,1,0
7540,70.0,2.0,21.0,1.0,2,49.0,0.0,40.0,1,1,1
7541,40.0,1.0,19.0,1.0,4,6.0,1.0,40.0,1,1,1
7542,43.0,2.0,21.0,1.0,0,35.0,1.0,40.0,1,1,0
7543,21.0,1.0,19.0,4.0,2,49.0,0.0,20.0,0,1,0
7544,68.0,1.0,19.0,1.0,0,301.0,1.0,40.0,0,1,0
7545,17.0,1.0,14.0,5.0,3,49.0,2.0,40.0,1,1,0
7546,32.0,1.0,21.0,5.0,0,49.0,0.0,50.0,1,1,1
7547,51.0,6.0,22.0,3.0,0,49.0,0.0,50.0,1,1,1
7548,62.0,2.0,19.0,1.0,2,49.0,0.0,8.0,0,1,0
7549,39.0,1.0,22.0,1.0,0,49.0,0.0,45.0,0,1,1
7550,39.0,6.0,16.0,1.0,1,16.0,1.0,25.0,0,1,1
7551,18.0,1.0,15.0,5.0,1,49.0,17.0,9.0,0,1,0
7552,29.0,1.0,21.0,1.0,0,49.0,1.0,40.0,0,1,1
7553,50.0,1.0,20.0,1.0,2,49.0,1.0,50.0,1,1,1
7554,61.0,2.0,22.0,1.0,0,49.0,1.0,50.0,0,1,1
7555,55.0,4.0,19.0,1.0,2,49.0,0.0,40.0,0,1,0
7556,76.0,2.0,21.0,1.0,2,53.0,1.0,20.0,0,1,0
7557,41.0,1.0,22.0,1.0,0,49.0,0.0,38.0,0,1,1
7558,59.0,4.0,20.0,1.0,1,49.0,0.0,40.0,1,1,1
7559,83.0,2.0,18.0,1.0,2,36.0,1.0,40.0,0,1,1
7560,65.0,1.0,14.0,2.0,1,40.0,0.0,20.0,1,1,0
7561,23.0,1.0,18.0,5.0,1,49.0,0.0,40.0,1,1,0
7562,60.0,1.0,22.0,1.0,1,53.0,0.0,42.0,1,1,1
7563,19.0,1.0,16.0,5.0,1,48.0,7.0,35.0,0,1,0
7564,54.0,2.0,18.0,1.0,2,48.0,0.0,40.0,0,1,0
7565,63.0,4.0,24.0,1.0,2,312.0,0.0,40.0,1,1,1
7566,45.0,4.0,16.0,1.0,3,27.0,1.0,60.0,1,1,1
7567,37.0,2.0,21.0,1.0,1,4.0,0.0,40.0,1,1,1
7568,17.0,1.0,14.0,5.0,1,362.0,2.0,35.0,0,0,0
7569,55.0,5.0,17.0,1.0,0,49.0,0.0,40.0,1,1,1
7570,47.0,1.0,22.0,1.0,0,4.0,1.0,45.0,1,1,1
7571,28.0,1.0,16.0,5.0,0,49.0,7.0,4.0,1,1,0
7572,57.0,1.0,21.0,1.0,2,49.0,1.0,40.0,0,1,1
7573,42.0,2.0,22.0,1.0,0,49.0,0.0,40.0,1,1,0
7574,35.0,1.0,16.0,1.0,4,49.0,6.0,48.0,1,1,1
7575,18.0,1.0,15.0,5.0,1,49.0,2.0,40.0,1,1,0
7576,18.0,3.0,18.0,5.0,0,49.0,17.0,20.0,0,1,0
7577,44.0,1.0,24.0,1.0,0,42.0,1.0,40.0,1,1,1
7578,38.0,1.0,20.0,1.0,-1,6.0,1.0,40.0,0,1,1
7579,18.0,1.0,14.0,5.0,2,49.0,15.0,30.0,1,1,0
7580,70.0,7.0,23.0,1.0,0,110.0,1.0,30.0,1,1,1
7581,69.0,2.0,19.0,1.0,0,49.0,1.0,45.0,1,1,1
7582,60.0,5.0,19.0,1.0,2,49.0,1.0,16.0,0,1,1
7583,42.0,1.0,19.0,5.0,3,49.0,0.0,40.0,1,1,0
7584,38.0,1.0,19.0,5.0,2,36.0,2.0,12.0,0,1,0
7585,55.0,4.0,21.0,1.0,0,49.0,0.0,40.0,0,1,1
7586,43.0,1.0,21.0,1.0,2,49.0,1.0,38.0,0,1,1
7587,53.0,7.0,19.0,1.0,0,49.0,1.0,40.0,1,1,1
7588,23.0,3.0,18.0,5.0,0,49.0,15.0,29.0,1,1,0
7589,18.0,1.0,18.0,5.0,4,49.0,0.0,35.0,0,1,0
7590,33.0,7.0,22.0,1.0,0,39.0,0.0,40.0,1,1,0
7591,51.0,1.0,21.0,1.0,0,49.0,1.0,20.0,0,1,0
7592,49.0,4.0,19.0,1.0,0,8.0,0.0,40.0,0,1,1
7593,26.0,4.0,21.0,1.0,0,24.0,1.0,52.0,1,1,1
7594,28.0,1.0,21.0,1.0,1,49.0,1.0,40.0,1,1,0
7595,20.0,1.0,18.0,5.0,2,6.0,17.0,40.0,0,1,0
7596,31.0,4.0,22.0,5.0,0,49.0,2.0,45.0,1,0,1
7597,20.0,1.0,18.0,5.0,2,49.0,3.0,40.0,1,1,0
7598,66.0,1.0,18.0,1.0,2,49.0,1.0,45.0,1,1,1
7599,56.0,1.0,16.0,3.0,2,16.0,0.0,40.0,1,1,1
7600,18.0,1.0,19.0,5.0,1,49.0,17.0,25.0,1,1,0
7601,39.0,1.0,18.0,1.0,0,49.0,0.0,40.0,0,1,1
7602,62.0,3.0,7.0,1.0,2,49.0,0.0,10.0,0,1,0
7603,67.0,1.0,20.0,1.0,0,49.0,0.0,50.0,0,1,1
7604,17.0,3.0,14.0,5.0,1,49.0,7.0,6.0,0,1,0
7605,40.0,3.0,21.0,1.0,0,49.0,1.0,31.0,0,1,1
7606,47.0,1.0,21.0,1.0,0,49.0,1.0,60.0,1,1,1
7607,59.0,1.0,21.0,1.0,2,49.0,0.0,50.0,0,1,1
7608,35.0,1.0,22.0,1.0,0,49.0,0.0,10.0,0,1,0
7609,74.0,6.0,18.0,1.0,1,5.0,0.0,40.0,0,1,1
7610,68.0,1.0,22.0,1.0,0,49.0,0.0,40.0,1,1,1
7611,22.0,1.0,20.0,1.0,0,4.0,1.0,10.0,0,1,0
7612,19.0,1.0,19.0,5.0,2,49.0,2.0,40.0,0,1,0
7613,35.0,3.0,16.0,1.0,2,8.0,0.0,16.0,0,1,1
7614,21.0,1.0,19.0,5.0,0,16.0,0.0,30.0,1,1,0
7615,40.0,1.0,21.0,3.0,0,16.0,0.0,50.0,1,1,1
7616,34.0,1.0,21.0,5.0,2,48.0,0.0,40.0,0,1,1
7617,22.0,1.0,19.0,5.0,2,49.0,2.0,12.0,0,1,0
7618,43.0,2.0,20.0,1.0,0,49.0,0.0,40.0,0,1,1
7619,25.0,1.0,22.0,5.0,0,53.0,2.0,40.0,1,1,1
7620,39.0,7.0,19.0,1.0,0,6.0,1.0,60.0,1,1,1
7621,52.0,6.0,16.0,1.0,2,49.0,0.0,20.0,0,1,0
7622,33.0,7.0,20.0,1.0,-1,6.0,0.0,60.0,1,1,1
7623,36.0,1.0,1.0,1.0,3,49.0,1.0,40.0,1,0,1
7624,31.0,2.0,21.0,1.0,0,53.0,0.0,50.0,1,1,1
7625,48.0,1.0,21.0,1.0,0,49.0,0.0,40.0,1,1,1
7626,32.0,1.0,19.0,3.0,0,49.0,0.0,15.0,0,1,0
7627,40.0,1.0,20.0,1.0,2,49.0,2.0,5.0,1,1,0
7628,42.0,1.0,21.0,1.0,0,49.0,1.0,40.0,0,1,1
7629,57.0,1.0,22.0,1.0,0,55.0,1.0,40.0,1,1,1
7630,46.0,1.0,18.0,1.0,1,303.0,1.0,5.0,0,0,0
7631,52.0,1.0,20.0,1.0,0,49.0,1.0,40.0,0,1,0
7632,48.0,7.0,19.0,1.0,3,18.0,1.0,20.0,1,1,0
7633,27.0,1.0,19.0,5.0,1,223.0,2.0,40.0,0,0,0
7634,40.0,1.0,21.0,1.0,1,16.0,0.0,15.0,0,1,0
7635,58.0,4.0,21.0,1.0,0,49.0,0.0,40.0,1,1,1
7636,60.0,1.0,24.0,1.0,0,49.0,0.0,60.0,1,1,1
7637,30.0,1.0,13.0,5.0,4,49.0,7.0,24.0,1,1,0
7638,56.0,1.0,16.0,1.0,3,49.0,0.0,45.0,1,1,1
7639,65.0,1.0,19.0,1.0,2,6.0,1.0,40.0,0,0,1
7640,54.0,1.0,17.0,3.0,4,16.0,0.0,45.0,1,1,0
7641,35.0,1.0,16.0,5.0,2,49.0,0.0,36.0,0,1,0
7642,22.0,1.0,20.0,1.0,2,49.0,17.0,20.0,0,1,0
7643,25.0,1.0,15.0,5.0,3,6.0,2.0,10.0,1,1,0
7644,22.0,1.0,19.0,5.0,2,8.0,12.0,40.0,1,1,0
7645,50.0,1.0,1.0,3.0,1,49.0,6.0,40.0,1,1,1
7646,37.0,1.0,16.0,3.0,4,49.0,0.0,55.0,1,1,0
7647,19.0,1.0,16.0,5.0,2,49.0,2.0,18.0,0,1,0
7648,56.0,1.0,18.0,1.0,0,15.0,1.0,42.0,1,1,1
7649,36.0,4.0,16.0,1.0,1,15.0,1.0,25.0,0,0,0
7650,23.0,1.0,19.0,1.0,0,36.0,0.0,35.0,0,1,0
7651,49.0,1.0,19.0,1.0,4,49.0,0.0,44.0,1,1,1
7652,23.0,1.0,19.0,5.0,2,16.0,12.0,20.0,0,1,0
7653,49.0,1.0,16.0,1.0,2,49.0,1.0,23.0,0,1,1
7654,27.0,1.0,16.0,5.0,1,49.0,12.0,30.0,1,1,0
7655,73.0,7.0,21.0,1.0,-1,49.0,1.0,54.0,1,1,1
7656,29.0,5.0,21.0,5.0,0,17.0,0.0,48.0,1,1,1
7657,18.0,1.0,12.0,5.0,1,363.0,3.0,40.0,1,0,0
7658,18.0,5.0,14.0,5.0,1,16.0,2.0,32.0,1,1,0
7659,38.0,1.0,22.0,1.0,0,49.0,1.0,40.0,1,1,1
7660,24.0,2.0,16.0,5.0,2,4.0,4.0,20.0,0,1,0
7661,26.0,6.0,13.0,5.0,0,49.0,10.0,40.0,0,1,0
7662,33.0,1.0,19.0,1.0,3,49.0,0.0,30.0,1,1,1
7663,56.0,7.0,24.0,1.0,0,49.0,1.0,40.0,1,1,1
7664,53.0,1.0,18.0,1.0,4,26.0,1.0,40.0,1,0,1
7665,68.0,7.0,20.0,1.0,0,6.0,1.0,45.0,0,1,1
7666,59.0,1.0,16.0,3.0,3,49.0,0.0,40.0,0,1,0
7667,63.0,7.0,20.0,1.0,1,109.0,1.0,20.0,0,1,0
7668,64.0,1.0,15.0,2.0,0,49.0,0.0,40.0,1,1,1
7669,38.0,3.0,21.0,5.0,0,49.0,2.0,40.0,1,1,1
7670,26.0,6.0,19.0,5.0,4,49.0,0.0,20.0,1,1,0
7671,27.0,1.0,22.0,1.0,2,6.0,1.0,36.0,0,1,0
7672,30.0,1.0,21.0,1.0,0,48.0,15.0,20.0,1,1,1
7673,38.0,1.0,14.0,3.0,1,49.0,0.0,40.0,1,1,0
7674,49.0,1.0,16.0,5.0,0,110.0,0.0,50.0,1,1,1
7675,23.0,3.0,19.0,1.0,0,49.0,1.0,15.0,0,1,0
7676,64.0,2.0,18.0,5.0,2,49.0,0.0,36.0,0,1,1
7677,78.0,4.0,11.0,5.0,4,362.0,0.0,40.0,1,1,0
7678,31.0,4.0,24.0,1.0,0,49.0,1.0,40.0,1,1,1
7679,57.0,1.0,20.0,1.0,2,48.0,0.0,40.0,1,1,1
7680,59.0,1.0,16.0,1.0,1,49.0,1.0,30.0,0,1,0
7681,26.0,1.0,16.0,5.0,3,48.0,0.0,40.0,1,1,0
7682,39.0,1.0,21.0,1.0,1,49.0,2.0,2.0,0,1,0
7683,63.0,1.0,16.0,1.0,2,15.0,0.0,36.0,0,1,0
7684,63.0,6.0,21.0,3.0,0,49.0,0.0,40.0,0,1,1
7685,34.0,7.0,20.0,1.0,0,6.0,0.0,40.0,0,1,1
7686,32.0,1.0,23.0,1.0,0,49.0,0.0,42.0,1,1,1
7687,25.0,1.0,19.0,5.0,1,139.0,2.0,6.0,0,1,0
7688,52.0,1.0,5.0,1.0,2,49.0,1.0,40.0,0,1,1
7689,52.0,1.0,16.0,1.0,1,49.0,1.0,50.0,0,1,1
7690,36.0,3.0,21.0,1.0,0,223.0,0.0,40.0,0,0,1
7691,36.0,1.0,21.0,1.0,1,22.0,0.0,40.0,0,0,1
7692,68.0,5.0,21.0,1.0,0,24.0,1.0,50.0,1,1,1
7693,18.0,1.0,16.0,5.0,2,35.0,2.0,30.0,0,1,0
7694,43.0,5.0,18.0,1.0,0,49.0,0.0,40.0,0,1,1
7695,17.0,1.0,18.0,5.0,1,49.0,2.0,40.0,0,1,0
7696,38.0,1.0,16.0,1.0,0,314.0,0.0,40.0,1,1,1
7697,45.0,4.0,21.0,1.0,0,49.0,0.0,40.0,1,1,1
7698,57.0,3.0,20.0,1.0,1,49.0,0.0,50.0,0,1,1
7699,59.0,2.0,20.0,1.0,0,49.0,0.0,35.0,0,1,0
7700,25.0,1.0,16.0,5.0,2,49.0,10.0,40.0,0,1,0
7701,58.0,1.0,22.0,1.0,0,56.0,1.0,60.0,1,1,1
7702,36.0,1.0,17.0,1.0,2,17.0,1.0,45.0,0,0,1
7703,64.0,6.0,22.0,5.0,-1,49.0,13.0,45.0,1,1,1
7704,39.0,5.0,19.0,1.0,0,49.0,0.0,50.0,1,1,1
7705,21.0,1.0,19.0,4.0,1,49.0,8.0,40.0,1,1,0
7706,30.0,1.0,16.0,5.0,3,16.0,2.0,50.0,1,1,0
7707,19.0,1.0,18.0,5.0,0,32.0,2.0,29.0,0,1,0
7708,55.0,1.0,17.0,5.0,2,49.0,0.0,40.0,0,1,0
7709,61.0,3.0,19.0,1.0,1,49.0,1.0,20.0,0,1,0
7710,56.0,1.0,23.0,5.0,0,370.0,0.0,40.0,0,1,0
7711,48.0,1.0,20.0,1.0,4,49.0,0.0,40.0,1,1,1
7712,50.0,1.0,16.0,1.0,4,36.0,0.0,45.0,1,1,1
7713,49.0,2.0,19.0,3.0,0,6.0,0.0,40.0,0,1,1
7714,36.0,1.0,22.0,5.0,0,49.0,0.0,40.0,1,1,1
7715,40.0,1.0,22.0,1.0,0,49.0,0.0,40.0,1,1,1
7716,60.0,2.0,13.0,1.0,1,49.0,1.0,40.0,1,1,0
7717,21.0,1.0,16.0,5.0,4,42.0,5.0,36.0,1,1,0
7718,48.0,4.0,22.0,1.0,0,26.0,1.0,40.0,0,1,1
7719,29.0,1.0,21.0,1.0,0,49.0,0.0,60.0,1,1,1
7720,53.0,3.0,20.0,1.0,0,49.0,1.0,40.0,0,1,0
7721,49.0,1.0,21.0,1.0,4,11.0,0.0,40.0,1,1,1
7722,77.0,1.0,19.0,1.0,1,6.0,1.0,24.0,0,1,0
7723,34.0,1.0,21.0,5.0,0,49.0,13.0,40.0,1,1,1
7724,17.0,5.0,16.0,5.0,1,49.0,2.0,30.0,0,0,0
7725,64.0,5.0,19.0,3.0,2,49.0,0.0,40.0,0,1,0
7726,44.0,1.0,16.0,1.0,2,4.0,0.0,45.0,1,1,1
7727,25.0,1.0,17.0,5.0,3,36.0,0.0,16.0,1,1,0
7728,17.0,1.0,13.0,5.0,1,49.0,2.0,40.0,0,1,0
7729,70.0,7.0,17.0,1.0,2,38.0,0.0,50.0,0,1,1
7730,54.0,4.0,19.0,1.0,0,49.0,1.0,40.0,1,1,1
7731,32.0,7.0,20.0,1.0,2,49.0,1.0,15.0,0,1,0
7732,57.0,1.0,18.0,1.0,1,49.0,1.0,20.0,0,1,0
7733,41.0,1.0,16.0,1.0,3,49.0,1.0,50.0,1,1,1
7734,29.0,1.0,22.0,1.0,0,4.0,1.0,15.0,0,1,0
7735,58.0,1.0,22.0,1.0,1,49.0,1.0,30.0,0,1,1
7736,59.0,1.0,19.0,1.0,0,301.0,1.0,60.0,1,1,1
7737,27.0,1.0,22.0,5.0,0,303.0,10.0,48.0,1,1,0
7738,40.0,1.0,21.0,1.0,0,49.0,1.0,40.0,0,1,1
7739,72.0,1.0,16.0,3.0,4,49.0,15.0,70.0,1,1,1
7740,58.0,1.0,16.0,3.0,0,49.0,11.0,46.0,1,1,1
7741,28.0,1.0,22.0,3.0,0,49.0,0.0,40.0,0,1,1
7742,85.0,1.0,17.0,3.0,4,39.0,0.0,60.0,1,0,1
7743,60.0,7.0,16.0,1.0,3,49.0,0.0,40.0,1,0,0
7744,39.0,1.0,21.0,3.0,0,49.0,0.0,40.0,1,1,1
7745,44.0,3.0,21.0,1.0,4,49.0,1.0,50.0,0,1,0
7746,18.0,1.0,16.0,5.0,4,49.0,2.0,40.0,1,1,0
7747,38.0,4.0,24.0,1.0,0,39.0,1.0,40.0,0,1,1
7748,49.0,2.0,22.0,1.0,0,41.0,1.0,40.0,0,1,1
7749,47.0,1.0,17.0,3.0,0,303.0,13.0,30.0,0,0,0
7750,19.0,8.0,20.0,5.0,1,13.0,2.0,8.0,0,1,0
7751,23.0,2.0,18.0,5.0,1,54.0,17.0,20.0,0,1,0
7752,25.0,1.0,21.0,1.0,4,49.0,0.0,40.0,1,1,1
7753,36.0,1.0,16.0,1.0,2,49.0,10.0,45.0,0,1,1
7754,21.0,1.0,17.0,1.0,4,30.0,9.0,40.0,1,1,0
7755,59.0,6.0,20.0,1.0,0,49.0,1.0,40.0,1,0,1
7756,29.0,1.0,20.0,5.0,2,110.0,12.0,20.0,0,1,0
7757,58.0,1.0,21.0,1.0,2,16.0,0.0,50.0,1,1,1
7758,39.0,7.0,16.0,1.0,2,37.0,1.0,50.0,1,1,1
7759,19.0,3.0,16.0,1.0,4,110.0,2.0,40.0,1,0,0
7760,59.0,3.0,21.0,1.0,0,32.0,0.0,15.0,0,1,0
7761,56.0,1.0,19.0,3.0,4,30.0,0.0,60.0,1,1,1
7762,49.0,7.0,21.0,1.0,0,49.0,0.0,40.0,1,1,1
7763,64.0,1.0,18.0,1.0,4,49.0,1.0,25.0,0,1,0
7764,24.0,1.0,19.0,1.0,4,41.0,1.0,40.0,1,1,1
7765,34.0,1.0,20.0,1.0,0,6.0,1.0,40.0,0,1,1
7766,30.0,1.0,18.0,5.0,2,49.0,12.0,55.0,0,1,1
7767,51.0,6.0,16.0,1.0,4,17.0,0.0,50.0,0,1,1
7768,27.0,1.0,21.0,5.0,1,49.0,0.0,40.0,1,1,1
7769,58.0,1.0,16.0,1.0,4,49.0,1.0,40.0,1,1,1
7770,22.0,2.0,19.0,1.0,2,49.0,1.0,24.0,0,1,0
7771,40.0,1.0,18.0,1.0,4,46.0,0.0,40.0,1,1,1
7772,35.0,1.0,17.0,1.0,0,49.0,2.0,18.0,0,1,0
7773,60.0,1.0,19.0,1.0,2,50.0,0.0,45.0,0,1,1
7774,30.0,1.0,16.0,1.0,0,49.0,1.0,40.0,0,1,0
7775,63.0,4.0,21.0,1.0,0,49.0,1.0,35.0,0,1,1
7776,25.0,1.0,19.0,1.0,3,363.0,10.0,40.0,1,1,0
7777,22.0,1.0,19.0,1.0,0,49.0,1.0,40.0,0,1,0
7778,66.0,1.0,18.0,3.0,2,46.0,13.0,40.0,0,1,1
7779,17.0,5.0,13.0,5.0,0,49.0,7.0,40.0,0,1,0
7780,26.0,5.0,21.0,1.0,0,49.0,0.0,40.0,1,1,1
7781,63.0,3.0,16.0,1.0,0,49.0,0.0,40.0,0,1,1
7782,61.0,1.0,18.0,1.0,3,207.0,0.0,40.0,1,0,1
7783,59.0,4.0,21.0,5.0,1,49.0,0.0,25.0,1,1,1
7784,35.0,7.0,18.0,1.0,3,49.0,0.0,25.0,1,0,0
7785,41.0,1.0,21.0,3.0,1,4.0,11.0,25.0,1,1,0
7786,45.0,7.0,20.0,1.0,1,49.0,0.0,20.0,1,1,0
7787,59.0,2.0,19.0,2.0,1,49.0,0.0,20.0,0,1,0
7788,26.0,3.0,21.0,1.0,1,49.0,1.0,40.0,1,1,0
7789,46.0,1.0,16.0,1.0,4,16.0,1.0,60.0,1,1,0
7790,56.0,1.0,20.0,1.0,0,49.0,1.0,20.0,0,1,0
7791,34.0,1.0,21.0,1.0,0,370.0,1.0,25.0,0,0,1
7792,31.0,1.0,21.0,1.0,0,55.0,0.0,45.0,1,1,1
7793,30.0,2.0,22.0,1.0,0,41.0,0.0,40.0,0,1,1
7794,23.0,1.0,20.0,5.0,0,49.0,17.0,15.0,0,1,0
7795,60.0,1.0,18.0,1.0,0,49.0,0.0,20.0,0,1,0
7796,42.0,6.0,21.0,1.0,1,49.0,1.0,20.0,0,1,0
7797,28.0,1.0,19.0,3.0,0,42.0,0.0,40.0,0,1,0
7798,47.0,1.0,19.0,1.0,0,36.0,0.0,80.0,1,1,1
7799,40.0,4.0,22.0,1.0,0,49.0,1.0,40.0,1,1,1
7800,41.0,1.0,19.0,1.0,2,51.0,0.0,16.0,1,1,0
7801,20.0,1.0,19.0,5.0,4,303.0,17.0,3.0,1,1,0
7802,26.0,1.0,21.0,5.0,0,42.0,0.0,60.0,1,1,1
7803,63.0,6.0,16.0,1.0,1,16.0,1.0,15.0,0,1,0
7804,39.0,2.0,19.0,3.0,0,49.0,2.0,40.0,1,1,1
7805,56.0,1.0,17.0,1.0,0,49.0,0.0,60.0,1,1,1
7806,52.0,5.0,21.0,1.0,2,16.0,0.0,40.0,0,1,1
7807,70.0,5.0,23.0,1.0,0,49.0,5.0,42.0,1,1,1
7808,61.0,7.0,21.0,1.0,0,49.0,1.0,60.0,0,1,1
7809,38.0,1.0,21.0,5.0,4,303.0,0.0,45.0,1,0,1
7810,38.0,1.0,18.0,1.0,0,49.0,0.0,45.0,1,1,1
7811,35.0,1.0,21.0,1.0,0,49.0,1.0,36.0,0,1,1
7812,26.0,1.0,21.0,5.0,0,49.0,0.0,6.0,0,1,0
7813,36.0,1.0,21.0,1.0,0,49.0,1.0,45.0,1,0,1
7814,60.0,2.0,18.0,2.0,1,31.0,0.0,25.0,0,1,0
7815,54.0,1.0,22.0,1.0,0,49.0,0.0,40.0,1,1,1
7816,26.0,4.0,22.0,5.0,0,205.0,0.0,40.0,1,0,1
7817,51.0,1.0,16.0,5.0,3,6.0,0.0,35.0,1,1,0
7818,63.0,1.0,21.0,1.0,0,49.0,0.0,40.0,1,1,1
7819,35.0,1.0,16.0,1.0,4,49.0,0.0,40.0,1,1,0
7820,24.0,1.0,18.0,5.0,1,49.0,0.0,20.0,1,1,0
7821,22.0,1.0,19.0,5.0,0,49.0,12.0,20.0,1,1,0
7822,57.0,1.0,21.0,3.0,0,120.0,0.0,40.0,1,1,1
7823,56.0,7.0,16.0,1.0,4,303.0,1.0,60.0,1,1,1
7824,49.0,2.0,19.0,1.0,4,41.0,1.0,38.0,1,1,1
7825,64.0,6.0,19.0,1.0,1,17.0,0.0,15.0,1,1,0
7826,70.0,6.0,21.0,1.0,0,49.0,1.0,40.0,0,1,1
7827,17.0,1.0,14.0,5.0,2,6.0,2.0,35.0,1,0,0
7828,22.0,1.0,19.0,1.0,1,49.0,17.0,58.0,1,1,0
7829,27.0,7.0,18.0,5.0,0,301.0,0.0,45.0,1,1,1
7830,64.0,5.0,21.0,1.0,4,210.0,0.0,40.0,1,0,1
7831,41.0,1.0,21.0,1.0,0,214.0,1.0,45.0,1,1,1
7832,68.0,4.0,22.0,1.0,0,213.0,1.0,20.0,0,1,1
7833,39.0,1.0,20.0,1.0,2,49.0,0.0,55.0,1,1,1
7834,23.0,2.0,21.0,5.0,2,6.0,2.0,20.0,0,1,0
7835,59.0,1.0,16.0,4.0,4,49.0,0.0,40.0,1,1,1
7836,43.0,6.0,16.0,3.0,3,301.0,0.0,4.0,1,1,0
7837,29.0,2.0,20.0,1.0,0,49.0,9.0,20.0,1,1,0
7838,27.0,1.0,20.0,5.0,0,49.0,2.0,40.0,1,1,0
7839,30.0,6.0,16.0,1.0,1,6.0,1.0,20.0,0,1,0
7840,43.0,1.0,19.0,1.0,3,49.0,1.0,40.0,1,1,1
7841,54.0,1.0,16.0,3.0,0,40.0,0.0,40.0,1,1,1
7842,37.0,1.0,16.0,1.0,4,49.0,0.0,25.0,1,1,0
7843,47.0,1.0,19.0,1.0,2,31.0,0.0,27.0,0,1,0
7844,67.0,2.0,21.0,1.0,0,49.0,0.0,36.0,0,1,1
7845,51.0,1.0,22.0,1.0,0,41.0,0.0,40.0,1,1,1
7846,35.0,1.0,22.0,1.0,0,49.0,0.0,58.0,1,1,1
7847,56.0,4.0,19.0,1.0,0,18.0,1.0,50.0,0,1,1
7848,21.0,2.0,19.0,5.0,1,49.0,12.0,32.0,0,1,0
7849,58.0,1.0,22.0,1.0,0,51.0,0.0,40.0,1,1,1
7850,64.0,1.0,17.0,1.0,2,16.0,1.0,40.0,1,1,1
7851,72.0,1.0,12.0,2.0,2,329.0,3.0,20.0,0,0,0
7852,27.0,5.0,23.0,3.0,0,16.0,0.0,25.0,1,1,1
7853,61.0,1.0,16.0,1.0,4,49.0,1.0,20.0,0,1,0
7854,25.0,1.0,21.0,5.0,0,49.0,12.0,40.0,0,1,1
7855,49.0,1.0,19.0,1.0,3,49.0,0.0,60.0,1,1,1
7856,49.0,1.0,16.0,1.0,2,40.0,0.0,48.0,1,0,1
7857,44.0,1.0,21.0,1.0,0,49.0,1.0,60.0,1,1,1
7858,35.0,1.0,20.0,1.0,0,6.0,1.0,40.0,1,1,1
7859,25.0,1.0,16.0,5.0,3,51.0,17.0,40.0,1,1,0
7860,55.0,1.0,22.0,1.0,0,49.0,1.0,40.0,0,1,1
7861,24.0,1.0,19.0,5.0,2,8.0,11.0,4.0,0,1,0
7862,58.0,4.0,22.0,1.0,0,49.0,0.0,40.0,0,1,1
7863,28.0,1.0,21.0,5.0,0,49.0,2.0,40.0,1,1,1
7864,23.0,2.0,21.0,5.0,0,49.0,12.0,40.0,1,1,1
7865,28.0,2.0,20.0,1.0,2,48.0,1.0,45.0,1,1,1
7866,60.0,1.0,21.0,1.0,0,48.0,1.0,14.0,1,1,1
7867,22.0,2.0,20.0,1.0,1,32.0,1.0,40.0,0,1,0
7868,44.0,1.0,21.0,1.0,2,49.0,0.0,40.0,1,1,1
7869,26.0,3.0,20.0,1.0,1,313.0,1.0,40.0,0,1,0
7870,52.0,3.0,16.0,1.0,0,8.0,1.0,30.0,0,1,0
7871,46.0,6.0,21.0,1.0,1,6.0,1.0,25.0,0,0,0
7872,51.0,1.0,21.0,1.0,4,49.0,0.0,50.0,1,1,1
7873,34.0,3.0,21.0,1.0,0,370.0,0.0,20.0,1,0,0
7874,40.0,1.0,19.0,1.0,0,49.0,1.0,40.0,1,1,0
7875,40.0,1.0,20.0,1.0,1,210.0,0.0,40.0,0,0,0
7876,59.0,1.0,20.0,1.0,2,110.0,1.0,35.0,0,1,0
7877,49.0,1.0,21.0,1.0,0,49.0,0.0,32.0,0,1,1
7878,27.0,1.0,17.0,1.0,4,30.0,15.0,25.0,1,1,0
7879,41.0,2.0,16.0,1.0,0,49.0,0.0,60.0,1,1,1
7880,36.0,1.0,17.0,3.0,4,49.0,0.0,40.0,1,1,0
7881,77.0,2.0,16.0,5.0,4,6.0,0.0,40.0,1,1,1
7882,34.0,1.0,16.0,1.0,0,49.0,1.0,50.0,1,1,1
7883,64.0,2.0,21.0,1.0,0,37.0,0.0,36.0,1,0,0
7884,38.0,1.0,20.0,1.0,0,34.0,1.0,40.0,1,1,1
7885,60.0,1.0,19.0,1.0,2,49.0,0.0,40.0,0,0,0
7886,28.0,1.0,21.0,1.0,0,49.0,1.0,30.0,1,1,1
7887,59.0,1.0,20.0,1.0,4,233.0,0.0,60.0,1,0,1
7888,37.0,1.0,16.0,5.0,2,17.0,2.0,20.0,0,1,0
7889,30.0,1.0,20.0,5.0,0,6.0,0.0,20.0,0,1,0
7890,41.0,1.0,21.0,1.0,2,6.0,1.0,40.0,0,1,1
7891,55.0,1.0,19.0,1.0,1,41.0,1.0,10.0,1,1,0
7892,42.0,5.0,19.0,3.0,4,6.0,0.0,40.0,1,0,1
7893,56.0,1.0,16.0,3.0,0,42.0,5.0,40.0,0,1,0
7894,45.0,4.0,24.0,3.0,0,49.0,0.0,50.0,0,1,1
7895,26.0,1.0,16.0,5.0,3,49.0,7.0,40.0,1,1,1
7896,28.0,3.0,20.0,5.0,0,49.0,9.0,25.0,1,1,0
7897,50.0,3.0,16.0,1.0,3,49.0,4.0,46.0,1,1,0
7898,45.0,1.0,16.0,1.0,3,49.0,0.0,50.0,1,1,1
7899,52.0,1.0,16.0,1.0,3,49.0,1.0,70.0,1,1,0
7900,19.0,1.0,19.0,5.0,2,49.0,2.0,60.0,1,1,0
7901,52.0,1.0,21.0,1.0,2,303.0,0.0,40.0,1,0,1
7902,46.0,2.0,21.0,1.0,1,53.0,0.0,40.0,0,1,1
7903,22.0,1.0,19.0,5.0,4,468.0,4.0,30.0,1,0,0
7904,51.0,1.0,17.0,1.0,2,45.0,1.0,10.0,0,1,0
7905,29.0,1.0,22.0,5.0,0,49.0,0.0,20.0,1,1,0
7906,31.0,2.0,19.0,5.0,2,27.0,0.0,32.0,0,0,0
7907,19.0,1.0,16.0,5.0,2,16.0,2.0,6.0,0,1,0
7908,25.0,1.0,21.0,5.0,0,49.0,17.0,10.0,0,1,0
7909,22.0,1.0,19.0,1.0,1,49.0,9.0,20.0,0,1,0
7910,43.0,3.0,21.0,1.0,0,49.0,1.0,60.0,0,1,0
7911,31.0,1.0,22.0,1.0,0,49.0,1.0,40.0,0,1,1
7912,27.0,3.0,19.0,1.0,4,49.0,1.0,40.0,1,1,1
7913,32.0,3.0,21.0,1.0,0,13.0,1.0,40.0,0,0,1
7914,21.0,1.0,19.0,5.0,1,49.0,12.0,24.0,0,1,0
7915,40.0,2.0,21.0,1.0,4,49.0,0.0,40.0,0,1,1
7916,29.0,1.0,21.0,5.0,0,49.0,15.0,45.0,1,1,1
7917,29.0,1.0,20.0,5.0,1,26.0,0.0,50.0,0,1,1
7918,47.0,1.0,19.0,1.0,0,16.0,0.0,40.0,1,1,1
7919,34.0,3.0,22.0,1.0,0,49.0,0.0,40.0,1,1,1
7920,29.0,1.0,19.0,1.0,3,49.0,1.0,40.0,1,1,0
7921,20.0,6.0,3.0,5.0,1,49.0,12.0,20.0,1,1,0
7922,46.0,1.0,16.0,1.0,1,6.0,1.0,40.0,0,1,0
7923,30.0,7.0,21.0,1.0,0,49.0,0.0,10.0,1,1,0
7924,47.0,1.0,21.0,1.0,2,49.0,0.0,40.0,0,1,1
7925,35.0,4.0,21.0,5.0,2,16.0,2.0,20.0,1,1,0
7926,33.0,1.0,23.0,1.0,0,26.0,1.0,20.0,1,1,1
7927,23.0,1.0,21.0,5.0,2,26.0,2.0,15.0,0,1,0
7928,24.0,1.0,21.0,1.0,0,303.0,0.0,50.0,1,0,1
7929,46.0,1.0,19.0,1.0,0,49.0,0.0,40.0,1,1,0
7930,40.0,1.0,21.0,1.0,0,49.0,1.0,40.0,0,1,1
7931,40.0,1.0,19.0,1.0,0,49.0,1.0,40.0,1,1,1
7932,38.0,4.0,19.0,1.0,0,49.0,0.0,40.0,1,1,1
7933,30.0,1.0,19.0,5.0,0,49.0,2.0,45.0,0,1,0
7934,23.0,1.0,19.0,5.0,0,48.0,12.0,15.0,0,1,0
7935,36.0,1.0,21.0,1.0,1,49.0,1.0,4.0,0,1,0
7936,34.0,1.0,18.0,5.0,1,527.0,2.0,40.0,1,0,1
7937,43.0,1.0,19.0,1.0,2,38.0,0.0,40.0,0,1,0
7938,43.0,1.0,22.0,1.0,0,5.0,0.0,65.0,1,1,1
7939,51.0,1.0,16.0,1.0,4,49.0,0.0,40.0,1,1,1
7940,62.0,1.0,21.0,1.0,2,49.0,0.0,48.0,1,1,1
7941,23.0,2.0,19.0,1.0,0,49.0,17.0,35.0,0,1,0
7942,56.0,5.0,21.0,3.0,0,12.0,0.0,40.0,1,1,1
7943,44.0,1.0,22.0,1.0,0,49.0,0.0,32.0,1,1,1
7944,19.0,1.0,14.0,5.0,4,49.0,2.0,40.0,1,1,0
7945,21.0,1.0,20.0,1.0,2,49.0,1.0,25.0,1,1,0
7946,62.0,1.0,13.0,1.0,0,49.0,1.0,54.0,1,1,1
7947,38.0,1.0,16.0,1.0,2,49.0,1.0,40.0,1,1,0
7948,56.0,6.0,22.0,1.0,0,49.0,1.0,15.0,1,1,1
7949,47.0,3.0,22.0,1.0,0,49.0,0.0,42.0,0,0,1
7950,27.0,1.0,19.0,1.0,2,49.0,0.0,35.0,0,1,0
7951,39.0,1.0,16.0,1.0,0,49.0,1.0,55.0,1,1,1
7952,55.0,4.0,21.0,1.0,0,27.0,1.0,67.0,1,0,1
7953,41.0,1.0,19.0,1.0,2,49.0,2.0,41.0,1,1,1
7954,28.0,1.0,22.0,1.0,0,49.0,1.0,20.0,0,1,1
7955,42.0,1.0,16.0,5.0,2,303.0,2.0,37.0,0,0,0
7956,24.0,3.0,19.0,1.0,0,210.0,9.0,20.0,1,0,0
7957,44.0,1.0,22.0,3.0,0,16.0,0.0,30.0,1,1,0
7958,21.0,6.0,19.0,1.0,0,49.0,0.0,35.0,1,1,0
7959,29.0,1.0,17.0,1.0,0,32.0,0.0,40.0,1,1,1
7960,56.0,1.0,16.0,1.0,4,16.0,1.0,40.0,1,1,1
7961,33.0,1.0,16.0,1.0,3,49.0,1.0,45.0,1,1,1
7962,40.0,1.0,19.0,1.0,2,17.0,1.0,30.0,0,0,0
7963,56.0,1.0,16.0,3.0,2,49.0,0.0,16.0,0,1,0
7964,24.0,1.0,16.0,5.0,3,49.0,16.0,40.0,1,1,0
7965,36.0,4.0,21.0,1.0,0,40.0,0.0,50.0,1,1,1
7966,35.0,1.0,21.0,5.0,-1,17.0,0.0,40.0,1,1,1
7967,65.0,6.0,21.0,1.0,2,247.0,1.0,24.0,0,0,0
7968,35.0,1.0,20.0,5.0,2,16.0,0.0,40.0,0,1,1
7969,54.0,4.0,21.0,1.0,0,303.0,1.0,20.0,0,1,0
7970,20.0,4.0,19.0,1.0,1,49.0,0.0,40.0,0,1,0
7971,67.0,4.0,16.0,3.0,0,6.0,13.0,40.0,0,1,0
7972,21.0,1.0,16.0,5.0,2,49.0,2.0,35.0,0,1,0
7973,51.0,7.0,22.0,1.0,0,49.0,0.0,50.0,1,1,1
7974,20.0,6.0,16.0,5.0,0,41.0,10.0,25.0,0,1,0
7975,51.0,1.0,21.0,1.0,0,30.0,0.0,3.0,0,1,1
7976,37.0,1.0,15.0,1.0,2,49.0,1.0,60.0,1,1,0
7977,42.0,1.0,13.0,1.0,1,233.0,1.0,15.0,0,0,0
7978,20.0,1.0,18.0,5.0,2,49.0,2.0,45.0,1,1,0
7979,65.0,1.0,21.0,5.0,0,49.0,17.0,40.0,0,1,1
7980,17.0,1.0,14.0,5.0,4,49.0,2.0,40.0,1,1,0
7981,27.0,1.0,20.0,5.0,1,41.0,0.0,30.0,0,1,0
7982,37.0,1.0,21.0,1.0,1,49.0,1.0,15.0,0,1,0
7983,19.0,1.0,19.0,1.0,2,49.0,17.0,20.0,0,1,0
7984,51.0,4.0,21.0,1.0,0,49.0,1.0,40.0,0,1,1
7985,26.0,1.0,19.0,5.0,4,49.0,2.0,30.0,1,1,0
7986,51.0,1.0,19.0,5.0,2,49.0,11.0,15.0,0,1,0
7987,26.0,1.0,19.0,5.0,3,6.0,17.0,3.0,1,1,0
7988,24.0,1.0,16.0,1.0,4,49.0,1.0,50.0,1,1,0
7989,46.0,5.0,22.0,1.0,2,6.0,0.0,40.0,0,1,0
7990,27.0,1.0,22.0,5.0,2,49.0,2.0,12.0,1,1,0
7991,66.0,4.0,16.0,1.0,0,42.0,1.0,40.0,1,1,1
7992,32.0,1.0,20.0,1.0,0,16.0,0.0,60.0,0,1,1
7993,26.0,1.0,20.0,5.0,1,49.0,13.0,40.0,1,1,0
7994,51.0,1.0,16.0,3.0,3,5.0,0.0,60.0,1,1,1
7995,54.0,7.0,21.0,1.0,1,55.0,1.0,50.0,1,1,1
7996,49.0,1.0,23.0,1.0,0,49.0,1.0,40.0,1,1,1
7997,64.0,7.0,20.0,1.0,2,49.0,0.0,30.0,0,1,0
7998,63.0,1.0,1.0,5.0,0,49.0,17.0,40.0,1,1,0
7999,41.0,3.0,16.0,1.0,0,49.0,1.0,40.0,1,1,0
8000,66.0,1.0,18.0,3.0,3,6.0,0.0,52.0,1,0,1
8001,47.0,7.0,21.0,1.0,-1,32.0,0.0,50.0,1,1,1
8002,28.0,1.0,21.0,1.0,0,49.0,9.0,40.0,1,1,0
8003,19.0,1.0,19.0,1.0,1,35.0,2.0,27.0,0,1,0
8004,62.0,3.0,7.0,1.0,3,49.0,0.0,40.0,1,1,1
8005,29.0,1.0,20.0,1.0,0,49.0,0.0,60.0,0,1,1
8006,69.0,2.0,23.0,1.0,0,49.0,0.0,45.0,1,1,1
8007,30.0,1.0,21.0,1.0,0,13.0,1.0,85.0,0,1,0
8008,20.0,2.0,18.0,5.0,0,49.0,10.0,20.0,0,1,0
8009,20.0,1.0,19.0,5.0,2,48.0,10.0,40.0,1,1,0
8010,31.0,3.0,20.0,1.0,0,49.0,1.0,40.0,1,1,1
8011,21.0,1.0,17.0,5.0,1,6.0,2.0,20.0,1,1,0
8012,44.0,1.0,20.0,5.0,1,49.0,0.0,16.0,0,1,0
8013,64.0,5.0,22.0,1.0,0,17.0,1.0,40.0,1,1,1
8014,23.0,1.0,20.0,1.0,2,233.0,0.0,27.0,0,0,0
8015,24.0,1.0,18.0,5.0,1,303.0,12.0,40.0,0,0,0
8016,53.0,1.0,21.0,1.0,3,303.0,1.0,45.0,1,0,1
8017,24.0,1.0,20.0,1.0,3,34.0,1.0,60.0,1,1,0
8018,41.0,4.0,21.0,1.0,2,49.0,1.0,40.0,0,1,1
8019,50.0,1.0,23.0,4.0,0,32.0,2.0,40.0,1,1,1
8020,24.0,4.0,16.0,1.0,3,217.0,1.0,20.0,1,0,0
8021,47.0,3.0,20.0,1.0,1,49.0,0.0,25.0,1,1,1
8022,65.0,1.0,21.0,1.0,1,116.0,0.0,15.0,0,0,0
8023,30.0,1.0,16.0,5.0,0,49.0,0.0,20.0,1,1,1
8024,23.0,1.0,16.0,1.0,2,30.0,1.0,20.0,0,1,0
8025,31.0,1.0,9.0,4.0,0,49.0,0.0,40.0,1,1,1
8026,42.0,1.0,20.0,1.0,2,49.0,0.0,50.0,1,1,1
8027,29.0,1.0,16.0,5.0,4,48.0,2.0,40.0,0,1,0
8028,60.0,7.0,21.0,1.0,0,12.0,0.0,30.0,1,1,1
8029,17.0,1.0,13.0,5.0,1,49.0,2.0,30.0,0,1,0
8030,46.0,1.0,22.0,1.0,0,49.0,0.0,40.0,1,1,1
8031,38.0,1.0,16.0,1.0,0,49.0,1.0,40.0,1,1,1
8032,52.0,3.0,21.0,1.0,0,6.0,0.0,40.0,0,1,1
8033,61.0,6.0,13.0,5.0,1,12.0,0.0,36.0,1,1,0
8034,58.0,1.0,16.0,1.0,4,49.0,0.0,40.0,1,1,0
8035,17.0,1.0,13.0,5.0,4,47.0,2.0,40.0,1,0,0
8036,59.0,1.0,16.0,1.0,3,49.0,1.0,40.0,1,1,1
8037,42.0,6.0,21.0,1.0,0,49.0,2.0,40.0,1,1,1
8038,45.0,3.0,23.0,1.0,0,49.0,0.0,45.0,1,1,1
8039,23.0,1.0,21.0,1.0,0,53.0,0.0,40.0,1,1,1
8040,29.0,7.0,21.0,1.0,0,55.0,0.0,50.0,1,1,1
8041,50.0,1.0,16.0,1.0,4,49.0,0.0,50.0,0,1,1
8042,60.0,1.0,19.0,3.0,3,8.0,0.0,2.0,1,1,0
8043,23.0,1.0,19.0,5.0,1,24.0,17.0,30.0,1,1,0
8044,19.0,1.0,16.0,5.0,4,49.0,2.0,40.0,1,1,0
8045,54.0,4.0,21.0,1.0,0,49.0,0.0,42.0,1,1,1
8046,54.0,1.0,21.0,1.0,2,30.0,0.0,40.0,0,1,0
8047,62.0,7.0,16.0,1.0,2,66.0,1.0,25.0,0,0,1
8048,52.0,4.0,20.0,1.0,0,6.0,0.0,40.0,1,1,1
8049,38.0,4.0,22.0,1.0,0,49.0,1.0,40.0,0,1,0
8050,51.0,1.0,16.0,1.0,3,49.0,0.0,50.0,1,1,1
8051,39.0,4.0,21.0,1.0,0,49.0,1.0,50.0,1,1,1
8052,19.0,1.0,16.0,5.0,1,49.0,2.0,40.0,0,1,0
8053,68.0,2.0,16.0,1.0,1,49.0,0.0,36.0,1,1,1
8054,92.0,6.0,16.0,5.0,4,4.0,15.0,45.0,1,0,1
8055,41.0,1.0,16.0,1.0,1,49.0,0.0,38.0,0,1,0
8056,44.0,3.0,21.0,1.0,0,6.0,9.0,40.0,0,1,1
8057,20.0,2.0,20.0,1.0,1,362.0,17.0,40.0,1,0,0
8058,36.0,1.0,16.0,1.0,3,16.0,0.0,48.0,1,1,1
8059,55.0,5.0,21.0,1.0,0,49.0,1.0,50.0,0,1,1
8060,64.0,2.0,18.0,1.0,0,49.0,1.0,40.0,0,1,1
8061,66.0,1.0,21.0,1.0,0,49.0,0.0,40.0,0,1,0
8062,20.0,1.0,20.0,5.0,1,370.0,2.0,12.0,1,0,0
8063,50.0,4.0,17.0,3.0,2,49.0,2.0,46.0,0,1,0
8064,48.0,1.0,16.0,1.0,4,49.0,0.0,40.0,1,1,1
8065,29.0,5.0,23.0,1.0,0,49.0,1.0,40.0,1,1,1
8066,57.0,4.0,22.0,1.0,0,49.0,1.0,40.0,0,1,1
8067,21.0,3.0,19.0,1.0,1,49.0,0.0,40.0,0,1,0
8068,22.0,2.0,19.0,5.0,1,32.0,17.0,40.0,0,1,0
8069,59.0,1.0,21.0,5.0,0,6.0,0.0,40.0,0,1,1
8070,40.0,1.0,16.0,1.0,0,12.0,1.0,40.0,0,1,1
8071,60.0,1.0,20.0,1.0,4,49.0,0.0,45.0,0,1,0
8072,29.0,1.0,16.0,3.0,3,303.0,0.0,40.0,1,0,1
8073,23.0,1.0,18.0,5.0,2,49.0,2.0,40.0,1,1,0
8074,39.0,5.0,22.0,1.0,0,49.0,0.0,40.0,1,1,1
8075,66.0,3.0,16.0,5.0,1,49.0,2.0,33.0,0,1,1
8076,43.0,1.0,19.0,1.0,1,49.0,0.0,50.0,1,1,1
8077,45.0,1.0,21.0,1.0,0,27.0,0.0,40.0,0,1,1
8078,33.0,1.0,20.0,3.0,2,49.0,0.0,60.0,1,1,1
8079,23.0,1.0,19.0,5.0,1,49.0,17.0,40.0,1,1,0
8080,59.0,3.0,19.0,5.0,0,49.0,0.0,10.0,1,1,1
8081,41.0,1.0,19.0,1.0,4,6.0,1.0,40.0,1,1,1
8082,57.0,1.0,16.0,3.0,4,6.0,0.0,50.0,1,0,1
8083,35.0,1.0,14.0,5.0,3,49.0,2.0,38.0,1,1,0
8084,41.0,1.0,21.0,1.0,0,49.0,1.0,40.0,1,1,1
8085,45.0,1.0,21.0,1.0,2,56.0,1.0,45.0,0,1,1
8086,25.0,2.0,21.0,1.0,0,49.0,1.0,39.0,0,1,0
8087,51.0,5.0,19.0,1.0,4,16.0,0.0,40.0,1,1,1
8088,43.0,4.0,20.0,1.0,2,6.0,1.0,35.0,0,1,0
8089,26.0,1.0,16.0,5.0,4,49.0,2.0,9.0,0,1,0
8090,41.0,1.0,22.0,1.0,0,49.0,1.0,50.0,0,1,1
8091,28.0,1.0,19.0,1.0,1,303.0,0.0,17.0,0,1,0
8092,25.0,1.0,16.0,1.0,1,49.0,1.0,40.0,0,1,0
8093,41.0,2.0,21.0,1.0,0,49.0,0.0,36.0,0,1,0
8094,25.0,1.0,20.0,5.0,4,49.0,2.0,20.0,1,1,0
8095,38.0,2.0,16.0,5.0,1,6.0,13.0,15.0,0,1,0
8096,30.0,6.0,19.0,5.0,1,49.0,2.0,5.0,1,1,0
8097,34.0,1.0,20.0,1.0,4,49.0,0.0,15.0,0,0,0
8098,45.0,3.0,19.0,1.0,0,16.0,1.0,40.0,1,1,1
8099,23.0,1.0,16.0,4.0,3,49.0,0.0,40.0,0,1,0
8100,47.0,1.0,18.0,1.0,4,49.0,0.0,40.0,1,1,0
8101,32.0,7.0,21.0,5.0,0,49.0,0.0,40.0,1,1,1
8102,32.0,1.0,22.0,1.0,0,370.0,0.0,40.0,0,1,0
8103,29.0,1.0,16.0,3.0,0,6.0,5.0,40.0,0,1,0
8104,22.0,1.0,19.0,5.0,2,32.0,0.0,10.0,0,0,0
8105,35.0,1.0,16.0,5.0,3,6.0,5.0,25.0,1,1,0
8106,23.0,1.0,16.0,5.0,3,49.0,2.0,15.0,1,1,0
8107,55.0,1.0,16.0,1.0,2,49.0,0.0,50.0,1,1,1
8108,35.0,1.0,21.0,1.0,1,49.0,1.0,50.0,1,1,1
8109,52.0,1.0,20.0,3.0,0,217.0,0.0,50.0,1,1,1
8110,27.0,1.0,18.0,1.0,1,6.0,1.0,40.0,0,1,1
8111,31.0,1.0,21.0,1.0,0,49.0,0.0,25.0,1,1,1
8112,59.0,3.0,21.0,1.0,4,6.0,1.0,30.0,1,1,0
8113,36.0,3.0,21.0,1.0,0,49.0,1.0,10.0,0,1,0
8114,60.0,1.0,16.0,3.0,2,49.0,11.0,84.0,0,1,0
8115,32.0,4.0,24.0,1.0,0,49.0,0.0,40.0,1,1,1
8116,26.0,1.0,18.0,5.0,2,207.0,4.0,20.0,1,0,0
8117,40.0,1.0,24.0,1.0,0,49.0,0.0,45.0,0,1,1
8118,30.0,1.0,21.0,1.0,4,6.0,1.0,35.0,1,0,1
8119,53.0,1.0,22.0,1.0,3,49.0,1.0,40.0,0,1,1
8120,39.0,7.0,22.0,1.0,0,6.0,0.0,48.0,1,1,1
8121,28.0,1.0,20.0,1.0,2,49.0,0.0,38.0,1,1,0
8122,36.0,1.0,21.0,5.0,2,6.0,2.0,60.0,1,1,1
8123,45.0,1.0,21.0,1.0,0,49.0,1.0,24.0,0,1,1
8124,30.0,1.0,11.0,4.0,4,49.0,8.0,10.0,0,1,0
8125,52.0,1.0,16.0,4.0,1,49.0,0.0,10.0,0,1,0
8126,41.0,1.0,19.0,5.0,4,49.0,0.0,25.0,0,1,0
8127,53.0,2.0,20.0,1.0,3,53.0,0.0,40.0,1,1,1
8128,58.0,4.0,21.0,1.0,0,49.0,0.0,50.0,0,1,1
8129,40.0,1.0,22.0,1.0,-1,49.0,1.0,25.0,1,1,0
8130,25.0,1.0,22.0,5.0,0,6.0,5.0,50.0,1,1,1
8131,41.0,1.0,16.0,1.0,3,247.0,1.0,50.0,1,0,1
8132,28.0,3.0,19.0,1.0,1,49.0,1.0,5.0,0,1,0
8133,18.0,1.0,19.0,5.0,1,303.0,17.0,40.0,0,0,0
8134,25.0,1.0,20.0,5.0,0,49.0,13.0,15.0,0,1,0
8135,42.0,1.0,16.0,3.0,4,12.0,13.0,40.0,1,0,1
8136,63.0,2.0,21.0,1.0,2,49.0,9.0,25.0,0,1,0
8137,22.0,4.0,19.0,5.0,2,6.0,17.0,35.0,0,1,0
8138,49.0,5.0,20.0,1.0,0,49.0,0.0,40.0,1,1,1
8139,45.0,3.0,16.0,1.0,0,49.0,0.0,40.0,0,1,1
8140,36.0,1.0,21.0,1.0,5,49.0,0.0,45.0,1,1,1
8141,53.0,3.0,18.0,1.0,2,49.0,1.0,40.0,0,1,1
8142,64.0,2.0,20.0,1.0,4,49.0,0.0,50.0,1,1,1
8143,18.0,3.0,18.0,5.0,1,49.0,2.0,50.0,0,1,0
8144,19.0,3.0,14.0,5.0,1,38.0,12.0,20.0,1,1,0
8145,42.0,3.0,20.0,1.0,2,49.0,1.0,40.0,0,1,1
8146,25.0,1.0,16.0,5.0,2,4.0,0.0,25.0,1,0,0
8147,40.0,1.0,21.0,1.0,0,49.0,0.0,25.0,1,1,1
8148,22.0,1.0,18.0,5.0,1,49.0,0.0,20.0,1,1,0
8149,33.0,1.0,20.0,5.0,0,49.0,12.0,40.0,0,1,1
8150,39.0,6.0,19.0,3.0,0,36.0,0.0,15.0,0,1,0
8151,50.0,1.0,19.0,1.0,3,207.0,1.0,40.0,1,0,1
8152,46.0,3.0,16.0,1.0,1,49.0,1.0,15.0,0,1,0
8153,39.0,2.0,1.0,1.0,4,35.0,1.0,28.0,0,0,0
8154,28.0,5.0,18.0,5.0,3,163.0,0.0,50.0,1,0,1
8155,59.0,1.0,18.0,4.0,2,49.0,0.0,42.0,0,1,1
8156,31.0,1.0,18.0,1.0,0,49.0,1.0,30.0,0,1,1
8157,23.0,1.0,21.0,5.0,-1,49.0,0.0,40.0,1,1,1
8158,54.0,1.0,15.0,1.0,0,6.0,0.0,40.0,0,1,1
8159,46.0,1.0,21.0,3.0,2,49.0,0.0,40.0,1,0,1
8160,20.0,1.0,19.0,5.0,1,49.0,17.0,60.0,1,1,0
8161,47.0,1.0,16.0,1.0,4,6.0,0.0,8.0,1,1,0
8162,59.0,5.0,19.0,1.0,1,49.0,1.0,40.0,0,0,0
8163,42.0,1.0,16.0,1.0,3,6.0,1.0,40.0,1,0,0
8164,48.0,1.0,20.0,1.0,2,36.0,0.0,16.0,0,1,1
8165,36.0,1.0,22.0,1.0,0,49.0,0.0,40.0,1,1,1
8166,57.0,2.0,21.0,1.0,0,20.0,1.0,10.0,0,1,0
8167,45.0,1.0,16.0,3.0,3,25.0,0.0,45.0,1,1,1
8168,20.0,1.0,19.0,1.0,2,303.0,17.0,40.0,1,1,0
8169,25.0,2.0,20.0,1.0,2,4.0,1.0,45.0,0,1,0
8170,24.0,1.0,16.0,1.0,2,49.0,6.0,40.0,0,1,0
8171,18.0,1.0,16.0,5.0,2,49.0,7.0,16.0,0,1,0
8172,33.0,1.0,19.0,5.0,0,49.0,2.0,40.0,1,1,0
8173,46.0,1.0,22.0,5.0,0,49.0,0.0,40.0,0,1,1
8174,55.0,4.0,19.0,1.0,0,49.0,0.0,40.0,0,1,1
8175,39.0,1.0,19.0,1.0,0,8.0,0.0,50.0,1,1,1
8176,49.0,1.0,18.0,5.0,2,49.0,0.0,15.0,0,1,0
8177,30.0,1.0,23.0,1.0,0,41.0,1.0,30.0,1,1,1
8178,23.0,1.0,16.0,1.0,4,53.0,1.0,12.0,1,0,0
8179,34.0,1.0,20.0,5.0,0,49.0,0.0,40.0,1,1,0
8180,34.0,1.0,4.0,1.0,2,49.0,1.0,40.0,0,1,0
8181,26.0,1.0,19.0,1.0,2,303.0,1.0,35.0,1,1,0
8182,37.0,3.0,20.0,1.0,2,12.0,1.0,40.0,1,1,1
8183,18.0,1.0,18.0,5.0,1,49.0,2.0,40.0,0,1,0
8184,17.0,1.0,14.0,5.0,2,8.0,2.0,25.0,0,1,0
8185,64.0,6.0,21.0,2.0,2,49.0,0.0,45.0,0,1,1
8186,38.0,1.0,16.0,3.0,4,48.0,13.0,42.0,1,1,1
8187,39.0,6.0,18.0,1.0,4,49.0,0.0,20.0,0,1,1
8188,63.0,1.0,1.0,5.0,2,49.0,17.0,12.0,0,1,0
8189,31.0,1.0,16.0,1.0,0,228.0,0.0,50.0,1,0,1
8190,31.0,2.0,23.0,1.0,0,6.0,0.0,40.0,1,1,1
8191,51.0,4.0,20.0,1.0,0,48.0,1.0,40.0,0,1,1
8192,28.0,1.0,21.0,1.0,-1,49.0,1.0,40.0,1,1,1
8193,57.0,6.0,16.0,1.0,3,8.0,1.0,44.0,1,0,1
8194,39.0,1.0,23.0,1.0,0,49.0,1.0,16.0,1,1,1
8195,40.0,7.0,19.0,1.0,0,38.0,0.0,10.0,0,1,0
8196,17.0,7.0,14.0,5.0,1,303.0,3.0,59.0,1,1,0
8197,30.0,5.0,21.0,1.0,2,41.0,1.0,40.0,1,1,1
8198,22.0,1.0,21.0,5.0,0,215.0,12.0,20.0,1,1,0
8199,63.0,1.0,18.0,1.0,0,49.0,1.0,50.0,0,1,1
8200,18.0,1.0,19.0,5.0,1,30.0,17.0,40.0,0,1,0
8201,56.0,6.0,20.0,1.0,2,49.0,0.0,15.0,1,1,0
8202,44.0,1.0,19.0,3.0,4,49.0,0.0,40.0,0,1,0
8203,43.0,3.0,22.0,1.0,0,49.0,1.0,50.0,1,1,1
8204,30.0,1.0,20.0,5.0,4,49.0,0.0,40.0,1,1,0
8205,25.0,1.0,21.0,1.0,2,49.0,1.0,30.0,0,1,0
8206,59.0,1.0,22.0,3.0,0,49.0,15.0,40.0,1,1,1
8207,27.0,3.0,21.0,1.0,0,364.0,1.0,22.0,0,1,1
8208,19.0,4.0,21.0,5.0,0,49.0,2.0,40.0,1,1,0
8209,40.0,4.0,21.0,1.0,0,11.0,1.0,40.0,0,1,0
8210,45.0,3.0,22.0,3.0,0,49.0,12.0,50.0,1,1,1
8211,60.0,3.0,14.0,2.0,1,215.0,0.0,25.0,0,1,0
8212,79.0,7.0,20.0,3.0,3,6.0,12.0,30.0,1,1,1
8213,44.0,1.0,21.0,1.0,2,49.0,0.0,40.0,0,1,1
8214,46.0,1.0,18.0,4.0,4,9.0,0.0,40.0,1,1,1
8215,51.0,1.0,22.0,5.0,0,303.0,0.0,15.0,0,1,0
8216,38.0,1.0,21.0,1.0,2,16.0,1.0,40.0,1,1,1
8217,61.0,1.0,19.0,1.0,1,49.0,0.0,40.0,0,1,0
8218,30.0,1.0,19.0,1.0,2,32.0,0.0,20.0,0,1,0
8219,27.0,1.0,20.0,1.0,4,49.0,2.0,40.0,1,1,0
8220,21.0,1.0,16.0,5.0,2,49.0,0.0,40.0,0,1,0
8221,22.0,2.0,19.0,1.0,0,49.0,1.0,30.0,0,1,0
8222,47.0,1.0,16.0,3.0,2,207.0,0.0,50.0,1,0,1
8223,36.0,1.0,22.0,1.0,0,49.0,1.0,40.0,0,0,1
8224,52.0,1.0,21.0,1.0,0,49.0,0.0,50.0,1,1,1
8225,46.0,6.0,16.0,1.0,0,49.0,1.0,50.0,0,1,1
8226,35.0,1.0,22.0,1.0,0,6.0,1.0,45.0,1,1,0
8227,28.0,1.0,16.0,1.0,0,49.0,1.0,32.0,0,1,0
8228,57.0,1.0,20.0,5.0,2,49.0,0.0,20.0,0,1,0
8229,52.0,1.0,19.0,3.0,1,35.0,0.0,4.0,0,1,0
8230,44.0,1.0,19.0,1.0,2,4.0,1.0,20.0,0,1,0
8231,35.0,6.0,16.0,1.0,2,49.0,1.0,48.0,0,1,1
8232,49.0,1.0,21.0,5.0,0,6.0,0.0,48.0,1,1,1
8233,18.0,1.0,14.0,5.0,4,49.0,2.0,40.0,1,1,0
8234,41.0,1.0,21.0,3.0,3,49.0,2.0,25.0,1,1,1
8235,21.0,1.0,17.0,5.0,2,6.0,10.0,40.0,0,1,0
8236,57.0,1.0,19.0,1.0,2,6.0,0.0,30.0,0,1,0
8237,49.0,1.0,17.0,1.0,4,49.0,1.0,40.0,0,1,1
8238,21.0,1.0,19.0,5.0,2,49.0,17.0,20.0,0,1,0
8239,21.0,2.0,18.0,1.0,0,16.0,9.0,45.0,1,1,0
8240,28.0,1.0,19.0,1.0,0,49.0,0.0,40.0,1,1,1
8241,42.0,7.0,21.0,1.0,0,49.0,1.0,40.0,1,1,1
8242,40.0,1.0,22.0,5.0,2,16.0,2.0,20.0,0,1,0
8243,38.0,1.0,20.0,1.0,-1,49.0,1.0,50.0,1,1,1
8244,39.0,1.0,19.0,1.0,1,16.0,1.0,60.0,0,1,0
8245,19.0,4.0,16.0,5.0,0,49.0,2.0,15.0,0,1,0
8246,39.0,3.0,19.0,1.0,1,53.0,5.0,40.0,1,1,0
8247,55.0,1.0,19.0,3.0,2,49.0,0.0,50.0,1,1,1
8248,54.0,1.0,21.0,5.0,0,49.0,0.0,12.0,0,1,0
8249,54.0,1.0,21.0,1.0,0,4.0,1.0,32.0,0,1,1
8250,47.0,1.0,21.0,3.0,0,49.0,0.0,45.0,0,1,1
8251,18.0,1.0,16.0,5.0,4,49.0,2.0,20.0,1,1,0
8252,68.0,2.0,16.0,5.0,1,49.0,0.0,20.0,0,1,0
8253,21.0,1.0,16.0,1.0,4,6.0,9.0,40.0,1,1,0
8254,60.0,4.0,18.0,1.0,0,6.0,0.0,50.0,1,1,1
8255,42.0,1.0,20.0,1.0,0,49.0,0.0,36.0,0,1,1
8256,43.0,4.0,22.0,1.0,0,15.0,0.0,20.0,0,0,0
8257,22.0,1.0,21.0,5.0,0,137.0,13.0,22.0,0,1,0
8258,20.0,1.0,19.0,5.0,4,312.0,2.0,18.0,1,0,0
8259,36.0,7.0,19.0,1.0,4,49.0,9.0,40.0,1,1,1
8260,32.0,4.0,20.0,5.0,1,49.0,2.0,45.0,1,1,0
8261,41.0,1.0,16.0,1.0,3,49.0,1.0,40.0,1,1,0
8262,41.0,1.0,20.0,5.0,3,365.0,2.0,55.0,1,0,1
8263,21.0,6.0,16.0,1.0,4,35.0,0.0,25.0,1,0,0
8264,53.0,4.0,22.0,1.0,0,6.0,0.0,40.0,1,1,1
8265,25.0,1.0,18.0,5.0,2,150.0,0.0,80.0,1,1,0
8266,38.0,6.0,22.0,1.0,0,16.0,1.0,30.0,1,1,1
8267,41.0,7.0,19.0,1.0,0,21.0,0.0,50.0,1,1,1
8268,48.0,6.0,13.0,5.0,1,511.0,15.0,25.0,0,1,0
8269,42.0,1.0,14.0,1.0,3,49.0,1.0,45.0,1,1,1
8270,59.0,1.0,20.0,1.0,2,49.0,1.0,50.0,1,1,1
8271,38.0,6.0,18.0,1.0,2,49.0,1.0,50.0,0,1,1
8272,29.0,1.0,16.0,1.0,0,6.0,1.0,5.0,0,1,0
8273,51.0,2.0,16.0,1.0,2,49.0,1.0,40.0,0,1,0
8274,60.0,1.0,15.0,1.0,1,49.0,0.0,50.0,1,1,1
8275,41.0,1.0,18.0,5.0,4,49.0,3.0,33.0,0,1,0
8276,59.0,3.0,16.0,1.0,0,49.0,1.0,25.0,1,1,0
8277,56.0,1.0,14.0,1.0,4,233.0,1.0,60.0,1,0,0
8278,28.0,1.0,21.0,1.0,0,31.0,0.0,40.0,0,1,0
8279,50.0,2.0,22.0,1.0,0,49.0,0.0,50.0,1,1,1
8280,25.0,6.0,21.0,1.0,2,17.0,0.0,13.0,0,1,0
8281,24.0,1.0,21.0,1.0,0,49.0,1.0,50.0,1,1,1
8282,21.0,1.0,18.0,5.0,2,53.0,2.0,30.0,0,1,0
8283,45.0,1.0,19.0,1.0,0,20.0,9.0,20.0,0,0,0
8284,40.0,1.0,19.0,1.0,0,49.0,0.0,28.0,0,1,0
8285,25.0,5.0,16.0,3.0,2,49.0,2.0,40.0,0,1,0
8286,53.0,3.0,21.0,1.0,0,49.0,1.0,40.0,1,1,1
8287,52.0,1.0,16.0,3.0,2,303.0,0.0,40.0,0,0,0
8288,32.0,2.0,19.0,1.0,0,4.0,0.0,40.0,0,1,1
8289,53.0,6.0,20.0,1.0,1,303.0,10.0,12.0,0,1,0
8290,36.0,1.0,14.0,1.0,3,16.0,0.0,40.0,1,1,1
8291,42.0,1.0,21.0,1.0,1,8.0,1.0,48.0,1,1,1
8292,61.0,1.0,19.0,1.0,3,49.0,1.0,55.0,1,1,1
8293,35.0,1.0,17.0,5.0,2,6.0,2.0,40.0,1,1,1
8294,19.0,1.0,19.0,5.0,2,53.0,2.0,40.0,0,1,0
8295,73.0,4.0,22.0,1.0,0,49.0,0.0,40.0,0,1,1
8296,27.0,1.0,16.0,4.0,4,39.0,4.0,50.0,1,1,1
8297,56.0,2.0,16.0,3.0,0,16.0,13.0,40.0,1,1,0
8298,61.0,4.0,21.0,1.0,1,21.0,0.0,30.0,0,1,1
8299,26.0,5.0,18.0,1.0,2,49.0,0.0,21.0,0,1,0
8300,22.0,1.0,19.0,5.0,2,49.0,13.0,50.0,0,1,0
8301,48.0,2.0,20.0,1.0,1,37.0,1.0,24.0,0,0,1
8302,47.0,1.0,19.0,1.0,1,6.0,0.0,40.0,1,0,1
8303,19.0,1.0,16.0,5.0,3,49.0,2.0,10.0,1,1,0
8304,59.0,7.0,19.0,1.0,0,6.0,1.0,40.0,1,0,1
8305,43.0,6.0,18.0,1.0,1,15.0,0.0,29.0,1,0,0
8306,51.0,1.0,21.0,1.0,0,49.0,0.0,40.0,1,1,1
8307,57.0,3.0,16.0,1.0,2,49.0,1.0,40.0,0,0,1
8308,36.0,1.0,19.0,1.0,3,49.0,0.0,40.0,1,1,1
8309,43.0,6.0,22.0,1.0,0,16.0,0.0,41.0,0,1,1
8310,28.0,1.0,21.0,5.0,0,49.0,0.0,6.0,1,1,0
8311,48.0,1.0,19.0,3.0,4,49.0,0.0,40.0,1,1,1
8312,50.0,1.0,20.0,1.0,4,303.0,0.0,40.0,1,1,0
8313,69.0,4.0,22.0,1.0,0,49.0,0.0,48.0,0,1,1
8314,72.0,3.0,19.0,5.0,0,49.0,0.0,65.0,0,1,1
8315,39.0,1.0,20.0,5.0,2,49.0,0.0,20.0,0,1,0
8316,25.0,1.0,19.0,1.0,1,49.0,0.0,40.0,1,1,0
8317,39.0,1.0,20.0,1.0,1,49.0,0.0,50.0,1,1,1
8318,53.0,2.0,19.0,5.0,2,49.0,5.0,34.0,0,0,0
8319,61.0,2.0,19.0,1.0,2,49.0,0.0,48.0,1,1,1
8320,19.0,4.0,16.0,5.0,1,4.0,2.0,12.0,0,1,0
8321,40.0,1.0,16.0,1.0,4,110.0,0.0,40.0,1,1,1
8322,24.0,1.0,21.0,1.0,0,6.0,0.0,50.0,1,1,1
8323,34.0,1.0,19.0,5.0,3,527.0,17.0,4.0,1,0,0
8324,22.0,2.0,20.0,5.0,0,41.0,13.0,40.0,0,1,0
8325,59.0,1.0,22.0,1.0,0,17.0,1.0,40.0,0,1,1
8326,21.0,1.0,19.0,5.0,0,6.0,17.0,40.0,1,1,0
8327,22.0,2.0,16.0,5.0,4,12.0,12.0,15.0,1,1,0
8328,21.0,1.0,18.0,1.0,4,303.0,2.0,35.0,0,0,0
8329,32.0,1.0,21.0,1.0,0,45.0,0.0,50.0,0,1,0
8330,47.0,1.0,19.0,1.0,0,40.0,0.0,40.0,0,1,1
8331,25.0,1.0,1.0,5.0,1,49.0,0.0,40.0,1,1,0
8332,19.0,1.0,19.0,5.0,1,25.0,2.0,40.0,1,1,0
8333,39.0,1.0,23.0,1.0,0,32.0,1.0,40.0,1,1,1
8334,36.0,5.0,11.0,1.0,3,16.0,10.0,50.0,1,1,0
8335,50.0,1.0,20.0,3.0,4,49.0,0.0,60.0,1,1,1
8336,28.0,1.0,20.0,5.0,1,49.0,2.0,40.0,1,1,0
8337,29.0,1.0,19.0,5.0,2,49.0,13.0,40.0,0,1,1
8338,20.0,1.0,16.0,5.0,1,49.0,17.0,15.0,0,1,0
8339,31.0,1.0,16.0,5.0,0,49.0,2.0,15.0,1,1,0
8340,21.0,1.0,19.0,3.0,2,49.0,2.0,40.0,0,1,0
8341,34.0,1.0,19.0,5.0,3,207.0,0.0,40.0,1,0,1
8342,35.0,1.0,18.0,1.0,4,49.0,0.0,45.0,1,0,1
8343,18.0,1.0,12.0,5.0,1,49.0,2.0,45.0,0,1,0
8344,53.0,7.0,21.0,1.0,0,6.0,1.0,60.0,1,0,1
8345,60.0,6.0,21.0,1.0,2,6.0,0.0,40.0,0,1,0
8346,61.0,2.0,24.0,1.0,0,49.0,0.0,40.0,0,1,1
8347,19.0,1.0,18.0,5.0,3,25.0,17.0,40.0,1,1,0
8348,21.0,1.0,19.0,5.0,1,215.0,2.0,12.0,0,1,0
8349,66.0,1.0,21.0,1.0,0,6.0,1.0,50.0,0,1,1
8350,25.0,1.0,18.0,5.0,4,6.0,10.0,40.0,1,1,0
8351,45.0,7.0,21.0,1.0,0,6.0,1.0,65.0,1,1,1
8352,30.0,1.0,16.0,1.0,1,6.0,1.0,50.0,0,1,0
8353,19.0,1.0,16.0,5.0,4,6.0,2.0,20.0,1,1,0
8354,66.0,1.0,17.0,1.0,4,49.0,1.0,50.0,1,1,1
8355,29.0,1.0,21.0,1.0,0,17.0,0.0,65.0,1,1,1
8356,41.0,1.0,18.0,1.0,1,6.0,1.0,27.0,0,1,0
8357,63.0,5.0,19.0,5.0,2,49.0,0.0,40.0,1,1,1
8358,52.0,6.0,21.0,2.0,2,49.0,0.0,45.0,0,1,1
8359,24.0,1.0,20.0,1.0,2,6.0,1.0,30.0,0,1,0
8360,19.0,4.0,19.0,5.0,1,49.0,2.0,40.0,1,1,0
8361,31.0,1.0,21.0,5.0,0,39.0,5.0,8.0,0,1,0
8362,43.0,1.0,19.0,5.0,0,39.0,0.0,20.0,0,1,0
8363,21.0,2.0,21.0,5.0,0,215.0,10.0,10.0,0,1,0
8364,30.0,2.0,19.0,1.0,1,37.0,0.0,50.0,1,1,1
8365,62.0,7.0,20.0,1.0,0,49.0,0.0,40.0,1,1,1
8366,62.0,1.0,21.0,3.0,0,6.0,0.0,50.0,0,1,1
8367,26.0,5.0,21.0,1.0,5,36.0,0.0,40.0,1,1,0
8368,62.0,5.0,20.0,1.0,3,303.0,1.0,20.0,1,0,0
8369,22.0,1.0,16.0,5.0,1,49.0,2.0,40.0,0,1,0
8370,26.0,1.0,21.0,3.0,2,49.0,0.0,20.0,0,1,0
8371,41.0,3.0,21.0,1.0,0,49.0,1.0,40.0,1,1,1
8372,53.0,7.0,22.0,1.0,0,49.0,0.0,45.0,1,1,1
8373,67.0,1.0,19.0,4.0,1,55.0,0.0,27.0,0,1,0
8374,21.0,1.0,16.0,5.0,4,314.0,13.0,40.0,1,1,1
8375,46.0,1.0,20.0,1.0,0,49.0,0.0,40.0,0,0,0
8376,65.0,3.0,21.0,1.0,0,138.0,0.0,45.0,1,1,1
8377,19.0,1.0,14.0,5.0,1,49.0,2.0,40.0,1,1,0
8378,41.0,1.0,24.0,1.0,0,49.0,1.0,40.0,1,1,1
8379,53.0,1.0,21.0,3.0,0,49.0,0.0,60.0,1,1,1
8380,61.0,7.0,24.0,1.0,0,4.0,0.0,60.0,1,1,1
8381,54.0,1.0,20.0,1.0,1,49.0,1.0,45.0,0,1,1
8382,52.0,1.0,18.0,1.0,2,26.0,1.0,50.0,1,1,1
8383,33.0,1.0,21.0,3.0,0,49.0,0.0,40.0,0,1,1
8384,59.0,4.0,19.0,3.0,2,49.0,0.0,40.0,0,1,0
8385,71.0,2.0,21.0,1.0,0,17.0,0.0,20.0,1,1,0
8386,32.0,1.0,18.0,1.0,2,49.0,0.0,15.0,0,1,0
8387,59.0,1.0,22.0,5.0,2,49.0,0.0,24.0,0,1,0
8388,47.0,1.0,19.0,1.0,3,49.0,1.0,40.0,1,1,1
8389,37.0,2.0,21.0,3.0,0,49.0,0.0,5.0,0,1,0
8390,45.0,1.0,22.0,1.0,1,34.0,0.0,32.0,1,1,1
8391,44.0,1.0,20.0,1.0,1,17.0,1.0,40.0,1,0,1
8392,30.0,1.0,21.0,3.0,1,49.0,0.0,10.0,0,1,0
8393,31.0,1.0,20.0,1.0,0,49.0,1.0,40.0,0,1,1
8394,62.0,1.0,17.0,1.0,2,16.0,0.0,40.0,0,1,0
8395,26.0,3.0,16.0,1.0,4,49.0,1.0,5.0,0,1,0
8396,52.0,1.0,20.0,5.0,2,49.0,0.0,5.0,0,1,0
8397,60.0,1.0,15.0,3.0,2,49.0,13.0,40.0,0,1,0
8398,40.0,5.0,22.0,1.0,0,365.0,0.0,40.0,0,0,1
8399,47.0,2.0,21.0,5.0,0,49.0,0.0,20.0,0,1,0
8400,36.0,7.0,22.0,1.0,0,49.0,0.0,55.0,1,1,1
8401,52.0,4.0,20.0,1.0,2,55.0,0.0,40.0,0,0,1
8402,20.0,1.0,19.0,1.0,2,49.0,12.0,27.0,1,1,0
8403,46.0,3.0,20.0,1.0,0,49.0,1.0,6.0,0,1,0
8404,27.0,2.0,21.0,1.0,1,16.0,0.0,40.0,0,1,0
8405,25.0,1.0,19.0,5.0,0,49.0,17.0,40.0,1,1,0
8406,18.0,3.0,16.0,5.0,0,16.0,2.0,8.0,0,1,0
8407,21.0,1.0,14.0,5.0,0,8.0,2.0,30.0,1,1,0
8408,61.0,3.0,6.0,2.0,0,49.0,6.0,39.0,0,1,0
8409,42.0,4.0,21.0,1.0,2,49.0,9.0,1.0,0,1,0
8410,56.0,7.0,21.0,1.0,0,49.0,1.0,40.0,1,1,1
8411,42.0,1.0,20.0,1.0,1,24.0,1.0,20.0,0,1,0
8412,21.0,1.0,19.0,5.0,1,34.0,13.0,20.0,0,1,0
8413,42.0,7.0,8.0,1.0,0,511.0,0.0,40.0,1,1,1
8414,31.0,4.0,22.0,1.0,0,49.0,0.0,40.0,1,1,1
8415,36.0,1.0,16.0,1.0,2,49.0,0.0,40.0,1,1,1
8416,33.0,1.0,20.0,1.0,3,312.0,0.0,60.0,1,1,1
8417,54.0,1.0,17.0,1.0,1,303.0,0.0,40.0,0,0,1
8418,20.0,1.0,18.0,1.0,4,27.0,17.0,30.0,1,0,0
8419,54.0,4.0,16.0,1.0,1,16.0,1.0,45.0,0,1,1
8420,26.0,1.0,21.0,1.0,2,53.0,1.0,40.0,0,1,0
8421,54.0,1.0,19.0,5.0,3,6.0,0.0,60.0,1,0,1
8422,44.0,1.0,16.0,1.0,2,49.0,0.0,28.0,0,1,0
8423,57.0,1.0,13.0,3.0,1,49.0,0.0,5.0,0,1,0
8424,53.0,6.0,19.0,1.0,0,448.0,0.0,70.0,1,0,1
8425,64.0,1.0,15.0,1.0,3,1.0,0.0,38.0,1,1,1
8426,33.0,1.0,21.0,1.0,0,49.0,1.0,40.0,0,1,0
8427,35.0,1.0,16.0,1.0,1,206.0,0.0,40.0,0,1,0
8428,60.0,1.0,20.0,3.0,2,49.0,0.0,40.0,0,1,0
8429,43.0,1.0,16.0,1.0,1,49.0,1.0,40.0,1,1,1
8430,48.0,4.0,23.0,1.0,0,49.0,1.0,40.0,0,1,0
8431,66.0,1.0,20.0,5.0,0,6.0,0.0,40.0,1,1,1
8432,49.0,1.0,19.0,3.0,1,6.0,0.0,40.0,0,1,0
8433,39.0,3.0,18.0,1.0,1,132.0,1.0,50.0,1,0,1
8434,33.0,6.0,20.0,1.0,0,6.0,1.0,50.0,1,1,1
8435,58.0,4.0,16.0,1.0,1,49.0,1.0,40.0,0,1,0
8436,18.0,1.0,14.0,5.0,1,6.0,2.0,27.0,0,1,0
8437,21.0,1.0,16.0,5.0,3,312.0,2.0,40.0,1,0,0
8438,57.0,6.0,19.0,3.0,1,51.0,0.0,30.0,0,1,1
8439,40.0,1.0,21.0,1.0,0,49.0,1.0,45.0,1,1,1
8440,48.0,1.0,20.0,5.0,3,49.0,2.0,40.0,1,1,0
8441,40.0,4.0,21.0,1.0,0,49.0,0.0,40.0,0,1,1
8442,50.0,1.0,1.0,1.0,4,49.0,0.0,40.0,1,1,1
8443,58.0,4.0,24.0,1.0,0,16.0,1.0,40.0,0,1,1
8444,83.0,2.0,18.0,1.0,2,49.0,1.0,37.0,0,1,0
8445,25.0,1.0,18.0,5.0,2,49.0,0.0,45.0,0,1,0
8446,28.0,1.0,22.0,1.0,0,215.0,0.0,42.0,1,0,1
8447,65.0,1.0,19.0,1.0,2,49.0,0.0,40.0,1,1,1
8448,26.0,4.0,20.0,5.0,1,49.0,10.0,29.0,0,1,0
8449,37.0,4.0,21.0,1.0,2,30.0,0.0,40.0,1,1,0
8450,35.0,1.0,20.0,1.0,0,49.0,1.0,40.0,1,1,1
8451,47.0,1.0,21.0,3.0,0,8.0,0.0,50.0,1,1,1
8452,41.0,5.0,16.0,3.0,3,49.0,2.0,40.0,1,1,1
8453,20.0,4.0,16.0,5.0,4,27.0,13.0,15.0,0,1,0
8454,22.0,1.0,16.0,5.0,2,49.0,2.0,40.0,1,1,1
8455,43.0,1.0,21.0,1.0,0,49.0,0.0,45.0,1,1,1
8456,38.0,1.0,20.0,1.0,0,49.0,1.0,40.0,0,1,1
8457,52.0,1.0,21.0,1.0,2,49.0,1.0,40.0,0,1,0
8458,42.0,1.0,16.0,1.0,2,49.0,1.0,43.0,0,1,1
8459,28.0,2.0,14.0,5.0,0,22.0,2.0,40.0,0,1,0
8460,40.0,1.0,16.0,1.0,4,49.0,0.0,45.0,1,1,1
8461,54.0,1.0,16.0,1.0,2,35.0,1.0,50.0,0,1,1
8462,52.0,1.0,18.0,1.0,0,39.0,0.0,40.0,1,1,1
8463,31.0,1.0,20.0,5.0,0,49.0,0.0,50.0,1,1,1
8464,40.0,1.0,21.0,1.0,0,47.0,1.0,50.0,1,1,1
8465,41.0,1.0,22.0,1.0,0,49.0,1.0,10.0,0,1,0
8466,56.0,1.0,21.0,1.0,0,49.0,0.0,46.0,0,1,1
8467,44.0,1.0,19.0,1.0,3,49.0,0.0,40.0,1,1,1
8468,63.0,5.0,16.0,1.0,5,229.0,1.0,40.0,1,0,1
8469,64.0,1.0,16.0,3.0,4,303.0,0.0,50.0,1,1,1
8470,28.0,6.0,21.0,1.0,1,49.0,0.0,30.0,0,0,0
8471,40.0,1.0,20.0,1.0,4,49.0,1.0,50.0,1,1,1
8472,19.0,1.0,18.0,5.0,4,6.0,13.0,40.0,0,1,0
8473,58.0,1.0,21.0,5.0,0,49.0,5.0,40.0,1,1,1
8474,71.0,7.0,19.0,1.0,2,49.0,1.0,6.0,0,1,0
8475,29.0,2.0,19.0,1.0,0,150.0,0.0,40.0,1,1,1
8476,55.0,1.0,20.0,1.0,0,49.0,0.0,40.0,1,1,1
8477,20.0,1.0,16.0,5.0,4,49.0,15.0,40.0,1,1,0
8478,39.0,1.0,22.0,1.0,0,40.0,0.0,40.0,1,1,1
8479,18.0,1.0,16.0,5.0,2,314.0,17.0,40.0,0,1,0
8480,25.0,1.0,16.0,5.0,1,49.0,3.0,40.0,1,0,0
8481,37.0,1.0,24.0,1.0,0,49.0,1.0,40.0,1,1,1
8482,43.0,4.0,23.0,1.0,0,48.0,0.0,40.0,1,1,1
8483,43.0,2.0,21.0,1.0,0,49.0,1.0,22.0,0,1,0
8484,42.0,4.0,21.0,1.0,2,50.0,1.0,40.0,0,1,1
8485,23.0,4.0,21.0,1.0,0,49.0,0.0,40.0,0,1,0
8486,28.0,1.0,21.0,3.0,1,49.0,0.0,20.0,0,1,0
8487,44.0,1.0,22.0,1.0,0,49.0,1.0,50.0,1,1,1
8488,46.0,1.0,19.0,1.0,4,49.0,0.0,80.0,1,1,1
8489,60.0,6.0,19.0,1.0,3,49.0,0.0,50.0,1,1,1
8490,24.0,1.0,19.0,1.0,0,49.0,10.0,20.0,0,1,0
8491,24.0,1.0,19.0,5.0,1,6.0,0.0,38.0,0,1,0
8492,37.0,1.0,20.0,1.0,0,49.0,0.0,40.0,1,1,1
8493,38.0,7.0,21.0,1.0,0,49.0,0.0,40.0,1,1,1
8494,49.0,1.0,14.0,5.0,1,6.0,13.0,25.0,1,1,0
8495,19.0,1.0,19.0,5.0,2,49.0,17.0,10.0,0,1,0
8496,33.0,2.0,22.0,1.0,0,32.0,0.0,22.0,0,1,1
8497,40.0,3.0,20.0,1.0,1,35.0,0.0,32.0,0,1,0
8498,37.0,2.0,21.0,1.0,0,303.0,1.0,40.0,0,0,1
8499,31.0,6.0,18.0,5.0,2,6.0,13.0,9.0,0,1,0
8500,33.0,1.0,19.0,1.0,2,49.0,1.0,38.0,1,1,1
8501,65.0,6.0,22.0,1.0,2,6.0,0.0,60.0,1,1,1
8502,26.0,1.0,21.0,1.0,0,41.0,0.0,42.0,0,1,0
8503,25.0,1.0,19.0,1.0,1,16.0,0.0,37.0,0,1,0
8504,47.0,1.0,13.0,3.0,3,49.0,16.0,40.0,1,1,1
8505,26.0,1.0,16.0,5.0,4,42.0,13.0,40.0,1,1,1
8506,25.0,1.0,21.0,1.0,2,49.0,1.0,40.0,1,1,0
8507,51.0,4.0,23.0,1.0,0,49.0,1.0,50.0,1,1,1
8508,20.0,1.0,16.0,5.0,2,49.0,2.0,35.0,0,1,0
8509,48.0,1.0,21.0,3.0,0,103.0,0.0,40.0,1,1,1
8510,29.0,1.0,21.0,1.0,1,49.0,1.0,15.0,0,1,0
8511,33.0,1.0,20.0,1.0,2,49.0,1.0,50.0,0,1,1
8512,54.0,2.0,21.0,1.0,0,4.0,0.0,24.0,0,1,0
8513,22.0,1.0,19.0,5.0,0,49.0,17.0,40.0,1,1,1
8514,61.0,1.0,14.0,5.0,1,49.0,2.0,13.0,0,1,0
8515,60.0,1.0,14.0,3.0,4,49.0,13.0,40.0,1,1,1
8516,39.0,4.0,22.0,1.0,0,49.0,1.0,55.0,1,1,1
8517,50.0,1.0,21.0,1.0,0,6.0,0.0,40.0,0,1,1
8518,46.0,2.0,23.0,1.0,0,6.0,0.0,45.0,1,1,1
8519,33.0,1.0,16.0,5.0,3,49.0,0.0,18.0,1,1,0
8520,52.0,1.0,14.0,1.0,3,4.0,1.0,45.0,1,1,1
8521,41.0,1.0,16.0,3.0,4,20.0,12.0,40.0,1,1,0
8522,60.0,1.0,20.0,1.0,3,72.0,0.0,40.0,1,1,0
8523,30.0,1.0,22.0,1.0,0,53.0,1.0,40.0,1,1,1
8524,17.0,1.0,16.0,5.0,2,49.0,4.0,2.0,0,1,0
8525,49.0,2.0,21.0,3.0,0,49.0,0.0,49.0,0,1,1
8526,31.0,1.0,16.0,1.0,4,49.0,0.0,40.0,1,1,1
8527,38.0,1.0,21.0,1.0,0,49.0,1.0,40.0,1,1,1
8528,61.0,7.0,20.0,1.0,2,49.0,0.0,25.0,1,1,1
8529,22.0,1.0,18.0,5.0,1,242.0,2.0,60.0,1,0,1
8530,38.0,1.0,21.0,1.0,1,8.0,0.0,20.0,1,1,0
8531,45.0,3.0,16.0,1.0,0,49.0,1.0,45.0,0,1,0
8532,36.0,1.0,16.0,1.0,2,49.0,0.0,40.0,0,1,0
8533,48.0,2.0,23.0,5.0,2,49.0,0.0,20.0,1,1,1
8534,33.0,1.0,22.0,1.0,3,49.0,0.0,48.0,1,0,1
8535,47.0,7.0,19.0,5.0,0,49.0,0.0,65.0,1,1,1
8536,32.0,2.0,20.0,1.0,0,370.0,1.0,15.0,1,1,1
8537,23.0,1.0,16.0,3.0,1,49.0,13.0,30.0,0,1,0
8538,23.0,2.0,16.0,5.0,1,6.0,7.0,10.0,1,1,0
8539,24.0,1.0,19.0,1.0,4,49.0,0.0,50.0,1,1,0
8540,29.0,1.0,21.0,1.0,0,49.0,1.0,40.0,0,1,1
8541,29.0,5.0,21.0,1.0,0,49.0,1.0,40.0,1,1,1
8542,32.0,1.0,21.0,1.0,2,49.0,9.0,30.0,0,1,0
8543,34.0,1.0,18.0,1.0,3,49.0,0.0,50.0,1,1,1
8544,24.0,1.0,21.0,5.0,4,49.0,12.0,15.0,1,1,1
8545,53.0,1.0,18.0,1.0,1,49.0,1.0,30.0,1,1,1
8546,44.0,1.0,22.0,1.0,2,49.0,1.0,40.0,1,1,1
8547,53.0,7.0,16.0,1.0,1,49.0,0.0,36.0,0,1,0
8548,33.0,1.0,20.0,1.0,2,6.0,1.0,40.0,0,1,0
8549,29.0,1.0,19.0,5.0,-1,49.0,0.0,45.0,1,1,1
8550,84.0,2.0,22.0,1.0,0,16.0,17.0,20.0,0,1,0
8551,40.0,7.0,21.0,1.0,0,49.0,0.0,40.0,1,1,1
8552,34.0,1.0,19.0,5.0,0,49.0,0.0,47.0,1,1,0
8553,29.0,1.0,16.0,1.0,0,49.0,1.0,50.0,1,1,1
8554,18.0,1.0,15.0,5.0,1,49.0,2.0,15.0,1,1,0
8555,29.0,1.0,21.0,1.0,0,32.0,9.0,65.0,1,1,1
8556,87.0,4.0,21.0,1.0,2,49.0,0.0,43.0,0,1,1
8557,49.0,1.0,22.0,1.0,0,4.0,1.0,60.0,1,1,1
8558,64.0,6.0,16.0,3.0,1,49.0,0.0,30.0,0,1,0
8559,32.0,6.0,18.0,3.0,3,36.0,0.0,60.0,1,1,1
8560,42.0,4.0,21.0,1.0,0,49.0,0.0,50.0,1,1,1
8561,40.0,1.0,22.0,1.0,0,49.0,1.0,50.0,1,1,1
8562,61.0,4.0,16.0,1.0,3,49.0,0.0,42.0,1,1,1
8563,22.0,1.0,19.0,5.0,4,6.0,17.0,20.0,1,1,0
8564,81.0,4.0,21.0,1.0,0,233.0,2.0,40.0,1,0,1
8565,92.0,6.0,16.0,1.0,1,49.0,5.0,35.0,0,1,0
8566,25.0,1.0,16.0,1.0,4,49.0,1.0,40.0,1,1,1
8567,67.0,2.0,22.0,1.0,0,49.0,1.0,38.0,0,0,1
8568,27.0,1.0,7.0,1.0,0,49.0,2.0,40.0,1,0,0
8569,20.0,1.0,16.0,5.0,2,53.0,17.0,40.0,0,1,0
8570,20.0,1.0,19.0,5.0,0,49.0,2.0,40.0,0,1,0
8571,21.0,1.0,16.0,5.0,1,49.0,0.0,45.0,1,1,0
8572,32.0,1.0,21.0,1.0,4,49.0,0.0,60.0,1,1,1
8573,24.0,1.0,15.0,5.0,1,16.0,2.0,8.0,0,1,0
8574,58.0,1.0,1.0,5.0,4,49.0,11.0,40.0,1,1,0
8575,62.0,1.0,21.0,4.0,0,8.0,0.0,70.0,1,1,1
8576,31.0,1.0,19.0,5.0,3,301.0,2.0,40.0,1,1,0
8577,62.0,2.0,22.0,1.0,0,16.0,0.0,35.0,0,1,1
8578,31.0,6.0,22.0,1.0,0,6.0,0.0,40.0,1,1,1
8579,58.0,6.0,16.0,5.0,4,49.0,0.0,20.0,1,1,0
8580,43.0,1.0,24.0,1.0,0,49.0,1.0,40.0,1,1,1
8581,37.0,5.0,16.0,1.0,2,49.0,0.0,50.0,1,1,1
8582,41.0,1.0,19.0,1.0,1,49.0,1.0,40.0,0,1,0
8583,57.0,1.0,16.0,1.0,4,49.0,0.0,30.0,1,1,1
8584,23.0,1.0,19.0,5.0,1,6.0,12.0,35.0,1,1,0
8585,25.0,1.0,21.0,3.0,2,49.0,0.0,30.0,0,1,0
8586,48.0,1.0,18.0,1.0,3,53.0,0.0,40.0,1,1,1
8587,71.0,2.0,24.0,1.0,0,12.0,0.0,60.0,1,1,1
8588,32.0,1.0,21.0,1.0,0,341.0,1.0,40.0,1,0,1
8589,25.0,1.0,21.0,1.0,0,49.0,0.0,40.0,1,1,1
8590,17.0,6.0,13.0,5.0,2,49.0,4.0,30.0,1,1,0
8591,57.0,1.0,16.0,1.0,3,41.0,1.0,40.0,1,1,1
8592,56.0,2.0,19.0,3.0,0,49.0,0.0,30.0,0,1,1
8593,58.0,1.0,1.0,1.0,1,49.0,6.0,40.0,0,1,1
8594,32.0,1.0,20.0,1.0,1,49.0,1.0,40.0,1,1,1
8595,26.0,1.0,18.0,1.0,3,49.0,9.0,60.0,1,1,1
8596,48.0,3.0,18.0,1.0,1,6.0,1.0,29.0,0,1,0
8597,40.0,1.0,18.0,1.0,0,49.0,0.0,40.0,1,1,1
8598,60.0,4.0,16.0,1.0,2,210.0,0.0,40.0,1,0,1
8599,61.0,3.0,19.0,1.0,2,6.0,1.0,40.0,0,1,1
8600,21.0,1.0,16.0,1.0,0,51.0,0.0,30.0,0,1,0
8601,31.0,6.0,18.0,1.0,0,49.0,1.0,53.0,1,1,1
8602,65.0,1.0,16.0,1.0,3,6.0,1.0,52.0,1,0,1
8603,39.0,1.0,16.0,1.0,3,26.0,0.0,40.0,0,1,0
8604,23.0,1.0,19.0,5.0,2,110.0,0.0,25.0,0,1,0
8605,57.0,1.0,16.0,1.0,4,49.0,0.0,55.0,1,1,1
8606,88.0,8.0,24.0,1.0,0,32.0,1.0,6.0,0,1,0
8607,18.0,3.0,16.0,5.0,1,49.0,2.0,4.0,0,1,0
8608,27.0,7.0,21.0,1.0,1,49.0,0.0,40.0,1,1,1
8609,41.0,1.0,21.0,1.0,0,49.0,1.0,40.0,1,1,0
8610,46.0,1.0,19.0,3.0,0,16.0,0.0,40.0,1,1,1
8611,34.0,1.0,19.0,1.0,1,49.0,0.0,40.0,1,1,1
8612,31.0,1.0,19.0,1.0,1,39.0,0.0,60.0,1,1,1
8613,42.0,4.0,22.0,1.0,0,6.0,0.0,72.0,0,1,1
8614,63.0,1.0,22.0,2.0,1,49.0,0.0,40.0,0,1,1
8615,37.0,1.0,16.0,5.0,3,49.0,3.0,36.0,1,1,0
8616,62.0,2.0,21.0,1.0,0,49.0,1.0,40.0,1,1,1
8617,21.0,4.0,16.0,5.0,1,49.0,2.0,12.0,0,1,0
8618,54.0,1.0,16.0,1.0,3,36.0,0.0,40.0,1,1,1
8619,19.0,1.0,16.0,5.0,2,49.0,2.0,45.0,1,1,0
8620,31.0,1.0,15.0,5.0,0,49.0,13.0,40.0,0,1,1
8621,29.0,4.0,21.0,1.0,0,49.0,1.0,60.0,1,1,1
8622,37.0,3.0,21.0,1.0,0,32.0,1.0,40.0,0,1,0
8623,55.0,1.0,14.0,1.0,1,17.0,0.0,20.0,0,1,0
8624,30.0,1.0,16.0,5.0,3,49.0,2.0,20.0,1,0,0
8625,18.0,1.0,18.0,5.0,3,49.0,2.0,16.0,1,1,0
8626,63.0,6.0,18.0,1.0,2,49.0,0.0,50.0,0,1,1
8627,42.0,1.0,20.0,4.0,0,6.0,0.0,40.0,1,1,1
8628,60.0,1.0,18.0,1.0,0,56.0,0.0,45.0,0,1,1
8629,52.0,2.0,22.0,1.0,0,49.0,10.0,40.0,1,1,1
8630,23.0,1.0,21.0,5.0,4,49.0,0.0,40.0,0,1,0
8631,52.0,1.0,19.0,1.0,0,49.0,1.0,40.0,1,1,1
8632,57.0,1.0,19.0,1.0,-1,48.0,1.0,50.0,1,1,1
8633,60.0,3.0,3.0,1.0,1,49.0,1.0,99.0,1,1,0
8634,57.0,2.0,16.0,1.0,2,49.0,0.0,28.0,0,1,0
8635,51.0,1.0,16.0,1.0,0,49.0,0.0,20.0,1,1,1
8636,52.0,1.0,19.0,1.0,4,49.0,1.0,30.0,0,1,0
8637,35.0,1.0,20.0,1.0,0,49.0,0.0,42.0,1,1,0
8638,48.0,5.0,17.0,1.0,3,49.0,1.0,50.0,1,1,0
8639,42.0,1.0,21.0,5.0,0,303.0,0.0,8.0,1,1,0
8640,53.0,1.0,16.0,1.0,3,6.0,0.0,40.0,1,1,1
8641,22.0,1.0,19.0,5.0,1,49.0,12.0,6.0,0,1,0
8642,19.0,8.0,18.0,5.0,1,4.0,17.0,6.0,0,1,0
8643,67.0,1.0,21.0,1.0,1,364.0,10.0,25.0,0,1,0
8644,23.0,1.0,19.0,1.0,4,49.0,0.0,10.0,1,1,0
8645,59.0,1.0,21.0,4.0,2,49.0,0.0,40.0,1,1,0
8646,37.0,1.0,21.0,1.0,2,49.0,1.0,45.0,1,1,1
8647,39.0,1.0,17.0,1.0,0,47.0,1.0,20.0,0,1,0
8648,39.0,4.0,22.0,1.0,0,110.0,1.0,36.0,0,1,1
8649,67.0,7.0,22.0,1.0,0,49.0,0.0,50.0,1,1,1
8650,22.0,1.0,19.0,3.0,0,49.0,2.0,30.0,0,1,0
8651,20.0,1.0,16.0,5.0,4,49.0,5.0,40.0,1,1,0
8652,45.0,1.0,21.0,1.0,0,49.0,1.0,50.0,1,1,1
8653,17.0,1.0,14.0,5.0,4,301.0,2.0,20.0,1,1,0
8654,32.0,1.0,21.0,1.0,0,49.0,1.0,12.0,0,1,0
8655,25.0,1.0,21.0,1.0,0,26.0,0.0,30.0,1,1,1
8656,38.0,1.0,21.0,5.0,1,49.0,2.0,30.0,0,1,0
8657,51.0,1.0,21.0,3.0,2,26.0,0.0,40.0,1,1,0
8658,23.0,1.0,16.0,5.0,3,6.0,2.0,25.0,1,1,0
8659,44.0,1.0,21.0,1.0,2,53.0,1.0,55.0,0,1,1
8660,44.0,2.0,21.0,3.0,0,48.0,0.0,55.0,0,1,1
8661,63.0,2.0,21.0,1.0,0,49.0,0.0,40.0,0,1,1
8662,29.0,4.0,20.0,1.0,0,341.0,1.0,40.0,0,0,0
8663,41.0,6.0,22.0,1.0,0,49.0,1.0,5.0,1,1,0
8664,71.0,3.0,21.0,1.0,1,49.0,0.0,10.0,0,1,0
8665,54.0,1.0,15.0,1.0,2,49.0,0.0,50.0,1,1,1
8666,29.0,1.0,19.0,5.0,0,42.0,0.0,16.0,0,1,0
8667,43.0,1.0,17.0,1.0,1,49.0,0.0,40.0,1,1,0
8668,50.0,6.0,21.0,3.0,1,49.0,15.0,3.0,0,1,0
8669,38.0,1.0,16.0,1.0,2,49.0,1.0,30.0,0,1,0
8670,33.0,1.0,16.0,5.0,1,49.0,2.0,40.0,0,1,0
8671,37.0,5.0,20.0,1.0,0,6.0,1.0,12.0,0,1,0
8672,21.0,1.0,19.0,5.0,1,20.0,17.0,40.0,1,1,0
8673,27.0,1.0,16.0,1.0,0,49.0,0.0,30.0,0,1,1
8674,49.0,4.0,22.0,2.0,0,49.0,0.0,28.0,0,1,0
8675,20.0,1.0,19.0,5.0,0,49.0,17.0,2.0,1,0,0
8676,48.0,3.0,21.0,1.0,2,27.0,0.0,40.0,0,1,1
8677,19.0,1.0,16.0,5.0,4,32.0,15.0,40.0,0,1,0
8678,35.0,3.0,16.0,1.0,2,49.0,1.0,45.0,1,1,1
8679,21.0,1.0,19.0,1.0,1,8.0,0.0,40.0,1,1,0
8680,44.0,3.0,20.0,5.0,2,49.0,2.0,34.0,0,1,0
8681,25.0,4.0,21.0,1.0,0,49.0,1.0,40.0,1,1,1
8682,69.0,2.0,19.0,1.0,2,49.0,0.0,60.0,0,1,0
8683,45.0,1.0,16.0,1.0,2,16.0,1.0,30.0,0,0,0
8684,40.0,4.0,16.0,1.0,1,128.0,0.0,50.0,1,1,0
8685,65.0,6.0,19.0,1.0,-1,49.0,0.0,30.0,1,1,1
8686,41.0,1.0,16.0,1.0,4,303.0,0.0,55.0,1,1,1
8687,40.0,1.0,22.0,1.0,0,49.0,0.0,48.0,1,1,1
8688,31.0,6.0,21.0,3.0,0,36.0,0.0,40.0,0,1,1
8689,35.0,5.0,22.0,3.0,0,49.0,0.0,40.0,1,1,1
8690,33.0,1.0,21.0,1.0,0,49.0,0.0,40.0,1,1,1
8691,21.0,1.0,18.0,5.0,1,12.0,2.0,25.0,1,1,0
8692,46.0,1.0,21.0,1.0,2,49.0,1.0,40.0,0,1,1
8693,23.0,1.0,19.0,1.0,1,47.0,10.0,25.0,0,1,0
8694,49.0,2.0,19.0,1.0,0,49.0,0.0,17.0,0,1,0
8695,56.0,1.0,17.0,2.0,2,49.0,5.0,50.0,0,1,1
8696,40.0,1.0,21.0,1.0,1,49.0,1.0,40.0,1,1,0
8697,61.0,1.0,24.0,1.0,0,49.0,1.0,40.0,0,1,1
8698,60.0,1.0,21.0,1.0,0,49.0,9.0,45.0,1,1,1
8699,63.0,1.0,16.0,1.0,2,110.0,1.0,40.0,0,1,0
8700,23.0,1.0,16.0,5.0,1,362.0,2.0,38.0,0,1,0
8701,18.0,2.0,19.0,5.0,1,49.0,2.0,40.0,1,1,0
8702,36.0,1.0,16.0,1.0,1,49.0,9.0,32.0,0,1,0
8703,60.0,5.0,16.0,1.0,3,49.0,0.0,40.0,1,1,0
8704,43.0,2.0,20.0,1.0,2,49.0,0.0,40.0,1,1,0
8705,51.0,1.0,21.0,1.0,2,49.0,1.0,36.0,1,1,1
8706,26.0,1.0,16.0,1.0,2,49.0,0.0,50.0,0,1,0
8707,69.0,1.0,22.0,1.0,1,4.0,0.0,40.0,1,1,1
8708,57.0,1.0,16.0,1.0,0,49.0,0.0,40.0,0,1,1
8709,21.0,4.0,16.0,5.0,2,32.0,7.0,5.0,0,1,0
8710,52.0,1.0,16.0,1.0,0,30.0,0.0,43.0,1,1,1
8711,44.0,4.0,21.0,1.0,0,49.0,0.0,40.0,1,1,1
8712,24.0,1.0,19.0,5.0,4,49.0,0.0,40.0,1,1,0
8713,34.0,1.0,19.0,5.0,2,2.0,16.0,40.0,0,1,0
8714,32.0,1.0,20.0,1.0,0,49.0,1.0,40.0,0,1,0
8715,42.0,1.0,16.0,1.0,1,29.0,1.0,45.0,0,1,1
8716,37.0,1.0,20.0,1.0,1,20.0,0.0,8.0,0,1,0
8717,47.0,1.0,20.0,1.0,3,49.0,1.0,84.0,1,1,1
8718,42.0,1.0,16.0,1.0,4,49.0,0.0,40.0,1,0,1
8719,59.0,1.0,21.0,1.0,-1,20.0,0.0,40.0,1,1,1
8720,19.0,1.0,15.0,5.0,1,49.0,2.0,40.0,1,1,0
8721,25.0,1.0,21.0,1.0,4,16.0,1.0,32.0,1,1,0
8722,36.0,1.0,16.0,1.0,4,49.0,0.0,55.0,1,1,0
8723,36.0,1.0,16.0,1.0,3,49.0,1.0,40.0,1,1,0
8724,60.0,1.0,18.0,5.0,3,49.0,0.0,40.0,1,1,0
8725,23.0,1.0,18.0,5.0,1,49.0,13.0,38.0,0,1,0
8726,55.0,1.0,17.0,3.0,-1,39.0,6.0,20.0,0,1,0
8727,38.0,5.0,23.0,1.0,0,40.0,1.0,40.0,1,1,1
8728,25.0,1.0,18.0,1.0,1,6.0,1.0,34.0,0,0,0
8729,61.0,1.0,16.0,1.0,1,313.0,1.0,40.0,1,0,1
8730,27.0,1.0,21.0,3.0,2,49.0,13.0,38.0,0,1,0
8731,24.0,6.0,19.0,5.0,2,49.0,4.0,60.0,1,1,1
8732,49.0,1.0,21.0,1.0,0,49.0,1.0,60.0,0,1,1
8733,60.0,3.0,21.0,1.0,0,49.0,0.0,40.0,0,1,1
8734,30.0,1.0,19.0,5.0,0,12.0,0.0,40.0,1,1,1
8735,33.0,2.0,21.0,5.0,0,49.0,0.0,80.0,0,1,1
8736,28.0,1.0,20.0,3.0,2,49.0,0.0,6.0,1,1,0
8737,28.0,1.0,19.0,1.0,0,6.0,0.0,40.0,0,0,1
8738,20.0,6.0,19.0,5.0,0,49.0,17.0,2.0,0,1,0
8739,41.0,1.0,16.0,1.0,2,6.0,1.0,32.0,0,1,0
8740,38.0,6.0,16.0,1.0,0,49.0,0.0,25.0,0,1,0
8741,34.0,1.0,21.0,1.0,2,49.0,0.0,40.0,1,1,1
8742,57.0,3.0,18.0,1.0,0,49.0,0.0,10.0,0,1,0
8743,37.0,7.0,24.0,1.0,2,38.0,0.0,40.0,1,1,1
8744,60.0,1.0,20.0,3.0,1,53.0,0.0,40.0,0,1,1
8745,36.0,1.0,19.0,1.0,2,48.0,0.0,40.0,0,1,1
8746,36.0,1.0,18.0,5.0,2,17.0,0.0,30.0,0,1,0
8747,62.0,1.0,21.0,1.0,0,49.0,1.0,40.0,1,1,1
8748,57.0,1.0,16.0,1.0,4,19.0,0.0,41.0,1,1,0
8749,38.0,7.0,22.0,1.0,0,49.0,0.0,40.0,1,1,0
8750,23.0,1.0,21.0,5.0,2,49.0,2.0,40.0,1,1,0
8751,23.0,1.0,16.0,5.0,0,49.0,2.0,20.0,0,1,0
8752,22.0,1.0,16.0,5.0,2,49.0,12.0,38.0,0,1,0
8753,37.0,1.0,16.0,1.0,0,49.0,1.0,28.0,0,1,0
8754,53.0,8.0,8.0,1.0,2,49.0,0.0,61.0,1,1,0
8755,28.0,1.0,18.0,5.0,4,49.0,7.0,40.0,1,1,1
8756,30.0,5.0,19.0,5.0,4,6.0,17.0,40.0,1,1,1
8757,26.0,1.0,21.0,1.0,2,303.0,1.0,25.0,0,0,0
8758,26.0,1.0,14.0,5.0,4,6.0,0.0,40.0,0,0,0
8759,27.0,3.0,16.0,2.0,1,49.0,0.0,25.0,0,1,0
8760,36.0,3.0,20.0,1.0,1,55.0,1.0,15.0,0,1,0
8761,24.0,1.0,21.0,5.0,4,49.0,2.0,50.0,1,1,0
8762,60.0,5.0,18.0,1.0,2,49.0,0.0,88.0,0,1,0
8763,60.0,1.0,20.0,1.0,0,49.0,0.0,40.0,1,1,1
8764,36.0,1.0,21.0,1.0,2,49.0,1.0,29.0,0,1,0
8765,20.0,1.0,16.0,5.0,1,18.0,2.0,25.0,1,1,0
8766,66.0,4.0,21.0,1.0,0,4.0,1.0,20.0,0,1,0
8767,29.0,1.0,19.0,5.0,4,49.0,2.0,40.0,1,1,0
8768,65.0,1.0,21.0,1.0,2,49.0,0.0,50.0,1,1,1
8769,20.0,2.0,16.0,5.0,1,49.0,12.0,30.0,1,1,0
8770,41.0,1.0,16.0,3.0,2,36.0,13.0,40.0,0,1,0
8771,56.0,1.0,19.0,1.0,0,53.0,0.0,15.0,1,1,0
8772,60.0,7.0,17.0,1.0,0,8.0,0.0,40.0,1,1,1
8773,39.0,1.0,21.0,1.0,0,49.0,0.0,40.0,1,0,1
8774,23.0,2.0,22.0,5.0,0,49.0,0.0,40.0,0,1,0
8775,61.0,5.0,18.0,3.0,2,247.0,0.0,40.0,0,0,1
8776,23.0,2.0,21.0,1.0,0,49.0,0.0,30.0,0,1,0
8777,18.0,1.0,18.0,3.0,4,53.0,2.0,40.0,1,1,0
8778,24.0,1.0,19.0,5.0,3,4.0,2.0,46.0,1,0,0
8779,49.0,1.0,22.0,1.0,0,49.0,0.0,45.0,1,1,1
8780,21.0,1.0,20.0,5.0,3,6.0,0.0,20.0,1,1,0
8781,42.0,3.0,19.0,1.0,1,32.0,1.0,16.0,1,1,0
8782,60.0,7.0,16.0,1.0,2,49.0,0.0,40.0,1,1,1
8783,58.0,1.0,21.0,1.0,4,49.0,0.0,40.0,1,1,1
8784,71.0,1.0,19.0,3.0,0,49.0,0.0,22.0,0,0,0
8785,61.0,1.0,14.0,2.0,1,49.0,0.0,30.0,0,1,1
8786,37.0,7.0,21.0,1.0,0,49.0,1.0,70.0,1,1,1
8787,41.0,4.0,16.0,1.0,0,26.0,0.0,40.0,0,1,0
8788,22.0,1.0,19.0,5.0,2,6.0,17.0,20.0,0,0,0
8789,31.0,1.0,21.0,1.0,0,49.0,0.0,40.0,0,0,1
8790,17.0,1.0,14.0,3.0,1,49.0,2.0,30.0,1,1,0
8791,60.0,1.0,16.0,1.0,1,49.0,0.0,33.0,0,1,0
8792,56.0,7.0,18.0,1.0,0,49.0,1.0,53.0,0,1,1
8793,41.0,7.0,15.0,1.0,2,41.0,16.0,50.0,1,1,1
8794,36.0,4.0,21.0,1.0,0,49.0,6.0,30.0,0,1,0
8795,20.0,1.0,19.0,5.0,2,49.0,12.0,44.0,1,1,1
8796,30.0,5.0,19.0,1.0,0,53.0,1.0,40.0,1,0,1
8797,53.0,1.0,21.0,1.0,0,49.0,0.0,25.0,1,1,1
8798,22.0,1.0,18.0,5.0,1,53.0,2.0,22.0,0,1,0
8799,28.0,5.0,21.0,1.0,0,9.0,0.0,40.0,0,1,0
8800,22.0,1.0,19.0,5.0,1,6.0,17.0,20.0,0,1,0
8801,40.0,1.0,20.0,1.0,2,6.0,1.0,40.0,0,1,0
8802,36.0,1.0,19.0,1.0,3,31.0,0.0,60.0,1,1,1
8803,62.0,7.0,22.0,1.0,1,231.0,1.0,40.0,0,0,1
8804,51.0,1.0,21.0,1.0,0,49.0,0.0,40.0,1,1,1
8805,67.0,1.0,23.0,5.0,4,29.0,0.0,40.0,1,1,0
8806,29.0,1.0,19.0,3.0,1,301.0,2.0,40.0,0,1,0
8807,38.0,4.0,19.0,1.0,0,49.0,0.0,30.0,0,1,0
8808,19.0,1.0,18.0,5.0,4,49.0,2.0,20.0,1,1,0
8809,58.0,3.0,19.0,1.0,1,6.0,1.0,40.0,0,1,0
8810,50.0,7.0,21.0,1.0,0,4.0,1.0,60.0,0,1,1
8811,20.0,2.0,16.0,1.0,3,49.0,1.0,16.0,0,1,0
8812,39.0,1.0,21.0,1.0,0,49.0,1.0,40.0,0,1,1
8813,26.0,1.0,17.0,5.0,3,243.0,2.0,45.0,1,0,1
8814,53.0,1.0,21.0,3.0,4,49.0,0.0,40.0,0,1,1
8815,42.0,1.0,16.0,1.0,3,49.0,1.0,42.0,1,1,1
8816,22.0,1.0,19.0,1.0,0,49.0,1.0,40.0,0,1,0
8817,55.0,1.0,21.0,1.0,0,48.0,0.0,40.0,0,1,1
8818,57.0,4.0,19.0,1.0,2,303.0,1.0,40.0,1,1,1
8819,22.0,4.0,21.0,1.0,0,26.0,1.0,20.0,0,1,0
8820,41.0,1.0,21.0,1.0,4,49.0,0.0,35.0,1,1,0
8821,28.0,6.0,21.0,1.0,1,49.0,1.0,40.0,1,1,1
8822,56.0,1.0,20.0,1.0,4,29.0,0.0,40.0,1,1,1
8823,49.0,2.0,22.0,1.0,0,49.0,1.0,40.0,1,1,1
8824,64.0,1.0,19.0,3.0,3,49.0,0.0,45.0,1,1,1
8825,59.0,1.0,20.0,1.0,2,49.0,0.0,40.0,0,1,1
8826,42.0,2.0,18.0,1.0,1,49.0,0.0,12.0,0,0,0
8827,58.0,1.0,16.0,3.0,3,48.0,0.0,45.0,0,0,1
8828,37.0,1.0,19.0,1.0,2,49.0,0.0,99.0,1,1,0
8829,24.0,1.0,19.0,1.0,4,49.0,0.0,12.0,1,1,0
8830,56.0,6.0,16.0,1.0,3,49.0,1.0,45.0,1,1,1
8831,48.0,5.0,21.0,1.0,0,42.0,0.0,40.0,1,1,0
8832,65.0,6.0,21.0,1.0,0,49.0,1.0,40.0,0,1,1
8833,43.0,1.0,21.0,1.0,4,49.0,0.0,25.0,0,1,0
8834,44.0,2.0,24.0,1.0,0,49.0,0.0,55.0,1,1,1
8835,45.0,1.0,16.0,1.0,2,48.0,1.0,40.0,0,1,1
8836,22.0,1.0,16.0,5.0,0,49.0,2.0,40.0,0,1,0
8837,22.0,1.0,16.0,5.0,1,49.0,0.0,18.0,1,1,0
8838,32.0,2.0,21.0,1.0,0,49.0,0.0,40.0,1,1,1
8839,45.0,1.0,20.0,1.0,2,49.0,0.0,40.0,0,0,1
8840,60.0,6.0,13.0,1.0,0,49.0,1.0,36.0,0,1,0
8841,49.0,1.0,16.0,3.0,3,49.0,0.0,40.0,1,1,1
8842,64.0,3.0,19.0,1.0,0,8.0,0.0,30.0,1,1,1
8843,29.0,5.0,22.0,1.0,0,6.0,1.0,40.0,1,1,1
8844,21.0,1.0,20.0,5.0,2,6.0,5.0,20.0,0,1,0
8845,36.0,1.0,11.0,5.0,3,49.0,0.0,50.0,1,1,1
8846,17.0,1.0,14.0,5.0,2,41.0,12.0,32.0,1,1,0
8847,32.0,1.0,22.0,3.0,0,303.0,0.0,50.0,1,0,1
8848,22.0,1.0,19.0,1.0,0,6.0,1.0,40.0,0,1,0
8849,48.0,3.0,20.0,1.0,0,301.0,1.0,10.0,1,1,0
8850,17.0,1.0,14.0,5.0,4,56.0,2.0,20.0,1,1,0
8851,61.0,1.0,15.0,1.0,2,49.0,0.0,40.0,0,1,0
8852,47.0,1.0,20.0,1.0,0,49.0,1.0,36.0,0,1,1
8853,44.0,1.0,21.0,1.0,0,49.0,1.0,40.0,0,1,1
8854,59.0,7.0,16.0,1.0,1,49.0,1.0,40.0,0,1,0
8855,53.0,1.0,18.0,1.0,1,49.0,0.0,40.0,1,1,0
8856,28.0,5.0,14.0,4.0,2,49.0,2.0,40.0,1,1,0
8857,53.0,3.0,20.0,1.0,2,49.0,0.0,28.0,0,1,1
8858,26.0,1.0,20.0,5.0,2,49.0,4.0,30.0,0,1,0
8859,39.0,1.0,21.0,1.0,0,53.0,0.0,55.0,0,1,1
8860,25.0,1.0,20.0,1.0,1,303.0,0.0,40.0,0,0,0
8861,57.0,6.0,21.0,1.0,0,36.0,1.0,20.0,0,1,0
8862,24.0,1.0,19.0,5.0,2,49.0,17.0,45.0,1,1,1
8863,55.0,1.0,16.0,3.0,4,49.0,0.0,40.0,0,1,1
8864,30.0,7.0,19.0,1.0,4,6.0,0.0,60.0,1,1,0
8865,26.0,6.0,20.0,5.0,0,42.0,13.0,20.0,0,1,0
8866,38.0,1.0,21.0,1.0,3,18.0,0.0,40.0,1,1,1
8867,49.0,1.0,20.0,1.0,1,16.0,1.0,20.0,0,1,0
8868,24.0,1.0,20.0,5.0,2,6.0,0.0,40.0,1,1,0
8869,62.0,4.0,19.0,1.0,1,6.0,0.0,30.0,0,1,0
8870,56.0,1.0,21.0,1.0,2,49.0,1.0,16.0,0,1,0
8871,22.0,1.0,19.0,5.0,2,53.0,2.0,8.0,1,1,0
8872,38.0,1.0,21.0,1.0,2,49.0,1.0,20.0,0,1,0
8873,49.0,2.0,21.0,1.0,1,32.0,0.0,40.0,1,1,1
8874,56.0,1.0,16.0,1.0,0,49.0,1.0,40.0,0,1,1
8875,20.0,1.0,16.0,5.0,2,49.0,2.0,20.0,0,1,0
8876,42.0,3.0,18.0,1.0,4,49.0,9.0,40.0,1,1,1
8877,50.0,1.0,19.0,1.0,-1,17.0,0.0,25.0,1,1,1
8878,79.0,6.0,7.0,3.0,3,49.0,0.0,40.0,1,0,1
8879,18.0,1.0,16.0,5.0,2,49.0,2.0,25.0,1,1,0
8880,25.0,1.0,20.0,1.0,0,49.0,0.0,24.0,1,1,0
8881,41.0,7.0,19.0,1.0,-1,48.0,1.0,88.0,0,1,1
8882,21.0,1.0,19.0,5.0,2,49.0,17.0,40.0,1,1,0
8883,42.0,1.0,21.0,1.0,0,16.0,0.0,40.0,1,1,1
8884,56.0,1.0,21.0,3.0,0,210.0,13.0,40.0,0,0,1
8885,21.0,1.0,16.0,5.0,1,49.0,2.0,10.0,0,1,0
8886,34.0,1.0,18.0,1.0,4,6.0,0.0,50.0,0,0,1
8887,22.0,2.0,19.0,5.0,2,49.0,17.0,40.0,1,1,0
8888,28.0,1.0,22.0,5.0,2,49.0,10.0,50.0,1,1,1
8889,21.0,1.0,20.0,5.0,0,49.0,0.0,20.0,0,1,0
8890,42.0,1.0,21.0,1.0,0,6.0,0.0,45.0,1,1,1
8891,18.0,1.0,16.0,5.0,1,60.0,0.0,40.0,0,0,0
8892,56.0,5.0,19.0,1.0,4,49.0,0.0,35.0,1,1,1
8893,40.0,7.0,16.0,1.0,1,49.0,1.0,40.0,0,1,1
8894,47.0,3.0,19.0,1.0,2,49.0,1.0,40.0,0,1,1
8895,56.0,6.0,23.0,5.0,1,49.0,0.0,30.0,0,1,1
8896,65.0,1.0,18.0,1.0,1,49.0,1.0,30.0,0,1,0
8897,55.0,1.0,18.0,1.0,2,49.0,0.0,40.0,0,1,1
8898,53.0,3.0,16.0,1.0,1,6.0,0.0,45.0,1,1,1
8899,37.0,1.0,21.0,1.0,0,49.0,1.0,45.0,0,1,1
8900,50.0,1.0,14.0,2.0,1,4.0,11.0,20.0,0,1,0
8901,45.0,1.0,16.0,1.0,4,6.0,1.0,8.0,0,1,0
8902,57.0,1.0,16.0,1.0,2,49.0,1.0,45.0,1,1,1
8903,21.0,1.0,19.0,5.0,0,49.0,2.0,65.0,1,1,1
8904,30.0,5.0,16.0,1.0,2,49.0,2.0,40.0,1,1,0
8905,56.0,2.0,22.0,1.0,0,49.0,0.0,36.0,0,1,1
8906,34.0,1.0,16.0,1.0,4,49.0,1.0,15.0,0,1,0
8907,41.0,2.0,19.0,1.0,2,39.0,1.0,40.0,1,0,0
8908,34.0,1.0,23.0,1.0,0,4.0,1.0,40.0,0,1,1
8909,24.0,1.0,19.0,5.0,3,515.0,2.0,38.0,1,0,0
8910,24.0,4.0,21.0,1.0,0,49.0,1.0,20.0,0,1,0
8911,55.0,1.0,21.0,1.0,0,229.0,0.0,40.0,0,1,0
8912,17.0,1.0,14.0,5.0,1,49.0,2.0,22.0,0,1,0
8913,25.0,1.0,20.0,5.0,2,4.0,17.0,30.0,0,1,0
8914,58.0,1.0,23.0,1.0,0,370.0,0.0,60.0,1,0,1
8915,20.0,2.0,18.0,5.0,2,12.0,2.0,13.0,0,1,0
8916,45.0,1.0,18.0,1.0,2,36.0,1.0,40.0,0,1,1
8917,25.0,7.0,20.0,5.0,0,49.0,11.0,40.0,1,1,1
8918,48.0,1.0,16.0,1.0,3,60.0,0.0,40.0,1,0,1
8919,59.0,1.0,16.0,1.0,4,49.0,0.0,40.0,0,1,0
8920,52.0,1.0,22.0,1.0,0,6.0,0.0,20.0,1,1,0
8921,54.0,1.0,19.0,1.0,0,49.0,1.0,25.0,0,1,0
8922,31.0,4.0,15.0,5.0,1,31.0,13.0,40.0,0,1,0
8923,26.0,2.0,21.0,5.0,0,523.0,0.0,10.0,0,0,0
8924,59.0,3.0,22.0,1.0,0,49.0,0.0,40.0,1,1,1
8925,39.0,1.0,18.0,1.0,1,49.0,0.0,40.0,0,1,0
8926,47.0,1.0,21.0,1.0,0,49.0,1.0,45.0,0,1,1
8927,41.0,6.0,19.0,3.0,3,49.0,3.0,15.0,1,1,0
8928,55.0,3.0,22.0,1.0,0,49.0,0.0,40.0,0,1,1
8929,29.0,1.0,12.0,3.0,0,49.0,2.0,39.0,0,1,0
8930,57.0,7.0,16.0,1.0,2,49.0,0.0,40.0,1,1,1
8931,84.0,2.0,7.0,3.0,2,49.0,2.0,40.0,1,1,0
8932,48.0,1.0,19.0,1.0,-1,49.0,0.0,55.0,1,1,1
8933,61.0,3.0,21.0,1.0,0,49.0,1.0,55.0,1,1,1
8934,24.0,2.0,18.0,5.0,0,49.0,2.0,10.0,0,1,0
8935,22.0,1.0,16.0,1.0,4,16.0,1.0,45.0,1,1,0
8936,18.0,1.0,16.0,5.0,2,34.0,17.0,5.0,1,1,0
8937,92.0,6.0,16.0,3.0,1,49.0,13.0,50.0,1,1,1
8938,34.0,2.0,22.0,1.0,0,47.0,0.0,40.0,1,1,1
8939,81.0,1.0,16.0,1.0,-1,49.0,0.0,40.0,1,1,1
8940,17.0,1.0,14.0,5.0,0,32.0,2.0,40.0,0,1,0
8941,47.0,1.0,16.0,1.0,0,49.0,0.0,40.0,0,1,1
8942,32.0,2.0,18.0,5.0,1,231.0,2.0,25.0,0,1,0
8943,37.0,5.0,16.0,3.0,0,49.0,0.0,20.0,0,1,1
8944,23.0,1.0,18.0,5.0,2,41.0,3.0,40.0,1,1,0
8945,33.0,1.0,21.0,1.0,1,34.0,0.0,54.0,1,1,1
8946,48.0,1.0,19.0,1.0,-1,49.0,1.0,40.0,0,1,1
8947,47.0,1.0,22.0,3.0,1,13.0,0.0,52.0,0,1,1
8948,43.0,6.0,19.0,1.0,0,6.0,0.0,30.0,0,1,0
8949,34.0,1.0,21.0,1.0,0,28.0,1.0,40.0,0,1,1
8950,21.0,1.0,19.0,5.0,3,49.0,17.0,40.0,1,1,1
8951,40.0,1.0,16.0,1.0,4,49.0,1.0,45.0,1,1,1
8952,23.0,1.0,19.0,5.0,2,49.0,17.0,20.0,1,1,0
8953,68.0,1.0,17.0,3.0,4,16.0,2.0,25.0,1,1,0
8954,30.0,1.0,16.0,5.0,2,4.0,13.0,28.0,0,1,0
8955,20.0,1.0,20.0,5.0,0,49.0,2.0,35.0,0,1,0
8956,17.0,1.0,13.0,5.0,3,49.0,2.0,20.0,1,1,0
8957,57.0,3.0,20.0,1.0,0,215.0,0.0,30.0,0,0,0
8958,57.0,7.0,22.0,1.0,2,6.0,0.0,55.0,1,1,1
8959,50.0,2.0,18.0,1.0,2,49.0,0.0,5.0,0,1,0
8960,47.0,7.0,22.0,1.0,0,49.0,0.0,40.0,0,1,1
8961,18.0,1.0,18.0,5.0,0,49.0,7.0,40.0,0,1,0
8962,40.0,1.0,21.0,1.0,0,49.0,0.0,40.0,1,1,1
8963,19.0,1.0,19.0,5.0,2,364.0,17.0,6.0,0,1,0
8964,45.0,1.0,21.0,1.0,0,49.0,1.0,40.0,0,1,0
8965,65.0,1.0,21.0,1.0,0,4.0,0.0,40.0,1,1,1
8966,43.0,1.0,21.0,1.0,-1,49.0,1.0,40.0,1,1,1
8967,54.0,2.0,21.0,1.0,0,49.0,1.0,32.0,1,1,1
8968,28.0,1.0,16.0,5.0,2,49.0,2.0,10.0,1,0,0
8969,70.0,1.0,20.0,1.0,2,301.0,0.0,40.0,1,1,1
8970,44.0,1.0,21.0,1.0,4,53.0,0.0,40.0,0,1,0
8971,43.0,1.0,19.0,3.0,3,207.0,12.0,35.0,0,0,0
8972,51.0,1.0,20.0,1.0,0,49.0,1.0,35.0,0,1,0
8973,36.0,1.0,21.0,1.0,0,40.0,0.0,65.0,1,1,1
8974,19.0,3.0,16.0,5.0,1,49.0,2.0,40.0,1,1,0
8975,49.0,3.0,21.0,1.0,1,49.0,0.0,40.0,0,1,0
8976,78.0,2.0,23.0,1.0,0,47.0,0.0,40.0,0,1,1
8977,21.0,1.0,19.0,5.0,4,49.0,2.0,40.0,1,1,0
8978,24.0,1.0,16.0,5.0,2,49.0,2.0,50.0,1,1,1
8979,51.0,1.0,19.0,1.0,1,49.0,0.0,40.0,0,1,0
8980,56.0,1.0,23.0,1.0,0,49.0,0.0,50.0,1,1,1
8981,20.0,1.0,19.0,5.0,2,49.0,0.0,45.0,0,1,0
8982,46.0,4.0,21.0,3.0,0,49.0,0.0,15.0,0,0,0
8983,44.0,1.0,21.0,3.0,4,49.0,0.0,45.0,1,1,1
8984,31.0,1.0,15.0,5.0,3,49.0,0.0,18.0,1,1,0
8985,25.0,1.0,21.0,1.0,2,49.0,2.0,40.0,1,1,0
8986,81.0,3.0,18.0,1.0,4,110.0,1.0,10.0,0,1,0
8987,35.0,1.0,21.0,1.0,0,49.0,0.0,40.0,1,1,1
8988,18.0,1.0,16.0,5.0,4,49.0,2.0,32.0,0,1,0
8989,20.0,1.0,18.0,5.0,0,49.0,0.0,30.0,0,1,0
8990,63.0,1.0,19.0,1.0,2,49.0,0.0,6.0,0,0,0
8991,26.0,4.0,21.0,5.0,1,363.0,0.0,10.0,0,0,0
8992,37.0,1.0,21.0,5.0,0,10.0,0.0,90.0,1,1,1
8993,18.0,1.0,19.0,5.0,1,6.0,16.0,26.0,1,1,0
8994,57.0,4.0,21.0,2.0,1,49.0,0.0,28.0,0,1,0
8995,60.0,1.0,16.0,1.0,2,49.0,0.0,40.0,0,1,0
8996,57.0,2.0,19.0,1.0,1,49.0,0.0,24.0,0,1,0
8997,32.0,2.0,22.0,1.0,0,49.0,1.0,40.0,0,1,1
8998,20.0,1.0,19.0,5.0,2,20.0,2.0,20.0,1,1,0
8999,43.0,1.0,17.0,1.0,3,217.0,0.0,40.0,0,0,0
9000,58.0,1.0,18.0,1.0,2,49.0,1.0,50.0,0,1,1
9001,58.0,1.0,21.0,1.0,0,49.0,0.0,40.0,1,1,0
9002,51.0,1.0,21.0,1.0,2,6.0,0.0,40.0,0,1,0
9003,34.0,1.0,16.0,1.0,2,4.0,1.0,30.0,1,1,0
9004,54.0,1.0,19.0,1.0,0,49.0,0.0,40.0,0,1,1
9005,44.0,1.0,18.0,1.0,2,11.0,0.0,40.0,0,1,0
9006,52.0,6.0,20.0,1.0,0,49.0,0.0,10.0,0,1,0
9007,49.0,1.0,19.0,1.0,0,6.0,0.0,40.0,1,1,1
9008,22.0,1.0,19.0,5.0,0,49.0,2.0,40.0,1,1,1
9009,17.0,1.0,14.0,5.0,2,6.0,2.0,12.0,0,1,0
9010,31.0,1.0,20.0,4.0,3,49.0,13.0,67.0,1,1,1
9011,44.0,1.0,19.0,1.0,-1,49.0,0.0,40.0,1,1,1
9012,46.0,2.0,24.0,1.0,0,6.0,1.0,50.0,0,1,1
9013,52.0,4.0,24.0,1.0,0,49.0,0.0,60.0,1,1,1
9014,53.0,1.0,19.0,1.0,2,6.0,0.0,38.0,1,1,1
9015,21.0,1.0,19.0,5.0,4,49.0,0.0,40.0,0,1,0
9016,28.0,1.0,21.0,1.0,0,6.0,1.0,40.0,0,1,0
9017,54.0,7.0,19.0,5.0,2,49.0,0.0,35.0,0,1,1
9018,23.0,1.0,19.0,3.0,2,49.0,12.0,20.0,0,1,0
9019,25.0,5.0,18.0,5.0,0,207.0,17.0,99.0,1,0,0
9020,18.0,2.0,18.0,5.0,0,49.0,2.0,43.0,0,1,0
9021,54.0,1.0,16.0,5.0,1,6.0,10.0,15.0,1,0,0
9022,27.0,1.0,13.0,5.0,4,49.0,2.0,25.0,1,1,0
9023,58.0,1.0,19.0,1.0,1,49.0,1.0,10.0,0,1,1
9024,20.0,1.0,16.0,5.0,4,49.0,2.0,40.0,0,1,0
9025,39.0,1.0,21.0,1.0,2,363.0,0.0,40.0,0,0,1
9026,28.0,5.0,21.0,1.0,2,49.0,0.0,40.0,1,1,1
9027,34.0,2.0,21.0,1.0,0,10.0,1.0,20.0,0,1,0
9028,32.0,1.0,19.0,1.0,2,49.0,0.0,40.0,0,1,1
9029,19.0,1.0,18.0,5.0,1,27.0,2.0,30.0,0,1,0
9030,19.0,1.0,19.0,5.0,1,303.0,2.0,10.0,0,1,0
9031,32.0,1.0,19.0,1.0,4,49.0,0.0,39.0,1,1,0
9032,31.0,2.0,16.0,1.0,0,6.0,0.0,40.0,0,1,0
9033,23.0,3.0,18.0,3.0,2,31.0,13.0,40.0,0,1,0
9034,32.0,3.0,21.0,1.0,0,32.0,0.0,30.0,0,0,0
9035,26.0,1.0,19.0,5.0,0,49.0,2.0,40.0,0,1,0
9036,69.0,3.0,22.0,1.0,0,6.0,1.0,50.0,1,1,1
9037,61.0,1.0,18.0,3.0,3,55.0,13.0,40.0,1,1,1
9038,18.0,5.0,16.0,5.0,0,301.0,2.0,40.0,0,1,0
9039,40.0,1.0,16.0,1.0,3,9.0,1.0,45.0,1,1,1
9040,38.0,1.0,20.0,3.0,0,49.0,13.0,10.0,0,0,0
9041,34.0,1.0,16.0,3.0,3,49.0,2.0,40.0,1,1,0
9042,30.0,1.0,16.0,1.0,3,16.0,0.0,40.0,1,1,1
9043,29.0,1.0,19.0,1.0,1,49.0,12.0,40.0,1,1,1
9044,60.0,3.0,21.0,3.0,2,49.0,0.0,17.0,0,0,0
9045,61.0,3.0,19.0,1.0,1,49.0,0.0,28.0,1,1,0
9046,17.0,1.0,14.0,5.0,4,303.0,2.0,40.0,0,1,0
9047,57.0,1.0,19.0,1.0,0,49.0,0.0,40.0,1,1,1
9048,44.0,1.0,21.0,2.0,2,49.0,0.0,20.0,0,1,0
9049,48.0,1.0,21.0,1.0,2,49.0,1.0,50.0,0,1,1
9050,28.0,1.0,18.0,5.0,4,49.0,15.0,50.0,1,1,1
9051,72.0,6.0,12.0,2.0,3,49.0,0.0,40.0,1,1,1
9052,24.0,1.0,16.0,5.0,3,49.0,0.0,40.0,1,1,0
9053,50.0,1.0,21.0,1.0,4,49.0,0.0,50.0,1,1,1
9054,69.0,1.0,19.0,1.0,2,6.0,1.0,40.0,1,1,1
9055,21.0,1.0,19.0,5.0,2,26.0,11.0,20.0,0,1,0
9056,46.0,5.0,16.0,1.0,0,49.0,1.0,46.0,1,1,1
9057,48.0,1.0,21.0,1.0,4,303.0,1.0,38.0,1,1,0
9058,22.0,1.0,19.0,1.0,1,55.0,0.0,30.0,0,1,0
9059,62.0,5.0,16.0,1.0,4,6.0,1.0,40.0,1,1,1
9060,43.0,6.0,19.0,1.0,0,49.0,1.0,53.0,0,1,1
9061,51.0,1.0,19.0,1.0,4,233.0,0.0,40.0,1,0,1
9062,47.0,3.0,19.0,1.0,1,49.0,1.0,2.0,0,0,0
9063,27.0,1.0,19.0,1.0,2,49.0,0.0,40.0,0,1,0
9064,38.0,3.0,19.0,1.0,2,4.0,1.0,40.0,1,0,1
9065,40.0,2.0,22.0,1.0,0,56.0,15.0,40.0,1,1,1
9066,32.0,1.0,17.0,5.0,2,6.0,12.0,30.0,0,1,0
9067,25.0,1.0,16.0,5.0,0,49.0,4.0,40.0,0,1,0
9068,39.0,1.0,13.0,4.0,1,49.0,2.0,40.0,0,1,0
9069,34.0,1.0,16.0,5.0,4,49.0,0.0,40.0,1,1,1
9070,48.0,1.0,18.0,1.0,3,4.0,1.0,55.0,1,1,1
9071,31.0,5.0,22.0,1.0,5,12.0,0.0,40.0,1,1,1
9072,36.0,4.0,21.0,1.0,0,49.0,1.0,40.0,0,1,1
9073,40.0,1.0,19.0,1.0,4,2.0,0.0,40.0,0,1,1
9074,53.0,1.0,19.0,1.0,2,49.0,1.0,40.0,1,1,1
9075,23.0,4.0,19.0,5.0,0,49.0,12.0,20.0,0,1,0
9076,33.0,1.0,21.0,1.0,0,15.0,0.0,40.0,0,0,1
9077,27.0,1.0,16.0,5.0,0,6.0,13.0,40.0,1,1,1
9078,33.0,2.0,21.0,5.0,0,6.0,2.0,40.0,0,1,0
9079,42.0,1.0,13.0,3.0,3,49.0,0.0,8.0,1,1,0
9080,28.0,1.0,16.0,1.0,2,49.0,2.0,30.0,0,1,0
9081,54.0,5.0,20.0,3.0,0,49.0,0.0,40.0,1,1,1
9082,37.0,1.0,1.0,5.0,4,8.0,3.0,45.0,1,1,1
9083,60.0,1.0,13.0,5.0,4,49.0,0.0,40.0,0,1,0
9084,39.0,3.0,21.0,1.0,2,49.0,1.0,40.0,0,1,1
9085,59.0,1.0,24.0,1.0,0,56.0,1.0,40.0,1,1,1
9086,38.0,1.0,16.0,1.0,2,49.0,0.0,40.0,0,1,1
9087,26.0,1.0,21.0,5.0,2,49.0,0.0,40.0,1,1,0
9088,54.0,1.0,20.0,1.0,-1,215.0,0.0,40.0,1,1,1
9089,41.0,4.0,22.0,1.0,0,49.0,0.0,7.0,0,1,1
9090,41.0,5.0,22.0,5.0,2,32.0,2.0,96.0,1,1,1
9091,57.0,4.0,16.0,1.0,2,42.0,1.0,30.0,0,1,0
9092,49.0,1.0,20.0,1.0,2,49.0,1.0,47.0,1,1,1
9093,28.0,1.0,19.0,5.0,4,18.0,14.0,40.0,1,1,1
9094,36.0,1.0,22.0,1.0,0,49.0,0.0,60.0,1,0,1
9095,17.0,1.0,14.0,5.0,1,49.0,2.0,8.0,0,1,0
9096,72.0,4.0,19.0,1.0,0,16.0,1.0,18.0,1,1,0
9097,44.0,1.0,16.0,1.0,-1,33.0,1.0,40.0,0,1,1
9098,53.0,4.0,21.0,1.0,0,51.0,0.0,40.0,1,1,1
9099,47.0,1.0,19.0,1.0,4,49.0,0.0,45.0,1,1,1
9100,40.0,1.0,16.0,1.0,2,49.0,0.0,45.0,1,1,0
9101,42.0,1.0,22.0,1.0,0,49.0,0.0,40.0,0,1,1
9102,53.0,1.0,21.0,1.0,0,49.0,0.0,45.0,0,1,1
9103,21.0,1.0,16.0,5.0,1,341.0,2.0,40.0,1,0,0
9104,26.0,1.0,18.0,1.0,4,49.0,1.0,60.0,1,1,1
9105,34.0,1.0,22.0,1.0,0,49.0,0.0,38.0,1,1,1
9106,20.0,1.0,19.0,1.0,3,49.0,1.0,37.0,1,1,1
9107,53.0,7.0,23.0,1.0,0,49.0,10.0,40.0,1,1,1
9108,53.0,1.0,20.0,1.0,3,49.0,0.0,20.0,1,1,0
9109,49.0,5.0,18.0,1.0,3,210.0,0.0,40.0,1,0,1
9110,51.0,1.0,16.0,1.0,0,440.0,1.0,40.0,0,1,0
9111,28.0,6.0,21.0,1.0,0,49.0,0.0,3.0,1,1,0
9112,51.0,1.0,16.0,1.0,2,49.0,0.0,42.0,1,1,1
9113,19.0,1.0,20.0,5.0,3,49.0,2.0,22.0,1,1,0
9114,40.0,7.0,21.0,1.0,0,29.0,1.0,45.0,1,1,1
9115,59.0,1.0,15.0,1.0,3,49.0,0.0,45.0,1,0,1
9116,24.0,1.0,21.0,3.0,2,49.0,6.0,26.0,0,1,0
9117,64.0,1.0,16.0,1.0,3,49.0,0.0,40.0,1,1,1
9118,28.0,2.0,21.0,5.0,0,42.0,2.0,35.0,0,1,0
9119,40.0,7.0,23.0,1.0,-1,49.0,1.0,65.0,1,1,1
9120,27.0,4.0,20.0,1.0,2,17.0,1.0,20.0,0,1,0
9121,41.0,6.0,21.0,1.0,0,49.0,0.0,40.0,1,1,1
9122,61.0,1.0,22.0,1.0,0,49.0,1.0,40.0,1,1,1
9123,36.0,1.0,21.0,1.0,0,49.0,1.0,40.0,0,0,1
9124,40.0,1.0,20.0,1.0,2,16.0,0.0,40.0,1,1,1
9125,47.0,7.0,16.0,1.0,-1,49.0,0.0,50.0,1,1,1
9126,59.0,4.0,24.0,5.0,0,49.0,0.0,45.0,1,1,1
9127,26.0,1.0,20.0,1.0,1,49.0,0.0,20.0,0,1,0
9128,45.0,2.0,20.0,1.0,0,49.0,1.0,50.0,1,1,1
9129,47.0,1.0,21.0,1.0,0,49.0,0.0,40.0,1,1,1
9130,52.0,6.0,19.0,1.0,3,49.0,0.0,5.0,1,1,1
9131,58.0,6.0,16.0,1.0,1,42.0,1.0,9.0,0,0,0
9132,43.0,1.0,21.0,5.0,0,49.0,0.0,60.0,1,1,1
9133,52.0,1.0,16.0,1.0,2,49.0,1.0,50.0,0,1,0
9134,56.0,1.0,21.0,1.0,0,49.0,0.0,42.0,0,1,1
9135,21.0,1.0,19.0,5.0,1,49.0,11.0,40.0,1,1,1
9136,53.0,6.0,21.0,3.0,0,16.0,0.0,6.0,0,1,0
9137,19.0,1.0,18.0,5.0,1,49.0,12.0,40.0,1,1,0
9138,24.0,1.0,13.0,4.0,0,49.0,0.0,40.0,0,1,0
9139,38.0,2.0,23.0,1.0,0,49.0,1.0,45.0,0,1,1
9140,22.0,1.0,16.0,1.0,4,6.0,12.0,40.0,1,0,0
9141,60.0,7.0,18.0,1.0,1,53.0,1.0,60.0,0,1,1
9142,35.0,1.0,21.0,5.0,0,16.0,5.0,40.0,0,1,0
9143,59.0,1.0,19.0,2.0,4,6.0,0.0,39.0,0,1,1
9144,58.0,4.0,21.0,1.0,0,49.0,0.0,9.0,0,1,1
9145,34.0,5.0,21.0,1.0,2,56.0,1.0,25.0,0,1,0
9146,28.0,1.0,21.0,1.0,0,147.0,1.0,40.0,0,1,1
9147,71.0,1.0,20.0,1.0,0,55.0,1.0,55.0,1,1,1
9148,68.0,2.0,19.0,3.0,0,49.0,0.0,60.0,0,1,1
9149,28.0,1.0,21.0,2.0,0,49.0,7.0,40.0,0,1,0
9150,40.0,2.0,21.0,1.0,0,49.0,1.0,30.0,0,1,1
9151,21.0,1.0,19.0,5.0,2,6.0,17.0,38.0,0,1,0
9152,20.0,1.0,19.0,5.0,2,13.0,12.0,40.0,1,1,0
9153,18.0,3.0,14.0,1.0,2,49.0,2.0,20.0,0,1,0
9154,58.0,4.0,22.0,1.0,0,49.0,1.0,48.0,1,1,1
9155,48.0,5.0,19.0,5.0,0,45.0,0.0,84.0,0,0,0
9156,60.0,1.0,16.0,1.0,3,50.0,17.0,8.0,1,1,0
9157,51.0,1.0,16.0,3.0,2,49.0,13.0,40.0,0,1,1
9158,68.0,1.0,19.0,1.0,3,49.0,0.0,40.0,1,1,1
9159,29.0,1.0,14.0,1.0,1,49.0,1.0,40.0,1,1,1
9160,37.0,1.0,16.0,3.0,4,373.0,0.0,20.0,0,0,0
9161,55.0,4.0,24.0,3.0,3,49.0,0.0,45.0,1,1,1
9162,23.0,1.0,20.0,1.0,0,303.0,1.0,50.0,0,1,0
9163,45.0,7.0,19.0,1.0,2,29.0,0.0,50.0,1,1,1
9164,26.0,5.0,19.0,1.0,0,213.0,1.0,45.0,1,1,1
9165,55.0,4.0,16.0,1.0,0,6.0,1.0,43.0,0,1,1
9166,35.0,1.0,20.0,1.0,1,8.0,1.0,40.0,0,1,1
9167,21.0,1.0,19.0,5.0,0,303.0,2.0,40.0,1,1,0
9168,22.0,1.0,18.0,3.0,1,49.0,2.0,30.0,0,1,0
9169,34.0,1.0,19.0,1.0,4,49.0,0.0,41.0,1,1,1
9170,33.0,1.0,19.0,1.0,0,49.0,1.0,40.0,1,1,1
9171,53.0,1.0,22.0,1.0,3,49.0,0.0,40.0,1,1,1
9172,27.0,5.0,22.0,1.0,0,49.0,1.0,50.0,0,1,1
9173,30.0,1.0,21.0,1.0,2,49.0,1.0,25.0,0,1,0
9174,56.0,4.0,21.0,1.0,0,373.0,0.0,40.0,0,1,0
9175,52.0,1.0,19.0,3.0,2,49.0,5.0,25.0,0,1,0
9176,47.0,1.0,21.0,1.0,2,49.0,0.0,45.0,0,1,1
9177,34.0,1.0,20.0,1.0,1,39.0,2.0,10.0,0,1,0
9178,70.0,1.0,24.0,1.0,0,49.0,0.0,40.0,1,1,1
9179,64.0,2.0,19.0,1.0,2,6.0,1.0,15.0,0,1,0
9180,57.0,1.0,19.0,1.0,3,6.0,0.0,50.0,1,1,1
9181,31.0,1.0,21.0,5.0,4,49.0,5.0,40.0,1,1,1
9182,49.0,4.0,24.0,1.0,0,49.0,0.0,46.0,1,1,1
9183,38.0,2.0,22.0,1.0,0,49.0,0.0,60.0,1,1,1
9184,41.0,1.0,16.0,3.0,4,27.0,6.0,50.0,0,1,1
9185,52.0,1.0,22.0,1.0,0,4.0,0.0,40.0,0,1,1
9186,27.0,1.0,22.0,1.0,0,26.0,1.0,40.0,1,0,1
9187,24.0,1.0,20.0,1.0,4,49.0,0.0,36.0,0,1,0
9188,27.0,1.0,21.0,1.0,0,49.0,1.0,40.0,0,1,1
9189,62.0,1.0,21.0,1.0,0,44.0,1.0,38.0,1,1,1
9190,59.0,1.0,21.0,3.0,0,16.0,0.0,30.0,1,1,1
9191,28.0,1.0,20.0,1.0,2,49.0,2.0,40.0,1,1,1
9192,63.0,5.0,22.0,1.0,0,18.0,0.0,40.0,1,1,1
9193,73.0,2.0,21.0,1.0,0,18.0,0.0,30.0,1,1,1
9194,31.0,1.0,21.0,5.0,3,49.0,0.0,40.0,1,1,1
9195,46.0,1.0,19.0,1.0,4,35.0,0.0,40.0,1,0,1
9196,43.0,1.0,16.0,1.0,2,49.0,0.0,35.0,0,1,0
9197,26.0,1.0,20.0,1.0,0,49.0,0.0,15.0,0,1,0
9198,18.0,1.0,19.0,1.0,2,55.0,2.0,25.0,1,1,0
9199,45.0,1.0,5.0,5.0,2,6.0,0.0,50.0,0,1,1
9200,62.0,3.0,16.0,1.0,1,13.0,0.0,15.0,0,1,1
9201,18.0,1.0,16.0,5.0,2,49.0,2.0,40.0,1,1,0
9202,43.0,6.0,21.0,1.0,0,217.0,0.0,35.0,1,0,1
9203,63.0,1.0,16.0,1.0,3,6.0,0.0,5.0,1,0,0
9204,68.0,1.0,16.0,1.0,4,49.0,1.0,45.0,1,1,1
9205,25.0,1.0,19.0,1.0,0,40.0,0.0,35.0,1,1,0
9206,37.0,1.0,20.0,1.0,2,49.0,0.0,45.0,0,1,1
9207,25.0,1.0,22.0,5.0,2,49.0,17.0,40.0,1,1,0
9208,34.0,2.0,20.0,1.0,0,49.0,1.0,45.0,1,1,1
9209,40.0,1.0,19.0,1.0,4,42.0,2.0,40.0,1,0,1
9210,29.0,1.0,17.0,5.0,4,49.0,2.0,20.0,1,0,0
9211,30.0,1.0,16.0,5.0,2,49.0,12.0,48.0,1,1,0
9212,60.0,1.0,14.0,1.0,3,15.0,0.0,40.0,1,1,1
9213,44.0,4.0,22.0,1.0,0,49.0,0.0,20.0,1,1,1
9214,38.0,1.0,24.0,1.0,0,49.0,1.0,45.0,1,1,1
9215,28.0,1.0,18.0,3.0,0,49.0,0.0,20.0,0,1,1
9216,59.0,3.0,21.0,1.0,0,35.0,0.0,40.0,1,0,1
9217,39.0,3.0,21.0,5.0,0,231.0,12.0,40.0,0,1,1
9218,31.0,1.0,18.0,1.0,1,49.0,0.0,25.0,1,1,0
9219,27.0,1.0,20.0,1.0,3,49.0,0.0,40.0,1,0,1
9220,56.0,1.0,17.0,3.0,3,12.0,0.0,35.0,1,1,1
9221,43.0,2.0,19.0,1.0,4,313.0,1.0,40.0,1,0,1
9222,54.0,4.0,21.0,1.0,0,36.0,0.0,40.0,0,1,1
9223,21.0,1.0,11.0,5.0,1,49.0,0.0,30.0,0,1,0
9224,42.0,1.0,22.0,1.0,0,49.0,0.0,50.0,1,1,1
9225,50.0,2.0,21.0,1.0,0,217.0,1.0,30.0,0,1,0
9226,42.0,1.0,16.0,1.0,3,49.0,9.0,30.0,1,1,0
9227,39.0,4.0,23.0,1.0,0,49.0,0.0,40.0,1,1,1
9228,42.0,1.0,21.0,1.0,0,26.0,0.0,40.0,0,1,1
9229,68.0,4.0,16.0,1.0,0,49.0,1.0,10.0,0,1,0
9230,64.0,1.0,16.0,1.0,2,56.0,1.0,60.0,0,1,1
9231,60.0,1.0,16.0,1.0,3,49.0,1.0,40.0,0,0,0
9232,27.0,4.0,21.0,1.0,2,49.0,1.0,60.0,0,1,1
9233,30.0,1.0,18.0,5.0,3,49.0,2.0,40.0,1,1,0
9234,44.0,2.0,21.0,1.0,2,36.0,1.0,32.0,0,1,0
9235,61.0,1.0,22.0,1.0,0,8.0,1.0,40.0,0,0,1
9236,62.0,5.0,19.0,1.0,2,49.0,9.0,80.0,1,1,1
9237,29.0,1.0,23.0,5.0,0,49.0,0.0,45.0,1,1,1
9238,60.0,1.0,14.0,1.0,3,49.0,1.0,50.0,1,1,1
9239,53.0,7.0,19.0,1.0,3,49.0,0.0,40.0,1,1,1
9240,61.0,1.0,20.0,1.0,1,49.0,0.0,40.0,0,1,0
9241,44.0,1.0,16.0,1.0,2,49.0,1.0,40.0,1,0,0
9242,56.0,2.0,19.0,1.0,4,49.0,1.0,40.0,1,1,1
9243,22.0,7.0,20.0,1.0,1,45.0,0.0,45.0,1,1,0
9244,25.0,5.0,21.0,5.0,0,4.0,0.0,40.0,0,1,0
9245,37.0,1.0,19.0,5.0,3,48.0,0.0,30.0,1,0,0
9246,42.0,1.0,16.0,1.0,0,49.0,1.0,40.0,1,1,1
9247,43.0,1.0,21.0,1.0,2,49.0,0.0,40.0,0,1,1
9248,43.0,1.0,13.0,2.0,2,6.0,16.0,40.0,0,1,0
9249,48.0,3.0,21.0,5.0,0,49.0,0.0,45.0,0,1,1
9250,20.0,1.0,19.0,5.0,1,6.0,0.0,23.0,0,1,0
9251,22.0,1.0,18.0,5.0,0,49.0,17.0,40.0,0,1,0
9252,62.0,4.0,24.0,1.0,0,49.0,1.0,50.0,0,1,1
9253,26.0,1.0,16.0,5.0,4,16.0,2.0,55.0,1,1,0
9254,40.0,1.0,21.0,1.0,3,373.0,1.0,40.0,1,0,1
9255,35.0,1.0,12.0,3.0,3,49.0,0.0,45.0,1,1,1
9256,55.0,7.0,19.0,3.0,0,49.0,0.0,50.0,1,1,1
9257,35.0,4.0,21.0,1.0,0,49.0,0.0,40.0,0,1,1
9258,35.0,2.0,20.0,1.0,1,49.0,1.0,40.0,0,1,0
9259,42.0,1.0,20.0,1.0,3,4.0,0.0,40.0,1,0,0
9260,24.0,2.0,19.0,1.0,2,49.0,0.0,40.0,0,1,0
9261,20.0,1.0,19.0,5.0,2,49.0,13.0,40.0,1,1,0
9262,19.0,1.0,16.0,5.0,3,49.0,5.0,40.0,1,1,0
9263,19.0,1.0,16.0,5.0,2,55.0,2.0,12.0,0,1,0
9264,51.0,1.0,18.0,1.0,4,31.0,0.0,45.0,1,1,0
9265,58.0,1.0,21.0,4.0,0,16.0,5.0,40.0,1,1,1
9266,20.0,1.0,19.0,5.0,0,49.0,17.0,30.0,0,1,0
9267,33.0,1.0,18.0,3.0,2,49.0,0.0,48.0,1,1,1
9268,47.0,1.0,20.0,1.0,0,49.0,0.0,50.0,1,1,1
9269,37.0,1.0,22.0,5.0,1,32.0,0.0,20.0,0,1,1
9270,25.0,1.0,21.0,5.0,0,6.0,2.0,40.0,0,1,1
9271,18.0,1.0,19.0,5.0,2,370.0,2.0,40.0,0,0,0
9272,27.0,1.0,19.0,1.0,4,49.0,1.0,40.0,1,0,1
9273,50.0,2.0,23.0,1.0,0,6.0,1.0,45.0,1,1,1
9274,36.0,1.0,18.0,1.0,0,362.0,0.0,40.0,1,1,1
9275,60.0,4.0,21.0,1.0,0,51.0,0.0,40.0,0,1,1
9276,54.0,6.0,19.0,1.0,0,49.0,1.0,30.0,0,1,1
9277,53.0,3.0,22.0,1.0,0,6.0,1.0,45.0,1,1,1
9278,55.0,3.0,20.0,1.0,0,30.0,1.0,40.0,1,1,1
9279,39.0,1.0,17.0,1.0,4,49.0,2.0,40.0,1,1,0
9280,53.0,5.0,21.0,1.0,0,56.0,1.0,40.0,0,1,1
9281,29.0,3.0,16.0,1.0,1,12.0,1.0,40.0,0,1,0
9282,27.0,1.0,19.0,5.0,4,6.0,16.0,40.0,1,1,0
9283,35.0,8.0,21.0,1.0,1,53.0,0.0,50.0,0,1,1
9284,24.0,1.0,16.0,1.0,1,49.0,2.0,40.0,1,1,0
9285,35.0,1.0,16.0,1.0,0,53.0,0.0,40.0,1,1,1
9286,92.0,1.0,16.0,3.0,4,49.0,6.0,60.0,1,1,1
9287,29.0,1.0,19.0,5.0,2,49.0,0.0,50.0,1,1,0
9288,18.0,1.0,15.0,5.0,4,8.0,2.0,20.0,1,1,0
9289,76.0,1.0,18.0,5.0,2,16.0,0.0,40.0,1,1,1
9290,64.0,1.0,18.0,1.0,4,49.0,1.0,50.0,1,1,1
9291,72.0,3.0,16.0,1.0,4,373.0,0.0,25.0,0,0,0
9292,83.0,7.0,18.0,1.0,0,49.0,1.0,60.0,1,1,1
9293,40.0,1.0,19.0,1.0,0,36.0,0.0,40.0,1,1,1
9294,31.0,1.0,18.0,5.0,0,49.0,0.0,40.0,1,1,0
9295,18.0,1.0,14.0,5.0,1,48.0,2.0,40.0,0,1,0
9296,59.0,1.0,20.0,1.0,3,49.0,0.0,45.0,1,1,1
9297,34.0,1.0,18.0,1.0,2,49.0,17.0,40.0,1,1,0
9298,54.0,1.0,19.0,1.0,2,49.0,1.0,21.0,0,1,1
9299,28.0,1.0,22.0,1.0,1,30.0,10.0,40.0,0,1,0
9300,46.0,1.0,19.0,1.0,0,4.0,1.0,35.0,0,1,0
9301,26.0,1.0,20.0,3.0,1,6.0,13.0,40.0,1,1,0
9302,59.0,1.0,20.0,1.0,3,6.0,0.0,40.0,1,1,1
9303,26.0,1.0,20.0,5.0,2,49.0,0.0,28.0,0,1,0
9304,55.0,4.0,20.0,1.0,2,49.0,0.0,50.0,1,1,1
9305,29.0,1.0,21.0,5.0,0,49.0,2.0,60.0,0,1,0
9306,19.0,1.0,18.0,5.0,0,49.0,2.0,40.0,1,1,0
9307,44.0,1.0,21.0,1.0,1,53.0,1.0,15.0,1,1,0
9308,21.0,1.0,19.0,5.0,2,6.0,10.0,21.0,0,1,0
9309,41.0,4.0,21.0,1.0,0,49.0,0.0,40.0,1,1,1
9310,25.0,1.0,21.0,1.0,4,34.0,1.0,40.0,0,1,0
9311,28.0,2.0,20.0,1.0,2,49.0,0.0,30.0,0,0,0
9312,46.0,1.0,21.0,5.0,-1,32.0,12.0,48.0,1,1,1
9313,26.0,1.0,21.0,1.0,0,53.0,1.0,30.0,0,1,1
9314,62.0,6.0,16.0,2.0,0,110.0,0.0,48.0,0,1,1
9315,17.0,1.0,14.0,5.0,0,49.0,2.0,8.0,1,1,0
9316,42.0,5.0,19.0,1.0,-1,49.0,0.0,40.0,1,1,1
9317,54.0,1.0,21.0,3.0,1,49.0,0.0,40.0,0,1,0
9318,50.0,3.0,16.0,1.0,0,49.0,0.0,10.0,0,1,0
9319,33.0,2.0,22.0,1.0,0,49.0,1.0,43.0,1,1,1
9320,18.0,3.0,18.0,5.0,1,26.0,2.0,45.0,0,1,0
9321,21.0,1.0,21.0,5.0,3,49.0,0.0,40.0,1,1,1
9322,36.0,4.0,16.0,5.0,0,49.0,7.0,40.0,1,1,0
9323,59.0,1.0,21.0,1.0,0,49.0,0.0,45.0,1,1,1
9324,36.0,1.0,21.0,1.0,0,49.0,1.0,40.0,0,1,0
9325,40.0,1.0,16.0,1.0,0,12.0,0.0,35.0,1,1,1
9326,18.0,1.0,16.0,5.0,2,49.0,2.0,37.0,0,1,0
9327,25.0,1.0,15.0,1.0,2,6.0,1.0,15.0,0,1,0
9328,38.0,7.0,21.0,1.0,0,49.0,0.0,40.0,0,1,1
9329,37.0,1.0,16.0,1.0,2,49.0,0.0,32.0,0,1,1
9330,29.0,1.0,16.0,1.0,1,49.0,1.0,16.0,0,1,0
9331,20.0,1.0,19.0,5.0,2,207.0,0.0,30.0,0,0,0
9332,24.0,5.0,16.0,1.0,2,49.0,1.0,40.0,0,1,0
9333,58.0,1.0,22.0,1.0,0,303.0,0.0,36.0,0,0,0
9334,67.0,1.0,16.0,3.0,0,6.0,0.0,18.0,0,1,0
9335,23.0,1.0,19.0,5.0,4,49.0,11.0,40.0,1,1,0
9336,28.0,1.0,16.0,5.0,0,36.0,0.0,40.0,1,1,1
9337,43.0,1.0,20.0,1.0,2,49.0,1.0,60.0,1,1,1
9338,17.0,1.0,14.0,5.0,1,49.0,2.0,30.0,0,0,0
9339,19.0,4.0,18.0,5.0,3,49.0,2.0,40.0,1,1,0
9340,33.0,1.0,17.0,3.0,3,49.0,2.0,40.0,1,1,0
9341,36.0,1.0,9.0,1.0,3,47.0,9.0,15.0,1,1,0
9342,47.0,1.0,16.0,5.0,1,49.0,15.0,40.0,1,1,1
9343,38.0,4.0,16.0,3.0,1,49.0,0.0,40.0,0,1,1
9344,23.0,1.0,16.0,5.0,4,49.0,11.0,15.0,1,1,0
9345,33.0,1.0,19.0,5.0,1,49.0,12.0,25.0,1,1,0
9346,36.0,6.0,16.0,1.0,3,49.0,10.0,70.0,1,1,0
9347,48.0,1.0,22.0,1.0,0,49.0,0.0,60.0,1,1,1
9348,55.0,1.0,21.0,1.0,0,6.0,0.0,40.0,1,1,1
9349,22.0,1.0,19.0,1.0,1,19.0,0.0,20.0,1,1,0
9350,39.0,1.0,18.0,1.0,0,49.0,0.0,45.0,1,0,1
9351,53.0,1.0,16.0,1.0,4,8.0,1.0,50.0,1,1,1
9352,30.0,4.0,12.0,1.0,1,303.0,0.0,50.0,1,1,1
9353,43.0,1.0,16.0,4.0,0,16.0,0.0,40.0,1,1,1
9354,26.0,1.0,19.0,1.0,4,48.0,0.0,40.0,1,1,0
9355,46.0,1.0,18.0,1.0,0,49.0,1.0,45.0,0,1,1
9356,49.0,2.0,18.0,1.0,0,55.0,0.0,45.0,1,1,1
9357,25.0,1.0,15.0,5.0,1,49.0,4.0,60.0,0,1,1
9358,24.0,1.0,20.0,1.0,4,36.0,0.0,40.0,1,1,1
9359,47.0,5.0,20.0,1.0,2,16.0,0.0,40.0,0,1,1
9360,33.0,1.0,21.0,3.0,1,6.0,0.0,40.0,1,1,1
9361,58.0,1.0,19.0,1.0,0,32.0,1.0,40.0,1,0,1
9362,58.0,1.0,16.0,1.0,2,49.0,1.0,40.0,1,1,1
9363,54.0,6.0,16.0,1.0,3,49.0,0.0,60.0,1,1,1
9364,33.0,6.0,22.0,1.0,0,49.0,0.0,60.0,1,1,1
9365,58.0,6.0,22.0,1.0,0,49.0,0.0,50.0,1,1,1
9366,38.0,1.0,16.0,1.0,1,49.0,0.0,43.0,1,1,1
9367,54.0,1.0,16.0,1.0,2,49.0,0.0,15.0,0,1,0
9368,25.0,1.0,15.0,5.0,2,247.0,2.0,40.0,1,0,0
9369,49.0,7.0,20.0,1.0,0,49.0,0.0,10.0,0,1,0
9370,30.0,1.0,21.0,1.0,4,49.0,2.0,40.0,1,0,0
9371,82.0,1.0,16.0,5.0,2,18.0,0.0,40.0,1,1,1
9372,19.0,1.0,14.0,1.0,3,49.0,0.0,50.0,1,1,0
9373,42.0,1.0,19.0,5.0,2,49.0,13.0,40.0,0,1,0
9374,58.0,1.0,16.0,1.0,0,53.0,1.0,40.0,0,1,1
9375,20.0,1.0,19.0,5.0,2,210.0,2.0,20.0,0,0,0
9376,58.0,2.0,20.0,1.0,0,301.0,1.0,40.0,1,1,1
9377,32.0,1.0,16.0,5.0,3,17.0,12.0,45.0,1,1,1
9378,26.0,4.0,16.0,5.0,3,303.0,12.0,15.0,1,0,0
9379,17.0,1.0,14.0,5.0,1,30.0,2.0,15.0,0,1,0
9380,21.0,2.0,21.0,5.0,4,49.0,2.0,25.0,1,1,0
9381,29.0,1.0,19.0,1.0,0,49.0,9.0,25.0,0,1,1
9382,25.0,1.0,15.0,1.0,4,49.0,1.0,40.0,1,1,1
9383,35.0,1.0,21.0,1.0,0,303.0,1.0,40.0,0,1,1
9384,45.0,1.0,21.0,1.0,2,49.0,0.0,40.0,0,1,1
9385,29.0,1.0,20.0,5.0,1,49.0,13.0,16.0,0,1,0
9386,55.0,3.0,21.0,1.0,0,6.0,1.0,42.0,0,1,1
9387,81.0,6.0,19.0,1.0,2,49.0,1.0,1.0,0,1,1
9388,59.0,4.0,20.0,1.0,1,49.0,1.0,12.0,0,1,0
9389,54.0,1.0,16.0,1.0,0,49.0,1.0,40.0,0,1,1
9390,29.0,3.0,16.0,1.0,4,49.0,15.0,62.0,1,1,0
9391,38.0,3.0,20.0,1.0,1,139.0,0.0,60.0,0,1,1
9392,36.0,1.0,21.0,1.0,0,49.0,1.0,35.0,1,1,0
9393,24.0,1.0,19.0,5.0,2,6.0,17.0,40.0,0,1,0
9394,21.0,1.0,20.0,5.0,0,49.0,2.0,40.0,1,1,0
9395,60.0,1.0,16.0,1.0,2,49.0,1.0,40.0,1,1,0
9396,33.0,1.0,18.0,1.0,3,32.0,1.0,80.0,1,1,1
9397,17.0,1.0,14.0,5.0,1,49.0,3.0,35.0,0,1,0
9398,26.0,2.0,18.0,2.0,1,49.0,0.0,19.0,0,1,0
9399,54.0,1.0,16.0,3.0,4,49.0,0.0,40.0,0,1,1
9400,59.0,1.0,16.0,1.0,4,207.0,1.0,40.0,1,0,1
9401,41.0,1.0,23.0,1.0,0,49.0,1.0,40.0,0,1,0
9402,21.0,4.0,18.0,5.0,1,49.0,0.0,12.0,0,1,0
9403,46.0,1.0,22.0,1.0,0,49.0,1.0,40.0,1,1,1
9404,92.0,6.0,22.0,1.0,-1,4.0,0.0,45.0,1,1,1
9405,22.0,1.0,18.0,1.0,2,32.0,0.0,15.0,0,1,0
9406,21.0,2.0,19.0,5.0,0,49.0,2.0,10.0,0,0,0
9407,27.0,1.0,19.0,5.0,1,49.0,0.0,17.0,0,1,0
9408,54.0,1.0,16.0,1.0,1,49.0,1.0,40.0,0,0,1
9409,21.0,1.0,16.0,5.0,3,49.0,12.0,42.0,1,1,0
9410,37.0,1.0,14.0,5.0,0,49.0,13.0,70.0,1,1,1
9411,28.0,1.0,18.0,1.0,1,41.0,0.0,45.0,1,1,1
9412,74.0,7.0,18.0,1.0,0,21.0,1.0,22.0,0,1,0
9413,66.0,7.0,23.0,1.0,0,49.0,1.0,30.0,1,1,1
9414,44.0,1.0,16.0,1.0,2,49.0,1.0,35.0,0,1,0
9415,78.0,7.0,16.0,1.0,3,49.0,0.0,20.0,1,1,1
9416,26.0,1.0,19.0,1.0,0,49.0,0.0,35.0,1,1,0
9417,61.0,1.0,21.0,1.0,0,49.0,0.0,40.0,1,1,0
9418,22.0,1.0,19.0,5.0,0,49.0,2.0,40.0,1,1,1
9419,21.0,1.0,19.0,5.0,0,49.0,17.0,20.0,0,1,0
9420,34.0,4.0,23.0,1.0,0,6.0,1.0,40.0,0,1,0
9421,28.0,1.0,21.0,1.0,2,48.0,1.0,30.0,1,1,0
9422,38.0,1.0,18.0,1.0,2,49.0,0.0,50.0,1,1,1
9423,18.0,1.0,20.0,5.0,1,49.0,7.0,40.0,1,1,0
9424,24.0,1.0,16.0,1.0,1,16.0,1.0,20.0,0,1,0
9425,53.0,3.0,21.0,1.0,0,49.0,0.0,40.0,1,1,1
9426,40.0,6.0,21.0,5.0,0,49.0,0.0,30.0,0,1,0
9427,40.0,1.0,18.0,1.0,3,53.0,1.0,49.0,1,1,1
9428,17.0,1.0,13.0,5.0,1,49.0,2.0,25.0,0,0,0
9429,29.0,5.0,16.0,1.0,2,16.0,0.0,40.0,0,1,0
9430,24.0,1.0,21.0,5.0,2,38.0,0.0,38.0,0,1,0
9431,56.0,7.0,21.0,1.0,0,53.0,1.0,30.0,0,1,1
9432,23.0,1.0,20.0,5.0,1,49.0,0.0,30.0,1,1,0
9433,35.0,7.0,21.0,4.0,1,48.0,2.0,20.0,0,1,0
9434,17.0,1.0,14.0,5.0,2,49.0,2.0,8.0,0,1,0
9435,41.0,1.0,24.0,1.0,0,55.0,0.0,40.0,1,1,1
9436,24.0,2.0,20.0,1.0,0,6.0,0.0,28.0,0,1,0
9437,53.0,4.0,18.0,3.0,0,49.0,17.0,40.0,1,1,1
9438,23.0,5.0,19.0,5.0,2,19.0,13.0,40.0,1,1,1
9439,35.0,2.0,22.0,1.0,0,45.0,0.0,30.0,1,1,0
9440,60.0,1.0,16.0,3.0,0,303.0,0.0,22.0,0,0,0
9441,26.0,1.0,21.0,1.0,4,6.0,1.0,40.0,1,1,0
9442,70.0,1.0,17.0,3.0,0,49.0,0.0,50.0,1,1,1
9443,33.0,1.0,22.0,1.0,0,6.0,1.0,40.0,0,1,1
9444,67.0,1.0,19.0,3.0,4,36.0,0.0,50.0,1,1,1
9445,54.0,1.0,21.0,1.0,0,49.0,0.0,50.0,1,1,1
9446,53.0,1.0,18.0,1.0,2,49.0,1.0,36.0,0,1,1
9447,22.0,2.0,19.0,3.0,2,12.0,0.0,36.0,0,1,0
9448,40.0,6.0,22.0,1.0,0,49.0,1.0,30.0,0,1,1
9449,22.0,1.0,16.0,5.0,2,53.0,17.0,40.0,1,1,0
9450,56.0,5.0,16.0,3.0,4,49.0,0.0,40.0,1,1,1
9451,41.0,1.0,22.0,1.0,0,6.0,1.0,50.0,1,1,1
9452,56.0,1.0,16.0,5.0,2,6.0,4.0,15.0,0,1,0
9453,38.0,1.0,19.0,3.0,2,49.0,0.0,45.0,0,1,1
9454,49.0,7.0,18.0,1.0,3,16.0,0.0,35.0,0,0,0
9455,51.0,1.0,16.0,1.0,0,49.0,1.0,65.0,1,1,1
9456,55.0,4.0,21.0,1.0,0,49.0,1.0,40.0,1,1,1
9457,41.0,4.0,24.0,1.0,0,12.0,0.0,40.0,0,1,1
9458,50.0,3.0,20.0,1.0,0,49.0,0.0,40.0,1,1,1
9459,69.0,1.0,21.0,1.0,2,47.0,0.0,30.0,1,1,1
9460,47.0,3.0,20.0,1.0,1,49.0,1.0,30.0,0,1,0
9461,62.0,4.0,21.0,1.0,0,6.0,1.0,44.0,1,1,1
9462,20.0,1.0,19.0,5.0,1,49.0,10.0,20.0,0,1,0
9463,43.0,2.0,21.0,1.0,0,16.0,1.0,40.0,0,1,1
9464,44.0,1.0,18.0,1.0,1,49.0,0.0,40.0,0,1,1
9465,52.0,7.0,16.0,1.0,1,49.0,1.0,45.0,1,1,1
9466,56.0,6.0,21.0,1.0,0,12.0,1.0,18.0,1,1,0
9467,42.0,1.0,21.0,1.0,0,49.0,0.0,40.0,1,1,1
9468,29.0,1.0,21.0,5.0,3,49.0,12.0,50.0,1,1,0
9469,18.0,1.0,14.0,5.0,4,6.0,2.0,35.0,1,0,0
9470,39.0,1.0,19.0,1.0,4,49.0,0.0,30.0,0,1,0
9471,42.0,2.0,21.0,1.0,0,6.0,0.0,40.0,0,1,0
9472,42.0,4.0,20.0,1.0,1,48.0,0.0,4.0,0,1,0
9473,32.0,2.0,19.0,5.0,0,49.0,0.0,20.0,0,1,0
9474,25.0,4.0,21.0,1.0,1,37.0,0.0,35.0,0,1,0
9475,39.0,1.0,21.0,1.0,0,49.0,0.0,10.0,0,0,0
9476,43.0,3.0,22.0,1.0,0,235.0,0.0,40.0,0,0,1
9477,27.0,2.0,21.0,4.0,1,49.0,2.0,28.0,0,1,1
9478,39.0,1.0,23.0,1.0,0,49.0,0.0,45.0,0,1,1
9479,53.0,6.0,21.0,1.0,1,30.0,1.0,18.0,0,0,0
9480,50.0,1.0,19.0,3.0,2,29.0,15.0,3.0,0,1,0
9481,47.0,6.0,21.0,1.0,0,35.0,1.0,20.0,0,1,1
9482,27.0,1.0,16.0,5.0,0,30.0,2.0,45.0,1,1,1
9483,51.0,7.0,19.0,1.0,1,49.0,1.0,20.0,1,1,0
9484,32.0,2.0,23.0,1.0,0,6.0,1.0,40.0,1,1,1
9485,31.0,1.0,16.0,1.0,3,42.0,1.0,50.0,1,1,0
9486,29.0,1.0,22.0,1.0,0,49.0,0.0,40.0,1,1,1
9487,30.0,2.0,20.0,1.0,2,49.0,9.0,15.0,0,1,0
9488,60.0,1.0,16.0,1.0,2,45.0,1.0,40.0,0,1,0
9489,35.0,1.0,16.0,1.0,3,49.0,1.0,45.0,1,1,1
9490,43.0,7.0,21.0,1.0,0,6.0,0.0,55.0,1,1,1
9491,19.0,1.0,18.0,1.0,2,49.0,9.0,32.0,0,1,0
9492,37.0,1.0,16.0,1.0,2,5.0,0.0,40.0,1,0,0
9493,35.0,1.0,22.0,1.0,0,42.0,1.0,40.0,1,1,1
9494,31.0,1.0,21.0,5.0,0,223.0,0.0,50.0,1,0,1
9495,26.0,1.0,16.0,1.0,4,49.0,0.0,40.0,1,1,0
9496,26.0,4.0,21.0,1.0,0,17.0,1.0,30.0,0,1,0
9497,44.0,5.0,21.0,5.0,3,313.0,0.0,48.0,1,1,1
9498,24.0,2.0,13.0,1.0,4,49.0,1.0,28.0,0,1,0
9499,37.0,1.0,19.0,5.0,1,6.0,12.0,15.0,1,1,0
9500,51.0,7.0,16.0,1.0,0,215.0,0.0,50.0,1,1,1
9501,65.0,7.0,20.0,1.0,0,303.0,0.0,50.0,0,0,1
9502,25.0,1.0,21.0,5.0,0,16.0,0.0,40.0,1,1,0
9503,48.0,2.0,18.0,1.0,0,49.0,1.0,55.0,1,1,1
9504,39.0,4.0,22.0,1.0,2,49.0,0.0,20.0,0,1,0
9505,54.0,4.0,22.0,2.0,0,49.0,10.0,40.0,0,1,1
9506,62.0,1.0,16.0,1.0,3,49.0,0.0,40.0,1,1,1
9507,40.0,1.0,21.0,5.0,2,6.0,0.0,80.0,1,0,1
9508,44.0,1.0,21.0,5.0,0,29.0,11.0,36.0,1,1,0
9509,64.0,1.0,1.0,1.0,3,49.0,1.0,10.0,1,1,0
9510,38.0,6.0,16.0,1.0,0,49.0,1.0,40.0,0,1,1
9511,45.0,1.0,21.0,1.0,0,49.0,1.0,45.0,1,1,1
9512,52.0,6.0,21.0,3.0,0,49.0,0.0,50.0,1,1,1
9513,34.0,1.0,18.0,1.0,1,6.0,1.0,40.0,0,1,0
9514,80.0,6.0,19.0,2.0,1,303.0,0.0,40.0,1,0,1
9515,69.0,1.0,19.0,1.0,4,49.0,0.0,40.0,1,1,1
9516,37.0,1.0,22.0,1.0,0,49.0,9.0,40.0,1,1,1
9517,34.0,1.0,21.0,1.0,0,49.0,1.0,55.0,1,1,1
9518,55.0,1.0,19.0,1.0,0,36.0,0.0,40.0,1,1,1
9519,25.0,1.0,22.0,1.0,0,21.0,0.0,54.0,1,1,1
9520,46.0,1.0,19.0,1.0,3,6.0,1.0,40.0,1,1,1
9521,61.0,1.0,21.0,1.0,2,49.0,1.0,40.0,0,1,1
9522,28.0,1.0,17.0,5.0,2,4.0,7.0,30.0,1,1,0
9523,33.0,7.0,21.0,1.0,0,49.0,0.0,40.0,0,1,1
9524,49.0,4.0,22.0,1.0,0,49.0,0.0,40.0,0,1,0
9525,45.0,1.0,17.0,1.0,3,40.0,0.0,45.0,1,1,0
9526,34.0,7.0,22.0,1.0,0,6.0,1.0,30.0,0,1,1
9527,40.0,1.0,19.0,1.0,3,49.0,1.0,30.0,1,1,0
9528,30.0,1.0,19.0,1.0,4,49.0,1.0,46.0,0,1,1
9529,20.0,1.0,20.0,5.0,2,13.0,17.0,15.0,0,1,0
9530,27.0,1.0,19.0,1.0,3,16.0,2.0,50.0,1,1,1
9531,25.0,1.0,21.0,1.0,2,8.0,0.0,8.0,1,1,0
9532,43.0,2.0,22.0,1.0,0,49.0,1.0,40.0,1,1,1
9533,42.0,1.0,16.0,1.0,2,49.0,0.0,60.0,1,1,1
9534,40.0,3.0,19.0,1.0,1,49.0,1.0,12.0,0,1,0
9535,30.0,1.0,21.0,1.0,0,35.0,0.0,40.0,0,1,1
9536,41.0,3.0,21.0,1.0,0,49.0,1.0,39.0,1,1,0
9537,62.0,4.0,22.0,1.0,0,49.0,0.0,50.0,1,1,1
9538,34.0,1.0,22.0,1.0,0,41.0,1.0,40.0,1,1,1
9539,43.0,2.0,21.0,3.0,0,49.0,0.0,36.0,0,1,1
9540,18.0,6.0,14.0,5.0,1,49.0,12.0,10.0,0,1,0
9541,43.0,1.0,21.0,3.0,0,110.0,0.0,50.0,1,1,1
9542,22.0,1.0,19.0,1.0,2,36.0,0.0,40.0,0,1,0
9543,58.0,1.0,19.0,1.0,2,8.0,1.0,40.0,1,1,1
9544,58.0,1.0,1.0,1.0,1,6.0,0.0,18.0,0,1,0
9545,61.0,1.0,19.0,1.0,0,49.0,0.0,40.0,0,1,0
9546,39.0,1.0,16.0,4.0,2,26.0,0.0,30.0,0,0,0
9547,34.0,1.0,19.0,1.0,1,6.0,0.0,40.0,1,1,0
9548,48.0,8.0,19.0,1.0,4,49.0,0.0,20.0,0,1,0
9549,21.0,1.0,19.0,5.0,2,49.0,2.0,12.0,0,1,0
9550,42.0,1.0,18.0,1.0,2,49.0,1.0,40.0,0,1,1
9551,50.0,1.0,18.0,1.0,0,16.0,1.0,40.0,0,1,1
9552,28.0,1.0,20.0,1.0,4,523.0,1.0,40.0,1,0,1
9553,66.0,1.0,16.0,3.0,4,49.0,0.0,40.0,0,1,1
9554,17.0,3.0,17.0,5.0,0,49.0,2.0,20.0,0,1,0
9555,30.0,1.0,16.0,1.0,4,6.0,7.0,50.0,1,1,1
9556,55.0,1.0,16.0,1.0,0,49.0,6.0,44.0,0,1,1
9557,44.0,1.0,22.0,3.0,0,53.0,0.0,40.0,0,1,1
9558,47.0,1.0,18.0,1.0,2,49.0,1.0,45.0,0,1,1
9559,20.0,1.0,16.0,5.0,2,49.0,2.0,35.0,1,1,0
9560,30.0,1.0,18.0,1.0,4,370.0,0.0,24.0,0,1,0
9561,33.0,1.0,21.0,1.0,0,49.0,0.0,1.0,1,1,1
9562,41.0,1.0,21.0,1.0,0,49.0,0.0,40.0,1,1,1
9563,22.0,1.0,19.0,5.0,1,49.0,12.0,20.0,0,1,0
9564,43.0,1.0,22.0,1.0,2,247.0,1.0,40.0,0,0,0
9565,37.0,6.0,21.0,1.0,1,31.0,1.0,15.0,1,1,0
9566,68.0,1.0,21.0,3.0,2,49.0,0.0,45.0,0,1,1
9567,63.0,1.0,21.0,1.0,2,6.0,0.0,20.0,0,1,1
9568,24.0,1.0,18.0,1.0,4,6.0,7.0,40.0,1,1,0
9569,70.0,1.0,12.0,1.0,1,303.0,6.0,36.0,0,0,0
9570,57.0,7.0,20.0,3.0,2,49.0,0.0,20.0,0,1,0
9571,48.0,1.0,19.0,4.0,1,6.0,0.0,60.0,1,1,1
9572,29.0,4.0,24.0,5.0,0,49.0,15.0,40.0,1,1,1
9573,29.0,1.0,19.0,5.0,0,49.0,2.0,40.0,1,1,1
9574,19.0,1.0,17.0,5.0,3,32.0,2.0,40.0,1,1,0
9575,24.0,1.0,16.0,1.0,4,49.0,1.0,40.0,1,1,1
9576,19.0,1.0,19.0,5.0,3,49.0,3.0,40.0,1,1,0
9577,48.0,6.0,24.0,1.0,0,49.0,0.0,10.0,1,0,1
9578,36.0,1.0,21.0,3.0,0,49.0,2.0,40.0,1,1,1
9579,49.0,1.0,16.0,1.0,1,49.0,1.0,40.0,0,1,0
9580,23.0,7.0,20.0,1.0,3,4.0,7.0,10.0,1,1,0
9581,66.0,1.0,16.0,1.0,2,16.0,0.0,29.0,0,1,0
9582,49.0,1.0,21.0,1.0,0,49.0,0.0,40.0,0,1,0
9583,35.0,2.0,16.0,3.0,3,53.0,16.0,24.0,1,1,0
9584,67.0,1.0,19.0,1.0,1,6.0,1.0,40.0,1,1,0
9585,37.0,1.0,21.0,5.0,1,515.0,0.0,65.0,1,0,1
9586,22.0,1.0,18.0,5.0,3,49.0,12.0,2.0,1,1,0
9587,44.0,2.0,21.0,1.0,0,49.0,1.0,40.0,0,1,1
9588,63.0,1.0,18.0,3.0,2,48.0,5.0,40.0,0,1,1
9589,38.0,5.0,18.0,1.0,2,49.0,1.0,40.0,1,1,1
9590,55.0,1.0,20.0,1.0,4,32.0,0.0,40.0,1,1,1
9591,21.0,1.0,19.0,5.0,2,16.0,2.0,16.0,1,1,0
9592,40.0,1.0,19.0,3.0,3,49.0,0.0,50.0,1,1,1
9593,27.0,1.0,22.0,5.0,0,49.0,13.0,40.0,1,1,1
9594,60.0,1.0,21.0,1.0,0,30.0,1.0,40.0,0,1,0
9595,20.0,1.0,19.0,1.0,2,39.0,2.0,20.0,0,1,0
9596,17.0,1.0,14.0,5.0,2,49.0,7.0,40.0,1,1,0
9597,50.0,1.0,19.0,1.0,0,554.0,1.0,40.0,1,1,1
9598,23.0,3.0,19.0,5.0,0,49.0,0.0,25.0,0,1,0
9599,29.0,1.0,21.0,1.0,0,49.0,1.0,40.0,1,1,0
9600,49.0,4.0,21.0,1.0,0,6.0,0.0,40.0,1,1,1
9601,19.0,1.0,16.0,5.0,1,6.0,2.0,6.0,1,1,0
9602,20.0,1.0,19.0,5.0,1,49.0,2.0,45.0,0,1,0
9603,49.0,1.0,21.0,1.0,2,49.0,1.0,40.0,1,1,1
9604,21.0,1.0,19.0,1.0,4,217.0,9.0,45.0,1,0,0
9605,61.0,1.0,19.0,3.0,0,41.0,6.0,50.0,0,1,1
9606,27.0,3.0,20.0,1.0,0,49.0,0.0,40.0,1,1,1
9607,47.0,1.0,18.0,3.0,3,49.0,0.0,45.0,1,1,1
9608,55.0,4.0,24.0,4.0,0,27.0,0.0,40.0,1,1,1
9609,41.0,2.0,21.0,1.0,2,49.0,1.0,40.0,0,1,1
9610,27.0,2.0,21.0,1.0,0,49.0,0.0,40.0,0,1,0
9611,63.0,1.0,21.0,3.0,0,314.0,0.0,40.0,0,1,0
9612,61.0,7.0,22.0,1.0,0,49.0,0.0,50.0,0,1,0
9613,43.0,1.0,22.0,1.0,0,365.0,0.0,40.0,0,0,1
9614,21.0,1.0,17.0,1.0,3,110.0,2.0,45.0,1,1,0
9615,19.0,1.0,16.0,5.0,4,49.0,2.0,42.0,1,0,0
9616,57.0,1.0,19.0,1.0,3,16.0,1.0,60.0,1,1,1
9617,21.0,1.0,19.0,1.0,4,37.0,0.0,40.0,1,1,1
9618,41.0,4.0,22.0,1.0,0,49.0,0.0,40.0,1,1,1
9619,64.0,1.0,19.0,1.0,2,49.0,0.0,50.0,1,1,1
9620,33.0,1.0,21.0,1.0,0,49.0,0.0,40.0,1,1,1
9621,31.0,2.0,20.0,1.0,0,49.0,9.0,40.0,0,0,1
9622,27.0,1.0,16.0,4.0,2,6.0,0.0,46.0,1,1,0
9623,21.0,1.0,16.0,1.0,2,49.0,2.0,40.0,1,1,0
9624,55.0,3.0,21.0,3.0,0,49.0,0.0,48.0,1,1,1
9625,51.0,1.0,21.0,1.0,0,25.0,0.0,40.0,1,1,1
9626,38.0,1.0,18.0,5.0,4,49.0,17.0,45.0,1,1,0
9627,66.0,1.0,16.0,5.0,4,8.0,0.0,40.0,1,1,0
9628,48.0,1.0,21.0,4.0,0,49.0,0.0,40.0,0,1,1
9629,46.0,4.0,21.0,1.0,2,49.0,1.0,40.0,1,1,1
9630,33.0,1.0,20.0,1.0,1,49.0,1.0,40.0,0,1,0
9631,56.0,1.0,21.0,1.0,0,40.0,1.0,48.0,1,1,1
9632,57.0,4.0,21.0,2.0,0,49.0,0.0,30.0,0,1,1
9633,28.0,1.0,19.0,1.0,1,162.0,0.0,40.0,1,1,0
9634,23.0,1.0,18.0,5.0,0,35.0,2.0,45.0,1,1,1
9635,32.0,1.0,21.0,1.0,0,49.0,1.0,38.0,1,1,1
9636,53.0,1.0,21.0,1.0,0,49.0,0.0,40.0,1,1,1
9637,39.0,6.0,23.0,1.0,0,49.0,0.0,40.0,1,1,1
9638,44.0,1.0,20.0,3.0,2,49.0,0.0,40.0,0,1,0
9639,37.0,1.0,21.0,1.0,0,303.0,1.0,48.0,1,1,0
9640,22.0,2.0,18.0,5.0,1,49.0,2.0,35.0,0,1,0
9641,73.0,1.0,16.0,1.0,4,4.0,0.0,20.0,1,0,1
9642,57.0,1.0,21.0,1.0,0,48.0,0.0,20.0,0,1,0
9643,25.0,1.0,16.0,5.0,3,49.0,16.0,25.0,1,1,0
9644,26.0,1.0,18.0,1.0,2,17.0,1.0,20.0,0,1,0
9645,18.0,1.0,14.0,5.0,2,49.0,2.0,10.0,0,1,0
9646,29.0,1.0,23.0,1.0,0,6.0,0.0,40.0,1,0,1
9647,44.0,1.0,22.0,1.0,0,49.0,1.0,40.0,0,1,1
9648,20.0,1.0,16.0,5.0,2,49.0,2.0,40.0,1,1,0
9649,56.0,1.0,18.0,3.0,4,49.0,5.0,25.0,1,1,0
9650,28.0,8.0,22.0,1.0,1,49.0,0.0,40.0,1,1,1
9651,26.0,3.0,19.0,5.0,0,55.0,0.0,50.0,0,1,1
9652,67.0,1.0,18.0,5.0,2,363.0,0.0,45.0,0,0,1
9653,47.0,1.0,23.0,1.0,0,16.0,1.0,60.0,0,1,1
9654,34.0,1.0,16.0,1.0,4,36.0,0.0,20.0,1,1,0
9655,27.0,1.0,16.0,5.0,1,39.0,2.0,24.0,0,1,0
9656,25.0,1.0,19.0,1.0,3,49.0,0.0,45.0,1,1,1
9657,62.0,1.0,22.0,1.0,0,21.0,0.0,40.0,1,1,1
9658,23.0,1.0,20.0,1.0,4,49.0,0.0,40.0,0,1,0
9659,28.0,1.0,17.0,5.0,4,8.0,2.0,40.0,0,1,0
9660,18.0,1.0,18.0,5.0,2,207.0,17.0,40.0,0,0,0
9661,59.0,3.0,16.0,1.0,0,4.0,0.0,45.0,0,1,1
9662,60.0,3.0,20.0,1.0,2,110.0,1.0,25.0,0,1,0
9663,34.0,1.0,21.0,5.0,3,49.0,2.0,25.0,1,1,0
9664,50.0,1.0,21.0,1.0,2,49.0,1.0,33.0,0,1,1
9665,24.0,1.0,18.0,5.0,3,49.0,2.0,34.0,1,1,0
9666,49.0,1.0,20.0,1.0,2,53.0,0.0,15.0,0,1,0
9667,43.0,3.0,20.0,3.0,1,20.0,2.0,18.0,0,1,0
9668,28.0,4.0,22.0,1.0,0,49.0,1.0,40.0,0,1,1
9669,21.0,1.0,19.0,5.0,2,48.0,4.0,84.0,1,1,0
9670,31.0,1.0,21.0,1.0,0,49.0,0.0,45.0,0,1,1
9671,45.0,1.0,22.0,1.0,0,49.0,0.0,40.0,1,1,1
9672,26.0,1.0,21.0,1.0,0,49.0,1.0,40.0,1,1,1
9673,69.0,2.0,21.0,1.0,3,35.0,0.0,50.0,1,0,1
9674,37.0,1.0,24.0,1.0,0,26.0,10.0,40.0,1,1,1
9675,50.0,1.0,17.0,1.0,4,49.0,1.0,40.0,1,1,1
9676,19.0,1.0,18.0,5.0,3,49.0,17.0,20.0,0,1,0
9677,61.0,3.0,24.0,3.0,0,49.0,0.0,35.0,0,1,1
9678,37.0,7.0,21.0,1.0,0,49.0,0.0,40.0,0,1,0
9679,24.0,1.0,20.0,5.0,1,49.0,5.0,20.0,0,1,0
9680,23.0,1.0,19.0,1.0,1,49.0,0.0,30.0,0,1,0
9681,65.0,4.0,21.0,1.0,1,49.0,0.0,40.0,0,1,1
9682,37.0,1.0,19.0,3.0,2,49.0,2.0,22.0,0,1,0
9683,66.0,3.0,20.0,1.0,1,49.0,0.0,20.0,0,0,0
9684,31.0,1.0,21.0,1.0,2,49.0,0.0,40.0,1,1,1
9685,24.0,1.0,16.0,5.0,0,49.0,0.0,40.0,1,1,1
9686,25.0,2.0,22.0,5.0,0,49.0,0.0,40.0,1,1,1
9687,42.0,1.0,18.0,1.0,1,49.0,0.0,40.0,0,1,1
9688,43.0,8.0,24.0,1.0,0,138.0,0.0,40.0,0,1,0
9689,48.0,4.0,22.0,5.0,0,49.0,2.0,40.0,1,1,1
9690,30.0,7.0,16.0,1.0,4,49.0,1.0,3.0,1,1,1
9691,37.0,4.0,18.0,1.0,0,49.0,0.0,40.0,1,1,1
9692,25.0,1.0,19.0,5.0,2,303.0,17.0,14.0,0,1,0
9693,54.0,1.0,22.0,1.0,0,49.0,1.0,55.0,0,1,1
9694,24.0,1.0,19.0,5.0,1,49.0,0.0,10.0,0,1,0
9695,19.0,1.0,16.0,5.0,0,55.0,2.0,10.0,0,0,0
9696,42.0,2.0,22.0,1.0,0,6.0,1.0,40.0,0,1,1
9697,64.0,2.0,21.0,1.0,0,49.0,1.0,20.0,0,1,1
9698,37.0,6.0,21.0,1.0,0,49.0,0.0,36.0,1,1,1
9699,23.0,1.0,19.0,1.0,1,48.0,9.0,12.0,0,1,0
9700,30.0,1.0,13.0,1.0,3,303.0,1.0,40.0,1,1,1
9701,22.0,1.0,16.0,1.0,2,49.0,1.0,2.0,0,0,0
9702,34.0,1.0,17.0,3.0,1,49.0,0.0,40.0,0,1,1
9703,40.0,1.0,21.0,1.0,1,49.0,0.0,50.0,1,1,1
9704,18.0,2.0,19.0,5.0,1,49.0,17.0,38.0,0,1,0
9705,31.0,1.0,22.0,5.0,0,49.0,0.0,50.0,0,1,1
9706,37.0,4.0,21.0,1.0,0,49.0,1.0,40.0,0,1,1
9707,38.0,1.0,21.0,3.0,0,49.0,0.0,45.0,1,1,1
9708,28.0,1.0,20.0,4.0,1,49.0,0.0,40.0,0,1,0
9709,52.0,3.0,16.0,5.0,1,18.0,13.0,27.0,0,1,0
9710,42.0,1.0,19.0,1.0,0,49.0,1.0,41.0,1,1,1
9711,54.0,6.0,18.0,1.0,1,35.0,0.0,5.0,0,1,1
9712,54.0,1.0,18.0,1.0,2,49.0,0.0,40.0,1,1,0
9713,38.0,1.0,23.0,1.0,0,49.0,1.0,30.0,1,1,1
9714,42.0,1.0,19.0,1.0,0,49.0,0.0,40.0,0,1,0
9715,49.0,4.0,22.0,1.0,0,49.0,0.0,50.0,0,1,1
9716,32.0,1.0,21.0,1.0,2,49.0,0.0,70.0,0,1,1
9717,73.0,4.0,24.0,5.0,0,35.0,0.0,40.0,0,0,1
9718,17.0,1.0,14.0,5.0,1,362.0,2.0,40.0,0,1,0
9719,32.0,4.0,21.0,3.0,1,49.0,2.0,40.0,1,1,0
9720,64.0,1.0,19.0,1.0,2,48.0,1.0,36.0,1,1,1
9721,55.0,1.0,19.0,3.0,3,6.0,0.0,28.0,1,1,0
9722,23.0,1.0,19.0,5.0,3,21.0,0.0,35.0,1,1,0
9723,60.0,1.0,20.0,2.0,2,56.0,0.0,20.0,0,1,0
9724,54.0,4.0,22.0,1.0,0,49.0,1.0,40.0,0,1,1
9725,56.0,1.0,19.0,1.0,4,49.0,0.0,40.0,1,1,1
9726,26.0,1.0,20.0,5.0,2,29.0,7.0,60.0,0,1,0
9727,20.0,1.0,17.0,5.0,2,6.0,2.0,38.0,1,1,0
9728,59.0,1.0,19.0,1.0,1,303.0,1.0,40.0,0,0,0
9729,31.0,6.0,19.0,3.0,3,49.0,0.0,50.0,1,1,1
9730,32.0,3.0,18.0,1.0,2,49.0,1.0,40.0,0,1,0
9731,49.0,2.0,20.0,1.0,0,49.0,1.0,40.0,1,1,1
9732,56.0,3.0,20.0,1.0,0,49.0,0.0,10.0,0,1,0
9733,35.0,1.0,20.0,5.0,0,53.0,2.0,20.0,0,1,0
9734,59.0,1.0,17.0,1.0,3,56.0,1.0,50.0,1,1,1
9735,34.0,1.0,16.0,3.0,0,49.0,0.0,50.0,0,1,1
9736,58.0,1.0,19.0,1.0,3,8.0,0.0,40.0,1,1,1
9737,34.0,1.0,22.0,1.0,0,49.0,0.0,45.0,1,1,1
9738,69.0,7.0,15.0,1.0,0,49.0,1.0,45.0,1,1,1
9739,64.0,2.0,16.0,1.0,2,42.0,0.0,50.0,1,1,1
9740,26.0,1.0,20.0,5.0,2,365.0,2.0,40.0,1,0,0
9741,21.0,4.0,16.0,5.0,0,49.0,12.0,20.0,1,1,0
9742,28.0,1.0,22.0,3.0,0,49.0,0.0,40.0,1,1,1
9743,42.0,3.0,21.0,1.0,0,6.0,1.0,40.0,0,1,1
9744,33.0,1.0,16.0,1.0,3,6.0,0.0,50.0,1,0,1
9745,30.0,1.0,15.0,1.0,3,16.0,2.0,24.0,1,1,0
9746,20.0,1.0,19.0,5.0,0,49.0,17.0,50.0,1,1,0
9747,58.0,3.0,20.0,3.0,0,30.0,0.0,40.0,0,1,0
9748,36.0,1.0,14.0,1.0,2,49.0,0.0,40.0,1,1,0
9749,71.0,7.0,22.0,1.0,2,49.0,1.0,62.0,1,1,0
9750,41.0,1.0,18.0,1.0,1,212.0,0.0,40.0,0,1,1
9751,66.0,2.0,21.0,3.0,0,48.0,0.0,36.0,0,1,0
9752,21.0,1.0,19.0,5.0,1,49.0,12.0,20.0,0,1,0
9753,17.0,1.0,13.0,5.0,1,301.0,7.0,40.0,1,1,0
9754,52.0,6.0,17.0,1.0,0,41.0,0.0,15.0,0,1,0
9755,39.0,1.0,19.0,1.0,2,303.0,0.0,40.0,0,0,1
9756,35.0,1.0,19.0,1.0,1,49.0,1.0,15.0,0,1,0
9757,59.0,7.0,23.0,1.0,0,8.0,1.0,50.0,1,1,1
9758,31.0,1.0,16.0,5.0,2,49.0,2.0,35.0,1,1,1
9759,46.0,1.0,21.0,1.0,0,49.0,1.0,45.0,1,1,1
9760,62.0,1.0,21.0,3.0,1,49.0,0.0,30.0,0,1,0
9761,36.0,1.0,22.0,1.0,0,49.0,0.0,40.0,1,1,1
9762,35.0,3.0,22.0,1.0,0,49.0,0.0,45.0,1,1,1
9763,26.0,1.0,20.0,1.0,3,49.0,0.0,38.0,1,1,0
9764,59.0,1.0,16.0,1.0,1,49.0,1.0,36.0,1,1,1
9765,36.0,1.0,19.0,1.0,2,6.0,1.0,40.0,1,1,1
9766,30.0,1.0,21.0,1.0,2,16.0,0.0,40.0,1,1,0
9767,23.0,1.0,18.0,5.0,2,49.0,2.0,25.0,0,1,0
9768,47.0,1.0,21.0,3.0,4,217.0,0.0,40.0,0,0,0
9769,31.0,1.0,21.0,1.0,2,49.0,0.0,40.0,0,1,0
9770,43.0,1.0,16.0,1.0,2,49.0,1.0,40.0,0,1,1
9771,41.0,1.0,11.0,1.0,3,56.0,11.0,40.0,1,1,1
9772,53.0,1.0,20.0,1.0,0,303.0,1.0,36.0,0,1,0
9773,37.0,7.0,21.0,5.0,0,6.0,0.0,40.0,0,1,1
9774,46.0,1.0,20.0,1.0,0,49.0,0.0,40.0,0,1,1
9775,58.0,1.0,16.0,3.0,4,30.0,0.0,20.0,0,1,0
9776,31.0,1.0,16.0,1.0,4,41.0,1.0,40.0,1,1,0
9777,37.0,1.0,21.0,1.0,0,20.0,1.0,50.0,0,1,0
9778,44.0,1.0,21.0,1.0,0,49.0,1.0,18.0,0,1,0
9779,18.0,1.0,18.0,5.0,4,49.0,17.0,60.0,1,1,0
9780,79.0,7.0,19.0,1.0,1,6.0,0.0,30.0,0,1,0
9781,37.0,6.0,21.0,1.0,1,16.0,12.0,8.0,0,1,0
9782,53.0,1.0,13.0,1.0,2,53.0,0.0,15.0,0,1,0
9783,58.0,1.0,19.0,1.0,1,4.0,0.0,40.0,1,1,1
9784,27.0,7.0,23.0,1.0,0,41.0,1.0,40.0,0,1,1
9785,48.0,1.0,18.0,1.0,1,49.0,0.0,40.0,0,1,1
9786,43.0,1.0,18.0,3.0,2,27.0,16.0,40.0,1,1,0
9787,33.0,1.0,19.0,1.0,2,49.0,0.0,40.0,1,1,0
9788,38.0,1.0,16.0,5.0,4,49.0,2.0,20.0,1,0,0
9789,64.0,1.0,16.0,1.0,4,41.0,0.0,20.0,1,1,0
9790,23.0,1.0,20.0,5.0,1,48.0,13.0,38.0,1,1,0
9791,42.0,2.0,21.0,1.0,0,39.0,0.0,40.0,1,1,1
9792,23.0,1.0,19.0,5.0,0,49.0,2.0,35.0,0,1,0
9793,48.0,3.0,22.0,1.0,0,49.0,1.0,40.0,1,1,1
9794,23.0,3.0,21.0,5.0,0,49.0,0.0,40.0,0,1,1
9795,17.0,1.0,14.0,5.0,2,49.0,2.0,30.0,0,1,0
9796,45.0,7.0,21.0,1.0,0,42.0,1.0,40.0,1,1,1
9797,70.0,1.0,15.0,3.0,2,49.0,8.0,40.0,0,1,0
9798,68.0,1.0,22.0,1.0,1,53.0,0.0,40.0,0,1,1
9799,35.0,6.0,24.0,5.0,0,303.0,12.0,20.0,1,1,1
9800,47.0,1.0,16.0,1.0,3,49.0,1.0,42.0,1,1,0
9801,59.0,1.0,18.0,1.0,1,49.0,1.0,18.0,0,1,0
