,AGEP,COW,SCHL,MAR,OCCP,POBP,RELP,WKHP,SEX,RAC1P,PINCP
0,83.0,2.0,22.0,1.0,1,49.0,0.0,40.0,0,1,1
1,83.0,2.0,16.0,1.0,2,49.0,0.0,40.0,0,1,1
2,36.0,1.0,19.0,1.0,1,49.0,0.0,40.0,1,1,1
3,43.0,3.0,16.0,1.0,1,49.0,1.0,40.0,1,1,1
4,17.0,7.0,21.0,1.0,2,49.0,0.0,40.0,1,1,1
5,36.0,3.0,16.0,1.0,5,49.0,1.0,40.0,0,0,0
6,83.0,1.0,19.0,1.0,1,49.0,0.0,40.0,1,1,0
7,83.0,2.0,19.0,1.0,1,49.0,1.0,40.0,1,1,1
8,75.0,2.0,17.0,1.0,1,49.0,0.0,40.0,1,1,1
9,31.0,5.0,22.0,1.0,4,49.0,0.0,40.0,1,0,1
10,63.0,2.0,19.0,1.0,1,49.0,1.0,40.0,0,0,1
11,69.0,1.0,16.0,1.0,1,49.0,1.0,40.0,1,1,0
12,79.0,3.0,16.0,1.0,1,49.0,0.0,40.0,1,1,0
13,17.0,7.0,19.0,1.0,1,49.0,0.0,40.0,1,1,0
14,31.0,2.0,16.0,1.0,1,49.0,0.0,40.0,0,0,1
15,69.0,7.0,19.0,1.0,1,49.0,0.0,40.0,1,0,1
16,19.0,1.0,16.0,1.0,1,49.0,0.0,40.0,1,1,0
17,83.0,2.0,16.0,1.0,1,49.0,1.0,40.0,1,1,0
18,83.0,5.0,12.0,1.0,1,49.0,0.0,40.0,1,1,1
19,32.0,2.0,24.0,1.0,1,49.0,0.0,40.0,0,1,1
20,83.0,3.0,16.0,1.0,1,49.0,0.0,40.0,1,1,1
21,86.0,7.0,19.0,1.0,1,49.0,0.0,40.0,1,1,1
22,31.0,2.0,19.0,1.0,1,49.0,1.0,40.0,1,1,1
23,19.0,5.0,21.0,1.0,1,49.0,0.0,40.0,1,1,1
24,83.0,1.0,16.0,1.0,1,49.0,1.0,58.0,1,0,1
25,31.0,2.0,16.0,1.0,1,49.0,0.0,40.0,1,1,1
26,31.0,3.0,16.0,1.0,1,49.0,0.0,40.0,1,1,0
27,83.0,3.0,21.0,1.0,1,49.0,0.0,40.0,1,1,0
28,83.0,2.0,21.0,1.0,1,49.0,0.0,40.0,1,1,1
29,64.0,2.0,24.0,1.0,1,49.0,0.0,40.0,1,1,1
30,75.0,7.0,16.0,1.0,1,49.0,1.0,40.0,1,0,1
31,83.0,7.0,16.0,1.0,1,49.0,0.0,40.0,1,1,1
32,69.0,7.0,19.0,1.0,1,49.0,0.0,40.0,1,1,1
33,31.0,3.0,8.0,1.0,4,49.0,1.0,40.0,1,1,0
34,36.0,2.0,19.0,1.0,1,49.0,0.0,40.0,1,1,0
35,36.0,5.0,16.0,1.0,1,49.0,0.0,40.0,1,1,1
36,17.0,3.0,19.0,1.0,0,49.0,0.0,40.0,1,1,0
37,83.0,2.0,16.0,1.0,1,49.0,0.0,40.0,1,1,0
38,75.0,5.0,21.0,1.0,0,49.0,1.0,40.0,1,1,0
39,75.0,1.0,19.0,1.0,2,49.0,0.0,40.0,1,1,0
40,83.0,3.0,21.0,1.0,4,49.0,0.0,40.0,0,1,1
41,32.0,2.0,16.0,1.0,1,49.0,0.0,40.0,1,1,1
42,83.0,3.0,19.0,1.0,0,49.0,0.0,40.0,1,1,1
43,17.0,7.0,19.0,1.0,1,49.0,1.0,40.0,1,1,0
44,17.0,1.0,8.0,1.0,1,49.0,0.0,40.0,1,1,1
45,83.0,7.0,19.0,1.0,1,49.0,1.0,40.0,0,1,1
46,19.0,3.0,16.0,1.0,1,49.0,0.0,40.0,1,1,1
47,64.0,2.0,19.0,1.0,4,49.0,0.0,40.0,1,1,1
48,83.0,1.0,19.0,1.0,0,49.0,2.0,40.0,1,1,0
49,17.0,2.0,16.0,1.0,1,49.0,0.0,40.0,1,1,0
50,60.0,3.0,16.0,1.0,1,49.0,1.0,40.0,1,1,0
51,43.0,1.0,19.0,1.0,1,49.0,0.0,40.0,1,1,1
52,92.0,4.0,12.0,1.0,1,49.0,0.0,40.0,1,1,1
53,75.0,2.0,16.0,1.0,1,49.0,0.0,40.0,1,1,1
54,17.0,2.0,16.0,1.0,2,49.0,0.0,40.0,1,1,1
55,36.0,3.0,19.0,1.0,2,442.0,0.0,40.0,0,0,0
56,43.0,2.0,19.0,1.0,1,49.0,9.0,40.0,1,1,1
57,75.0,2.0,16.0,1.0,1,49.0,0.0,40.0,0,1,1
58,36.0,7.0,21.0,1.0,0,49.0,0.0,40.0,1,1,1
59,86.0,1.0,24.0,1.0,-1,49.0,0.0,40.0,1,1,0
60,19.0,7.0,16.0,1.0,2,49.0,0.0,40.0,1,1,0
61,60.0,5.0,21.0,1.0,1,49.0,0.0,40.0,1,1,0
62,19.0,2.0,19.0,1.0,1,49.0,1.0,40.0,1,1,1
63,32.0,7.0,16.0,1.0,1,49.0,0.0,40.0,0,1,1
64,83.0,2.0,17.0,1.0,0,49.0,0.0,40.0,1,1,1
65,83.0,5.0,19.0,1.0,2,49.0,0.0,40.0,1,1,1
66,36.0,2.0,19.0,1.0,1,49.0,0.0,40.0,1,1,1
67,83.0,8.0,16.0,1.0,2,49.0,0.0,40.0,1,1,1
68,48.0,2.0,12.0,1.0,1,49.0,0.0,40.0,1,1,1
69,86.0,7.0,19.0,1.0,-1,49.0,0.0,40.0,1,1,1
70,64.0,3.0,16.0,1.0,1,49.0,1.0,40.0,1,1,1
71,43.0,2.0,16.0,1.0,1,49.0,0.0,40.0,0,1,1
72,75.0,6.0,19.0,1.0,1,49.0,0.0,40.0,1,1,1
73,31.0,7.0,16.0,1.0,1,49.0,0.0,12.0,1,0,1
74,23.0,2.0,19.0,1.0,0,49.0,0.0,40.0,1,1,1
75,31.0,7.0,16.0,1.0,1,49.0,1.0,40.0,1,0,1
76,75.0,7.0,16.0,1.0,2,49.0,0.0,40.0,1,1,1
77,19.0,2.0,21.0,1.0,1,49.0,0.0,40.0,1,1,0
78,86.0,4.0,4.0,1.0,1,360.0,0.0,40.0,0,1,1
79,75.0,3.0,24.0,1.0,0,49.0,0.0,40.0,1,1,1
80,92.0,1.0,19.0,1.0,2,49.0,0.0,40.0,1,1,1
81,83.0,3.0,16.0,1.0,1,49.0,0.0,40.0,1,1,0
82,83.0,7.0,16.0,1.0,1,49.0,0.0,40.0,1,1,0
83,85.0,6.0,16.0,1.0,1,49.0,0.0,40.0,0,1,0
84,83.0,2.0,16.0,1.0,1,49.0,0.0,4.0,1,1,1
85,31.0,5.0,21.0,1.0,0,110.0,0.0,40.0,1,1,0
86,31.0,2.0,21.0,1.0,1,49.0,0.0,40.0,0,1,1
87,83.0,3.0,16.0,1.0,1,49.0,0.0,40.0,1,1,0
88,83.0,2.0,21.0,1.0,1,49.0,0.0,40.0,1,0,1
89,17.0,5.0,19.0,1.0,2,49.0,0.0,40.0,1,1,0
90,75.0,2.0,19.0,1.0,1,49.0,0.0,40.0,1,0,1
91,43.0,2.0,16.0,1.0,1,49.0,12.0,40.0,1,1,0
92,31.0,3.0,16.0,1.0,0,49.0,0.0,40.0,1,1,1
93,64.0,4.0,16.0,1.0,1,49.0,0.0,40.0,1,1,0
94,75.0,7.0,16.0,1.0,1,49.0,0.0,17.0,1,1,1
95,83.0,1.0,21.0,1.0,0,49.0,1.0,40.0,0,1,1
96,36.0,2.0,16.0,1.0,1,49.0,0.0,40.0,1,1,1
97,43.0,1.0,16.0,1.0,1,49.0,0.0,12.0,1,1,0
98,92.0,3.0,16.0,1.0,1,49.0,0.0,40.0,1,0,1
99,86.0,1.0,19.0,1.0,1,49.0,0.0,40.0,1,1,1
100,69.0,7.0,24.0,5.0,1,49.0,0.0,40.0,1,1,1
101,43.0,2.0,19.0,3.0,1,49.0,0.0,40.0,1,1,0
102,26.0,5.0,16.0,3.0,4,49.0,1.0,40.0,1,0,1
103,75.0,3.0,19.0,3.0,1,49.0,1.0,40.0,1,0,1
104,86.0,7.0,21.0,1.0,1,49.0,0.0,40.0,1,1,0
105,17.0,3.0,16.0,1.0,1,49.0,0.0,40.0,1,0,0
106,31.0,1.0,21.0,1.0,1,49.0,0.0,40.0,1,1,1
107,43.0,7.0,21.0,1.0,0,49.0,0.0,40.0,1,1,0
108,86.0,1.0,19.0,1.0,1,17.0,1.0,40.0,1,1,1
109,43.0,2.0,16.0,5.0,1,49.0,1.0,40.0,1,1,1
110,50.0,2.0,16.0,1.0,3,49.0,0.0,40.0,1,1,1
111,75.0,7.0,21.0,1.0,1,49.0,0.0,40.0,1,1,0
112,69.0,3.0,12.0,1.0,1,49.0,0.0,40.0,1,1,0
113,19.0,7.0,19.0,1.0,0,49.0,0.0,40.0,1,1,1
114,83.0,2.0,19.0,1.0,2,49.0,1.0,40.0,1,1,0
115,86.0,5.0,16.0,1.0,1,49.0,1.0,40.0,1,1,1
116,31.0,3.0,21.0,1.0,2,49.0,0.0,40.0,1,1,0
117,75.0,2.0,16.0,2.0,0,49.0,0.0,40.0,0,1,1
118,75.0,7.0,19.0,1.0,0,49.0,0.0,40.0,1,1,1
119,31.0,3.0,21.0,1.0,2,49.0,0.0,40.0,0,0,1
120,75.0,3.0,19.0,1.0,0,49.0,0.0,40.0,0,1,0
121,36.0,3.0,16.0,1.0,3,49.0,1.0,40.0,1,1,1
122,86.0,7.0,23.0,1.0,1,49.0,0.0,40.0,1,1,1
123,17.0,7.0,16.0,1.0,1,49.0,1.0,40.0,0,1,0
124,83.0,2.0,17.0,1.0,1,49.0,0.0,40.0,1,0,1
125,31.0,3.0,22.0,1.0,0,49.0,0.0,40.0,1,1,0
126,75.0,6.0,16.0,1.0,1,49.0,0.0,40.0,0,1,1
127,17.0,5.0,21.0,1.0,1,49.0,0.0,40.0,1,1,1
128,83.0,1.0,19.0,1.0,1,49.0,0.0,40.0,1,1,0
129,74.0,7.0,16.0,1.0,0,49.0,0.0,40.0,1,1,0
130,17.0,7.0,21.0,1.0,1,49.0,0.0,40.0,1,1,0
131,36.0,2.0,16.0,1.0,1,49.0,0.0,40.0,0,0,0
132,83.0,3.0,24.0,1.0,1,49.0,0.0,40.0,1,0,1
133,75.0,1.0,16.0,1.0,1,49.0,0.0,40.0,1,0,1
134,36.0,1.0,21.0,1.0,1,49.0,0.0,40.0,1,1,1
135,31.0,7.0,16.0,1.0,1,49.0,1.0,40.0,1,1,0
136,60.0,3.0,21.0,1.0,1,49.0,0.0,40.0,1,1,1
137,43.0,1.0,21.0,1.0,1,49.0,0.0,40.0,1,1,1
138,86.0,1.0,19.0,1.0,1,49.0,1.0,40.0,1,1,0
139,31.0,3.0,19.0,1.0,5,49.0,0.0,40.0,1,1,0
140,83.0,7.0,12.0,1.0,1,49.0,0.0,40.0,1,1,0
141,75.0,1.0,16.0,1.0,1,49.0,0.0,40.0,0,1,1
142,31.0,2.0,19.0,1.0,1,49.0,1.0,40.0,1,1,1
143,17.0,3.0,19.0,1.0,1,49.0,0.0,40.0,1,1,1
144,64.0,2.0,21.0,1.0,2,49.0,0.0,40.0,1,1,1
145,60.0,2.0,24.0,1.0,1,49.0,0.0,40.0,1,1,0
146,69.0,5.0,19.0,1.0,1,49.0,0.0,30.0,1,0,1
147,31.0,2.0,16.0,1.0,1,49.0,0.0,40.0,1,1,0
148,83.0,3.0,21.0,1.0,1,49.0,0.0,40.0,1,1,0
149,31.0,1.0,19.0,1.0,1,49.0,0.0,40.0,0,1,0
150,74.0,3.0,19.0,1.0,1,49.0,1.0,40.0,0,0,1
151,86.0,1.0,16.0,1.0,1,49.0,0.0,40.0,0,1,1
152,75.0,7.0,19.0,1.0,0,49.0,0.0,40.0,1,1,1
153,31.0,1.0,21.0,1.0,1,49.0,0.0,40.0,1,1,1
154,83.0,3.0,16.0,1.0,1,49.0,1.0,40.0,1,1,1
155,60.0,3.0,19.0,1.0,0,49.0,0.0,40.0,1,1,1
156,31.0,3.0,19.0,1.0,4,49.0,0.0,40.0,1,1,1
157,75.0,2.0,19.0,1.0,0,49.0,0.0,40.0,1,1,0
158,83.0,2.0,19.0,1.0,1,49.0,0.0,40.0,1,1,0
159,43.0,2.0,6.0,1.0,1,49.0,0.0,40.0,1,1,1
160,75.0,7.0,16.0,1.0,2,49.0,0.0,40.0,1,1,1
161,83.0,5.0,19.0,1.0,1,49.0,0.0,40.0,0,1,1
162,64.0,7.0,16.0,1.0,1,49.0,1.0,25.0,1,1,0
163,83.0,2.0,21.0,1.0,4,49.0,0.0,40.0,1,1,0
164,31.0,7.0,19.0,5.0,0,49.0,1.0,40.0,1,0,0
165,19.0,1.0,19.0,1.0,1,49.0,0.0,40.0,1,1,1
166,83.0,2.0,19.0,1.0,0,49.0,0.0,40.0,1,1,0
167,17.0,5.0,16.0,1.0,1,49.0,0.0,40.0,0,1,1
168,83.0,3.0,16.0,1.0,1,49.0,0.0,40.0,1,1,1
169,71.0,3.0,21.0,1.0,0,49.0,0.0,40.0,1,1,1
170,83.0,1.0,16.0,1.0,1,49.0,0.0,40.0,1,1,0
171,83.0,2.0,16.0,1.0,1,49.0,0.0,40.0,1,1,0
172,31.0,5.0,17.0,1.0,0,49.0,0.0,40.0,1,1,1
173,83.0,1.0,16.0,1.0,0,49.0,1.0,40.0,0,1,1
174,75.0,2.0,21.0,1.0,1,49.0,1.0,40.0,1,1,1
175,69.0,1.0,16.0,1.0,1,49.0,0.0,40.0,1,1,0
176,31.0,5.0,16.0,1.0,1,49.0,0.0,40.0,1,1,0
177,69.0,7.0,16.0,1.0,1,49.0,0.0,40.0,1,1,0
178,43.0,7.0,16.0,1.0,1,49.0,0.0,40.0,1,1,1
179,83.0,5.0,22.0,3.0,1,49.0,1.0,40.0,1,1,0
180,86.0,1.0,19.0,1.0,1,49.0,0.0,40.0,1,1,1
181,83.0,1.0,19.0,1.0,1,49.0,0.0,30.0,0,0,1
182,86.0,1.0,16.0,1.0,1,49.0,1.0,40.0,1,1,1
183,31.0,5.0,19.0,1.0,1,49.0,0.0,14.0,0,1,1
184,83.0,5.0,16.0,1.0,1,49.0,0.0,40.0,1,0,1
185,60.0,1.0,16.0,1.0,1,49.0,0.0,40.0,1,1,1
186,43.0,2.0,19.0,1.0,1,49.0,0.0,40.0,0,0,1
187,19.0,1.0,22.0,1.0,-1,49.0,0.0,40.0,1,1,0
188,43.0,2.0,16.0,1.0,0,49.0,1.0,40.0,1,1,1
189,75.0,1.0,16.0,5.0,1,49.0,0.0,40.0,1,1,0
190,74.0,1.0,16.0,1.0,5,49.0,0.0,65.0,0,1,1
191,36.0,1.0,16.0,1.0,1,49.0,0.0,40.0,0,1,1
192,31.0,3.0,16.0,1.0,1,49.0,0.0,40.0,1,1,1
193,92.0,5.0,16.0,1.0,4,49.0,0.0,40.0,1,1,1
194,64.0,8.0,21.0,1.0,1,49.0,0.0,40.0,0,0,1
195,75.0,3.0,16.0,1.0,1,49.0,1.0,40.0,1,1,1
196,19.0,1.0,16.0,1.0,1,49.0,0.0,40.0,1,0,1
197,75.0,7.0,16.0,1.0,1,49.0,0.0,40.0,1,1,1
198,31.0,1.0,21.0,1.0,1,49.0,1.0,40.0,1,1,1
199,31.0,7.0,19.0,1.0,1,49.0,0.0,40.0,1,1,1
200,19.0,5.0,16.0,1.0,1,49.0,1.0,40.0,0,1,0
201,17.0,5.0,16.0,1.0,0,49.0,0.0,40.0,1,1,0
202,86.0,7.0,21.0,1.0,0,49.0,0.0,40.0,0,1,1
203,34.0,7.0,21.0,1.0,1,49.0,1.0,40.0,1,1,0
204,83.0,3.0,16.0,1.0,1,49.0,0.0,40.0,1,0,0
205,31.0,1.0,19.0,1.0,1,49.0,0.0,40.0,1,1,1
206,75.0,3.0,21.0,1.0,1,49.0,1.0,40.0,1,1,1
207,92.0,2.0,16.0,1.0,0,49.0,0.0,40.0,1,0,1
208,86.0,1.0,21.0,1.0,1,49.0,0.0,40.0,0,0,0
209,32.0,5.0,21.0,1.0,1,49.0,0.0,40.0,1,1,0
210,19.0,2.0,16.0,1.0,1,49.0,0.0,40.0,0,1,1
211,83.0,5.0,21.0,1.0,0,49.0,0.0,40.0,0,1,0
212,83.0,3.0,24.0,3.0,1,49.0,0.0,40.0,0,1,0
213,83.0,3.0,19.0,1.0,1,49.0,0.0,40.0,0,1,1
214,75.0,1.0,16.0,1.0,2,49.0,0.0,40.0,1,1,1
215,31.0,6.0,16.0,1.0,0,28.0,1.0,40.0,0,1,1
216,31.0,2.0,16.0,1.0,1,49.0,0.0,40.0,1,1,1
217,75.0,1.0,16.0,1.0,1,49.0,0.0,40.0,1,1,1
218,32.0,1.0,4.0,1.0,1,49.0,0.0,40.0,1,1,0
219,83.0,7.0,16.0,1.0,0,49.0,0.0,30.0,1,1,1
220,75.0,3.0,21.0,1.0,1,49.0,0.0,40.0,1,1,1
221,31.0,7.0,16.0,1.0,1,49.0,1.0,40.0,1,0,1
222,31.0,7.0,19.0,1.0,1,49.0,0.0,40.0,1,1,1
223,31.0,7.0,21.0,1.0,-1,49.0,0.0,40.0,0,1,0
224,43.0,3.0,16.0,3.0,1,49.0,0.0,40.0,1,0,0
225,75.0,1.0,19.0,1.0,1,49.0,0.0,40.0,0,1,1
226,83.0,2.0,12.0,1.0,1,49.0,0.0,40.0,1,1,0
227,83.0,7.0,21.0,1.0,1,49.0,0.0,40.0,1,1,1
228,31.0,7.0,16.0,1.0,0,49.0,0.0,40.0,1,1,1
229,83.0,1.0,16.0,1.0,1,49.0,1.0,40.0,0,1,1
230,92.0,7.0,16.0,1.0,1,49.0,0.0,40.0,1,1,1
231,64.0,5.0,19.0,1.0,1,49.0,0.0,40.0,0,1,1
232,31.0,7.0,21.0,1.0,1,49.0,0.0,40.0,1,0,0
233,75.0,7.0,21.0,1.0,0,242.0,0.0,40.0,0,1,1
234,75.0,5.0,21.0,1.0,1,49.0,1.0,40.0,0,1,0
235,17.0,1.0,21.0,1.0,1,49.0,1.0,40.0,0,1,0
236,31.0,7.0,16.0,1.0,1,49.0,0.0,40.0,1,1,1
237,86.0,2.0,19.0,1.0,1,49.0,5.0,40.0,1,1,0
238,43.0,1.0,16.0,1.0,1,49.0,0.0,50.0,0,1,1
239,43.0,2.0,16.0,4.0,1,49.0,1.0,40.0,1,1,1
240,19.0,7.0,16.0,1.0,1,49.0,0.0,40.0,1,1,0
241,83.0,2.0,16.0,1.0,1,49.0,1.0,40.0,0,1,1
242,43.0,2.0,21.0,1.0,1,49.0,0.0,40.0,1,1,0
243,17.0,3.0,16.0,1.0,1,49.0,1.0,40.0,0,1,1
244,64.0,2.0,16.0,1.0,1,49.0,0.0,40.0,1,1,1
245,36.0,2.0,19.0,1.0,1,49.0,1.0,91.0,0,1,0
246,83.0,3.0,19.0,1.0,1,49.0,0.0,40.0,1,0,1
247,36.0,3.0,22.0,1.0,2,32.0,0.0,40.0,1,1,1
248,43.0,1.0,21.0,1.0,0,49.0,0.0,40.0,0,1,1
249,62.0,3.0,16.0,1.0,1,49.0,0.0,40.0,1,1,1
250,31.0,3.0,16.0,1.0,0,49.0,2.0,40.0,1,1,0
251,31.0,3.0,16.0,1.0,1,49.0,0.0,40.0,1,1,0
252,31.0,5.0,19.0,1.0,1,49.0,0.0,40.0,0,1,1
253,83.0,2.0,16.0,1.0,1,49.0,0.0,40.0,1,1,1
254,17.0,2.0,16.0,1.0,1,49.0,0.0,40.0,1,0,0
255,17.0,1.0,19.0,1.0,1,49.0,0.0,40.0,1,1,1
256,31.0,2.0,21.0,1.0,1,49.0,1.0,40.0,1,1,1
257,83.0,2.0,19.0,1.0,1,49.0,0.0,40.0,1,1,1
258,43.0,3.0,19.0,1.0,1,49.0,0.0,66.0,1,1,0
259,43.0,1.0,16.0,1.0,0,49.0,0.0,40.0,1,1,0
260,32.0,1.0,19.0,1.0,1,49.0,0.0,40.0,1,1,1
261,83.0,2.0,16.0,1.0,1,49.0,0.0,40.0,1,1,1
262,75.0,5.0,19.0,1.0,5,49.0,0.0,40.0,1,1,1
263,83.0,7.0,19.0,1.0,1,49.0,0.0,40.0,1,1,0
264,43.0,3.0,21.0,1.0,1,49.0,0.0,40.0,1,1,1
265,19.0,7.0,19.0,1.0,0,49.0,1.0,40.0,1,0,1
266,83.0,1.0,16.0,1.0,1,49.0,0.0,40.0,1,1,1
267,31.0,2.0,16.0,1.0,1,49.0,0.0,40.0,0,1,1
268,17.0,2.0,19.0,1.0,0,49.0,0.0,40.0,1,1,1
269,86.0,7.0,16.0,1.0,1,49.0,0.0,40.0,1,1,1
270,83.0,1.0,16.0,1.0,0,49.0,0.0,40.0,1,1,1
271,36.0,7.0,16.0,1.0,1,49.0,0.0,40.0,1,1,1
272,75.0,2.0,21.0,1.0,-1,49.0,0.0,40.0,1,1,1
273,75.0,1.0,19.0,1.0,1,49.0,0.0,40.0,1,1,1
274,19.0,7.0,16.0,1.0,1,49.0,0.0,51.0,1,1,0
275,43.0,3.0,21.0,1.0,1,49.0,1.0,40.0,1,1,0
276,92.0,5.0,19.0,1.0,1,49.0,0.0,40.0,1,0,0
277,31.0,5.0,19.0,1.0,1,49.0,0.0,40.0,1,1,1
278,43.0,3.0,16.0,1.0,1,49.0,0.0,40.0,1,1,1
279,17.0,1.0,16.0,1.0,1,312.0,0.0,40.0,0,1,1
280,36.0,1.0,16.0,1.0,0,49.0,0.0,40.0,1,1,0
281,83.0,3.0,17.0,1.0,1,49.0,1.0,40.0,0,1,1
282,31.0,2.0,16.0,1.0,0,49.0,0.0,40.0,1,1,1
283,83.0,1.0,21.0,1.0,1,49.0,0.0,40.0,1,1,1
284,31.0,1.0,17.0,1.0,5,49.0,0.0,40.0,0,0,0
285,75.0,3.0,16.0,1.0,0,49.0,1.0,40.0,1,1,0
286,36.0,1.0,19.0,1.0,0,49.0,0.0,40.0,1,1,1
287,17.0,2.0,19.0,1.0,1,49.0,0.0,40.0,1,1,1
288,31.0,1.0,4.0,1.0,1,49.0,0.0,66.0,1,1,1
289,19.0,2.0,16.0,1.0,1,49.0,0.0,40.0,1,1,1
290,83.0,5.0,19.0,1.0,0,49.0,0.0,40.0,1,1,1
291,31.0,2.0,16.0,5.0,1,49.0,0.0,40.0,1,0,0
292,19.0,1.0,16.0,1.0,1,49.0,1.0,40.0,1,0,1
293,32.0,1.0,19.0,1.0,1,49.0,0.0,40.0,1,1,1
294,32.0,1.0,16.0,1.0,1,49.0,0.0,40.0,1,1,0
295,83.0,3.0,19.0,1.0,1,49.0,0.0,40.0,0,1,0
296,75.0,1.0,21.0,1.0,1,49.0,0.0,40.0,1,0,1
297,75.0,1.0,16.0,1.0,1,49.0,0.0,40.0,1,1,0
298,77.0,7.0,16.0,1.0,4,49.0,0.0,40.0,1,0,1
299,83.0,1.0,19.0,1.0,2,49.0,1.0,40.0,1,1,1
300,92.0,2.0,19.0,1.0,1,49.0,0.0,40.0,1,1,0
301,83.0,1.0,19.0,1.0,1,49.0,0.0,40.0,1,1,1
302,63.0,3.0,16.0,1.0,1,49.0,1.0,40.0,0,1,1
303,31.0,3.0,19.0,1.0,1,49.0,0.0,40.0,0,0,0
304,64.0,2.0,19.0,1.0,1,49.0,1.0,40.0,1,1,1
305,83.0,2.0,19.0,1.0,1,49.0,0.0,40.0,1,1,1
306,19.0,1.0,16.0,1.0,1,49.0,0.0,40.0,1,1,0
307,83.0,1.0,16.0,1.0,1,49.0,0.0,40.0,0,1,1
308,75.0,2.0,16.0,1.0,2,49.0,0.0,40.0,1,1,0
309,92.0,1.0,9.0,1.0,1,49.0,1.0,40.0,1,1,1
310,31.0,1.0,19.0,1.0,1,49.0,1.0,14.0,0,1,1
311,17.0,2.0,16.0,1.0,1,49.0,0.0,40.0,0,1,1
312,60.0,5.0,21.0,1.0,0,49.0,0.0,40.0,1,0,1
313,43.0,2.0,16.0,1.0,1,49.0,0.0,40.0,1,1,0
314,75.0,7.0,16.0,1.0,0,49.0,0.0,40.0,1,1,1
315,43.0,1.0,19.0,1.0,0,49.0,0.0,40.0,1,1,0
316,31.0,3.0,19.0,1.0,4,49.0,1.0,40.0,0,1,0
317,83.0,3.0,16.0,1.0,1,49.0,0.0,40.0,1,1,1
318,19.0,5.0,16.0,1.0,2,49.0,0.0,40.0,0,1,1
319,83.0,3.0,16.0,1.0,1,49.0,0.0,40.0,1,1,1
320,83.0,7.0,16.0,1.0,5,49.0,0.0,40.0,1,1,1
321,32.0,3.0,19.0,5.0,1,49.0,0.0,40.0,1,1,1
322,31.0,7.0,16.0,1.0,1,49.0,0.0,40.0,1,1,1
323,31.0,2.0,21.0,1.0,1,49.0,0.0,40.0,0,1,0
324,69.0,5.0,16.0,1.0,1,49.0,0.0,40.0,1,0,0
325,43.0,1.0,19.0,1.0,1,49.0,1.0,40.0,1,1,1
326,43.0,2.0,16.0,1.0,1,49.0,0.0,40.0,1,1,0
327,17.0,1.0,19.0,1.0,2,49.0,0.0,40.0,1,1,1
328,43.0,2.0,16.0,1.0,2,49.0,0.0,40.0,1,1,0
329,19.0,3.0,16.0,1.0,2,49.0,0.0,40.0,1,1,1
330,43.0,1.0,16.0,1.0,1,49.0,0.0,40.0,1,1,0
331,43.0,2.0,16.0,1.0,1,49.0,0.0,40.0,1,1,0
332,36.0,3.0,16.0,1.0,-1,49.0,1.0,40.0,1,1,1
333,17.0,7.0,16.0,1.0,0,49.0,0.0,40.0,1,1,0
334,75.0,7.0,16.0,5.0,0,49.0,0.0,40.0,1,1,1
335,83.0,3.0,21.0,1.0,1,49.0,2.0,40.0,1,1,0
336,31.0,7.0,19.0,1.0,1,49.0,0.0,40.0,1,1,1
337,36.0,1.0,21.0,1.0,2,49.0,0.0,40.0,1,1,1
338,74.0,5.0,21.0,1.0,1,49.0,0.0,40.0,1,1,1
339,64.0,7.0,21.0,1.0,1,49.0,0.0,40.0,1,1,0
340,64.0,1.0,11.0,1.0,1,49.0,0.0,40.0,1,0,1
341,83.0,3.0,16.0,1.0,1,49.0,3.0,40.0,1,0,1
342,83.0,1.0,21.0,1.0,0,49.0,0.0,40.0,1,0,1
343,43.0,3.0,19.0,1.0,4,49.0,0.0,40.0,1,1,1
344,83.0,2.0,16.0,1.0,1,49.0,1.0,40.0,1,1,1
345,64.0,7.0,24.0,1.0,1,49.0,1.0,32.0,1,1,1
346,69.0,3.0,16.0,1.0,1,49.0,0.0,40.0,1,1,1
347,92.0,5.0,16.0,1.0,1,49.0,1.0,40.0,0,1,1
348,83.0,3.0,21.0,1.0,2,49.0,0.0,40.0,1,1,1
349,31.0,7.0,16.0,1.0,1,49.0,1.0,40.0,1,0,0
350,31.0,2.0,16.0,1.0,1,49.0,0.0,40.0,1,0,1
351,83.0,3.0,16.0,1.0,1,49.0,0.0,40.0,1,0,1
352,75.0,1.0,16.0,1.0,2,49.0,0.0,40.0,0,0,1
353,83.0,7.0,19.0,1.0,1,49.0,0.0,40.0,1,0,1
354,83.0,7.0,16.0,5.0,1,49.0,1.0,40.0,1,1,1
355,75.0,5.0,19.0,1.0,1,49.0,1.0,40.0,1,1,0
356,43.0,5.0,16.0,1.0,0,49.0,0.0,40.0,1,1,0
357,31.0,1.0,16.0,1.0,0,49.0,0.0,40.0,1,0,0
358,92.0,1.0,16.0,1.0,0,49.0,0.0,40.0,1,1,0
359,31.0,7.0,19.0,1.0,1,49.0,0.0,40.0,1,1,1
360,75.0,5.0,16.0,1.0,1,49.0,1.0,26.0,0,1,0
361,86.0,2.0,16.0,1.0,1,49.0,0.0,40.0,1,1,1
362,19.0,7.0,16.0,1.0,1,49.0,0.0,40.0,1,1,1
363,43.0,1.0,21.0,5.0,0,49.0,0.0,40.0,1,1,1
364,83.0,2.0,21.0,1.0,1,49.0,0.0,40.0,1,1,1
365,31.0,1.0,21.0,1.0,0,49.0,1.0,40.0,1,1,0
366,31.0,1.0,16.0,1.0,0,49.0,0.0,40.0,0,1,1
367,43.0,2.0,16.0,1.0,2,49.0,0.0,40.0,0,1,1
368,75.0,7.0,21.0,1.0,1,49.0,0.0,40.0,1,1,0
369,83.0,1.0,19.0,1.0,1,49.0,0.0,40.0,1,0,1
370,31.0,2.0,19.0,1.0,1,49.0,0.0,40.0,1,1,1
371,55.0,5.0,21.0,1.0,0,49.0,0.0,40.0,1,1,0
372,83.0,2.0,16.0,1.0,1,49.0,0.0,40.0,0,1,1
373,75.0,2.0,17.0,1.0,0,49.0,0.0,40.0,1,1,1
374,32.0,2.0,16.0,1.0,0,49.0,0.0,40.0,1,1,1
375,43.0,5.0,19.0,1.0,0,49.0,1.0,40.0,1,1,1
376,75.0,7.0,4.0,1.0,1,49.0,0.0,40.0,1,1,0
377,79.0,2.0,21.0,1.0,1,49.0,0.0,40.0,1,1,0
378,31.0,7.0,16.0,1.0,1,49.0,0.0,40.0,0,1,1
379,31.0,1.0,11.0,1.0,1,49.0,0.0,40.0,1,1,1
380,75.0,7.0,21.0,1.0,1,49.0,0.0,40.0,1,1,1
381,83.0,2.0,16.0,1.0,1,49.0,0.0,40.0,1,1,0
382,49.0,3.0,16.0,1.0,1,49.0,0.0,40.0,1,1,1
383,49.0,7.0,16.0,1.0,2,49.0,0.0,40.0,0,1,1
384,83.0,2.0,19.0,1.0,2,49.0,1.0,40.0,1,1,0
385,34.0,3.0,19.0,1.0,1,49.0,5.0,40.0,0,1,1
386,83.0,7.0,21.0,1.0,0,49.0,0.0,40.0,0,0,0
387,75.0,3.0,16.0,1.0,1,49.0,0.0,40.0,0,1,1
388,75.0,1.0,16.0,1.0,1,49.0,1.0,40.0,1,1,1
389,75.0,2.0,16.0,1.0,2,49.0,0.0,40.0,1,1,1
390,31.0,1.0,24.0,1.0,2,49.0,0.0,40.0,1,1,1
391,17.0,3.0,16.0,1.0,1,49.0,0.0,40.0,1,1,1
392,43.0,2.0,16.0,1.0,1,49.0,0.0,40.0,0,1,0
393,43.0,1.0,16.0,1.0,1,49.0,0.0,40.0,1,1,1
394,17.0,3.0,19.0,1.0,2,49.0,0.0,40.0,1,1,1
395,86.0,2.0,19.0,1.0,1,49.0,1.0,40.0,0,1,1
396,69.0,5.0,19.0,1.0,5,49.0,0.0,40.0,1,1,1
397,43.0,1.0,19.0,1.0,1,49.0,0.0,40.0,1,1,0
398,83.0,7.0,16.0,1.0,0,49.0,1.0,40.0,1,1,1
399,31.0,7.0,19.0,1.0,1,49.0,0.0,40.0,1,1,1
400,19.0,5.0,19.0,1.0,1,49.0,0.0,40.0,0,1,0
401,19.0,3.0,16.0,1.0,1,49.0,0.0,40.0,1,1,1
402,19.0,2.0,19.0,1.0,0,49.0,5.0,33.0,0,1,1
403,31.0,7.0,16.0,1.0,1,49.0,0.0,40.0,1,1,1
404,75.0,1.0,16.0,1.0,1,49.0,0.0,4.0,1,1,0
405,83.0,3.0,16.0,1.0,1,49.0,1.0,40.0,1,1,1
406,83.0,7.0,19.0,5.0,1,49.0,0.0,40.0,1,1,0
407,83.0,1.0,16.0,1.0,2,49.0,1.0,40.0,1,1,0
408,19.0,7.0,19.0,1.0,1,49.0,0.0,40.0,0,1,1
409,69.0,2.0,21.0,1.0,1,49.0,0.0,40.0,1,1,0
410,75.0,3.0,16.0,1.0,1,49.0,0.0,40.0,0,1,1
411,31.0,1.0,16.0,1.0,1,49.0,0.0,40.0,1,1,1
412,29.0,2.0,19.0,1.0,1,49.0,0.0,40.0,1,1,1
413,31.0,2.0,16.0,1.0,1,49.0,0.0,5.0,1,1,1
414,75.0,1.0,16.0,1.0,1,49.0,0.0,40.0,1,1,1
415,36.0,1.0,16.0,1.0,1,49.0,0.0,40.0,1,1,1
416,36.0,4.0,16.0,1.0,-1,49.0,0.0,40.0,1,1,0
417,31.0,7.0,21.0,5.0,1,49.0,0.0,40.0,1,1,0
418,75.0,1.0,19.0,3.0,2,49.0,0.0,40.0,1,1,1
419,31.0,7.0,21.0,1.0,1,49.0,0.0,40.0,0,1,0
420,83.0,3.0,19.0,1.0,1,49.0,0.0,40.0,1,1,1
421,83.0,2.0,21.0,1.0,1,49.0,8.0,40.0,1,1,0
422,83.0,7.0,19.0,1.0,1,49.0,0.0,40.0,1,1,1
423,17.0,7.0,16.0,1.0,1,49.0,0.0,40.0,1,1,0
424,31.0,3.0,19.0,5.0,1,442.0,0.0,40.0,1,1,1
425,31.0,5.0,21.0,1.0,1,49.0,0.0,40.0,1,1,1
426,86.0,3.0,21.0,1.0,1,49.0,0.0,40.0,1,0,1
427,31.0,2.0,16.0,1.0,1,49.0,0.0,40.0,1,1,1
428,75.0,1.0,19.0,1.0,1,49.0,1.0,40.0,1,0,1
429,83.0,1.0,19.0,1.0,2,49.0,0.0,40.0,1,1,1
430,19.0,7.0,16.0,1.0,1,49.0,0.0,40.0,1,1,0
431,19.0,1.0,19.0,1.0,1,49.0,0.0,40.0,1,1,1
432,83.0,2.0,16.0,1.0,1,49.0,0.0,40.0,1,1,1
433,64.0,3.0,19.0,1.0,1,49.0,0.0,40.0,1,1,1
434,75.0,7.0,19.0,1.0,1,49.0,0.0,40.0,1,1,1
435,83.0,7.0,21.0,1.0,1,49.0,0.0,40.0,1,1,1
436,19.0,3.0,16.0,1.0,0,2.0,0.0,40.0,1,1,0
437,75.0,1.0,19.0,1.0,1,49.0,0.0,40.0,1,1,1
438,17.0,1.0,24.0,1.0,0,49.0,1.0,40.0,1,1,1
439,43.0,1.0,19.0,5.0,2,49.0,0.0,40.0,0,1,0
440,19.0,2.0,16.0,1.0,1,49.0,0.0,40.0,1,1,1
441,42.0,1.0,19.0,1.0,1,49.0,0.0,40.0,0,1,1
442,83.0,7.0,21.0,1.0,1,49.0,1.0,40.0,1,1,0
443,69.0,1.0,16.0,1.0,0,49.0,1.0,40.0,1,1,1
444,83.0,2.0,16.0,1.0,0,49.0,0.0,40.0,1,1,1
445,32.0,3.0,16.0,1.0,1,49.0,0.0,40.0,1,1,0
446,36.0,2.0,19.0,1.0,1,49.0,0.0,40.0,0,1,1
447,75.0,3.0,19.0,5.0,2,49.0,1.0,40.0,1,1,1
448,19.0,3.0,19.0,1.0,1,49.0,0.0,40.0,1,1,1
449,83.0,1.0,16.0,1.0,1,49.0,1.0,40.0,1,1,1
450,83.0,4.0,5.0,1.0,1,49.0,0.0,40.0,1,1,1
451,83.0,1.0,19.0,1.0,2,49.0,0.0,40.0,0,1,0
452,36.0,2.0,21.0,5.0,1,49.0,0.0,40.0,1,1,1
453,83.0,1.0,16.0,1.0,1,49.0,0.0,40.0,1,1,1
454,17.0,2.0,16.0,1.0,1,49.0,0.0,40.0,1,1,0
455,31.0,5.0,16.0,1.0,1,49.0,0.0,40.0,1,1,0
456,64.0,4.0,21.0,1.0,0,49.0,0.0,40.0,0,1,1
457,43.0,7.0,19.0,1.0,0,49.0,0.0,40.0,0,1,0
458,86.0,3.0,21.0,1.0,1,49.0,0.0,40.0,0,1,0
459,83.0,2.0,16.0,1.0,0,49.0,0.0,40.0,1,1,1
460,86.0,2.0,16.0,1.0,1,49.0,0.0,40.0,1,1,1
461,32.0,3.0,16.0,1.0,1,49.0,0.0,40.0,1,1,0
462,31.0,7.0,21.0,1.0,4,49.0,0.0,40.0,0,1,1
463,75.0,5.0,16.0,1.0,0,49.0,0.0,40.0,1,1,0
464,69.0,1.0,4.0,1.0,1,49.0,0.0,40.0,1,0,1
465,31.0,7.0,16.0,1.0,1,49.0,0.0,40.0,0,1,1
466,83.0,5.0,12.0,1.0,1,49.0,0.0,40.0,1,1,0
467,75.0,5.0,8.0,1.0,1,49.0,0.0,40.0,1,1,1
468,69.0,3.0,19.0,1.0,5,49.0,0.0,40.0,1,1,1
469,69.0,1.0,16.0,1.0,1,49.0,0.0,40.0,1,1,0
470,17.0,1.0,19.0,1.0,1,49.0,0.0,40.0,1,1,1
471,43.0,3.0,21.0,1.0,1,49.0,0.0,40.0,0,1,1
472,36.0,3.0,16.0,1.0,2,49.0,0.0,40.0,1,1,1
473,83.0,3.0,19.0,1.0,0,49.0,0.0,40.0,1,1,1
474,19.0,7.0,21.0,1.0,2,49.0,0.0,40.0,0,1,0
475,75.0,7.0,19.0,1.0,1,49.0,0.0,40.0,1,1,0
476,19.0,5.0,19.0,1.0,1,49.0,1.0,40.0,1,1,1
477,19.0,1.0,21.0,1.0,2,49.0,0.0,40.0,1,1,1
478,36.0,7.0,21.0,1.0,1,49.0,0.0,39.0,1,1,1
479,43.0,1.0,16.0,1.0,0,49.0,0.0,40.0,1,1,1
480,92.0,2.0,21.0,5.0,1,49.0,1.0,40.0,1,1,1
481,19.0,7.0,21.0,1.0,1,49.0,0.0,40.0,1,0,1
482,75.0,2.0,16.0,1.0,1,49.0,1.0,40.0,1,1,0
483,86.0,2.0,19.0,1.0,1,49.0,1.0,40.0,1,1,0
484,17.0,1.0,19.0,3.0,1,49.0,0.0,40.0,0,0,1
485,83.0,1.0,19.0,1.0,1,49.0,0.0,40.0,1,1,1
486,31.0,2.0,16.0,1.0,1,49.0,0.0,40.0,1,1,0
487,92.0,3.0,21.0,1.0,1,49.0,1.0,40.0,1,1,1
488,86.0,3.0,21.0,1.0,4,49.0,0.0,40.0,1,1,1
489,64.0,2.0,19.0,1.0,1,49.0,0.0,40.0,1,1,0
490,86.0,1.0,22.0,1.0,1,49.0,0.0,40.0,1,1,0
491,31.0,1.0,16.0,1.0,1,49.0,0.0,40.0,1,1,0
492,19.0,5.0,16.0,1.0,1,49.0,0.0,40.0,1,1,1
493,60.0,3.0,16.0,1.0,1,49.0,0.0,40.0,1,1,1
494,17.0,3.0,19.0,1.0,1,49.0,0.0,40.0,1,1,0
495,83.0,1.0,16.0,1.0,0,49.0,0.0,40.0,1,1,1
496,75.0,2.0,19.0,1.0,1,49.0,0.0,40.0,1,1,1
497,19.0,1.0,19.0,1.0,0,242.0,0.0,40.0,1,1,0
498,17.0,7.0,16.0,5.0,-1,49.0,0.0,40.0,1,1,1
499,31.0,1.0,16.0,1.0,1,49.0,0.0,40.0,1,1,1
500,75.0,1.0,19.0,1.0,1,49.0,0.0,40.0,0,1,1
501,31.0,2.0,16.0,1.0,1,49.0,0.0,40.0,1,1,1
502,27.0,7.0,19.0,1.0,0,49.0,1.0,40.0,1,1,1
503,83.0,1.0,16.0,1.0,1,49.0,2.0,40.0,1,1,0
504,31.0,3.0,21.0,1.0,1,49.0,1.0,40.0,0,1,1
505,75.0,7.0,19.0,1.0,1,49.0,0.0,40.0,1,1,0
506,19.0,1.0,11.0,1.0,1,49.0,14.0,40.0,1,1,1
507,69.0,2.0,16.0,1.0,0,49.0,1.0,40.0,0,1,1
508,31.0,2.0,16.0,1.0,1,49.0,0.0,40.0,1,0,1
509,43.0,2.0,16.0,1.0,0,49.0,0.0,40.0,1,1,0
510,75.0,1.0,19.0,1.0,1,8.0,0.0,40.0,1,1,1
511,75.0,7.0,16.0,1.0,1,49.0,1.0,40.0,1,1,0
512,19.0,5.0,19.0,1.0,1,49.0,0.0,40.0,0,1,1
513,75.0,2.0,19.0,1.0,0,49.0,0.0,40.0,0,1,1
514,42.0,2.0,16.0,1.0,1,49.0,1.0,40.0,1,1,1
515,43.0,7.0,19.0,1.0,0,49.0,0.0,40.0,1,0,1
516,60.0,7.0,16.0,1.0,1,49.0,1.0,40.0,1,1,1
517,86.0,2.0,16.0,1.0,1,49.0,5.0,40.0,1,1,0
518,75.0,2.0,16.0,1.0,1,49.0,0.0,40.0,0,1,1
519,83.0,7.0,16.0,1.0,4,49.0,0.0,12.0,1,1,0
520,19.0,3.0,21.0,1.0,2,49.0,0.0,40.0,1,1,1
521,86.0,2.0,16.0,1.0,1,49.0,0.0,40.0,1,1,1
522,75.0,5.0,16.0,1.0,0,49.0,0.0,54.0,1,1,0
523,43.0,1.0,16.0,1.0,1,49.0,1.0,40.0,1,1,1
524,83.0,3.0,19.0,1.0,1,49.0,0.0,66.0,1,1,0
525,60.0,1.0,19.0,1.0,1,49.0,0.0,40.0,1,1,1
526,19.0,3.0,19.0,1.0,2,49.0,1.0,40.0,1,1,0
527,75.0,1.0,21.0,1.0,1,49.0,0.0,40.0,1,1,0
528,36.0,5.0,19.0,3.0,1,49.0,0.0,40.0,0,1,1
529,83.0,7.0,16.0,1.0,3,49.0,1.0,40.0,1,1,1
530,75.0,3.0,24.0,1.0,1,49.0,0.0,40.0,1,1,1
531,31.0,5.0,19.0,1.0,1,49.0,0.0,40.0,1,0,1
532,92.0,3.0,21.0,1.0,1,49.0,0.0,40.0,1,0,1
533,31.0,3.0,19.0,1.0,1,49.0,0.0,40.0,1,1,0
534,83.0,1.0,21.0,1.0,1,49.0,0.0,40.0,1,1,1
535,83.0,7.0,21.0,1.0,-1,49.0,0.0,40.0,1,1,1
536,60.0,3.0,19.0,1.0,0,49.0,0.0,40.0,0,1,1
537,31.0,2.0,22.0,1.0,1,49.0,0.0,40.0,0,1,1
538,84.0,2.0,21.0,1.0,0,49.0,0.0,40.0,1,1,1
539,75.0,1.0,21.0,1.0,1,49.0,0.0,40.0,1,1,1
540,60.0,3.0,16.0,1.0,1,49.0,0.0,40.0,1,1,1
541,43.0,7.0,16.0,1.0,0,49.0,0.0,40.0,1,1,0
542,43.0,2.0,19.0,1.0,1,49.0,0.0,40.0,1,1,0
543,31.0,1.0,16.0,1.0,4,49.0,0.0,40.0,1,1,0
544,43.0,2.0,19.0,1.0,1,49.0,0.0,40.0,1,1,1
545,83.0,1.0,19.0,1.0,1,49.0,0.0,40.0,1,0,0
546,83.0,3.0,16.0,1.0,1,49.0,0.0,40.0,1,1,1
547,83.0,1.0,19.0,1.0,1,49.0,0.0,40.0,1,1,0
548,75.0,3.0,16.0,1.0,1,49.0,0.0,40.0,1,1,1
549,31.0,1.0,16.0,1.0,1,49.0,0.0,40.0,0,0,0
550,52.0,2.0,21.0,1.0,1,49.0,0.0,40.0,0,1,1
551,43.0,5.0,16.0,1.0,2,49.0,0.0,40.0,1,1,1
552,75.0,7.0,16.0,1.0,1,49.0,0.0,40.0,1,1,0
553,75.0,3.0,16.0,1.0,1,49.0,0.0,40.0,1,1,1
554,19.0,1.0,16.0,1.0,0,49.0,0.0,40.0,1,0,1
555,31.0,5.0,16.0,5.0,1,49.0,0.0,27.0,1,1,1
556,31.0,5.0,19.0,1.0,0,49.0,0.0,40.0,1,1,1
557,31.0,5.0,16.0,1.0,0,49.0,0.0,40.0,1,1,1
558,60.0,2.0,16.0,1.0,1,49.0,0.0,40.0,1,1,0
559,43.0,2.0,21.0,1.0,1,49.0,0.0,40.0,1,1,1
560,42.0,1.0,16.0,1.0,0,49.0,0.0,40.0,1,1,0
561,83.0,3.0,19.0,1.0,1,49.0,0.0,40.0,1,1,1
562,53.0,3.0,16.0,1.0,0,49.0,0.0,40.0,1,1,0
563,31.0,2.0,21.0,1.0,1,49.0,0.0,40.0,1,0,1
564,86.0,2.0,21.0,1.0,1,49.0,0.0,40.0,1,1,1
565,62.0,1.0,19.0,1.0,1,49.0,0.0,40.0,1,1,1
566,69.0,2.0,21.0,1.0,0,49.0,0.0,40.0,1,0,0
567,19.0,2.0,19.0,1.0,1,49.0,1.0,40.0,0,1,1
568,31.0,3.0,16.0,1.0,0,49.0,0.0,40.0,1,1,0
569,60.0,7.0,16.0,1.0,0,49.0,0.0,40.0,0,1,0
570,83.0,5.0,16.0,1.0,1,49.0,1.0,40.0,1,1,1
571,19.0,2.0,19.0,1.0,1,49.0,0.0,40.0,1,1,0
572,19.0,1.0,16.0,1.0,1,49.0,0.0,40.0,1,1,1
573,75.0,3.0,19.0,1.0,1,49.0,0.0,40.0,1,1,1
574,36.0,5.0,21.0,1.0,0,49.0,0.0,40.0,1,1,0
575,43.0,2.0,21.0,1.0,0,49.0,0.0,40.0,1,1,0
576,75.0,1.0,22.0,1.0,1,49.0,0.0,40.0,1,1,1
577,43.0,1.0,21.0,1.0,1,49.0,2.0,40.0,1,1,1
578,75.0,7.0,16.0,1.0,1,49.0,0.0,40.0,1,1,1
579,64.0,2.0,16.0,1.0,1,49.0,1.0,40.0,1,1,1
580,83.0,3.0,16.0,1.0,1,49.0,14.0,40.0,1,1,1
581,31.0,7.0,16.0,1.0,1,49.0,0.0,40.0,1,1,1
582,92.0,7.0,16.0,1.0,1,49.0,1.0,3.0,1,1,1
583,83.0,5.0,19.0,1.0,0,49.0,0.0,40.0,1,1,1
584,69.0,3.0,19.0,1.0,1,49.0,0.0,40.0,1,1,1
585,83.0,1.0,19.0,1.0,4,49.0,0.0,40.0,1,1,1
586,31.0,2.0,16.0,1.0,1,49.0,0.0,40.0,1,1,1
587,83.0,3.0,16.0,1.0,1,49.0,0.0,66.0,1,0,1
588,60.0,7.0,19.0,1.0,1,49.0,0.0,40.0,1,1,1
589,75.0,2.0,19.0,1.0,0,49.0,0.0,40.0,1,1,1
590,31.0,3.0,21.0,1.0,2,49.0,0.0,32.0,1,1,1
591,19.0,1.0,16.0,1.0,2,49.0,9.0,40.0,1,1,0
592,64.0,2.0,21.0,1.0,1,49.0,0.0,40.0,0,1,0
593,83.0,8.0,21.0,1.0,1,49.0,0.0,40.0,0,1,1
594,86.0,3.0,19.0,1.0,1,49.0,0.0,27.0,1,1,1
595,83.0,7.0,16.0,1.0,2,49.0,0.0,40.0,1,0,1
596,83.0,1.0,21.0,1.0,1,49.0,0.0,40.0,0,1,1
597,31.0,7.0,16.0,1.0,1,49.0,1.0,40.0,1,1,0
598,83.0,1.0,19.0,5.0,1,49.0,0.0,40.0,1,1,0
599,83.0,2.0,22.0,1.0,0,49.0,0.0,40.0,1,1,1
600,60.0,7.0,16.0,1.0,1,49.0,1.0,40.0,1,1,1
601,86.0,2.0,19.0,1.0,1,49.0,1.0,40.0,0,1,1
602,43.0,1.0,21.0,1.0,1,49.0,0.0,40.0,1,1,1
603,31.0,7.0,19.0,1.0,1,49.0,0.0,40.0,0,1,0
604,69.0,7.0,19.0,1.0,0,49.0,1.0,40.0,1,1,1
605,19.0,3.0,16.0,5.0,-1,49.0,0.0,40.0,1,1,1
606,83.0,2.0,21.0,1.0,1,49.0,0.0,40.0,1,1,1
607,31.0,2.0,19.0,1.0,-1,49.0,0.0,40.0,0,1,0
608,64.0,3.0,19.0,1.0,0,49.0,0.0,40.0,1,1,0
609,60.0,7.0,19.0,1.0,1,49.0,13.0,40.0,0,0,1
610,83.0,2.0,19.0,1.0,0,49.0,1.0,40.0,0,1,0
611,43.0,6.0,24.0,1.0,1,117.0,0.0,40.0,1,1,1
612,43.0,3.0,21.0,1.0,1,49.0,1.0,40.0,1,1,0
613,83.0,7.0,19.0,5.0,1,49.0,1.0,40.0,1,1,0
614,40.0,1.0,7.0,1.0,1,49.0,1.0,40.0,1,1,1
615,83.0,5.0,19.0,1.0,2,49.0,0.0,40.0,1,1,0
616,83.0,1.0,16.0,1.0,5,49.0,0.0,40.0,1,1,0
617,75.0,7.0,16.0,1.0,1,49.0,1.0,40.0,1,1,0
618,83.0,2.0,16.0,1.0,1,49.0,0.0,40.0,1,1,1
619,17.0,1.0,19.0,1.0,1,49.0,1.0,40.0,1,1,1
620,64.0,2.0,16.0,5.0,1,49.0,0.0,40.0,1,0,0
621,75.0,5.0,16.0,1.0,0,49.0,0.0,40.0,1,1,1
622,43.0,3.0,16.0,1.0,1,49.0,0.0,40.0,1,1,1
623,83.0,7.0,21.0,5.0,1,49.0,0.0,40.0,1,1,1
624,32.0,1.0,21.0,1.0,1,49.0,1.0,40.0,1,1,1
625,17.0,1.0,19.0,1.0,1,49.0,1.0,40.0,1,1,1
626,86.0,2.0,4.0,1.0,1,49.0,1.0,40.0,1,1,1
627,36.0,2.0,19.0,1.0,1,49.0,1.0,40.0,1,1,0
628,31.0,3.0,19.0,1.0,1,49.0,0.0,40.0,1,1,1
629,86.0,3.0,24.0,3.0,1,49.0,17.0,40.0,1,1,0
630,83.0,2.0,19.0,1.0,1,49.0,1.0,40.0,0,1,1
631,36.0,5.0,16.0,1.0,1,49.0,0.0,40.0,1,1,1
632,43.0,5.0,19.0,1.0,1,49.0,1.0,40.0,1,1,1
633,83.0,5.0,4.0,1.0,1,49.0,0.0,40.0,1,1,1
634,83.0,1.0,21.0,1.0,0,49.0,0.0,40.0,1,1,1
635,83.0,5.0,19.0,1.0,1,49.0,0.0,40.0,1,1,1
636,83.0,7.0,19.0,1.0,1,49.0,0.0,40.0,1,1,0
637,83.0,1.0,16.0,1.0,4,49.0,0.0,40.0,1,1,0
638,83.0,2.0,16.0,1.0,1,49.0,0.0,40.0,0,1,0
639,83.0,2.0,19.0,3.0,1,49.0,0.0,14.0,1,1,0
640,19.0,7.0,21.0,1.0,1,49.0,1.0,40.0,1,1,0
641,86.0,7.0,19.0,5.0,1,49.0,0.0,40.0,0,1,0
642,60.0,7.0,16.0,1.0,1,49.0,0.0,40.0,1,1,0
643,31.0,7.0,16.0,1.0,1,49.0,1.0,40.0,1,1,1
644,36.0,2.0,24.0,1.0,0,49.0,0.0,40.0,0,0,1
645,19.0,7.0,16.0,1.0,1,49.0,1.0,40.0,1,1,1
646,83.0,2.0,19.0,1.0,0,49.0,0.0,40.0,1,1,0
647,31.0,1.0,16.0,1.0,2,49.0,0.0,40.0,1,0,1
648,83.0,2.0,16.0,1.0,1,49.0,0.0,40.0,1,1,1
649,64.0,2.0,16.0,1.0,1,49.0,1.0,40.0,1,1,1
650,83.0,4.0,21.0,5.0,0,49.0,0.0,40.0,1,1,1
651,75.0,1.0,16.0,1.0,1,49.0,0.0,40.0,1,1,1
652,83.0,1.0,16.0,1.0,1,49.0,0.0,40.0,1,1,1
653,17.0,1.0,21.0,1.0,0,49.0,0.0,40.0,1,1,1
654,83.0,1.0,16.0,1.0,3,49.0,0.0,40.0,1,1,1
655,31.0,1.0,16.0,5.0,0,49.0,1.0,40.0,0,0,1
656,36.0,7.0,16.0,1.0,5,49.0,0.0,40.0,1,1,1
657,83.0,2.0,16.0,1.0,1,49.0,0.0,40.0,1,1,1
658,17.0,2.0,16.0,5.0,1,49.0,0.0,40.0,1,1,1
659,17.0,3.0,19.0,1.0,1,49.0,0.0,40.0,1,1,1
660,86.0,5.0,12.0,1.0,1,49.0,0.0,40.0,0,0,1
661,83.0,5.0,19.0,5.0,1,49.0,0.0,40.0,1,1,1
662,86.0,1.0,21.0,1.0,1,49.0,0.0,40.0,1,1,0
663,86.0,1.0,4.0,1.0,1,49.0,0.0,40.0,1,1,1
664,75.0,2.0,19.0,1.0,1,49.0,0.0,40.0,1,1,1
665,19.0,5.0,21.0,5.0,2,49.0,0.0,40.0,1,1,1
666,36.0,4.0,16.0,1.0,2,49.0,0.0,40.0,1,1,1
667,83.0,6.0,11.0,1.0,1,49.0,0.0,40.0,1,1,1
668,43.0,1.0,16.0,1.0,0,49.0,0.0,40.0,1,1,1
669,19.0,1.0,19.0,1.0,1,49.0,0.0,40.0,1,1,1
670,43.0,2.0,16.0,1.0,1,49.0,0.0,40.0,1,1,1
671,83.0,2.0,19.0,1.0,1,49.0,0.0,40.0,1,1,1
672,83.0,1.0,19.0,1.0,1,49.0,1.0,40.0,1,1,1
673,72.0,5.0,16.0,1.0,4,49.0,0.0,40.0,1,1,1
674,92.0,2.0,19.0,1.0,1,49.0,1.0,40.0,1,1,1
675,19.0,2.0,16.0,5.0,1,49.0,0.0,40.0,0,1,1
676,31.0,5.0,19.0,1.0,0,49.0,0.0,40.0,1,1,1
677,31.0,2.0,21.0,1.0,1,49.0,1.0,40.0,1,1,0
678,31.0,1.0,16.0,1.0,1,49.0,0.0,40.0,1,1,1
679,36.0,4.0,21.0,1.0,1,49.0,0.0,40.0,1,1,1
680,17.0,2.0,16.0,1.0,1,49.0,1.0,40.0,1,1,1
681,31.0,1.0,16.0,1.0,1,49.0,0.0,66.0,1,1,1
682,43.0,2.0,19.0,1.0,0,49.0,0.0,40.0,1,1,1
683,19.0,1.0,6.0,1.0,0,49.0,0.0,40.0,0,1,1
684,43.0,2.0,22.0,1.0,2,49.0,0.0,40.0,1,1,1
685,83.0,7.0,16.0,1.0,0,49.0,0.0,40.0,0,1,0
686,60.0,1.0,21.0,1.0,0,49.0,0.0,40.0,0,1,1
687,69.0,3.0,16.0,1.0,0,49.0,0.0,40.0,1,1,1
688,55.0,2.0,21.0,1.0,0,49.0,0.0,40.0,0,1,1
689,83.0,1.0,13.0,1.0,0,243.0,1.0,40.0,1,1,1
690,86.0,1.0,19.0,1.0,0,49.0,1.0,40.0,1,1,0
691,19.0,4.0,19.0,1.0,1,49.0,0.0,40.0,0,1,1
692,64.0,2.0,19.0,1.0,1,49.0,0.0,40.0,0,1,0
693,75.0,7.0,16.0,1.0,0,60.0,1.0,40.0,1,1,1
694,75.0,3.0,22.0,1.0,1,49.0,0.0,40.0,1,0,1
695,43.0,3.0,16.0,1.0,0,49.0,0.0,40.0,1,1,1
696,75.0,1.0,16.0,1.0,4,49.0,0.0,40.0,1,1,0
697,32.0,3.0,24.0,1.0,1,49.0,0.0,40.0,1,1,0
698,75.0,3.0,24.0,1.0,2,49.0,0.0,40.0,0,0,1
699,31.0,7.0,16.0,1.0,1,49.0,0.0,40.0,1,1,0
700,75.0,8.0,19.0,1.0,1,49.0,0.0,40.0,1,1,1
701,43.0,7.0,21.0,1.0,1,49.0,0.0,40.0,0,1,1
702,60.0,1.0,19.0,1.0,1,49.0,0.0,40.0,1,1,1
703,83.0,2.0,16.0,1.0,0,49.0,0.0,40.0,1,1,1
704,86.0,1.0,23.0,1.0,1,49.0,1.0,40.0,1,0,1
705,48.0,2.0,16.0,1.0,1,49.0,0.0,40.0,1,1,0
706,83.0,4.0,16.0,1.0,1,49.0,0.0,40.0,1,1,1
707,36.0,1.0,16.0,1.0,1,49.0,0.0,40.0,1,1,1
708,64.0,5.0,19.0,1.0,1,49.0,0.0,40.0,1,1,1
709,17.0,7.0,16.0,1.0,1,49.0,9.0,40.0,0,1,0
710,43.0,2.0,21.0,1.0,1,49.0,0.0,40.0,1,1,0
711,45.0,7.0,19.0,1.0,1,49.0,0.0,40.0,1,0,1
712,19.0,2.0,16.0,1.0,1,49.0,0.0,40.0,1,1,0
713,32.0,2.0,16.0,1.0,1,49.0,0.0,40.0,1,0,1
714,43.0,3.0,16.0,1.0,1,49.0,0.0,40.0,1,1,1
715,31.0,2.0,21.0,1.0,0,49.0,1.0,40.0,1,1,1
716,83.0,1.0,16.0,1.0,1,49.0,0.0,40.0,1,1,1
717,83.0,7.0,16.0,1.0,1,49.0,0.0,40.0,1,1,1
718,83.0,1.0,16.0,1.0,1,49.0,0.0,40.0,1,1,1
719,31.0,7.0,16.0,1.0,4,49.0,0.0,40.0,1,1,0
720,32.0,3.0,19.0,1.0,0,49.0,0.0,40.0,0,1,1
721,75.0,1.0,19.0,1.0,1,49.0,1.0,40.0,1,1,1
722,83.0,7.0,16.0,1.0,1,49.0,0.0,40.0,1,1,1
723,31.0,1.0,11.0,1.0,0,49.0,0.0,40.0,1,1,1
724,43.0,7.0,16.0,1.0,0,49.0,1.0,40.0,1,1,0
725,60.0,3.0,16.0,1.0,2,49.0,2.0,52.0,1,0,1
726,36.0,2.0,19.0,1.0,1,49.0,0.0,40.0,1,0,0
727,83.0,5.0,16.0,1.0,1,49.0,0.0,40.0,1,1,0
728,86.0,2.0,16.0,1.0,1,49.0,0.0,40.0,1,0,0
729,69.0,5.0,19.0,1.0,1,49.0,0.0,40.0,1,1,1
730,75.0,2.0,22.0,1.0,2,49.0,0.0,40.0,1,1,1
731,32.0,1.0,21.0,1.0,4,49.0,0.0,40.0,1,0,0
732,83.0,2.0,19.0,1.0,1,49.0,0.0,40.0,1,1,1
733,83.0,3.0,19.0,1.0,0,49.0,2.0,40.0,1,1,1
734,34.0,2.0,19.0,1.0,3,49.0,0.0,40.0,1,0,1
735,83.0,5.0,16.0,1.0,2,49.0,1.0,40.0,1,1,1
736,83.0,3.0,10.0,1.0,-1,49.0,0.0,40.0,1,1,1
737,43.0,3.0,21.0,1.0,0,49.0,0.0,40.0,1,1,1
738,75.0,7.0,21.0,1.0,1,49.0,0.0,40.0,1,1,1
739,83.0,7.0,16.0,1.0,4,49.0,1.0,40.0,0,1,1
740,75.0,2.0,19.0,1.0,4,49.0,0.0,40.0,0,1,1
741,19.0,1.0,19.0,1.0,0,49.0,0.0,40.0,1,1,1
742,43.0,3.0,23.0,1.0,1,49.0,0.0,66.0,1,1,1
743,75.0,7.0,19.0,1.0,1,49.0,0.0,40.0,1,1,1
744,31.0,5.0,16.0,1.0,1,49.0,13.0,40.0,0,1,0
745,46.0,1.0,16.0,1.0,1,49.0,0.0,40.0,1,1,0
746,83.0,5.0,21.0,1.0,1,49.0,0.0,40.0,1,1,1
747,43.0,5.0,19.0,1.0,0,49.0,0.0,40.0,1,1,1
748,36.0,6.0,16.0,1.0,1,49.0,1.0,40.0,1,1,1
749,83.0,2.0,21.0,1.0,1,49.0,0.0,40.0,1,1,0
750,31.0,1.0,19.0,1.0,1,49.0,0.0,40.0,1,1,1
751,83.0,1.0,16.0,1.0,1,49.0,0.0,40.0,1,1,0
752,75.0,2.0,19.0,1.0,2,49.0,0.0,40.0,1,1,0
753,75.0,1.0,16.0,1.0,1,49.0,0.0,40.0,1,1,1
754,83.0,7.0,19.0,1.0,1,49.0,0.0,40.0,0,1,0
755,31.0,3.0,21.0,5.0,1,49.0,0.0,40.0,1,1,0
756,68.0,7.0,16.0,1.0,1,49.0,0.0,40.0,1,0,1
757,19.0,2.0,16.0,1.0,1,136.0,0.0,40.0,0,1,0
758,31.0,1.0,7.0,1.0,1,49.0,0.0,40.0,1,1,1
759,31.0,7.0,16.0,1.0,1,49.0,1.0,40.0,1,1,1
760,31.0,7.0,21.0,3.0,1,49.0,0.0,40.0,1,0,0
761,64.0,7.0,16.0,1.0,1,49.0,0.0,40.0,1,1,0
762,70.0,1.0,19.0,1.0,1,49.0,13.0,65.0,0,1,1
763,19.0,2.0,16.0,1.0,1,49.0,0.0,40.0,1,1,1
764,31.0,2.0,16.0,1.0,0,49.0,0.0,40.0,1,1,1
765,83.0,2.0,16.0,1.0,1,49.0,1.0,40.0,1,1,1
766,83.0,3.0,16.0,1.0,1,49.0,0.0,40.0,1,1,0
767,31.0,2.0,16.0,1.0,2,49.0,0.0,40.0,0,0,1
768,31.0,3.0,19.0,1.0,0,49.0,0.0,40.0,1,1,1
769,83.0,7.0,16.0,1.0,1,49.0,0.0,40.0,0,1,1
770,69.0,2.0,19.0,1.0,1,49.0,0.0,40.0,1,1,1
771,31.0,1.0,21.0,1.0,1,49.0,0.0,40.0,1,1,1
772,83.0,5.0,21.0,1.0,1,49.0,0.0,40.0,1,1,0
773,83.0,2.0,19.0,5.0,1,49.0,0.0,40.0,1,1,0
774,31.0,7.0,21.0,5.0,1,49.0,0.0,40.0,1,1,0
775,75.0,1.0,21.0,1.0,1,49.0,1.0,40.0,1,1,1
776,69.0,3.0,16.0,1.0,1,49.0,0.0,40.0,1,1,0
777,34.0,3.0,21.0,1.0,2,49.0,0.0,40.0,0,1,0
778,43.0,3.0,16.0,1.0,1,49.0,0.0,40.0,1,1,1
779,83.0,7.0,16.0,1.0,2,49.0,0.0,40.0,1,1,1
780,60.0,8.0,16.0,1.0,1,49.0,0.0,40.0,1,0,1
781,86.0,1.0,16.0,1.0,1,49.0,1.0,40.0,1,1,0
782,40.0,1.0,16.0,1.0,1,49.0,0.0,40.0,1,0,0
783,43.0,1.0,19.0,1.0,1,49.0,0.0,40.0,1,1,1
784,19.0,3.0,19.0,1.0,1,49.0,0.0,40.0,1,1,1
785,27.0,7.0,16.0,5.0,1,49.0,1.0,61.0,1,1,1
786,86.0,5.0,16.0,1.0,2,49.0,0.0,40.0,1,1,1
787,83.0,7.0,19.0,1.0,1,49.0,0.0,40.0,1,1,1
788,31.0,5.0,21.0,1.0,0,49.0,1.0,40.0,0,1,1
789,92.0,1.0,21.0,1.0,1,49.0,1.0,40.0,1,1,1
790,36.0,2.0,19.0,1.0,2,49.0,0.0,40.0,1,1,1
791,83.0,5.0,16.0,1.0,1,49.0,0.0,40.0,1,1,1
792,83.0,7.0,16.0,1.0,1,49.0,0.0,40.0,1,1,0
793,31.0,5.0,16.0,5.0,1,49.0,1.0,40.0,1,1,1
794,19.0,2.0,22.0,1.0,1,49.0,0.0,40.0,1,1,1
795,64.0,7.0,21.0,1.0,1,49.0,0.0,40.0,0,1,1
796,92.0,2.0,19.0,1.0,1,49.0,0.0,40.0,1,1,1
797,83.0,7.0,12.0,1.0,1,49.0,0.0,40.0,0,1,1
798,19.0,2.0,21.0,1.0,1,49.0,0.0,40.0,1,1,1
799,43.0,1.0,16.0,1.0,5,49.0,0.0,40.0,1,1,0
800,19.0,3.0,16.0,1.0,0,49.0,0.0,40.0,1,1,1
801,75.0,2.0,16.0,1.0,0,49.0,0.0,40.0,0,1,1
802,83.0,3.0,16.0,1.0,1,49.0,0.0,40.0,1,0,0
803,83.0,2.0,19.0,1.0,1,49.0,0.0,40.0,1,0,1
804,69.0,5.0,19.0,1.0,1,49.0,0.0,40.0,0,0,1
805,83.0,2.0,16.0,1.0,1,49.0,0.0,40.0,1,1,1
806,31.0,5.0,16.0,1.0,1,49.0,0.0,40.0,1,0,1
807,31.0,2.0,16.0,1.0,1,49.0,0.0,40.0,1,1,0
808,36.0,2.0,16.0,1.0,1,49.0,0.0,40.0,1,0,1
809,83.0,1.0,16.0,1.0,1,49.0,1.0,40.0,0,1,1
810,75.0,2.0,19.0,1.0,0,49.0,0.0,40.0,1,1,1
811,86.0,2.0,16.0,1.0,1,49.0,0.0,40.0,1,1,1
812,32.0,3.0,16.0,1.0,2,49.0,0.0,40.0,1,1,0
813,43.0,1.0,4.0,1.0,1,49.0,0.0,40.0,1,1,1
814,19.0,3.0,21.0,1.0,0,49.0,1.0,40.0,1,0,0
815,43.0,1.0,16.0,1.0,1,49.0,0.0,40.0,0,0,1
816,69.0,3.0,22.0,1.0,1,49.0,0.0,40.0,0,1,1
817,31.0,2.0,19.0,1.0,1,49.0,0.0,40.0,0,1,1
818,83.0,2.0,21.0,1.0,1,49.0,0.0,40.0,1,1,0
819,31.0,2.0,19.0,1.0,2,49.0,0.0,40.0,1,1,1
820,83.0,3.0,16.0,5.0,0,49.0,0.0,40.0,1,0,0
821,83.0,1.0,19.0,1.0,0,49.0,0.0,40.0,1,1,1
822,31.0,2.0,19.0,1.0,1,49.0,0.0,40.0,1,1,1
823,83.0,2.0,19.0,1.0,2,49.0,0.0,40.0,1,0,1
824,31.0,3.0,16.0,1.0,2,49.0,0.0,40.0,1,0,0
825,83.0,1.0,16.0,1.0,1,49.0,0.0,40.0,1,1,0
826,75.0,2.0,16.0,1.0,2,49.0,0.0,40.0,1,1,1
827,75.0,3.0,16.0,3.0,0,49.0,0.0,40.0,0,0,1
828,83.0,1.0,16.0,1.0,1,49.0,0.0,40.0,1,1,1
829,83.0,2.0,19.0,5.0,1,49.0,0.0,40.0,0,1,1
830,83.0,2.0,19.0,1.0,0,49.0,0.0,40.0,1,1,1
831,31.0,2.0,16.0,1.0,1,49.0,1.0,40.0,0,1,0
832,17.0,5.0,16.0,1.0,1,49.0,0.0,40.0,0,1,0
833,43.0,7.0,16.0,1.0,0,49.0,0.0,40.0,1,1,0
834,43.0,1.0,16.0,1.0,0,49.0,0.0,40.0,1,1,1
835,31.0,3.0,19.0,1.0,1,49.0,0.0,40.0,0,1,1
836,75.0,2.0,16.0,1.0,0,49.0,0.0,40.0,1,1,1
837,43.0,7.0,17.0,1.0,1,49.0,1.0,40.0,1,1,1
838,75.0,1.0,21.0,1.0,1,49.0,0.0,40.0,0,0,0
839,75.0,7.0,16.0,1.0,1,49.0,0.0,39.0,1,1,1
840,75.0,3.0,19.0,1.0,0,49.0,0.0,40.0,1,1,1
841,43.0,1.0,16.0,1.0,0,49.0,1.0,40.0,1,1,0
842,83.0,5.0,23.0,1.0,2,49.0,0.0,40.0,1,1,0
843,86.0,3.0,4.0,1.0,1,49.0,0.0,40.0,1,1,1
844,77.0,5.0,16.0,1.0,1,49.0,0.0,40.0,1,1,0
845,43.0,2.0,19.0,1.0,1,49.0,1.0,40.0,1,1,1
846,64.0,3.0,16.0,1.0,1,49.0,0.0,40.0,1,1,1
847,83.0,2.0,16.0,1.0,0,49.0,0.0,40.0,1,1,1
848,83.0,2.0,16.0,1.0,1,49.0,0.0,40.0,1,1,1
849,83.0,2.0,19.0,1.0,0,49.0,0.0,40.0,0,1,0
850,43.0,7.0,16.0,1.0,1,49.0,0.0,40.0,1,0,1
851,36.0,7.0,22.0,1.0,1,49.0,0.0,40.0,1,1,0
852,69.0,7.0,19.0,1.0,4,49.0,1.0,40.0,1,1,1
853,17.0,5.0,14.0,1.0,1,49.0,0.0,40.0,1,1,1
854,86.0,5.0,21.0,1.0,1,49.0,0.0,40.0,1,1,1
855,83.0,7.0,21.0,1.0,1,49.0,0.0,40.0,1,0,0
856,64.0,5.0,21.0,1.0,2,49.0,3.0,40.0,1,1,1
857,86.0,1.0,19.0,1.0,1,49.0,0.0,40.0,0,1,1
858,83.0,3.0,19.0,1.0,1,49.0,1.0,40.0,1,1,1
859,75.0,2.0,16.0,3.0,1,49.0,0.0,40.0,1,1,1
860,83.0,2.0,16.0,1.0,0,49.0,0.0,40.0,1,0,0
861,86.0,2.0,16.0,1.0,0,49.0,0.0,40.0,1,1,1
862,75.0,4.0,19.0,1.0,2,49.0,0.0,22.0,0,1,0
863,83.0,3.0,16.0,5.0,1,49.0,0.0,40.0,0,1,1
864,83.0,5.0,16.0,1.0,1,49.0,0.0,40.0,1,1,0
865,32.0,3.0,19.0,5.0,1,49.0,0.0,40.0,1,1,1
866,75.0,2.0,16.0,1.0,1,49.0,0.0,40.0,0,1,1
867,83.0,3.0,16.0,1.0,2,49.0,0.0,40.0,1,1,1
868,40.0,1.0,16.0,5.0,1,49.0,0.0,40.0,1,1,0
869,83.0,3.0,23.0,1.0,0,49.0,1.0,40.0,1,1,1
870,83.0,1.0,16.0,1.0,1,49.0,1.0,40.0,1,1,1
871,83.0,2.0,16.0,1.0,0,49.0,1.0,40.0,1,0,1
872,31.0,7.0,19.0,3.0,1,49.0,0.0,40.0,1,1,1
873,31.0,7.0,14.0,1.0,1,49.0,0.0,40.0,1,1,0
874,83.0,2.0,16.0,1.0,1,127.0,0.0,40.0,1,1,1
875,75.0,7.0,19.0,1.0,1,49.0,0.0,40.0,1,1,1
876,71.0,7.0,16.0,1.0,1,49.0,0.0,40.0,1,1,1
877,17.0,2.0,21.0,1.0,0,49.0,1.0,40.0,1,1,1
878,83.0,1.0,19.0,1.0,1,49.0,0.0,40.0,1,1,0
879,75.0,3.0,24.0,1.0,1,49.0,1.0,40.0,1,1,1
880,36.0,2.0,16.0,1.0,1,49.0,0.0,40.0,1,1,0
881,43.0,3.0,16.0,1.0,1,49.0,0.0,14.0,1,1,0
882,19.0,3.0,21.0,1.0,1,49.0,1.0,40.0,1,1,0
883,43.0,7.0,16.0,1.0,1,49.0,5.0,40.0,1,1,1
884,75.0,7.0,16.0,1.0,1,49.0,0.0,40.0,1,1,1
885,19.0,2.0,19.0,1.0,1,49.0,1.0,40.0,1,1,0
886,17.0,2.0,19.0,1.0,1,49.0,0.0,40.0,1,1,0
887,83.0,3.0,16.0,1.0,1,49.0,0.0,40.0,1,1,1
888,32.0,2.0,16.0,1.0,1,49.0,0.0,40.0,1,1,1
889,32.0,2.0,19.0,1.0,1,49.0,0.0,40.0,1,1,1
890,83.0,2.0,16.0,1.0,1,49.0,1.0,40.0,0,1,0
891,47.0,1.0,16.0,1.0,1,49.0,0.0,40.0,1,0,0
892,92.0,1.0,16.0,1.0,1,49.0,0.0,40.0,1,1,1
893,75.0,1.0,16.0,1.0,1,49.0,0.0,40.0,1,1,1
894,92.0,1.0,19.0,1.0,-1,209.0,1.0,40.0,1,0,0
895,83.0,1.0,21.0,1.0,1,49.0,0.0,40.0,1,1,0
896,92.0,3.0,8.0,1.0,0,49.0,0.0,40.0,1,1,1
897,83.0,5.0,19.0,1.0,1,49.0,1.0,40.0,1,1,1
898,83.0,3.0,19.0,1.0,1,49.0,0.0,40.0,0,1,1
899,83.0,7.0,16.0,1.0,0,49.0,0.0,40.0,0,1,1
900,31.0,1.0,21.0,1.0,1,49.0,0.0,40.0,1,1,0
901,75.0,2.0,19.0,1.0,1,49.0,0.0,40.0,1,1,0
902,27.0,2.0,19.0,1.0,3,49.0,0.0,40.0,1,1,0
903,31.0,3.0,21.0,1.0,1,49.0,0.0,40.0,1,1,1
904,36.0,5.0,21.0,1.0,1,49.0,0.0,40.0,0,1,1
905,43.0,3.0,19.0,1.0,1,49.0,0.0,40.0,1,1,1
906,17.0,2.0,19.0,5.0,1,49.0,0.0,40.0,1,1,1
907,43.0,2.0,19.0,1.0,1,49.0,0.0,40.0,1,1,1
908,31.0,3.0,21.0,1.0,2,49.0,0.0,40.0,1,1,0
909,43.0,5.0,21.0,1.0,1,49.0,0.0,40.0,1,1,1
910,86.0,1.0,19.0,1.0,1,301.0,0.0,40.0,1,1,0
911,74.0,2.0,19.0,1.0,0,49.0,0.0,40.0,1,1,1
912,86.0,5.0,21.0,1.0,1,49.0,1.0,40.0,1,1,1
913,43.0,7.0,16.0,1.0,1,49.0,1.0,40.0,1,1,1
914,83.0,7.0,16.0,1.0,4,49.0,0.0,40.0,1,1,0
915,36.0,7.0,19.0,1.0,0,49.0,0.0,40.0,1,1,1
916,60.0,1.0,21.0,1.0,1,49.0,0.0,40.0,1,1,1
917,43.0,5.0,16.0,1.0,2,49.0,1.0,40.0,1,1,1
918,86.0,2.0,16.0,1.0,1,49.0,1.0,66.0,1,1,1
919,75.0,2.0,16.0,1.0,1,49.0,0.0,40.0,1,1,0
920,86.0,5.0,16.0,1.0,1,49.0,0.0,40.0,1,0,1
921,86.0,1.0,16.0,1.0,1,49.0,0.0,40.0,1,1,1
922,17.0,7.0,16.0,1.0,0,49.0,0.0,40.0,1,1,1
923,60.0,7.0,21.0,1.0,1,49.0,1.0,40.0,1,1,0
924,32.0,7.0,19.0,1.0,3,49.0,1.0,40.0,1,1,1
925,31.0,7.0,19.0,1.0,1,49.0,0.0,40.0,1,0,0
926,17.0,2.0,16.0,1.0,1,49.0,0.0,40.0,1,1,0
927,43.0,1.0,16.0,1.0,1,49.0,0.0,40.0,1,1,0
928,83.0,3.0,16.0,1.0,0,49.0,0.0,40.0,1,1,0
929,31.0,5.0,16.0,1.0,1,49.0,0.0,39.0,0,1,1
930,43.0,1.0,22.0,1.0,1,49.0,0.0,40.0,1,0,0
931,83.0,2.0,19.0,1.0,1,49.0,0.0,40.0,1,1,1
932,75.0,2.0,16.0,1.0,1,49.0,0.0,40.0,1,1,0
933,83.0,5.0,16.0,1.0,1,49.0,1.0,40.0,1,1,1
934,74.0,2.0,19.0,1.0,1,49.0,1.0,40.0,1,1,1
935,19.0,7.0,16.0,1.0,1,49.0,1.0,40.0,0,0,0
936,83.0,1.0,21.0,1.0,1,49.0,0.0,40.0,1,1,0
937,86.0,2.0,17.0,1.0,0,49.0,0.0,40.0,1,1,1
938,31.0,1.0,19.0,1.0,4,49.0,0.0,40.0,1,1,0
939,19.0,3.0,21.0,1.0,0,49.0,0.0,40.0,1,1,1
940,83.0,7.0,16.0,1.0,0,49.0,0.0,40.0,1,1,1
941,43.0,5.0,16.0,1.0,1,49.0,0.0,40.0,1,1,1
942,75.0,3.0,16.0,1.0,1,49.0,0.0,40.0,0,1,0
943,83.0,7.0,19.0,1.0,0,49.0,0.0,40.0,1,1,1
944,40.0,2.0,24.0,1.0,1,49.0,0.0,30.0,1,0,1
945,86.0,2.0,19.0,1.0,2,49.0,0.0,40.0,1,1,1
946,31.0,2.0,24.0,1.0,1,49.0,0.0,40.0,1,1,0
947,83.0,2.0,16.0,1.0,4,49.0,0.0,40.0,0,1,1
948,43.0,2.0,19.0,5.0,0,49.0,0.0,40.0,0,0,1
949,64.0,2.0,1.0,1.0,0,49.0,2.0,40.0,1,1,1
950,43.0,2.0,21.0,1.0,1,49.0,0.0,40.0,1,1,0
951,31.0,7.0,19.0,5.0,1,49.0,0.0,40.0,1,1,0
952,32.0,2.0,16.0,1.0,1,49.0,0.0,40.0,1,1,1
953,74.0,5.0,19.0,1.0,1,49.0,0.0,40.0,1,0,1
954,43.0,2.0,21.0,1.0,1,49.0,0.0,40.0,1,1,1
955,31.0,1.0,19.0,1.0,1,370.0,0.0,40.0,1,1,1
956,32.0,2.0,22.0,1.0,1,49.0,1.0,40.0,0,1,0
957,31.0,1.0,19.0,1.0,0,49.0,0.0,40.0,1,1,1
958,17.0,3.0,19.0,1.0,1,49.0,0.0,40.0,1,1,0
959,32.0,5.0,16.0,4.0,1,49.0,0.0,40.0,1,1,1
960,60.0,7.0,16.0,1.0,1,49.0,0.0,40.0,1,1,1
961,19.0,3.0,16.0,1.0,0,49.0,1.0,40.0,1,1,0
962,17.0,7.0,16.0,1.0,0,49.0,0.0,40.0,1,0,1
963,36.0,1.0,19.0,1.0,3,49.0,1.0,40.0,1,1,1
964,36.0,1.0,16.0,1.0,0,49.0,4.0,40.0,1,1,1
965,83.0,3.0,19.0,1.0,1,49.0,0.0,40.0,1,1,1
966,60.0,2.0,16.0,1.0,1,49.0,0.0,40.0,1,1,0
967,43.0,2.0,22.0,1.0,1,49.0,0.0,40.0,1,1,0
968,17.0,2.0,19.0,1.0,1,49.0,0.0,40.0,1,1,1
969,83.0,2.0,19.0,1.0,0,49.0,1.0,40.0,1,1,1
970,43.0,7.0,19.0,1.0,1,49.0,0.0,40.0,1,0,0
971,23.0,7.0,16.0,1.0,1,49.0,0.0,40.0,1,1,1
972,84.0,7.0,16.0,1.0,1,49.0,0.0,40.0,1,1,1
973,31.0,5.0,19.0,1.0,1,49.0,0.0,40.0,1,1,1
974,83.0,2.0,21.0,1.0,1,49.0,1.0,40.0,1,1,1
975,75.0,1.0,4.0,1.0,4,49.0,0.0,40.0,1,1,1
976,83.0,3.0,19.0,1.0,1,49.0,0.0,40.0,1,1,0
977,64.0,5.0,21.0,1.0,1,49.0,0.0,40.0,1,1,1
978,83.0,1.0,19.0,1.0,-1,49.0,0.0,40.0,1,1,1
979,83.0,3.0,16.0,1.0,1,49.0,0.0,40.0,1,1,0
980,83.0,2.0,19.0,1.0,0,49.0,1.0,40.0,1,1,1
981,83.0,3.0,16.0,1.0,1,49.0,1.0,40.0,1,1,0
982,75.0,2.0,16.0,1.0,1,49.0,2.0,40.0,1,1,1
983,55.0,3.0,19.0,1.0,1,49.0,1.0,40.0,1,1,1
984,31.0,2.0,19.0,1.0,0,49.0,0.0,40.0,1,1,1
985,31.0,7.0,16.0,1.0,2,49.0,0.0,40.0,1,1,1
986,75.0,2.0,16.0,1.0,1,49.0,0.0,40.0,1,1,0
987,23.0,2.0,16.0,1.0,1,49.0,0.0,40.0,1,1,1
988,19.0,1.0,16.0,1.0,0,49.0,0.0,40.0,1,1,0
989,77.0,5.0,19.0,1.0,0,49.0,0.0,40.0,1,0,0
990,75.0,3.0,19.0,1.0,1,49.0,1.0,40.0,1,1,1
991,31.0,2.0,23.0,1.0,0,49.0,0.0,40.0,1,1,0
992,83.0,6.0,21.0,1.0,5,49.0,1.0,40.0,1,1,1
993,92.0,1.0,16.0,1.0,1,49.0,0.0,40.0,1,1,0
994,60.0,2.0,19.0,1.0,1,49.0,0.0,40.0,1,1,1
995,31.0,3.0,21.0,1.0,2,49.0,1.0,30.0,1,1,1
996,92.0,2.0,24.0,1.0,0,49.0,10.0,40.0,1,0,1
997,43.0,7.0,19.0,1.0,2,49.0,0.0,40.0,1,1,1
998,75.0,2.0,16.0,1.0,1,49.0,1.0,40.0,1,1,0
999,83.0,7.0,19.0,1.0,1,49.0,1.0,40.0,1,1,1
1000,31.0,2.0,16.0,1.0,0,49.0,0.0,40.0,1,1,1
1001,43.0,1.0,19.0,1.0,1,49.0,0.0,40.0,1,1,0
1002,83.0,3.0,19.0,1.0,1,49.0,0.0,30.0,1,1,1
1003,75.0,3.0,23.0,1.0,1,49.0,0.0,40.0,1,1,1
1004,31.0,1.0,16.0,1.0,1,49.0,0.0,40.0,1,1,1
1005,36.0,2.0,22.0,1.0,2,49.0,0.0,40.0,0,1,0
1006,83.0,3.0,16.0,1.0,1,49.0,1.0,40.0,1,1,0
1007,75.0,7.0,19.0,1.0,1,49.0,1.0,40.0,1,1,0
1008,31.0,2.0,21.0,1.0,0,49.0,0.0,40.0,1,1,0
1009,31.0,2.0,21.0,1.0,1,49.0,0.0,40.0,1,0,0
1010,83.0,2.0,16.0,1.0,0,49.0,1.0,40.0,1,1,1
1011,83.0,2.0,16.0,1.0,0,49.0,0.0,40.0,1,1,0
1012,83.0,3.0,21.0,1.0,1,49.0,0.0,40.0,1,1,0
1013,83.0,7.0,21.0,1.0,4,49.0,1.0,40.0,0,1,0
1014,37.0,7.0,19.0,1.0,1,49.0,0.0,40.0,1,1,0
1015,31.0,5.0,21.0,5.0,1,49.0,1.0,40.0,1,1,0
1016,31.0,5.0,16.0,5.0,2,49.0,1.0,40.0,1,0,1
1017,43.0,5.0,16.0,1.0,0,49.0,0.0,40.0,1,1,1
1018,75.0,3.0,21.0,1.0,1,49.0,1.0,40.0,1,1,0
1019,43.0,5.0,21.0,1.0,1,49.0,1.0,40.0,0,1,0
1020,83.0,3.0,19.0,1.0,1,49.0,0.0,40.0,1,1,0
1021,86.0,1.0,19.0,1.0,0,49.0,0.0,40.0,0,1,0
1022,19.0,2.0,21.0,1.0,1,49.0,0.0,40.0,1,1,0
1023,83.0,2.0,19.0,1.0,1,49.0,0.0,40.0,1,1,0
1024,31.0,5.0,24.0,1.0,1,49.0,0.0,40.0,1,0,0
1025,83.0,1.0,16.0,1.0,1,49.0,0.0,40.0,0,1,1
1026,60.0,1.0,16.0,1.0,1,49.0,0.0,40.0,1,1,1
1027,64.0,1.0,16.0,1.0,2,49.0,0.0,40.0,1,1,1
1028,60.0,2.0,16.0,1.0,1,49.0,1.0,40.0,1,1,1
1029,83.0,1.0,21.0,1.0,1,49.0,0.0,40.0,0,1,1
1030,32.0,1.0,16.0,1.0,0,49.0,0.0,40.0,0,1,1
1031,17.0,7.0,21.0,1.0,1,49.0,1.0,40.0,1,0,1
1032,34.0,3.0,21.0,1.0,1,49.0,0.0,40.0,1,1,1
1033,83.0,3.0,21.0,1.0,1,49.0,0.0,40.0,0,1,1
1034,83.0,2.0,21.0,1.0,1,49.0,0.0,40.0,1,0,1
1035,31.0,5.0,19.0,1.0,1,49.0,0.0,40.0,1,1,1
1036,32.0,1.0,16.0,1.0,2,49.0,1.0,40.0,1,0,1
1037,83.0,5.0,16.0,1.0,1,49.0,0.0,40.0,1,1,1
1038,75.0,3.0,16.0,1.0,1,49.0,0.0,40.0,1,1,0
1039,43.0,8.0,21.0,1.0,1,49.0,0.0,40.0,1,1,0
1040,43.0,3.0,16.0,1.0,0,49.0,1.0,40.0,0,1,0
1041,43.0,5.0,16.0,1.0,1,49.0,0.0,40.0,1,1,1
1042,36.0,1.0,16.0,1.0,1,49.0,0.0,40.0,1,1,1
1043,69.0,6.0,24.0,1.0,1,49.0,0.0,40.0,0,1,1
1044,43.0,7.0,16.0,1.0,1,49.0,0.0,40.0,1,1,1
1045,32.0,5.0,19.0,1.0,1,49.0,0.0,40.0,0,1,1
1046,17.0,1.0,16.0,1.0,1,49.0,0.0,40.0,1,1,1
1047,75.0,4.0,19.0,1.0,1,49.0,0.0,66.0,0,1,0
1048,75.0,2.0,19.0,1.0,1,49.0,0.0,40.0,1,1,1
1049,75.0,2.0,16.0,1.0,1,49.0,0.0,40.0,1,0,1
1050,19.0,2.0,16.0,1.0,0,49.0,1.0,40.0,0,1,1
1051,83.0,7.0,21.0,1.0,1,49.0,0.0,40.0,1,1,1
1052,83.0,2.0,16.0,1.0,1,49.0,2.0,40.0,1,1,0
1053,36.0,2.0,17.0,1.0,3,49.0,1.0,40.0,1,1,1
1054,43.0,7.0,16.0,1.0,-1,49.0,0.0,40.0,1,1,0
1055,75.0,1.0,16.0,1.0,1,49.0,0.0,40.0,1,1,1
1056,83.0,1.0,16.0,1.0,0,49.0,0.0,40.0,1,1,0
1057,31.0,1.0,16.0,1.0,1,49.0,0.0,40.0,1,1,1
1058,75.0,2.0,19.0,1.0,1,49.0,0.0,40.0,1,1,0
1059,37.0,3.0,16.0,1.0,1,49.0,1.0,40.0,1,1,1
1060,83.0,2.0,21.0,1.0,1,49.0,0.0,40.0,1,1,1
1061,86.0,7.0,16.0,3.0,1,49.0,0.0,40.0,1,1,1
1062,33.0,5.0,19.0,1.0,1,49.0,0.0,40.0,1,0,1
1063,19.0,2.0,21.0,1.0,1,49.0,0.0,40.0,1,1,1
1064,64.0,1.0,22.0,1.0,1,49.0,0.0,40.0,1,1,1
1065,31.0,1.0,21.0,1.0,1,49.0,1.0,40.0,0,1,0
1066,64.0,7.0,16.0,1.0,1,49.0,0.0,40.0,1,1,1
1067,36.0,1.0,16.0,1.0,1,49.0,1.0,40.0,0,0,1
1068,19.0,5.0,21.0,1.0,1,49.0,1.0,40.0,1,1,1
1069,19.0,7.0,16.0,1.0,0,49.0,0.0,40.0,1,1,1
1070,75.0,5.0,19.0,1.0,1,49.0,0.0,30.0,0,1,1
1071,83.0,2.0,21.0,5.0,1,49.0,1.0,40.0,1,1,1
1072,75.0,7.0,21.0,1.0,-1,49.0,0.0,40.0,1,1,1
1073,49.0,2.0,19.0,1.0,1,49.0,0.0,40.0,1,1,1
1074,87.0,7.0,16.0,3.0,0,49.0,0.0,40.0,1,1,0
1075,64.0,1.0,19.0,1.0,1,49.0,1.0,40.0,1,1,1
1076,36.0,8.0,16.0,1.0,1,49.0,0.0,40.0,1,1,0
1077,43.0,5.0,16.0,1.0,0,49.0,0.0,40.0,1,1,1
1078,83.0,2.0,21.0,1.0,1,49.0,1.0,40.0,1,0,1
1079,19.0,3.0,24.0,1.0,1,49.0,0.0,40.0,0,1,0
1080,31.0,2.0,16.0,1.0,1,49.0,0.0,40.0,1,1,1
1081,83.0,1.0,16.0,1.0,1,49.0,0.0,40.0,0,0,0
1082,75.0,1.0,16.0,1.0,0,49.0,0.0,40.0,1,0,1
1083,74.0,7.0,19.0,1.0,1,49.0,0.0,40.0,1,0,1
1084,31.0,2.0,19.0,1.0,0,49.0,0.0,40.0,1,0,0
1085,17.0,3.0,21.0,1.0,1,49.0,0.0,40.0,0,1,0
1086,83.0,3.0,16.0,1.0,1,49.0,1.0,40.0,1,1,1
1087,83.0,3.0,21.0,1.0,0,49.0,1.0,40.0,1,1,1
1088,92.0,5.0,19.0,1.0,1,49.0,0.0,90.0,1,1,0
1089,83.0,1.0,19.0,1.0,1,49.0,0.0,40.0,1,1,1
1090,83.0,7.0,16.0,1.0,1,49.0,0.0,40.0,1,0,0
1091,64.0,3.0,16.0,1.0,-1,49.0,0.0,40.0,1,1,0
1092,86.0,7.0,16.0,1.0,4,49.0,0.0,40.0,1,1,1
1093,31.0,5.0,19.0,1.0,1,49.0,0.0,40.0,1,1,0
1094,43.0,2.0,16.0,1.0,2,49.0,1.0,40.0,1,1,0
1095,40.0,3.0,19.0,1.0,1,49.0,0.0,40.0,1,1,1
1096,83.0,7.0,16.0,1.0,1,49.0,0.0,40.0,0,1,1
1097,43.0,5.0,21.0,1.0,1,49.0,10.0,40.0,1,1,1
1098,75.0,2.0,16.0,1.0,0,49.0,0.0,40.0,1,1,1
1099,75.0,2.0,19.0,1.0,1,49.0,0.0,40.0,1,1,1
1100,27.0,3.0,16.0,1.0,1,49.0,1.0,40.0,0,1,1
1101,60.0,7.0,19.0,1.0,2,49.0,0.0,40.0,1,0,0
1102,17.0,2.0,16.0,1.0,1,49.0,1.0,40.0,1,1,1
1103,36.0,3.0,24.0,1.0,1,49.0,0.0,30.0,1,1,1
1104,75.0,7.0,19.0,1.0,4,49.0,1.0,40.0,1,1,0
1105,43.0,7.0,19.0,1.0,1,49.0,0.0,40.0,1,1,0
1106,86.0,1.0,23.0,1.0,1,49.0,12.0,40.0,1,1,0
1107,75.0,3.0,21.0,5.0,1,49.0,0.0,40.0,1,1,1
1108,17.0,3.0,19.0,1.0,1,49.0,0.0,40.0,1,1,0
1109,60.0,7.0,21.0,1.0,1,49.0,0.0,40.0,1,1,1
1110,83.0,3.0,19.0,1.0,1,49.0,0.0,40.0,1,0,0
1111,43.0,2.0,16.0,1.0,1,49.0,0.0,40.0,1,1,1
1112,31.0,7.0,16.0,1.0,1,49.0,1.0,40.0,1,0,1
1113,83.0,5.0,19.0,1.0,1,49.0,0.0,40.0,1,1,1
1114,36.0,5.0,16.0,1.0,1,49.0,0.0,40.0,1,1,0
1115,86.0,2.0,19.0,1.0,0,49.0,1.0,40.0,0,1,1
1116,69.0,5.0,19.0,1.0,0,49.0,1.0,40.0,1,1,0
1117,81.0,5.0,19.0,1.0,1,148.0,0.0,40.0,1,1,1
1118,75.0,2.0,16.0,1.0,1,49.0,0.0,40.0,1,0,1
1119,92.0,3.0,19.0,1.0,1,49.0,0.0,40.0,0,1,0
1120,31.0,4.0,16.0,1.0,1,49.0,0.0,40.0,1,1,1
1121,83.0,5.0,19.0,3.0,1,49.0,0.0,40.0,1,1,1
1122,31.0,2.0,16.0,1.0,1,49.0,0.0,40.0,0,1,1
1123,83.0,1.0,16.0,1.0,1,49.0,1.0,40.0,1,1,0
1124,19.0,7.0,16.0,1.0,3,49.0,0.0,40.0,1,1,0
1125,32.0,3.0,19.0,1.0,0,49.0,0.0,40.0,0,1,0
1126,75.0,3.0,16.0,1.0,-1,49.0,0.0,40.0,1,0,1
1127,43.0,5.0,19.0,1.0,1,49.0,0.0,40.0,1,1,1
1128,86.0,2.0,16.0,1.0,2,49.0,0.0,40.0,1,1,1
1129,83.0,7.0,16.0,1.0,5,49.0,0.0,40.0,1,1,1
1130,75.0,5.0,16.0,1.0,0,49.0,0.0,40.0,1,1,1
1131,69.0,3.0,16.0,1.0,2,49.0,0.0,40.0,0,1,1
1132,34.0,2.0,22.0,3.0,1,49.0,0.0,40.0,1,1,1
1133,43.0,2.0,16.0,1.0,1,49.0,0.0,40.0,1,1,1
1134,92.0,5.0,19.0,1.0,1,49.0,0.0,40.0,1,1,1
1135,83.0,1.0,16.0,1.0,0,49.0,1.0,40.0,1,1,1
1136,31.0,7.0,16.0,1.0,0,49.0,0.0,40.0,1,1,1
1137,83.0,1.0,16.0,1.0,1,49.0,0.0,40.0,1,1,1
1138,92.0,5.0,16.0,1.0,1,49.0,0.0,40.0,0,1,1
1139,75.0,5.0,16.0,1.0,1,49.0,0.0,40.0,1,1,1
1140,75.0,5.0,19.0,1.0,-1,49.0,0.0,40.0,1,1,0
1141,75.0,1.0,21.0,1.0,1,49.0,0.0,40.0,1,1,1
1142,43.0,2.0,16.0,1.0,1,49.0,0.0,40.0,1,1,0
1143,43.0,1.0,21.0,1.0,1,49.0,0.0,40.0,1,1,0
1144,36.0,1.0,16.0,4.0,1,49.0,0.0,40.0,1,1,0
1145,43.0,1.0,19.0,5.0,1,49.0,0.0,40.0,1,0,0
1146,86.0,2.0,21.0,1.0,1,49.0,0.0,40.0,0,1,0
1147,43.0,2.0,16.0,1.0,0,49.0,0.0,40.0,1,1,1
1148,83.0,1.0,20.0,5.0,1,49.0,0.0,40.0,1,1,0
1149,60.0,2.0,19.0,1.0,1,49.0,1.0,40.0,1,1,1
1150,43.0,3.0,19.0,1.0,1,49.0,0.0,40.0,1,1,1
1151,43.0,4.0,16.0,1.0,5,49.0,0.0,40.0,1,0,1
1152,43.0,3.0,16.0,1.0,0,49.0,0.0,40.0,1,1,0
1153,31.0,5.0,16.0,5.0,1,49.0,0.0,40.0,1,1,1
1154,31.0,7.0,16.0,1.0,1,49.0,0.0,40.0,1,1,0
1155,92.0,3.0,19.0,1.0,1,49.0,0.0,40.0,1,0,1
1156,83.0,2.0,16.0,1.0,1,49.0,0.0,40.0,1,1,0
1157,43.0,7.0,11.0,1.0,1,49.0,0.0,40.0,1,1,1
1158,75.0,7.0,16.0,1.0,0,49.0,1.0,40.0,1,1,1
1159,83.0,2.0,16.0,1.0,1,49.0,0.0,40.0,1,1,0
1160,92.0,1.0,16.0,1.0,1,49.0,0.0,40.0,1,1,0
1161,83.0,7.0,16.0,1.0,0,49.0,0.0,40.0,1,1,1
1162,31.0,7.0,16.0,1.0,2,49.0,0.0,40.0,1,1,1
1163,32.0,2.0,19.0,1.0,1,49.0,0.0,40.0,1,1,1
1164,86.0,7.0,19.0,5.0,-1,49.0,0.0,40.0,1,1,1
1165,60.0,5.0,16.0,1.0,1,49.0,0.0,40.0,1,1,0
1166,83.0,2.0,16.0,1.0,1,49.0,16.0,40.0,1,1,0
1167,43.0,4.0,21.0,1.0,1,49.0,0.0,40.0,0,1,0
1168,83.0,1.0,19.0,1.0,3,49.0,1.0,40.0,1,1,0
1169,64.0,5.0,16.0,1.0,1,49.0,0.0,40.0,1,1,1
1170,31.0,3.0,19.0,1.0,1,49.0,0.0,40.0,1,0,1
1171,74.0,5.0,19.0,1.0,1,49.0,1.0,40.0,0,1,0
1172,60.0,2.0,24.0,1.0,0,49.0,0.0,40.0,1,1,1
1173,19.0,3.0,19.0,1.0,1,49.0,0.0,40.0,1,1,1
1174,43.0,2.0,22.0,1.0,1,49.0,0.0,40.0,1,1,1
1175,83.0,2.0,16.0,1.0,0,49.0,0.0,40.0,0,0,1
1176,75.0,3.0,16.0,1.0,0,49.0,1.0,40.0,1,0,1
1177,17.0,2.0,19.0,1.0,0,49.0,0.0,40.0,1,1,1
1178,60.0,1.0,16.0,1.0,1,49.0,0.0,40.0,1,1,1
1179,60.0,3.0,19.0,1.0,1,49.0,0.0,40.0,0,1,1
1180,31.0,2.0,16.0,1.0,1,49.0,0.0,40.0,0,0,1
1181,83.0,1.0,16.0,1.0,1,49.0,0.0,40.0,1,1,0
1182,43.0,5.0,19.0,1.0,1,49.0,0.0,40.0,0,0,1
1183,60.0,2.0,16.0,1.0,1,49.0,0.0,40.0,1,1,1
1184,31.0,3.0,19.0,1.0,1,49.0,0.0,40.0,1,0,0
1185,34.0,3.0,21.0,1.0,2,49.0,0.0,40.0,1,1,1
1186,31.0,1.0,19.0,1.0,1,49.0,0.0,66.0,1,1,1
1187,83.0,3.0,21.0,1.0,1,238.0,0.0,40.0,1,1,1
1188,86.0,2.0,16.0,1.0,1,49.0,0.0,40.0,1,1,1
1189,75.0,7.0,19.0,1.0,0,49.0,0.0,40.0,0,1,1
1190,75.0,7.0,16.0,1.0,1,49.0,0.0,40.0,1,0,0
1191,43.0,5.0,16.0,1.0,1,109.0,0.0,40.0,1,1,1
1192,83.0,1.0,16.0,1.0,1,49.0,0.0,40.0,1,1,1
1193,75.0,2.0,19.0,1.0,2,49.0,0.0,40.0,1,1,1
1194,17.0,2.0,21.0,1.0,1,49.0,0.0,40.0,1,1,1
1195,83.0,2.0,16.0,1.0,1,49.0,0.0,40.0,1,1,0
1196,69.0,3.0,19.0,1.0,2,49.0,0.0,40.0,1,1,0
1197,43.0,1.0,21.0,1.0,0,49.0,0.0,40.0,1,1,0
1198,83.0,2.0,19.0,1.0,0,49.0,0.0,30.0,0,1,0
1199,69.0,1.0,19.0,5.0,5,49.0,0.0,40.0,1,1,0
1200,86.0,1.0,19.0,1.0,1,49.0,0.0,40.0,1,0,1
1201,31.0,2.0,16.0,1.0,1,49.0,0.0,40.0,1,1,1
1202,37.0,2.0,16.0,1.0,1,49.0,0.0,40.0,0,1,1
1203,86.0,1.0,7.0,1.0,1,49.0,0.0,40.0,1,1,0
1204,83.0,3.0,19.0,1.0,0,49.0,0.0,40.0,1,1,1
1205,36.0,1.0,16.0,1.0,4,49.0,0.0,65.0,1,1,1
1206,36.0,7.0,16.0,1.0,1,49.0,0.0,40.0,1,1,1
1207,31.0,4.0,16.0,1.0,1,49.0,0.0,40.0,1,1,0
1208,83.0,2.0,16.0,1.0,1,49.0,0.0,40.0,1,1,1
1209,64.0,2.0,16.0,1.0,1,49.0,0.0,36.0,1,1,1
1210,19.0,1.0,16.0,1.0,1,49.0,0.0,40.0,1,1,1
1211,34.0,2.0,12.0,1.0,1,49.0,0.0,40.0,1,1,0
1212,60.0,2.0,19.0,1.0,1,49.0,0.0,40.0,1,1,1
1213,83.0,5.0,16.0,1.0,1,49.0,0.0,40.0,0,1,0
1214,64.0,2.0,16.0,1.0,5,49.0,0.0,40.0,1,1,1
1215,75.0,2.0,16.0,1.0,1,49.0,0.0,40.0,1,1,1
1216,19.0,2.0,21.0,1.0,1,49.0,1.0,40.0,0,1,1
1217,31.0,1.0,19.0,1.0,1,49.0,1.0,40.0,1,1,1
1218,92.0,2.0,16.0,1.0,1,49.0,0.0,40.0,1,1,1
1219,83.0,2.0,16.0,1.0,1,49.0,0.0,40.0,1,1,1
1220,75.0,5.0,16.0,1.0,1,49.0,0.0,40.0,1,1,0
1221,31.0,1.0,19.0,1.0,1,49.0,1.0,40.0,1,1,1
1222,86.0,3.0,19.0,1.0,-1,442.0,0.0,40.0,1,0,1
1223,31.0,7.0,16.0,1.0,0,49.0,0.0,40.0,1,1,1
1224,83.0,1.0,19.0,1.0,1,49.0,1.0,40.0,1,1,1
1225,75.0,5.0,19.0,1.0,0,49.0,0.0,40.0,1,1,1
1226,31.0,5.0,16.0,1.0,1,49.0,0.0,40.0,1,0,1
1227,31.0,3.0,19.0,1.0,0,49.0,0.0,40.0,0,1,1
1228,86.0,2.0,16.0,1.0,4,49.0,0.0,40.0,1,1,0
1229,83.0,2.0,16.0,1.0,1,49.0,0.0,40.0,1,1,0
1230,17.0,1.0,19.0,1.0,1,49.0,0.0,40.0,1,1,1
1231,83.0,3.0,16.0,1.0,1,49.0,0.0,40.0,1,1,0
1232,69.0,2.0,19.0,1.0,1,49.0,0.0,40.0,0,1,0
1233,19.0,1.0,19.0,1.0,1,49.0,0.0,40.0,1,1,1
1234,75.0,2.0,19.0,1.0,1,49.0,1.0,40.0,1,1,1
1235,83.0,2.0,16.0,1.0,4,49.0,0.0,40.0,1,1,1
1236,75.0,1.0,16.0,1.0,0,49.0,0.0,40.0,1,1,1
1237,75.0,1.0,19.0,1.0,0,49.0,0.0,40.0,0,1,0
1238,31.0,2.0,17.0,1.0,1,49.0,1.0,40.0,0,1,1
1239,83.0,7.0,21.0,1.0,1,49.0,0.0,32.0,1,1,1
1240,19.0,3.0,16.0,1.0,1,49.0,0.0,40.0,1,1,0
1241,31.0,1.0,16.0,1.0,1,49.0,0.0,40.0,1,1,0
1242,83.0,2.0,16.0,1.0,5,49.0,0.0,40.0,1,1,1
1243,31.0,3.0,16.0,1.0,1,49.0,1.0,40.0,1,1,1
1244,31.0,2.0,21.0,1.0,0,49.0,0.0,40.0,1,1,0
1245,43.0,3.0,16.0,1.0,0,49.0,0.0,40.0,1,1,0
1246,64.0,2.0,16.0,1.0,1,49.0,0.0,40.0,1,0,0
1247,31.0,5.0,19.0,1.0,1,49.0,2.0,40.0,1,1,1
1248,83.0,6.0,16.0,1.0,1,49.0,1.0,40.0,1,1,0
1249,86.0,2.0,19.0,1.0,1,49.0,0.0,40.0,0,1,1
1250,86.0,3.0,16.0,1.0,1,49.0,0.0,40.0,0,1,0
1251,19.0,5.0,21.0,1.0,1,49.0,0.0,40.0,1,1,1
1252,43.0,2.0,16.0,1.0,1,49.0,1.0,40.0,1,0,1
1253,75.0,4.0,16.0,1.0,1,49.0,0.0,40.0,1,1,1
1254,83.0,1.0,19.0,1.0,0,49.0,0.0,40.0,1,1,1
1255,83.0,3.0,16.0,1.0,1,49.0,0.0,40.0,1,1,1
1256,31.0,3.0,21.0,1.0,0,49.0,5.0,40.0,1,1,0
1257,31.0,2.0,14.0,1.0,1,49.0,0.0,40.0,1,1,0
1258,92.0,2.0,16.0,1.0,1,49.0,0.0,40.0,1,1,1
1259,31.0,5.0,19.0,1.0,0,49.0,0.0,40.0,1,1,1
1260,43.0,1.0,19.0,1.0,1,49.0,0.0,40.0,0,1,0
1261,19.0,3.0,16.0,1.0,0,49.0,1.0,40.0,1,0,0
1262,92.0,2.0,21.0,1.0,1,49.0,0.0,40.0,1,1,0
1263,75.0,2.0,16.0,1.0,1,49.0,0.0,40.0,1,1,0
1264,19.0,1.0,19.0,5.0,1,49.0,0.0,40.0,1,1,1
1265,31.0,2.0,21.0,1.0,4,49.0,0.0,40.0,1,1,1
1266,83.0,3.0,19.0,1.0,1,49.0,0.0,40.0,1,1,1
1267,75.0,7.0,19.0,1.0,1,49.0,0.0,91.0,1,1,0
1268,43.0,1.0,16.0,1.0,1,49.0,1.0,40.0,1,1,1
1269,31.0,3.0,16.0,1.0,1,49.0,1.0,40.0,1,1,0
1270,19.0,5.0,4.0,1.0,1,49.0,0.0,40.0,0,1,0
1271,43.0,2.0,16.0,1.0,1,49.0,0.0,40.0,1,1,1
1272,60.0,7.0,24.0,1.0,1,49.0,0.0,40.0,1,1,1
1273,64.0,2.0,16.0,1.0,2,49.0,0.0,40.0,1,1,1
1274,31.0,2.0,16.0,1.0,1,49.0,0.0,40.0,1,1,0
1275,36.0,1.0,19.0,1.0,1,49.0,0.0,40.0,1,1,0
1276,75.0,3.0,16.0,1.0,0,49.0,1.0,40.0,1,1,0
1277,32.0,5.0,19.0,1.0,1,49.0,0.0,40.0,1,1,0
1278,43.0,2.0,16.0,1.0,1,49.0,0.0,40.0,1,1,1
1279,64.0,4.0,16.0,1.0,1,49.0,0.0,40.0,0,1,0
1280,56.0,3.0,19.0,1.0,1,49.0,0.0,40.0,0,1,1
1281,92.0,1.0,16.0,1.0,-1,49.0,0.0,40.0,1,1,1
1282,83.0,2.0,19.0,1.0,0,49.0,0.0,40.0,1,1,1
1283,83.0,7.0,16.0,1.0,1,49.0,0.0,40.0,1,0,1
1284,43.0,3.0,16.0,1.0,1,49.0,0.0,40.0,1,1,1
1285,31.0,3.0,19.0,1.0,0,49.0,0.0,40.0,0,1,1
1286,32.0,2.0,16.0,1.0,1,49.0,0.0,40.0,1,1,1
1287,36.0,2.0,16.0,1.0,1,49.0,0.0,40.0,1,1,1
1288,83.0,4.0,21.0,1.0,1,49.0,0.0,40.0,1,1,1
1289,75.0,2.0,21.0,1.0,0,49.0,0.0,40.0,1,1,1
1290,19.0,7.0,21.0,1.0,0,49.0,0.0,40.0,1,1,0
1291,31.0,1.0,21.0,1.0,2,49.0,1.0,40.0,1,1,1
1292,86.0,3.0,16.0,1.0,1,49.0,0.0,40.0,0,1,1
1293,17.0,7.0,19.0,1.0,1,49.0,0.0,40.0,1,1,1
1294,31.0,7.0,16.0,5.0,1,109.0,0.0,40.0,0,0,1
1295,31.0,7.0,16.0,1.0,1,49.0,0.0,40.0,1,0,0
1296,75.0,2.0,19.0,1.0,1,49.0,0.0,40.0,0,1,0
1297,83.0,2.0,16.0,1.0,5,49.0,0.0,40.0,1,1,1
1298,83.0,1.0,6.0,1.0,1,49.0,0.0,40.0,1,1,1
1299,83.0,5.0,21.0,1.0,1,49.0,0.0,40.0,1,1,1
1300,19.0,5.0,16.0,1.0,1,49.0,0.0,40.0,1,1,1
1301,83.0,5.0,16.0,1.0,1,49.0,1.0,40.0,0,1,1
1302,60.0,3.0,19.0,1.0,1,49.0,0.0,40.0,1,1,1
1303,83.0,3.0,16.0,5.0,1,49.0,0.0,40.0,1,1,0
1304,75.0,7.0,16.0,1.0,1,49.0,1.0,40.0,1,1,0
1305,75.0,2.0,16.0,1.0,1,49.0,1.0,40.0,1,1,1
1306,65.0,7.0,16.0,1.0,4,49.0,0.0,40.0,1,1,1
1307,31.0,7.0,21.0,1.0,2,49.0,0.0,40.0,1,1,1
1308,19.0,2.0,16.0,1.0,0,49.0,0.0,40.0,1,1,1
1309,17.0,1.0,21.0,1.0,0,49.0,0.0,40.0,1,1,0
1310,86.0,2.0,19.0,1.0,1,49.0,0.0,40.0,1,1,0
1311,17.0,5.0,19.0,1.0,1,49.0,0.0,40.0,1,0,0
1312,75.0,1.0,21.0,1.0,5,49.0,0.0,40.0,1,1,0
1313,83.0,1.0,16.0,1.0,1,49.0,1.0,40.0,1,1,1
1314,83.0,2.0,16.0,1.0,0,49.0,0.0,40.0,1,1,1
1315,22.0,3.0,16.0,5.0,0,49.0,0.0,40.0,1,1,1
1316,64.0,5.0,19.0,1.0,1,49.0,0.0,40.0,1,1,1
1317,75.0,2.0,16.0,1.0,1,49.0,0.0,40.0,1,1,1
1318,92.0,7.0,19.0,1.0,1,49.0,0.0,40.0,1,1,1
1319,83.0,5.0,19.0,1.0,1,49.0,1.0,40.0,1,1,1
1320,83.0,3.0,19.0,1.0,1,49.0,0.0,40.0,1,1,1
1321,75.0,2.0,16.0,1.0,1,49.0,0.0,40.0,0,0,1
1322,43.0,3.0,16.0,1.0,1,49.0,0.0,40.0,0,1,1
1323,83.0,7.0,16.0,1.0,0,49.0,0.0,40.0,0,0,0
1324,43.0,5.0,21.0,1.0,-1,49.0,1.0,40.0,1,1,1
1325,83.0,1.0,22.0,1.0,0,49.0,0.0,40.0,1,0,0
1326,31.0,1.0,23.0,1.0,1,49.0,0.0,40.0,1,1,1
1327,60.0,5.0,21.0,1.0,1,49.0,0.0,40.0,1,1,1
1328,31.0,1.0,16.0,1.0,1,49.0,0.0,40.0,1,1,1
1329,19.0,1.0,16.0,5.0,2,49.0,1.0,40.0,1,1,1
1330,43.0,3.0,22.0,1.0,0,49.0,0.0,40.0,1,1,1
1331,31.0,2.0,16.0,1.0,1,49.0,0.0,40.0,1,1,0
1332,75.0,1.0,16.0,1.0,1,139.0,0.0,40.0,1,1,1
1333,19.0,3.0,21.0,1.0,1,49.0,0.0,40.0,1,1,1
1334,17.0,2.0,19.0,1.0,1,49.0,0.0,40.0,1,1,1
1335,43.0,2.0,16.0,1.0,2,49.0,1.0,40.0,1,1,1
1336,83.0,2.0,16.0,1.0,3,49.0,0.0,14.0,0,1,0
1337,83.0,2.0,21.0,1.0,2,49.0,0.0,40.0,0,1,1
1338,69.0,1.0,19.0,1.0,1,49.0,0.0,40.0,0,1,1
1339,43.0,1.0,21.0,1.0,1,49.0,1.0,40.0,1,1,1
1340,40.0,3.0,16.0,1.0,1,49.0,0.0,40.0,1,1,1
1341,83.0,8.0,19.0,1.0,1,49.0,1.0,14.0,1,1,0
1342,31.0,7.0,16.0,1.0,1,49.0,0.0,40.0,1,1,0
1343,32.0,1.0,19.0,1.0,2,49.0,0.0,40.0,1,1,1
1344,86.0,7.0,16.0,1.0,2,49.0,0.0,40.0,1,1,1
1345,59.0,1.0,16.0,1.0,2,49.0,0.0,40.0,1,1,0
1346,75.0,8.0,22.0,1.0,1,49.0,0.0,40.0,1,1,0
1347,60.0,5.0,16.0,1.0,1,49.0,0.0,40.0,0,1,1
1348,43.0,2.0,16.0,1.0,2,49.0,0.0,40.0,1,1,1
1349,74.0,3.0,19.0,1.0,1,49.0,0.0,40.0,1,1,1
1350,43.0,5.0,19.0,1.0,0,49.0,0.0,40.0,1,1,1
1351,92.0,3.0,19.0,1.0,1,49.0,0.0,40.0,0,1,1
1352,60.0,1.0,22.0,1.0,1,49.0,0.0,40.0,1,1,1
1353,75.0,5.0,16.0,1.0,2,49.0,0.0,40.0,1,1,0
1354,32.0,3.0,16.0,1.0,1,49.0,0.0,40.0,0,1,1
1355,19.0,2.0,21.0,1.0,-1,49.0,0.0,40.0,0,1,0
1356,83.0,3.0,16.0,1.0,1,49.0,0.0,40.0,0,1,1
1357,92.0,1.0,19.0,1.0,1,49.0,0.0,40.0,1,1,1
1358,92.0,3.0,19.0,1.0,1,49.0,1.0,40.0,1,1,0
1359,31.0,3.0,19.0,1.0,0,49.0,0.0,40.0,1,1,1
1360,86.0,3.0,16.0,1.0,1,49.0,0.0,40.0,0,0,1
1361,92.0,1.0,16.0,1.0,0,49.0,0.0,40.0,1,1,1
1362,86.0,2.0,16.0,1.0,0,49.0,0.0,40.0,1,1,0
1363,83.0,2.0,19.0,1.0,0,49.0,0.0,40.0,1,1,1
1364,17.0,5.0,19.0,1.0,1,49.0,0.0,40.0,1,1,0
1365,19.0,1.0,13.0,1.0,1,49.0,0.0,40.0,1,1,0
1366,75.0,1.0,16.0,1.0,1,49.0,0.0,40.0,1,1,1
1367,31.0,2.0,21.0,1.0,1,49.0,0.0,40.0,1,1,1
1368,83.0,7.0,22.0,1.0,1,49.0,0.0,40.0,1,1,1
1369,23.0,3.0,19.0,1.0,1,49.0,0.0,40.0,1,0,1
1370,43.0,2.0,16.0,1.0,1,49.0,1.0,40.0,1,1,1
1371,75.0,3.0,19.0,1.0,1,49.0,0.0,40.0,1,0,0
1372,83.0,2.0,16.0,1.0,1,49.0,0.0,40.0,1,1,0
1373,17.0,5.0,16.0,1.0,2,49.0,0.0,40.0,1,1,0
1374,83.0,3.0,16.0,1.0,1,49.0,0.0,40.0,1,1,1
1375,83.0,1.0,16.0,1.0,1,49.0,0.0,40.0,1,1,1
1376,32.0,3.0,19.0,5.0,1,49.0,0.0,40.0,1,0,1
1377,36.0,5.0,16.0,1.0,1,49.0,0.0,40.0,0,1,0
1378,19.0,5.0,16.0,1.0,0,49.0,1.0,40.0,1,1,0
1379,19.0,2.0,19.0,1.0,0,49.0,0.0,40.0,1,1,0
1380,31.0,1.0,19.0,1.0,0,49.0,1.0,40.0,0,1,1
1381,83.0,1.0,12.0,3.0,2,49.0,0.0,40.0,1,1,0
1382,43.0,2.0,16.0,1.0,1,49.0,0.0,40.0,0,1,1
1383,71.0,1.0,16.0,1.0,1,49.0,0.0,40.0,1,1,0
1384,40.0,1.0,16.0,1.0,0,49.0,0.0,40.0,1,1,0
1385,83.0,1.0,19.0,1.0,0,49.0,1.0,40.0,0,1,0
1386,43.0,3.0,21.0,1.0,1,49.0,0.0,40.0,1,1,0
1387,75.0,3.0,21.0,1.0,1,49.0,0.0,40.0,1,0,1
1388,83.0,1.0,19.0,1.0,1,49.0,1.0,40.0,1,1,0
1389,83.0,2.0,19.0,1.0,2,49.0,0.0,40.0,1,1,0
1390,69.0,1.0,16.0,1.0,2,49.0,1.0,40.0,1,1,0
1391,17.0,2.0,19.0,4.0,1,49.0,0.0,40.0,1,1,1
1392,86.0,5.0,19.0,1.0,4,49.0,0.0,40.0,1,1,0
1393,83.0,7.0,19.0,1.0,1,49.0,0.0,40.0,1,1,1
1394,36.0,5.0,16.0,1.0,0,49.0,0.0,40.0,1,1,1
1395,69.0,1.0,21.0,1.0,1,49.0,0.0,40.0,1,1,1
1396,17.0,1.0,16.0,1.0,1,49.0,0.0,40.0,1,1,1
1397,64.0,2.0,16.0,1.0,1,436.0,1.0,40.0,1,1,1
1398,43.0,2.0,19.0,1.0,1,49.0,0.0,40.0,0,1,1
1399,31.0,7.0,19.0,1.0,1,49.0,0.0,40.0,1,1,1
1400,19.0,1.0,16.0,1.0,1,49.0,0.0,40.0,1,1,0
1401,19.0,7.0,16.0,1.0,2,49.0,0.0,40.0,0,1,0
1402,31.0,2.0,16.0,1.0,1,49.0,0.0,40.0,1,1,0
1403,43.0,3.0,19.0,1.0,1,49.0,0.0,40.0,1,1,1
1404,43.0,7.0,16.0,1.0,1,49.0,0.0,40.0,1,1,1
1405,31.0,2.0,21.0,1.0,1,49.0,0.0,40.0,0,1,0
1406,31.0,5.0,21.0,1.0,1,49.0,0.0,40.0,1,1,0
1407,64.0,7.0,16.0,1.0,0,49.0,0.0,40.0,1,1,1
1408,83.0,3.0,16.0,1.0,1,49.0,0.0,40.0,1,1,1
1409,83.0,1.0,19.0,1.0,2,49.0,0.0,40.0,1,1,1
1410,83.0,1.0,16.0,5.0,1,49.0,0.0,40.0,0,1,1
1411,36.0,1.0,16.0,1.0,1,49.0,0.0,40.0,1,1,0
1412,86.0,2.0,19.0,1.0,1,49.0,0.0,60.0,1,1,1
1413,75.0,5.0,19.0,1.0,1,49.0,0.0,40.0,1,1,1
1414,83.0,7.0,16.0,1.0,1,49.0,0.0,23.0,1,1,0
1415,36.0,7.0,21.0,1.0,0,49.0,0.0,40.0,0,1,0
1416,19.0,2.0,16.0,1.0,1,49.0,1.0,40.0,1,1,1
1417,36.0,1.0,19.0,1.0,1,49.0,0.0,40.0,0,1,1
1418,43.0,1.0,19.0,1.0,0,49.0,1.0,40.0,1,1,1
1419,75.0,2.0,16.0,1.0,0,49.0,0.0,40.0,1,1,1
1420,92.0,2.0,17.0,1.0,1,49.0,0.0,40.0,1,1,1
1421,19.0,7.0,21.0,1.0,1,49.0,0.0,40.0,1,1,0
1422,75.0,1.0,19.0,1.0,1,49.0,0.0,40.0,0,1,1
1423,64.0,7.0,21.0,1.0,1,49.0,0.0,40.0,1,0,0
1424,31.0,1.0,19.0,1.0,2,49.0,0.0,40.0,1,1,1
1425,83.0,2.0,16.0,1.0,2,49.0,0.0,40.0,1,1,1
1426,43.0,2.0,19.0,1.0,1,49.0,0.0,40.0,1,1,1
1427,43.0,2.0,19.0,1.0,0,49.0,0.0,40.0,1,1,0
1428,43.0,7.0,16.0,1.0,2,49.0,0.0,40.0,1,1,1
1429,75.0,5.0,14.0,1.0,1,49.0,0.0,40.0,1,1,0
1430,49.0,2.0,16.0,1.0,1,49.0,0.0,40.0,1,1,1
1431,83.0,3.0,16.0,1.0,1,49.0,1.0,40.0,1,1,1
1432,83.0,3.0,16.0,1.0,0,49.0,0.0,40.0,1,0,0
1433,83.0,3.0,16.0,1.0,1,49.0,0.0,40.0,1,1,0
1434,69.0,1.0,21.0,1.0,1,49.0,0.0,40.0,0,1,0
1435,31.0,3.0,21.0,1.0,1,49.0,0.0,40.0,1,1,1
1436,19.0,1.0,19.0,1.0,2,49.0,0.0,40.0,0,1,1
1437,30.0,2.0,19.0,1.0,1,49.0,0.0,40.0,1,1,1
1438,31.0,1.0,19.0,1.0,0,49.0,0.0,40.0,1,1,0
1439,31.0,7.0,16.0,1.0,0,49.0,0.0,40.0,1,1,0
1440,75.0,7.0,16.0,1.0,2,49.0,0.0,40.0,1,1,0
1441,60.0,7.0,22.0,1.0,1,49.0,0.0,40.0,1,1,1
1442,83.0,1.0,16.0,1.0,1,49.0,1.0,40.0,0,1,1
1443,64.0,5.0,19.0,5.0,0,49.0,0.0,40.0,1,1,0
1444,31.0,1.0,21.0,1.0,0,49.0,0.0,40.0,1,1,0
1445,86.0,5.0,23.0,1.0,1,49.0,1.0,40.0,1,1,0
1446,83.0,3.0,16.0,1.0,1,49.0,0.0,40.0,1,1,0
1447,86.0,7.0,7.0,1.0,2,49.0,0.0,40.0,1,1,1
1448,60.0,2.0,19.0,1.0,1,49.0,0.0,40.0,1,1,1
1449,31.0,7.0,16.0,3.0,2,49.0,0.0,32.0,1,1,1
1450,31.0,2.0,16.0,1.0,0,49.0,0.0,40.0,1,0,1
1451,75.0,2.0,16.0,1.0,0,49.0,1.0,40.0,1,1,1
1452,83.0,1.0,19.0,1.0,5,49.0,0.0,40.0,1,1,1
1453,31.0,5.0,19.0,1.0,1,49.0,0.0,40.0,1,1,0
1454,83.0,2.0,16.0,1.0,1,49.0,0.0,40.0,0,1,0
1455,34.0,1.0,19.0,1.0,1,49.0,0.0,40.0,1,1,1
1456,32.0,1.0,16.0,1.0,1,49.0,0.0,40.0,1,1,0
1457,83.0,5.0,19.0,1.0,2,46.0,1.0,40.0,1,1,0
1458,83.0,7.0,16.0,1.0,0,49.0,0.0,40.0,1,1,1
1459,83.0,5.0,19.0,1.0,1,49.0,1.0,40.0,0,1,1
1460,64.0,2.0,19.0,1.0,1,49.0,1.0,40.0,1,1,0
1461,83.0,1.0,21.0,1.0,2,49.0,1.0,40.0,1,0,1
1462,34.0,2.0,19.0,1.0,1,49.0,0.0,40.0,1,1,1
1463,31.0,1.0,16.0,1.0,1,49.0,0.0,40.0,1,0,1
1464,19.0,2.0,16.0,1.0,1,49.0,0.0,40.0,1,1,1
1465,31.0,2.0,19.0,1.0,2,49.0,0.0,40.0,1,1,1
1466,86.0,3.0,5.0,1.0,1,49.0,1.0,40.0,1,0,0
1467,17.0,1.0,24.0,1.0,1,49.0,0.0,40.0,1,1,1
1468,86.0,5.0,19.0,1.0,-1,49.0,0.0,40.0,1,1,0
1469,17.0,2.0,21.0,1.0,1,49.0,1.0,40.0,1,1,0
1470,31.0,2.0,23.0,1.0,-1,49.0,0.0,40.0,1,0,1
1471,60.0,2.0,16.0,1.0,2,49.0,0.0,40.0,1,1,1
1472,83.0,2.0,19.0,1.0,1,49.0,0.0,40.0,1,1,1
1473,75.0,2.0,16.0,1.0,1,49.0,0.0,40.0,1,1,1
1474,43.0,3.0,16.0,1.0,1,49.0,0.0,40.0,1,0,0
1475,75.0,2.0,21.0,1.0,1,49.0,1.0,40.0,1,1,1
1476,40.0,2.0,16.0,1.0,1,49.0,0.0,40.0,1,1,1
1477,17.0,3.0,16.0,1.0,1,49.0,0.0,40.0,1,1,0
1478,43.0,1.0,21.0,1.0,0,49.0,0.0,40.0,1,1,0
1479,64.0,2.0,16.0,1.0,0,49.0,0.0,40.0,1,1,0
1480,60.0,2.0,21.0,1.0,1,49.0,0.0,40.0,1,1,0
1481,75.0,2.0,21.0,1.0,1,49.0,13.0,40.0,0,1,0
1482,75.0,2.0,16.0,5.0,1,49.0,0.0,40.0,1,1,0
1483,19.0,1.0,16.0,1.0,0,49.0,0.0,40.0,1,1,1
1484,38.0,1.0,19.0,1.0,1,49.0,0.0,40.0,0,1,0
1485,43.0,1.0,16.0,1.0,5,49.0,0.0,40.0,1,0,1
1486,83.0,7.0,19.0,1.0,1,49.0,0.0,40.0,0,1,1
1487,17.0,7.0,16.0,1.0,0,49.0,0.0,40.0,1,1,1
1488,31.0,7.0,19.0,1.0,1,49.0,1.0,40.0,1,0,1
1489,36.0,3.0,21.0,1.0,1,49.0,0.0,40.0,1,0,1
1490,64.0,3.0,8.0,1.0,1,49.0,1.0,40.0,0,1,0
1491,83.0,5.0,21.0,1.0,1,49.0,5.0,40.0,1,1,1
1492,75.0,3.0,17.0,1.0,1,2.0,0.0,40.0,0,1,0
1493,83.0,2.0,21.0,1.0,1,49.0,0.0,40.0,0,1,1
1494,43.0,1.0,16.0,1.0,1,49.0,0.0,40.0,1,1,0
1495,36.0,2.0,16.0,1.0,2,49.0,0.0,40.0,1,1,1
1496,86.0,3.0,16.0,1.0,0,49.0,0.0,40.0,1,1,1
1497,83.0,2.0,16.0,1.0,1,49.0,0.0,40.0,1,0,0
1498,17.0,2.0,19.0,1.0,1,49.0,1.0,40.0,1,1,1
1499,83.0,1.0,16.0,1.0,4,49.0,0.0,40.0,0,1,1
1500,83.0,3.0,16.0,1.0,1,49.0,0.0,40.0,1,1,0
1501,32.0,7.0,16.0,1.0,1,49.0,1.0,40.0,1,1,1
1502,83.0,3.0,19.0,1.0,2,427.0,1.0,40.0,1,1,0
1503,31.0,3.0,24.0,1.0,1,49.0,0.0,40.0,1,1,1
1504,83.0,1.0,21.0,1.0,1,49.0,0.0,40.0,1,1,0
1505,31.0,2.0,4.0,1.0,1,49.0,0.0,40.0,1,0,0
1506,83.0,7.0,20.0,1.0,0,49.0,0.0,40.0,1,1,1
1507,19.0,3.0,16.0,1.0,1,49.0,0.0,40.0,1,1,1
1508,31.0,5.0,19.0,1.0,1,49.0,0.0,40.0,1,0,1
1509,36.0,2.0,21.0,1.0,1,49.0,1.0,40.0,1,1,1
1510,43.0,2.0,16.0,1.0,1,49.0,1.0,40.0,1,1,1
1511,43.0,7.0,19.0,1.0,1,49.0,0.0,40.0,0,1,0
1512,75.0,1.0,16.0,1.0,1,49.0,0.0,40.0,1,1,1
1513,43.0,3.0,19.0,1.0,0,49.0,0.0,40.0,1,0,1
1514,83.0,2.0,16.0,1.0,1,49.0,0.0,40.0,1,1,0
1515,83.0,2.0,14.0,1.0,1,49.0,1.0,40.0,0,1,1
1516,19.0,3.0,16.0,1.0,4,49.0,0.0,40.0,1,1,1
1517,83.0,1.0,19.0,1.0,1,49.0,0.0,40.0,1,1,1
1518,75.0,3.0,19.0,1.0,1,49.0,0.0,40.0,1,1,1
1519,83.0,3.0,16.0,1.0,1,49.0,0.0,40.0,1,1,0
1520,31.0,2.0,19.0,1.0,1,49.0,1.0,40.0,1,1,0
1521,19.0,1.0,19.0,1.0,1,49.0,0.0,40.0,1,1,1
1522,83.0,3.0,16.0,1.0,1,49.0,0.0,40.0,1,1,1
1523,17.0,7.0,16.0,1.0,2,49.0,1.0,40.0,1,1,1
1524,83.0,7.0,16.0,1.0,1,49.0,5.0,40.0,0,1,0
1525,32.0,3.0,19.0,1.0,2,49.0,0.0,14.0,1,0,1
1526,75.0,3.0,16.0,1.0,0,49.0,1.0,40.0,1,1,1
1527,92.0,2.0,16.0,1.0,1,49.0,0.0,40.0,1,1,0
1528,43.0,3.0,16.0,1.0,1,49.0,0.0,40.0,1,1,0
1529,31.0,7.0,16.0,1.0,1,49.0,0.0,40.0,1,1,0
1530,31.0,1.0,19.0,1.0,1,49.0,0.0,40.0,1,0,1
1531,74.0,2.0,19.0,1.0,2,49.0,0.0,40.0,1,1,1
1532,83.0,2.0,16.0,1.0,1,49.0,0.0,40.0,1,1,1
1533,75.0,1.0,16.0,1.0,0,49.0,0.0,40.0,1,1,1
1534,75.0,4.0,16.0,1.0,1,49.0,0.0,39.0,1,1,0
1535,19.0,1.0,21.0,1.0,1,49.0,0.0,40.0,1,1,0
1536,31.0,1.0,19.0,1.0,1,49.0,0.0,40.0,0,1,1
1537,83.0,3.0,16.0,1.0,1,49.0,0.0,40.0,0,1,0
1538,55.0,2.0,19.0,1.0,1,49.0,0.0,40.0,1,1,0
1539,43.0,3.0,19.0,5.0,2,49.0,0.0,40.0,1,1,0
1540,75.0,1.0,16.0,1.0,1,49.0,0.0,40.0,1,1,1
1541,34.0,1.0,19.0,1.0,1,49.0,0.0,40.0,1,1,0
1542,86.0,3.0,16.0,1.0,1,49.0,0.0,40.0,1,1,1
1543,43.0,1.0,21.0,1.0,1,49.0,0.0,40.0,0,1,1
1544,83.0,3.0,19.0,1.0,1,49.0,0.0,40.0,1,1,1
1545,17.0,1.0,16.0,1.0,1,49.0,0.0,40.0,1,1,0
1546,17.0,1.0,21.0,1.0,1,49.0,0.0,40.0,1,1,1
1547,43.0,4.0,21.0,1.0,1,49.0,1.0,40.0,1,1,0
1548,75.0,7.0,19.0,1.0,0,49.0,0.0,40.0,1,1,1
1549,83.0,7.0,19.0,1.0,1,49.0,0.0,40.0,1,1,1
1550,38.0,1.0,19.0,1.0,2,49.0,0.0,40.0,1,1,1
1551,83.0,5.0,16.0,1.0,0,49.0,1.0,40.0,1,1,1
1552,83.0,3.0,16.0,1.0,1,49.0,0.0,40.0,1,1,0
1553,83.0,1.0,16.0,1.0,1,49.0,0.0,40.0,0,1,1
1554,19.0,3.0,16.0,1.0,0,49.0,0.0,40.0,1,0,1
1555,17.0,1.0,16.0,1.0,1,49.0,0.0,40.0,1,1,0
1556,60.0,1.0,16.0,1.0,0,49.0,0.0,40.0,1,1,1
1557,64.0,7.0,16.0,5.0,1,49.0,0.0,40.0,1,1,1
1558,43.0,3.0,16.0,1.0,1,49.0,0.0,40.0,1,1,1
1559,75.0,1.0,16.0,1.0,1,49.0,1.0,40.0,1,1,0
1560,83.0,2.0,16.0,1.0,1,242.0,0.0,40.0,1,1,1
1561,53.0,8.0,16.0,5.0,1,49.0,0.0,40.0,0,1,1
1562,31.0,2.0,24.0,1.0,0,49.0,0.0,40.0,1,1,0
1563,19.0,1.0,16.0,1.0,1,49.0,0.0,40.0,1,1,0
1564,43.0,3.0,21.0,1.0,1,49.0,0.0,40.0,1,1,1
1565,40.0,2.0,21.0,1.0,2,49.0,0.0,40.0,1,1,1
1566,31.0,2.0,16.0,1.0,0,49.0,0.0,40.0,1,1,1
1567,31.0,5.0,16.0,1.0,0,49.0,0.0,40.0,1,1,1
1568,83.0,2.0,21.0,1.0,1,49.0,0.0,40.0,0,1,1
1569,43.0,1.0,19.0,1.0,4,49.0,0.0,40.0,1,1,1
1570,60.0,7.0,16.0,1.0,0,49.0,0.0,40.0,1,1,0
1571,86.0,7.0,16.0,1.0,1,49.0,0.0,40.0,1,1,1
1572,75.0,7.0,16.0,1.0,1,49.0,1.0,40.0,1,1,1
1573,54.0,3.0,19.0,1.0,0,49.0,0.0,40.0,1,1,1
1574,31.0,1.0,19.0,1.0,1,49.0,1.0,40.0,1,1,1
1575,92.0,3.0,16.0,5.0,0,49.0,1.0,40.0,0,1,0
1576,83.0,2.0,16.0,1.0,1,49.0,10.0,40.0,1,0,0
1577,75.0,2.0,19.0,1.0,1,49.0,0.0,40.0,1,1,1
1578,31.0,2.0,24.0,1.0,1,49.0,0.0,40.0,1,1,0
1579,17.0,3.0,16.0,1.0,1,49.0,1.0,40.0,1,1,1
1580,69.0,2.0,19.0,1.0,0,49.0,0.0,40.0,1,1,1
1581,43.0,2.0,19.0,1.0,-1,49.0,0.0,40.0,1,1,1
1582,17.0,7.0,19.0,1.0,1,49.0,0.0,40.0,0,1,1
1583,75.0,1.0,19.0,1.0,0,49.0,0.0,40.0,1,1,1
1584,19.0,3.0,16.0,1.0,1,49.0,0.0,40.0,1,1,1
1585,32.0,2.0,16.0,1.0,1,49.0,0.0,40.0,1,1,1
1586,43.0,2.0,22.0,1.0,1,49.0,0.0,40.0,1,1,1
1587,86.0,1.0,16.0,1.0,1,49.0,0.0,40.0,1,1,0
1588,83.0,2.0,16.0,1.0,0,49.0,0.0,40.0,1,1,1
1589,75.0,2.0,16.0,1.0,1,49.0,5.0,40.0,1,0,1
1590,75.0,1.0,19.0,1.0,0,49.0,0.0,40.0,1,1,0
1591,31.0,1.0,19.0,1.0,1,49.0,1.0,40.0,1,1,0
1592,19.0,2.0,16.0,1.0,1,49.0,0.0,40.0,1,1,1
1593,83.0,3.0,16.0,1.0,0,49.0,1.0,40.0,1,1,1
1594,32.0,3.0,16.0,1.0,0,49.0,0.0,40.0,1,1,1
1595,69.0,2.0,21.0,1.0,1,49.0,0.0,40.0,1,1,0
1596,75.0,7.0,19.0,1.0,1,49.0,0.0,40.0,1,1,0
1597,17.0,2.0,16.0,5.0,1,49.0,1.0,40.0,1,1,1
1598,92.0,7.0,21.0,1.0,2,49.0,0.0,40.0,1,1,1
1599,60.0,1.0,19.0,1.0,1,49.0,0.0,40.0,1,1,0
1600,83.0,1.0,19.0,1.0,1,49.0,0.0,40.0,1,1,1
1601,84.0,3.0,16.0,1.0,1,49.0,8.0,40.0,1,1,1
1602,86.0,7.0,19.0,1.0,1,49.0,0.0,40.0,1,0,1
1603,27.0,1.0,19.0,1.0,0,49.0,0.0,40.0,1,1,1
1604,26.0,3.0,21.0,1.0,1,49.0,0.0,40.0,1,1,0
1605,31.0,7.0,16.0,1.0,1,49.0,0.0,40.0,1,1,0
1606,57.0,2.0,19.0,1.0,0,49.0,0.0,40.0,1,1,1
1607,43.0,2.0,19.0,3.0,1,49.0,0.0,40.0,1,1,0
1608,86.0,6.0,16.0,1.0,1,49.0,0.0,40.0,1,1,0
1609,31.0,7.0,19.0,1.0,1,49.0,0.0,40.0,1,1,1
1610,83.0,2.0,16.0,1.0,0,49.0,1.0,40.0,1,1,0
1611,60.0,2.0,16.0,1.0,0,49.0,1.0,40.0,1,1,1
1612,19.0,1.0,16.0,1.0,2,49.0,0.0,40.0,1,1,1
1613,31.0,7.0,21.0,1.0,1,49.0,0.0,40.0,1,0,0
1614,83.0,1.0,21.0,1.0,1,49.0,0.0,40.0,1,0,0
1615,83.0,3.0,16.0,3.0,-1,301.0,0.0,40.0,1,0,1
1616,19.0,3.0,16.0,1.0,1,49.0,0.0,20.0,1,1,1
1617,83.0,7.0,19.0,1.0,0,49.0,0.0,40.0,1,1,0
1618,75.0,1.0,16.0,1.0,1,49.0,0.0,40.0,1,0,1
1619,75.0,2.0,19.0,1.0,-1,49.0,0.0,40.0,0,1,1
1620,31.0,1.0,21.0,1.0,4,49.0,0.0,40.0,1,1,1
1621,17.0,1.0,16.0,1.0,0,49.0,0.0,40.0,1,1,1
1622,31.0,1.0,16.0,1.0,0,49.0,7.0,40.0,1,1,1
1623,83.0,1.0,21.0,1.0,1,49.0,0.0,40.0,1,1,1
1624,31.0,1.0,21.0,1.0,1,49.0,0.0,40.0,1,1,1
1625,19.0,1.0,19.0,1.0,4,49.0,0.0,40.0,1,1,0
1626,60.0,5.0,19.0,1.0,1,49.0,0.0,40.0,1,1,0
1627,19.0,3.0,19.0,1.0,1,49.0,0.0,40.0,1,1,1
1628,19.0,3.0,21.0,1.0,1,49.0,0.0,40.0,1,1,1
1629,49.0,5.0,16.0,1.0,1,49.0,13.0,40.0,1,1,1
1630,75.0,2.0,21.0,1.0,1,49.0,1.0,30.0,0,1,0
1631,48.0,7.0,21.0,5.0,1,242.0,0.0,40.0,1,1,1
1632,31.0,5.0,21.0,1.0,1,49.0,1.0,40.0,1,1,1
1633,83.0,5.0,16.0,1.0,2,49.0,1.0,40.0,0,1,1
1634,69.0,5.0,19.0,1.0,4,49.0,0.0,40.0,0,1,1
1635,36.0,7.0,21.0,1.0,0,49.0,0.0,40.0,1,0,0
1636,64.0,2.0,21.0,1.0,1,49.0,0.0,40.0,1,1,1
1637,31.0,7.0,16.0,1.0,1,49.0,0.0,40.0,0,1,1
1638,69.0,2.0,19.0,1.0,1,49.0,0.0,40.0,0,1,1
1639,86.0,2.0,19.0,1.0,1,49.0,1.0,40.0,1,1,1
1640,31.0,7.0,16.0,1.0,1,49.0,0.0,40.0,1,1,1
1641,83.0,3.0,19.0,1.0,2,49.0,3.0,40.0,1,1,1
1642,32.0,1.0,21.0,1.0,1,49.0,0.0,40.0,1,1,1
1643,43.0,7.0,21.0,1.0,1,417.0,0.0,40.0,1,0,1
1644,26.0,1.0,21.0,3.0,5,49.0,0.0,40.0,1,0,1
1645,92.0,7.0,19.0,1.0,2,49.0,1.0,40.0,1,1,1
1646,19.0,2.0,16.0,1.0,1,49.0,0.0,40.0,1,1,1
1647,86.0,3.0,16.0,1.0,0,49.0,1.0,40.0,1,1,1
1648,83.0,2.0,19.0,1.0,1,49.0,0.0,40.0,1,1,1
1649,83.0,2.0,16.0,1.0,1,49.0,0.0,40.0,1,1,0
1650,47.0,2.0,16.0,5.0,1,49.0,0.0,40.0,1,1,0
1651,83.0,3.0,21.0,1.0,0,49.0,0.0,40.0,1,1,1
1652,83.0,5.0,19.0,1.0,1,49.0,0.0,40.0,1,1,1
1653,55.0,1.0,4.0,1.0,0,49.0,1.0,14.0,0,1,1
1654,31.0,7.0,19.0,1.0,1,49.0,0.0,40.0,1,1,1
1655,83.0,4.0,19.0,1.0,1,49.0,0.0,40.0,1,1,0
1656,83.0,7.0,19.0,1.0,1,49.0,0.0,40.0,1,1,0
1657,43.0,2.0,19.0,1.0,1,49.0,0.0,40.0,1,1,1
1658,31.0,1.0,16.0,1.0,1,49.0,0.0,40.0,1,1,1
1659,43.0,1.0,21.0,1.0,5,49.0,0.0,40.0,1,1,1
1660,17.0,3.0,19.0,3.0,1,49.0,1.0,40.0,1,1,0
1661,32.0,3.0,19.0,1.0,1,49.0,1.0,40.0,0,1,0
1662,43.0,1.0,16.0,1.0,2,49.0,0.0,40.0,1,1,1
1663,83.0,7.0,19.0,5.0,1,49.0,1.0,40.0,1,1,1
1664,75.0,3.0,16.0,1.0,0,49.0,0.0,40.0,1,1,0
1665,83.0,2.0,16.0,1.0,1,49.0,0.0,40.0,1,1,0
1666,31.0,5.0,16.0,1.0,1,49.0,0.0,40.0,1,1,1
1667,36.0,3.0,19.0,1.0,1,49.0,0.0,40.0,1,1,1
1668,19.0,2.0,17.0,1.0,0,49.0,0.0,40.0,1,1,0
1669,43.0,1.0,21.0,1.0,1,49.0,0.0,40.0,1,0,1
1670,31.0,7.0,16.0,1.0,0,49.0,0.0,40.0,1,1,0
1671,43.0,7.0,21.0,1.0,1,49.0,1.0,40.0,1,1,1
1672,43.0,7.0,22.0,1.0,1,49.0,0.0,40.0,1,0,1
1673,19.0,2.0,16.0,1.0,1,49.0,0.0,40.0,0,1,1
1674,64.0,1.0,16.0,1.0,1,49.0,0.0,40.0,1,1,1
1675,19.0,2.0,16.0,1.0,1,49.0,1.0,40.0,0,0,1
1676,23.0,1.0,16.0,1.0,0,49.0,0.0,40.0,0,1,0
1677,86.0,3.0,16.0,1.0,-1,49.0,1.0,40.0,1,1,1
1678,75.0,7.0,19.0,1.0,1,49.0,13.0,40.0,0,1,1
1679,17.0,3.0,16.0,1.0,1,49.0,2.0,40.0,1,1,1
1680,64.0,1.0,16.0,1.0,2,49.0,0.0,40.0,1,1,1
1681,43.0,2.0,19.0,1.0,0,49.0,0.0,40.0,1,1,1
1682,19.0,4.0,12.0,1.0,1,49.0,0.0,40.0,0,1,0
1683,83.0,1.0,16.0,1.0,-1,49.0,0.0,40.0,0,1,1
1684,69.0,1.0,19.0,1.0,1,49.0,1.0,40.0,1,1,1
1685,19.0,1.0,16.0,1.0,2,49.0,0.0,40.0,1,1,0
1686,43.0,1.0,19.0,1.0,2,49.0,0.0,40.0,1,1,0
1687,31.0,5.0,19.0,1.0,1,49.0,1.0,40.0,1,1,1
1688,86.0,5.0,16.0,1.0,0,49.0,0.0,40.0,1,1,1
1689,83.0,3.0,21.0,1.0,1,49.0,12.0,40.0,1,1,1
1690,19.0,1.0,12.0,1.0,0,49.0,0.0,40.0,0,1,0
1691,60.0,5.0,16.0,1.0,1,49.0,0.0,40.0,1,1,0
1692,31.0,2.0,21.0,1.0,1,49.0,1.0,40.0,0,1,1
1693,83.0,2.0,14.0,1.0,4,49.0,1.0,40.0,1,1,1
1694,43.0,1.0,16.0,1.0,1,49.0,1.0,40.0,1,1,0
1695,55.0,2.0,16.0,1.0,1,49.0,0.0,40.0,1,1,0
1696,83.0,2.0,21.0,3.0,1,49.0,0.0,40.0,1,1,1
1697,31.0,7.0,16.0,1.0,0,49.0,0.0,40.0,1,1,0
1698,32.0,3.0,16.0,1.0,0,49.0,0.0,40.0,1,1,0
1699,75.0,1.0,16.0,1.0,0,49.0,0.0,40.0,0,1,0
1700,31.0,7.0,16.0,1.0,1,49.0,0.0,40.0,0,1,1
1701,83.0,1.0,19.0,1.0,1,49.0,0.0,40.0,1,1,1
1702,83.0,1.0,16.0,1.0,2,49.0,0.0,40.0,1,1,1
1703,75.0,7.0,16.0,1.0,1,49.0,0.0,40.0,1,1,0
1704,83.0,5.0,24.0,1.0,1,49.0,0.0,40.0,1,1,1
1705,83.0,3.0,16.0,1.0,1,49.0,0.0,40.0,1,1,1
1706,83.0,3.0,16.0,1.0,1,49.0,0.0,40.0,0,1,0
1707,86.0,5.0,24.0,5.0,1,49.0,0.0,40.0,1,1,1
1708,31.0,1.0,16.0,1.0,1,49.0,0.0,40.0,1,1,0
1709,31.0,7.0,16.0,1.0,0,49.0,0.0,40.0,0,1,1
1710,83.0,2.0,19.0,1.0,1,49.0,1.0,40.0,0,1,1
1711,36.0,5.0,20.0,1.0,1,49.0,0.0,40.0,1,1,1
1712,83.0,2.0,16.0,1.0,1,49.0,0.0,40.0,1,1,0
1713,19.0,7.0,19.0,1.0,0,49.0,0.0,40.0,1,1,0
1714,19.0,1.0,13.0,3.0,1,49.0,0.0,40.0,0,1,0
1715,31.0,7.0,19.0,1.0,1,49.0,0.0,40.0,1,1,1
1716,75.0,5.0,19.0,1.0,1,49.0,0.0,40.0,1,1,1
1717,17.0,2.0,19.0,1.0,1,49.0,0.0,40.0,0,1,0
1718,43.0,2.0,21.0,1.0,1,49.0,0.0,40.0,1,1,1
1719,43.0,1.0,21.0,1.0,1,49.0,0.0,40.0,1,1,1
1720,75.0,2.0,16.0,1.0,1,49.0,0.0,40.0,1,1,0
1721,19.0,1.0,19.0,1.0,0,49.0,0.0,40.0,1,1,1
1722,17.0,3.0,16.0,1.0,2,49.0,0.0,40.0,0,1,1
1723,31.0,7.0,16.0,1.0,0,49.0,2.0,40.0,1,1,0
1724,60.0,7.0,19.0,1.0,0,49.0,0.0,40.0,1,1,1
1725,31.0,3.0,16.0,1.0,-1,49.0,1.0,40.0,1,1,1
1726,57.0,1.0,19.0,1.0,1,49.0,0.0,40.0,1,1,1
1727,83.0,2.0,19.0,1.0,0,49.0,0.0,40.0,1,1,0
1728,31.0,7.0,24.0,1.0,1,49.0,0.0,40.0,0,1,1
1729,75.0,3.0,16.0,1.0,1,49.0,0.0,30.0,1,0,1
1730,70.0,2.0,16.0,1.0,1,49.0,0.0,40.0,1,1,0
1731,19.0,7.0,16.0,1.0,5,49.0,0.0,40.0,1,1,0
1732,17.0,1.0,19.0,1.0,1,49.0,0.0,40.0,1,1,1
1733,31.0,7.0,20.0,1.0,1,49.0,1.0,40.0,1,0,1
1734,86.0,2.0,16.0,1.0,1,49.0,1.0,40.0,1,1,1
1735,83.0,5.0,16.0,1.0,1,49.0,0.0,40.0,1,1,0
1736,83.0,2.0,16.0,1.0,1,49.0,0.0,40.0,0,1,1
1737,32.0,2.0,19.0,1.0,1,49.0,0.0,40.0,1,1,0
1738,31.0,1.0,16.0,1.0,1,49.0,0.0,65.0,1,1,0
1739,31.0,5.0,21.0,1.0,1,436.0,0.0,40.0,1,1,0
1740,43.0,2.0,16.0,1.0,2,49.0,1.0,40.0,1,1,1
1741,83.0,7.0,16.0,1.0,1,49.0,0.0,40.0,1,1,1
1742,31.0,2.0,12.0,1.0,1,49.0,0.0,40.0,0,0,1
1743,83.0,2.0,16.0,1.0,1,49.0,0.0,40.0,1,1,1
1744,31.0,1.0,19.0,1.0,1,49.0,0.0,40.0,1,1,1
1745,83.0,6.0,21.0,1.0,0,49.0,1.0,40.0,1,1,0
1746,17.0,3.0,16.0,1.0,1,49.0,0.0,40.0,1,1,1
1747,17.0,1.0,11.0,1.0,1,49.0,1.0,40.0,1,1,1
1748,86.0,7.0,19.0,1.0,1,49.0,0.0,40.0,1,1,1
1749,83.0,3.0,19.0,1.0,1,49.0,1.0,40.0,1,1,1
1750,86.0,2.0,16.0,1.0,1,49.0,0.0,40.0,1,1,1
1751,83.0,3.0,21.0,5.0,1,49.0,11.0,40.0,1,1,1
1752,63.0,5.0,16.0,1.0,1,49.0,0.0,40.0,1,1,1
1753,36.0,7.0,19.0,1.0,1,49.0,0.0,40.0,1,1,1
1754,83.0,5.0,16.0,1.0,1,49.0,0.0,40.0,1,1,0
1755,36.0,5.0,21.0,1.0,-1,49.0,0.0,40.0,1,1,1
1756,64.0,2.0,16.0,1.0,1,49.0,0.0,40.0,1,1,1
1757,83.0,3.0,19.0,1.0,1,49.0,1.0,40.0,1,1,1
1758,43.0,1.0,21.0,1.0,1,49.0,0.0,40.0,1,1,0
1759,83.0,1.0,21.0,3.0,1,49.0,1.0,40.0,1,0,1
1760,75.0,7.0,16.0,1.0,1,49.0,1.0,40.0,1,0,1
1761,83.0,5.0,16.0,1.0,0,49.0,0.0,40.0,1,1,0
1762,64.0,7.0,19.0,1.0,1,49.0,0.0,40.0,0,1,0
1763,43.0,1.0,21.0,1.0,0,49.0,1.0,40.0,1,0,1
1764,75.0,1.0,16.0,1.0,1,49.0,0.0,40.0,1,1,1
1765,36.0,2.0,19.0,1.0,3,49.0,0.0,40.0,1,1,1
1766,31.0,1.0,19.0,1.0,1,49.0,0.0,40.0,1,0,1
1767,64.0,1.0,19.0,1.0,2,49.0,1.0,40.0,1,1,0
1768,64.0,1.0,21.0,1.0,1,49.0,0.0,40.0,1,1,1
1769,31.0,3.0,16.0,1.0,0,49.0,0.0,40.0,0,1,1
1770,69.0,2.0,16.0,1.0,1,49.0,1.0,40.0,1,1,1
1771,32.0,5.0,22.0,1.0,2,49.0,0.0,40.0,1,1,1
1772,86.0,1.0,19.0,1.0,2,49.0,0.0,40.0,1,1,1
1773,83.0,2.0,16.0,1.0,2,49.0,1.0,40.0,1,1,1
1774,75.0,3.0,16.0,1.0,4,49.0,1.0,40.0,0,1,0
1775,43.0,1.0,21.0,1.0,4,49.0,0.0,40.0,1,1,0
1776,83.0,2.0,19.0,1.0,1,49.0,1.0,40.0,1,1,1
1777,60.0,3.0,19.0,1.0,1,49.0,0.0,40.0,0,1,0
1778,32.0,2.0,16.0,1.0,1,469.0,1.0,40.0,1,1,1
1779,75.0,1.0,16.0,1.0,1,49.0,0.0,40.0,1,1,1
1780,92.0,7.0,21.0,5.0,1,49.0,2.0,40.0,1,1,1
1781,75.0,2.0,16.0,1.0,1,49.0,0.0,40.0,1,1,0
1782,36.0,5.0,16.0,1.0,1,49.0,0.0,40.0,0,1,0
1783,17.0,3.0,19.0,1.0,1,49.0,1.0,40.0,1,1,0
1784,31.0,2.0,16.0,1.0,1,49.0,0.0,40.0,1,1,0
1785,19.0,2.0,16.0,1.0,1,49.0,0.0,40.0,1,1,1
1786,31.0,7.0,19.0,1.0,1,49.0,0.0,40.0,1,1,1
1787,60.0,1.0,21.0,1.0,1,49.0,1.0,40.0,0,1,0
1788,36.0,1.0,16.0,1.0,0,49.0,1.0,30.0,1,1,0
1789,19.0,5.0,23.0,1.0,1,49.0,0.0,40.0,1,1,1
1790,19.0,3.0,16.0,1.0,1,49.0,0.0,40.0,1,1,1
1791,31.0,2.0,21.0,1.0,1,49.0,0.0,40.0,1,1,1
1792,70.0,2.0,19.0,5.0,1,49.0,0.0,40.0,1,1,1
1793,64.0,5.0,22.0,1.0,0,49.0,0.0,40.0,1,1,1
1794,43.0,7.0,16.0,1.0,1,49.0,0.0,40.0,1,1,0
1795,43.0,3.0,19.0,1.0,-1,49.0,0.0,40.0,1,1,1
1796,75.0,3.0,19.0,1.0,4,49.0,0.0,40.0,1,1,1
1797,31.0,8.0,16.0,1.0,1,49.0,0.0,40.0,1,1,0
1798,83.0,5.0,16.0,1.0,1,49.0,0.0,40.0,0,1,0
1799,31.0,7.0,16.0,1.0,1,49.0,1.0,40.0,0,1,1
1800,72.0,1.0,16.0,1.0,1,49.0,0.0,40.0,1,1,0
1801,83.0,7.0,16.0,1.0,1,49.0,0.0,40.0,1,1,0
1802,69.0,1.0,19.0,1.0,0,49.0,0.0,40.0,1,1,0
1803,19.0,3.0,21.0,1.0,1,49.0,0.0,40.0,1,1,1
1804,31.0,1.0,21.0,1.0,1,49.0,0.0,40.0,1,1,1
1805,43.0,3.0,16.0,1.0,1,49.0,0.0,91.0,0,0,0
1806,31.0,3.0,19.0,1.0,1,49.0,0.0,40.0,1,1,1
1807,43.0,1.0,16.0,1.0,1,49.0,1.0,40.0,0,1,0
1808,76.0,2.0,21.0,1.0,2,49.0,1.0,40.0,1,1,1
1809,60.0,7.0,21.0,1.0,1,49.0,0.0,40.0,1,1,1
1810,43.0,3.0,16.0,1.0,0,49.0,0.0,40.0,0,1,1
1811,75.0,3.0,16.0,1.0,1,49.0,0.0,40.0,1,1,1
1812,75.0,2.0,24.0,1.0,1,49.0,0.0,40.0,1,1,0
1813,75.0,5.0,24.0,1.0,1,49.0,0.0,40.0,0,1,0
1814,31.0,5.0,16.0,5.0,1,49.0,0.0,40.0,1,1,1
1815,32.0,7.0,16.0,1.0,1,49.0,0.0,40.0,1,1,1
1816,65.0,5.0,19.0,1.0,1,49.0,0.0,40.0,1,1,1
1817,43.0,2.0,4.0,1.0,1,49.0,0.0,40.0,1,1,0
1818,64.0,1.0,19.0,1.0,1,49.0,0.0,40.0,1,1,0
1819,83.0,7.0,16.0,1.0,0,49.0,0.0,40.0,1,0,0
1820,31.0,1.0,19.0,1.0,1,49.0,0.0,40.0,1,1,1
1821,47.0,7.0,19.0,1.0,1,49.0,0.0,40.0,1,1,0
1822,69.0,5.0,19.0,1.0,1,49.0,0.0,40.0,1,1,1
1823,43.0,1.0,19.0,1.0,0,49.0,0.0,40.0,1,1,1
1824,83.0,3.0,16.0,1.0,1,49.0,1.0,40.0,0,1,1
1825,92.0,7.0,19.0,1.0,1,49.0,0.0,40.0,1,1,1
1826,64.0,1.0,19.0,1.0,1,49.0,0.0,40.0,0,1,1
1827,60.0,7.0,16.0,1.0,1,49.0,0.0,40.0,0,1,1
1828,36.0,1.0,19.0,1.0,1,49.0,0.0,40.0,0,1,1
1829,36.0,7.0,16.0,1.0,1,49.0,0.0,40.0,0,1,0
1830,31.0,1.0,19.0,1.0,4,49.0,0.0,40.0,1,1,0
1831,86.0,3.0,21.0,1.0,1,49.0,0.0,40.0,1,1,0
1832,83.0,2.0,19.0,1.0,1,49.0,0.0,40.0,1,1,1
1833,31.0,4.0,22.0,1.0,1,49.0,5.0,40.0,0,0,1
1834,83.0,2.0,16.0,1.0,1,49.0,0.0,44.0,0,1,1
1835,43.0,1.0,16.0,1.0,1,49.0,0.0,40.0,1,1,1
1836,75.0,1.0,19.0,1.0,0,49.0,0.0,40.0,0,1,0
1837,17.0,7.0,16.0,1.0,1,49.0,0.0,40.0,1,1,1
1838,83.0,7.0,21.0,1.0,1,49.0,0.0,40.0,1,1,1
1839,31.0,7.0,16.0,1.0,1,49.0,0.0,40.0,1,1,1
1840,43.0,2.0,21.0,1.0,1,49.0,1.0,40.0,1,0,1
1841,64.0,2.0,21.0,1.0,1,49.0,0.0,40.0,1,0,1
1842,83.0,1.0,16.0,1.0,1,49.0,0.0,40.0,1,1,1
1843,19.0,1.0,19.0,1.0,1,49.0,0.0,40.0,1,1,1
1844,60.0,1.0,16.0,1.0,1,49.0,0.0,40.0,1,1,0
1845,31.0,1.0,16.0,1.0,1,49.0,0.0,55.0,0,1,0
1846,83.0,6.0,19.0,1.0,1,49.0,0.0,14.0,1,1,0
1847,31.0,5.0,16.0,1.0,1,49.0,0.0,40.0,1,1,1
1848,43.0,3.0,16.0,1.0,1,49.0,1.0,40.0,1,1,1
1849,83.0,3.0,21.0,1.0,0,49.0,0.0,40.0,1,1,1
1850,31.0,2.0,17.0,1.0,1,49.0,0.0,40.0,0,1,0
1851,36.0,5.0,21.0,5.0,1,49.0,0.0,40.0,1,1,1
1852,43.0,1.0,16.0,1.0,0,49.0,0.0,40.0,1,1,1
1853,31.0,3.0,19.0,1.0,1,49.0,0.0,40.0,0,0,1
1854,83.0,1.0,19.0,1.0,2,49.0,0.0,40.0,1,1,1
1855,17.0,2.0,16.0,1.0,1,49.0,0.0,40.0,1,0,0
1856,83.0,3.0,7.0,1.0,1,49.0,0.0,40.0,1,1,0
1857,75.0,5.0,21.0,1.0,1,49.0,0.0,40.0,0,1,1
1858,43.0,3.0,16.0,1.0,1,49.0,1.0,40.0,1,1,1
1859,75.0,2.0,22.0,5.0,1,49.0,0.0,40.0,1,1,1
1860,17.0,1.0,16.0,1.0,1,49.0,0.0,40.0,0,1,1
1861,75.0,7.0,19.0,1.0,0,49.0,14.0,40.0,0,1,1
1862,83.0,2.0,21.0,1.0,1,49.0,13.0,40.0,1,1,1
1863,83.0,2.0,16.0,1.0,1,49.0,0.0,40.0,1,1,1
1864,17.0,1.0,16.0,1.0,1,49.0,0.0,40.0,1,1,1
1865,48.0,2.0,19.0,1.0,5,49.0,0.0,40.0,1,1,1
1866,43.0,7.0,12.0,1.0,1,49.0,0.0,40.0,1,1,0
1867,83.0,1.0,19.0,1.0,0,49.0,1.0,40.0,1,1,1
1868,83.0,5.0,19.0,2.0,1,49.0,0.0,40.0,0,1,1
1869,31.0,3.0,19.0,1.0,2,49.0,0.0,40.0,1,1,0
1870,43.0,7.0,19.0,3.0,0,49.0,14.0,40.0,1,1,0
1871,83.0,2.0,19.0,1.0,1,49.0,1.0,40.0,1,1,0
1872,92.0,3.0,19.0,1.0,1,49.0,1.0,40.0,0,1,1
1873,31.0,7.0,16.0,1.0,1,49.0,0.0,40.0,1,1,0
1874,19.0,7.0,19.0,1.0,0,49.0,0.0,40.0,0,1,1
1875,83.0,1.0,22.0,1.0,5,49.0,0.0,40.0,1,1,1
1876,43.0,8.0,16.0,1.0,1,49.0,0.0,40.0,1,1,0
1877,31.0,3.0,22.0,1.0,1,49.0,0.0,40.0,1,1,1
1878,83.0,1.0,16.0,1.0,1,49.0,1.0,40.0,1,1,1
1879,86.0,7.0,19.0,1.0,1,49.0,0.0,40.0,1,1,1
1880,31.0,2.0,16.0,1.0,1,49.0,1.0,40.0,1,1,0
1881,31.0,3.0,19.0,1.0,1,49.0,6.0,40.0,1,1,1
1882,83.0,2.0,19.0,1.0,1,49.0,0.0,40.0,1,1,0
1883,27.0,1.0,16.0,1.0,0,49.0,0.0,40.0,1,0,1
1884,83.0,7.0,21.0,1.0,-1,49.0,1.0,40.0,1,0,1
1885,60.0,7.0,22.0,1.0,1,49.0,0.0,40.0,1,1,0
1886,83.0,3.0,19.0,1.0,0,49.0,0.0,40.0,1,1,1
1887,69.0,6.0,16.0,1.0,0,49.0,0.0,40.0,1,1,1
1888,92.0,2.0,16.0,1.0,1,49.0,0.0,40.0,1,1,0
1889,86.0,2.0,19.0,1.0,5,49.0,0.0,40.0,1,1,0
1890,43.0,5.0,16.0,1.0,0,49.0,1.0,40.0,0,1,1
1891,74.0,2.0,7.0,1.0,1,49.0,0.0,40.0,0,1,1
1892,69.0,3.0,19.0,1.0,1,49.0,0.0,40.0,0,1,0
1893,31.0,5.0,16.0,1.0,0,49.0,0.0,30.0,1,1,1
1894,31.0,3.0,19.0,1.0,1,49.0,0.0,40.0,1,1,0
1895,83.0,1.0,21.0,1.0,1,49.0,1.0,40.0,1,1,1
1896,83.0,7.0,16.0,3.0,0,49.0,0.0,40.0,1,1,1
1897,17.0,7.0,22.0,1.0,0,49.0,0.0,40.0,1,1,1
1898,17.0,2.0,19.0,1.0,0,49.0,0.0,40.0,0,1,1
1899,75.0,1.0,16.0,1.0,0,49.0,1.0,40.0,1,1,0
1900,83.0,2.0,19.0,1.0,0,49.0,0.0,40.0,1,1,1
1901,83.0,3.0,19.0,1.0,1,49.0,0.0,40.0,1,1,0
1902,86.0,7.0,16.0,1.0,4,49.0,0.0,40.0,1,1,1
1903,19.0,7.0,16.0,1.0,2,49.0,0.0,40.0,1,1,1
1904,83.0,2.0,16.0,5.0,1,49.0,0.0,40.0,0,1,1
1905,75.0,7.0,16.0,1.0,0,49.0,0.0,40.0,1,1,1
1906,83.0,2.0,19.0,1.0,4,49.0,1.0,40.0,0,1,1
1907,66.0,2.0,19.0,1.0,1,49.0,1.0,66.0,1,1,0
1908,83.0,3.0,16.0,1.0,1,49.0,0.0,40.0,1,1,1
1909,60.0,2.0,16.0,1.0,1,49.0,0.0,40.0,1,1,1
1910,31.0,2.0,16.0,1.0,1,49.0,0.0,40.0,1,1,1
1911,83.0,2.0,19.0,1.0,1,49.0,0.0,40.0,1,0,1
1912,83.0,3.0,23.0,1.0,1,49.0,0.0,40.0,1,1,1
1913,75.0,6.0,16.0,1.0,1,49.0,0.0,40.0,0,0,0
1914,19.0,1.0,19.0,1.0,1,49.0,0.0,40.0,1,0,1
1915,75.0,1.0,19.0,1.0,1,49.0,0.0,40.0,0,0,1
1916,31.0,5.0,19.0,1.0,1,49.0,13.0,40.0,1,1,1
1917,17.0,3.0,16.0,1.0,2,49.0,0.0,40.0,1,1,1
1918,43.0,2.0,22.0,1.0,1,49.0,0.0,40.0,1,1,1
1919,74.0,1.0,16.0,1.0,1,49.0,0.0,40.0,1,1,0
1920,86.0,1.0,19.0,1.0,1,49.0,0.0,40.0,1,1,0
1921,31.0,4.0,21.0,1.0,1,49.0,0.0,40.0,1,0,1
1922,31.0,7.0,14.0,1.0,2,49.0,0.0,42.0,1,1,1
1923,75.0,2.0,16.0,1.0,1,49.0,0.0,40.0,0,1,0
1924,19.0,1.0,16.0,1.0,1,49.0,0.0,40.0,1,1,0
1925,86.0,1.0,16.0,1.0,2,49.0,0.0,40.0,1,0,0
1926,83.0,5.0,16.0,1.0,1,49.0,0.0,40.0,1,1,1
1927,60.0,1.0,16.0,1.0,1,49.0,1.0,40.0,1,0,0
1928,75.0,2.0,16.0,1.0,1,49.0,0.0,40.0,1,1,1
1929,69.0,3.0,22.0,1.0,1,49.0,0.0,13.0,1,1,1
1930,31.0,5.0,19.0,1.0,1,49.0,17.0,40.0,1,1,1
1931,36.0,5.0,16.0,1.0,1,49.0,1.0,40.0,1,1,1
1932,86.0,3.0,16.0,1.0,1,49.0,0.0,40.0,1,1,1
1933,31.0,2.0,19.0,1.0,1,49.0,0.0,40.0,1,1,0
1934,75.0,1.0,16.0,1.0,1,49.0,1.0,40.0,1,1,1
1935,83.0,3.0,19.0,1.0,0,49.0,1.0,40.0,1,1,0
1936,43.0,2.0,16.0,1.0,1,49.0,0.0,40.0,1,0,1
1937,60.0,1.0,19.0,1.0,1,49.0,1.0,40.0,1,1,0
1938,31.0,7.0,19.0,1.0,1,49.0,0.0,40.0,0,1,0
1939,31.0,2.0,24.0,1.0,1,49.0,0.0,40.0,1,1,0
1940,31.0,5.0,16.0,1.0,1,49.0,0.0,40.0,1,1,1
1941,31.0,3.0,16.0,5.0,1,49.0,0.0,40.0,1,1,0
1942,31.0,7.0,4.0,1.0,0,49.0,0.0,40.0,1,1,1
1943,32.0,2.0,16.0,1.0,-1,49.0,1.0,14.0,1,0,1
1944,31.0,5.0,16.0,1.0,1,49.0,0.0,40.0,1,0,1
1945,19.0,7.0,19.0,1.0,-1,49.0,1.0,40.0,1,1,1
1946,75.0,3.0,19.0,1.0,2,49.0,1.0,66.0,0,1,1
1947,19.0,4.0,16.0,1.0,0,49.0,16.0,40.0,1,1,1
1948,19.0,7.0,21.0,1.0,0,49.0,0.0,40.0,1,1,0
1949,31.0,1.0,16.0,1.0,1,49.0,0.0,40.0,1,1,1
1950,36.0,5.0,21.0,1.0,3,49.0,1.0,40.0,1,1,1
1951,60.0,2.0,19.0,1.0,1,49.0,0.0,40.0,1,0,1
1952,83.0,1.0,16.0,1.0,0,49.0,0.0,40.0,0,1,1
1953,31.0,2.0,16.0,2.0,1,49.0,0.0,40.0,1,0,1
1954,86.0,7.0,19.0,1.0,1,49.0,1.0,40.0,1,1,1
1955,83.0,2.0,16.0,1.0,3,49.0,0.0,40.0,0,1,1
1956,83.0,2.0,16.0,1.0,1,49.0,1.0,40.0,1,1,1
1957,31.0,2.0,19.0,1.0,4,49.0,0.0,40.0,0,1,1
1958,19.0,5.0,16.0,1.0,1,49.0,1.0,40.0,0,1,0
1959,83.0,1.0,19.0,1.0,2,49.0,1.0,40.0,1,1,1
1960,86.0,7.0,20.0,1.0,2,49.0,0.0,40.0,0,1,1
1961,60.0,3.0,19.0,1.0,1,49.0,0.0,40.0,1,0,1
1962,17.0,5.0,19.0,1.0,-1,49.0,0.0,40.0,0,0,1
1963,83.0,7.0,16.0,1.0,0,49.0,0.0,40.0,1,1,0
1964,75.0,5.0,16.0,1.0,1,49.0,0.0,40.0,1,1,0
1965,83.0,7.0,19.0,1.0,1,49.0,0.0,40.0,1,0,0
1966,31.0,2.0,19.0,5.0,0,49.0,0.0,40.0,1,1,1
1967,36.0,5.0,16.0,1.0,1,49.0,0.0,40.0,1,1,0
1968,43.0,3.0,4.0,1.0,1,49.0,1.0,40.0,1,1,1
1969,31.0,7.0,19.0,1.0,0,49.0,0.0,40.0,1,1,0
1970,19.0,2.0,19.0,1.0,1,49.0,0.0,40.0,1,1,1
1971,86.0,5.0,16.0,1.0,1,49.0,0.0,40.0,0,0,0
1972,31.0,2.0,19.0,3.0,1,49.0,0.0,40.0,1,1,1
1973,31.0,7.0,16.0,5.0,1,49.0,0.0,40.0,1,1,0
1974,83.0,7.0,16.0,1.0,1,49.0,0.0,40.0,1,1,1
1975,86.0,2.0,19.0,1.0,1,49.0,1.0,40.0,1,1,0
1976,92.0,3.0,19.0,1.0,-1,49.0,0.0,40.0,1,1,0
1977,83.0,7.0,21.0,1.0,1,49.0,0.0,40.0,0,1,1
1978,83.0,2.0,16.0,1.0,1,223.0,0.0,40.0,0,1,0
1979,64.0,3.0,19.0,1.0,0,49.0,0.0,40.0,1,1,0
1980,75.0,1.0,16.0,1.0,1,49.0,0.0,40.0,1,1,0
1981,31.0,5.0,16.0,1.0,1,49.0,1.0,40.0,1,1,1
1982,83.0,2.0,21.0,1.0,1,49.0,0.0,40.0,1,1,1
1983,32.0,5.0,19.0,1.0,1,49.0,0.0,40.0,1,1,1
1984,83.0,7.0,19.0,1.0,1,49.0,1.0,40.0,0,1,0
1985,75.0,2.0,21.0,1.0,0,49.0,0.0,40.0,0,0,1
1986,83.0,1.0,16.0,1.0,0,49.0,0.0,40.0,1,1,1
1987,75.0,1.0,16.0,1.0,1,49.0,1.0,40.0,0,1,1
1988,17.0,7.0,23.0,1.0,1,49.0,0.0,40.0,1,1,1
1989,84.0,1.0,19.0,1.0,5,49.0,0.0,40.0,1,1,0
1990,86.0,2.0,21.0,1.0,2,49.0,0.0,40.0,0,1,1
1991,75.0,5.0,16.0,1.0,4,49.0,0.0,40.0,1,1,0
1992,69.0,7.0,16.0,1.0,1,49.0,0.0,40.0,1,1,0
1993,27.0,7.0,4.0,1.0,1,49.0,0.0,40.0,1,1,0
1994,43.0,3.0,4.0,1.0,0,49.0,0.0,40.0,1,1,1
1995,17.0,2.0,16.0,1.0,1,49.0,0.0,66.0,1,1,1
1996,19.0,1.0,19.0,1.0,1,49.0,0.0,32.0,1,1,0
1997,75.0,2.0,16.0,1.0,0,49.0,1.0,40.0,1,1,1
1998,83.0,1.0,16.0,1.0,1,49.0,0.0,40.0,1,1,1
1999,36.0,7.0,21.0,1.0,2,49.0,0.0,40.0,1,0,0
2000,81.0,5.0,16.0,1.0,1,49.0,13.0,40.0,1,1,0
2001,83.0,2.0,19.0,1.0,1,49.0,0.0,40.0,1,1,1
2002,83.0,1.0,21.0,1.0,1,49.0,0.0,14.0,1,1,0
2003,92.0,7.0,21.0,1.0,1,49.0,0.0,40.0,1,1,0
2004,75.0,2.0,16.0,5.0,1,49.0,0.0,40.0,1,1,1
2005,83.0,7.0,21.0,1.0,0,49.0,0.0,40.0,1,1,0
2006,31.0,5.0,16.0,1.0,0,49.0,0.0,91.0,1,0,1
2007,83.0,2.0,21.0,1.0,1,49.0,0.0,40.0,1,1,1
2008,75.0,7.0,21.0,1.0,0,49.0,1.0,40.0,1,1,0
2009,83.0,2.0,16.0,1.0,1,49.0,0.0,40.0,1,1,0
2010,43.0,1.0,19.0,1.0,1,49.0,0.0,40.0,1,1,1
2011,43.0,1.0,16.0,1.0,1,49.0,0.0,40.0,1,1,1
2012,31.0,5.0,19.0,5.0,0,49.0,0.0,40.0,1,1,1
2013,36.0,1.0,16.0,1.0,1,49.0,0.0,40.0,1,1,0
2014,31.0,7.0,19.0,1.0,1,49.0,1.0,40.0,1,1,0
2015,43.0,3.0,21.0,1.0,0,49.0,1.0,40.0,1,1,0
2016,62.0,1.0,8.0,5.0,1,49.0,1.0,40.0,1,1,0
2017,83.0,5.0,16.0,1.0,0,49.0,0.0,36.0,0,1,1
2018,83.0,7.0,16.0,1.0,1,49.0,0.0,40.0,1,1,1
2019,75.0,5.0,16.0,1.0,1,49.0,0.0,40.0,1,1,0
2020,64.0,7.0,21.0,1.0,1,49.0,0.0,40.0,1,1,0
2021,17.0,3.0,16.0,1.0,1,49.0,0.0,40.0,1,1,1
2022,43.0,3.0,19.0,1.0,1,49.0,0.0,40.0,0,1,1
2023,71.0,3.0,21.0,1.0,1,49.0,0.0,40.0,1,1,1
2024,43.0,3.0,19.0,1.0,1,49.0,0.0,40.0,1,0,1
2025,75.0,2.0,16.0,1.0,2,49.0,1.0,40.0,0,1,0
2026,83.0,1.0,19.0,1.0,2,49.0,0.0,40.0,1,1,0
2027,83.0,3.0,19.0,1.0,0,49.0,0.0,40.0,1,1,0
2028,17.0,3.0,16.0,1.0,1,49.0,1.0,40.0,1,1,1
2029,83.0,1.0,24.0,5.0,1,49.0,0.0,40.0,0,1,0
2030,75.0,2.0,16.0,1.0,1,49.0,0.0,40.0,0,1,0
2031,43.0,1.0,14.0,1.0,1,49.0,0.0,40.0,1,1,1
2032,83.0,4.0,19.0,1.0,1,49.0,0.0,40.0,1,1,0
2033,33.0,1.0,22.0,3.0,1,49.0,1.0,40.0,1,1,1
2034,83.0,7.0,16.0,1.0,0,49.0,0.0,40.0,1,1,0
2035,41.0,5.0,19.0,1.0,5,49.0,1.0,40.0,0,1,1
2036,43.0,3.0,16.0,1.0,1,49.0,0.0,78.0,1,1,1
2037,43.0,2.0,16.0,1.0,1,49.0,0.0,40.0,1,1,0
2038,31.0,3.0,7.0,1.0,3,49.0,0.0,40.0,0,1,1
2039,69.0,1.0,19.0,1.0,1,49.0,0.0,40.0,1,0,0
2040,19.0,2.0,21.0,4.0,1,49.0,1.0,40.0,0,1,1
2041,83.0,7.0,19.0,1.0,1,49.0,0.0,28.0,1,1,0
2042,43.0,7.0,19.0,1.0,-1,49.0,0.0,40.0,1,1,1
2043,87.0,3.0,19.0,1.0,1,49.0,0.0,40.0,1,1,0
2044,43.0,3.0,19.0,1.0,1,49.0,0.0,40.0,0,1,0
2045,83.0,5.0,19.0,1.0,1,49.0,0.0,40.0,1,1,0
2046,43.0,1.0,16.0,1.0,1,49.0,1.0,40.0,1,0,1
2047,31.0,3.0,21.0,1.0,2,49.0,1.0,40.0,1,1,0
2048,31.0,1.0,21.0,1.0,1,49.0,0.0,40.0,1,1,1
2049,19.0,1.0,19.0,1.0,1,49.0,0.0,40.0,1,1,0
2050,19.0,1.0,16.0,1.0,1,49.0,0.0,40.0,1,1,1
2051,83.0,3.0,19.0,1.0,1,49.0,0.0,40.0,1,1,1
2052,92.0,3.0,19.0,1.0,1,49.0,0.0,7.0,1,1,1
2053,75.0,1.0,19.0,1.0,1,49.0,0.0,40.0,1,1,1
2054,32.0,7.0,19.0,1.0,1,49.0,17.0,40.0,1,0,1
2055,43.0,2.0,16.0,1.0,1,49.0,0.0,40.0,1,1,1
2056,43.0,3.0,16.0,1.0,2,49.0,0.0,40.0,1,1,1
2057,86.0,5.0,16.0,1.0,4,49.0,1.0,40.0,0,1,1
2058,19.0,1.0,19.0,1.0,4,49.0,0.0,40.0,1,1,1
2059,43.0,7.0,16.0,1.0,2,49.0,0.0,40.0,1,1,1
2060,43.0,7.0,16.0,1.0,0,49.0,0.0,40.0,1,1,0
2061,43.0,3.0,16.0,1.0,2,49.0,0.0,40.0,1,1,1
2062,83.0,3.0,21.0,1.0,1,49.0,12.0,40.0,1,1,0
2063,83.0,1.0,4.0,1.0,1,49.0,1.0,40.0,1,1,1
2064,19.0,2.0,16.0,1.0,0,49.0,0.0,40.0,1,1,1
2065,31.0,2.0,19.0,1.0,1,49.0,0.0,40.0,1,1,1
2066,86.0,2.0,19.0,1.0,1,49.0,0.0,40.0,1,1,1
2067,31.0,7.0,21.0,1.0,4,49.0,0.0,40.0,1,1,0
2068,83.0,3.0,16.0,1.0,0,49.0,0.0,40.0,1,1,0
2069,83.0,3.0,16.0,1.0,1,49.0,0.0,40.0,1,1,1
2070,17.0,1.0,16.0,1.0,0,49.0,0.0,51.0,1,1,1
2071,19.0,5.0,16.0,1.0,1,49.0,0.0,40.0,1,1,0
2072,36.0,1.0,19.0,1.0,2,49.0,0.0,40.0,1,1,1
2073,75.0,3.0,16.0,1.0,0,49.0,1.0,40.0,1,1,1
2074,17.0,2.0,24.0,1.0,2,49.0,0.0,40.0,0,1,1
2075,74.0,2.0,21.0,1.0,0,49.0,0.0,40.0,1,1,1
2076,43.0,2.0,16.0,1.0,0,49.0,0.0,40.0,1,1,1
2077,27.0,2.0,19.0,1.0,1,49.0,0.0,40.0,1,1,1
2078,31.0,7.0,21.0,1.0,1,49.0,0.0,40.0,1,1,0
2079,83.0,1.0,19.0,1.0,1,49.0,0.0,40.0,1,1,1
2080,31.0,6.0,16.0,1.0,0,49.0,0.0,40.0,1,1,1
2081,75.0,1.0,16.0,1.0,1,49.0,0.0,40.0,0,1,1
2082,83.0,1.0,19.0,1.0,1,49.0,0.0,40.0,1,1,1
2083,64.0,5.0,16.0,1.0,1,49.0,0.0,40.0,1,1,1
2084,83.0,7.0,16.0,1.0,1,49.0,0.0,40.0,1,0,1
2085,83.0,1.0,16.0,1.0,1,49.0,0.0,66.0,1,1,1
2086,17.0,8.0,16.0,1.0,1,49.0,0.0,40.0,1,1,1
2087,83.0,1.0,21.0,1.0,2,49.0,0.0,30.0,1,1,0
2088,17.0,1.0,16.0,1.0,0,49.0,0.0,40.0,1,1,1
2089,31.0,3.0,16.0,1.0,1,49.0,1.0,40.0,0,1,0
2090,31.0,2.0,21.0,1.0,1,49.0,0.0,40.0,1,1,1
2091,34.0,7.0,16.0,1.0,1,49.0,0.0,40.0,1,1,1
2092,60.0,5.0,16.0,1.0,0,49.0,0.0,40.0,1,1,1
2093,31.0,2.0,16.0,1.0,0,49.0,0.0,40.0,1,1,0
2094,69.0,1.0,19.0,1.0,1,49.0,0.0,40.0,1,1,0
2095,83.0,2.0,21.0,1.0,1,49.0,0.0,40.0,0,1,1
2096,43.0,3.0,19.0,1.0,-1,49.0,0.0,40.0,1,1,1
2097,83.0,1.0,19.0,1.0,1,49.0,0.0,40.0,0,1,1
2098,19.0,7.0,19.0,1.0,1,49.0,0.0,40.0,1,1,1
2099,83.0,7.0,16.0,5.0,1,49.0,0.0,40.0,1,1,1
2100,86.0,1.0,21.0,1.0,1,49.0,0.0,40.0,0,1,1
2101,43.0,3.0,16.0,1.0,1,49.0,0.0,40.0,1,1,1
2102,52.0,6.0,16.0,1.0,1,49.0,0.0,40.0,1,1,1
2103,55.0,7.0,16.0,1.0,3,49.0,1.0,40.0,1,1,1
2104,75.0,2.0,16.0,1.0,0,49.0,10.0,40.0,1,1,0
2105,19.0,1.0,19.0,5.0,1,49.0,0.0,40.0,1,1,1
2106,31.0,7.0,21.0,1.0,1,49.0,0.0,40.0,1,1,1
2107,83.0,1.0,16.0,1.0,0,49.0,0.0,40.0,1,1,1
2108,19.0,1.0,19.0,1.0,1,49.0,0.0,40.0,1,1,0
2109,31.0,5.0,16.0,1.0,1,49.0,0.0,40.0,1,1,1
2110,31.0,3.0,23.0,1.0,1,49.0,0.0,40.0,1,1,1
2111,31.0,1.0,21.0,1.0,1,49.0,0.0,40.0,1,1,1
2112,74.0,1.0,19.0,1.0,1,49.0,1.0,40.0,0,1,1
2113,69.0,1.0,21.0,1.0,0,49.0,0.0,40.0,1,1,0
2114,83.0,3.0,19.0,1.0,1,49.0,0.0,40.0,1,1,1
2115,83.0,5.0,19.0,1.0,0,49.0,0.0,40.0,1,1,0
2116,83.0,3.0,16.0,1.0,0,49.0,0.0,30.0,1,1,0
2117,48.0,1.0,19.0,1.0,0,49.0,2.0,40.0,1,1,1
2118,75.0,1.0,16.0,1.0,0,49.0,0.0,40.0,1,1,0
2119,75.0,3.0,16.0,1.0,1,49.0,0.0,40.0,0,1,1
2120,76.0,1.0,16.0,1.0,2,427.0,0.0,40.0,0,1,0
2121,64.0,3.0,19.0,1.0,1,49.0,0.0,40.0,1,0,1
2122,86.0,1.0,19.0,1.0,1,49.0,0.0,40.0,0,1,1
2123,60.0,2.0,16.0,1.0,4,49.0,0.0,40.0,1,1,1
2124,75.0,3.0,19.0,1.0,1,49.0,0.0,40.0,1,1,1
2125,75.0,7.0,16.0,1.0,1,49.0,0.0,40.0,1,1,0
2126,43.0,4.0,16.0,1.0,0,49.0,0.0,40.0,0,1,1
2127,17.0,5.0,19.0,1.0,1,49.0,0.0,40.0,0,1,0
2128,17.0,5.0,16.0,1.0,1,49.0,1.0,40.0,1,1,0
2129,83.0,2.0,16.0,1.0,1,49.0,0.0,40.0,1,1,1
2130,83.0,5.0,16.0,1.0,1,49.0,0.0,40.0,0,1,0
2131,83.0,2.0,8.0,1.0,1,49.0,0.0,40.0,1,1,1
2132,83.0,1.0,24.0,1.0,1,49.0,2.0,40.0,1,1,1
2133,75.0,2.0,19.0,1.0,1,49.0,0.0,40.0,1,1,0
2134,43.0,7.0,21.0,1.0,1,49.0,0.0,40.0,1,1,0
2135,31.0,2.0,16.0,1.0,1,49.0,0.0,40.0,1,0,1
2136,31.0,1.0,16.0,1.0,1,49.0,2.0,40.0,1,1,1
2137,92.0,7.0,16.0,1.0,2,49.0,0.0,40.0,1,1,1
2138,69.0,1.0,16.0,1.0,1,49.0,1.0,96.0,1,1,1
2139,19.0,2.0,16.0,1.0,0,49.0,0.0,40.0,0,0,0
2140,43.0,3.0,19.0,1.0,1,49.0,0.0,40.0,1,1,1
2141,19.0,2.0,19.0,1.0,1,49.0,0.0,40.0,1,1,0
2142,33.0,2.0,19.0,1.0,1,49.0,17.0,40.0,0,1,1
2143,17.0,1.0,19.0,1.0,1,49.0,2.0,40.0,1,1,0
2144,83.0,1.0,19.0,1.0,1,49.0,0.0,40.0,1,1,1
2145,92.0,7.0,19.0,1.0,1,49.0,0.0,40.0,1,1,1
2146,43.0,3.0,19.0,1.0,1,49.0,0.0,40.0,1,1,0
2147,17.0,1.0,16.0,1.0,3,49.0,1.0,40.0,1,1,1
2148,74.0,3.0,17.0,1.0,1,104.0,0.0,66.0,1,1,1
2149,86.0,2.0,19.0,1.0,2,49.0,1.0,40.0,1,1,0
2150,83.0,5.0,19.0,1.0,1,49.0,0.0,40.0,1,1,1
2151,43.0,2.0,19.0,1.0,1,49.0,0.0,40.0,1,1,1
2152,19.0,5.0,19.0,1.0,1,49.0,1.0,40.0,1,1,1
2153,36.0,7.0,16.0,1.0,1,49.0,0.0,40.0,1,1,1
2154,69.0,5.0,16.0,1.0,1,49.0,0.0,40.0,1,1,0
2155,86.0,2.0,16.0,1.0,2,49.0,0.0,40.0,1,1,0
2156,83.0,2.0,19.0,1.0,0,49.0,1.0,40.0,1,1,1
2157,17.0,2.0,16.0,1.0,0,49.0,0.0,40.0,1,1,0
2158,83.0,7.0,16.0,1.0,1,49.0,0.0,40.0,1,0,0
2159,83.0,3.0,16.0,1.0,1,49.0,0.0,40.0,1,1,1
2160,19.0,5.0,16.0,1.0,2,49.0,0.0,40.0,1,0,1
2161,43.0,1.0,16.0,1.0,0,49.0,0.0,40.0,1,1,1
2162,36.0,1.0,19.0,1.0,1,49.0,0.0,40.0,1,1,1
2163,92.0,1.0,16.0,1.0,1,49.0,0.0,40.0,1,1,1
2164,75.0,1.0,19.0,1.0,2,49.0,0.0,40.0,1,1,1
2165,31.0,3.0,21.0,1.0,1,49.0,0.0,40.0,1,1,1
2166,75.0,2.0,16.0,1.0,1,49.0,0.0,40.0,1,1,1
2167,19.0,2.0,21.0,1.0,0,49.0,0.0,40.0,1,1,1
2168,31.0,2.0,21.0,1.0,0,49.0,0.0,40.0,1,1,0
2169,75.0,3.0,19.0,1.0,0,49.0,0.0,40.0,1,1,0
2170,83.0,7.0,21.0,1.0,1,49.0,0.0,40.0,0,1,0
2171,83.0,2.0,16.0,1.0,1,49.0,0.0,40.0,1,1,1
2172,43.0,7.0,16.0,1.0,1,49.0,0.0,40.0,0,1,0
2173,43.0,5.0,16.0,1.0,1,49.0,0.0,40.0,1,1,1
2174,19.0,6.0,16.0,1.0,1,49.0,0.0,40.0,1,1,1
2175,83.0,7.0,16.0,1.0,1,49.0,0.0,40.0,1,1,1
2176,60.0,2.0,16.0,1.0,1,49.0,0.0,40.0,1,0,1
2177,83.0,7.0,19.0,1.0,1,49.0,0.0,40.0,1,1,0
2178,83.0,7.0,19.0,1.0,0,49.0,0.0,40.0,1,1,0
2179,75.0,2.0,21.0,1.0,0,49.0,0.0,40.0,1,1,1
2180,36.0,5.0,19.0,1.0,1,49.0,0.0,66.0,1,1,1
2181,43.0,3.0,16.0,1.0,1,49.0,1.0,40.0,1,1,1
2182,86.0,3.0,16.0,1.0,1,49.0,1.0,40.0,1,1,1
2183,31.0,2.0,19.0,3.0,1,49.0,0.0,40.0,1,1,1
2184,75.0,7.0,19.0,1.0,1,49.0,0.0,40.0,1,1,0
2185,75.0,7.0,21.0,1.0,0,49.0,0.0,40.0,1,1,0
2186,31.0,1.0,16.0,1.0,1,49.0,0.0,40.0,1,1,0
2187,83.0,1.0,19.0,1.0,0,49.0,0.0,40.0,1,1,1
2188,43.0,7.0,16.0,1.0,1,49.0,0.0,40.0,1,1,1
2189,19.0,7.0,19.0,1.0,1,49.0,0.0,40.0,0,1,1
2190,31.0,2.0,16.0,1.0,1,49.0,0.0,40.0,1,0,0
2191,43.0,3.0,21.0,1.0,1,49.0,0.0,40.0,1,0,0
2192,75.0,2.0,19.0,1.0,1,49.0,0.0,40.0,1,1,1
2193,27.0,7.0,16.0,1.0,0,49.0,0.0,40.0,1,1,1
2194,32.0,3.0,16.0,1.0,1,49.0,1.0,40.0,1,1,1
2195,64.0,2.0,16.0,1.0,5,49.0,0.0,40.0,1,1,0
2196,83.0,5.0,16.0,1.0,1,49.0,0.0,40.0,1,1,0
2197,53.0,2.0,21.0,1.0,0,49.0,0.0,40.0,1,1,1
2198,86.0,3.0,19.0,1.0,1,49.0,0.0,40.0,1,1,1
2199,83.0,7.0,21.0,1.0,0,49.0,0.0,40.0,1,1,1
2200,75.0,7.0,19.0,1.0,2,49.0,1.0,40.0,1,1,1
2201,43.0,2.0,19.0,1.0,4,49.0,9.0,40.0,1,0,1
2202,17.0,1.0,16.0,2.0,-1,49.0,0.0,40.0,1,1,1
2203,60.0,1.0,19.0,1.0,4,49.0,1.0,40.0,1,0,1
2204,19.0,5.0,24.0,1.0,1,49.0,0.0,40.0,0,1,1
2205,43.0,3.0,16.0,5.0,0,49.0,0.0,40.0,1,1,1
2206,83.0,2.0,19.0,1.0,1,49.0,14.0,40.0,1,1,1
2207,64.0,7.0,19.0,1.0,0,49.0,1.0,40.0,1,1,1
2208,83.0,7.0,16.0,1.0,1,49.0,1.0,40.0,1,1,0
2209,86.0,8.0,19.0,1.0,1,49.0,0.0,40.0,1,1,0
2210,60.0,2.0,16.0,1.0,1,49.0,0.0,40.0,1,0,1
2211,83.0,1.0,21.0,5.0,1,49.0,1.0,40.0,0,1,1
2212,75.0,2.0,19.0,1.0,1,49.0,0.0,40.0,0,1,1
2213,64.0,3.0,16.0,1.0,1,49.0,0.0,40.0,0,1,0
2214,19.0,3.0,21.0,1.0,1,49.0,1.0,40.0,1,1,1
2215,31.0,1.0,21.0,1.0,1,49.0,0.0,40.0,1,1,1
2216,64.0,3.0,16.0,1.0,1,49.0,0.0,40.0,1,1,0
2217,19.0,5.0,19.0,1.0,1,442.0,1.0,40.0,1,1,0
2218,43.0,7.0,16.0,1.0,3,49.0,0.0,40.0,1,1,0
2219,64.0,4.0,19.0,1.0,1,49.0,0.0,40.0,0,1,1
2220,83.0,5.0,21.0,1.0,1,49.0,0.0,40.0,1,1,0
2221,83.0,2.0,21.0,1.0,1,49.0,0.0,40.0,1,1,0
2222,43.0,1.0,19.0,1.0,0,49.0,0.0,40.0,1,1,0
2223,19.0,3.0,16.0,1.0,1,49.0,0.0,40.0,1,0,1
2224,18.0,7.0,16.0,1.0,1,49.0,0.0,40.0,1,1,1
2225,31.0,1.0,16.0,1.0,1,49.0,0.0,40.0,1,1,1
2226,83.0,1.0,9.0,1.0,1,49.0,0.0,40.0,0,0,0
2227,19.0,2.0,17.0,5.0,0,49.0,1.0,40.0,0,1,0
2228,75.0,7.0,19.0,1.0,1,49.0,0.0,40.0,1,1,1
2229,43.0,2.0,16.0,1.0,1,49.0,0.0,40.0,0,1,1
2230,40.0,2.0,19.0,1.0,1,49.0,0.0,40.0,1,1,0
2231,31.0,3.0,21.0,1.0,2,49.0,0.0,40.0,1,1,0
2232,64.0,7.0,16.0,1.0,1,49.0,0.0,40.0,0,1,1
2233,43.0,1.0,16.0,1.0,0,49.0,0.0,40.0,1,1,1
2234,40.0,1.0,19.0,1.0,2,49.0,0.0,40.0,1,1,1
2235,83.0,7.0,16.0,1.0,1,49.0,12.0,40.0,1,1,1
2236,83.0,2.0,22.0,1.0,2,49.0,0.0,75.0,1,0,1
2237,19.0,2.0,19.0,1.0,1,49.0,1.0,40.0,1,1,1
2238,31.0,7.0,19.0,1.0,2,49.0,0.0,40.0,1,1,1
2239,60.0,2.0,21.0,1.0,1,49.0,1.0,40.0,1,1,1
2240,64.0,8.0,19.0,1.0,3,49.0,1.0,40.0,1,1,0
2241,43.0,7.0,16.0,1.0,2,49.0,0.0,40.0,1,1,0
2242,43.0,1.0,21.0,1.0,1,49.0,0.0,40.0,1,1,0
2243,19.0,2.0,16.0,1.0,1,49.0,1.0,40.0,1,1,1
2244,75.0,3.0,17.0,1.0,1,49.0,0.0,40.0,1,1,1
2245,83.0,1.0,16.0,1.0,1,49.0,0.0,40.0,1,1,1
2246,31.0,1.0,23.0,1.0,1,49.0,1.0,40.0,1,1,0
2247,75.0,2.0,19.0,1.0,3,49.0,0.0,40.0,1,1,1
2248,75.0,2.0,14.0,1.0,1,49.0,0.0,40.0,1,1,1
2249,42.0,2.0,19.0,1.0,1,49.0,0.0,40.0,1,0,1
2250,83.0,1.0,16.0,1.0,1,49.0,0.0,40.0,1,1,0
2251,83.0,3.0,16.0,3.0,0,49.0,1.0,40.0,1,1,0
2252,17.0,1.0,14.0,1.0,1,49.0,0.0,40.0,1,0,1
2253,60.0,1.0,16.0,1.0,0,49.0,0.0,40.0,1,1,1
2254,17.0,7.0,19.0,1.0,2,49.0,0.0,40.0,1,1,0
2255,31.0,3.0,19.0,1.0,2,49.0,0.0,40.0,1,1,1
2256,86.0,7.0,16.0,1.0,1,49.0,0.0,40.0,1,1,1
2257,31.0,2.0,16.0,1.0,1,49.0,0.0,27.0,1,1,1
2258,69.0,2.0,16.0,1.0,-1,49.0,0.0,40.0,1,1,0
2259,60.0,2.0,19.0,1.0,1,49.0,0.0,40.0,1,1,1
2260,69.0,3.0,16.0,1.0,4,49.0,0.0,40.0,1,1,1
2261,83.0,2.0,19.0,3.0,1,49.0,0.0,40.0,0,0,0
2262,43.0,1.0,16.0,1.0,0,49.0,0.0,40.0,1,1,1
2263,31.0,1.0,21.0,1.0,1,49.0,0.0,40.0,1,1,0
2264,83.0,1.0,21.0,1.0,1,49.0,13.0,40.0,0,1,1
2265,69.0,1.0,19.0,1.0,1,49.0,0.0,40.0,1,1,1
2266,66.0,3.0,16.0,1.0,1,49.0,0.0,40.0,1,1,0
2267,75.0,1.0,21.0,1.0,1,49.0,1.0,40.0,1,0,0
2268,17.0,1.0,19.0,1.0,1,49.0,0.0,40.0,1,1,1
2269,83.0,3.0,19.0,1.0,0,49.0,0.0,40.0,1,1,0
2270,36.0,3.0,21.0,1.0,0,49.0,0.0,40.0,1,1,0
2271,19.0,7.0,19.0,1.0,1,49.0,0.0,40.0,0,1,0
2272,43.0,1.0,16.0,1.0,1,49.0,0.0,40.0,1,1,1
2273,23.0,3.0,16.0,1.0,2,49.0,0.0,40.0,0,1,1
2274,64.0,1.0,19.0,1.0,0,49.0,1.0,40.0,1,1,1
2275,34.0,7.0,12.0,1.0,0,49.0,0.0,40.0,1,1,1
2276,75.0,7.0,16.0,1.0,5,49.0,0.0,40.0,0,1,0
2277,43.0,2.0,19.0,1.0,1,49.0,0.0,66.0,1,1,1
2278,75.0,1.0,21.0,1.0,2,49.0,0.0,40.0,1,1,1
2279,75.0,7.0,16.0,1.0,-1,49.0,0.0,40.0,1,1,1
2280,75.0,7.0,16.0,1.0,1,49.0,0.0,40.0,1,1,1
2281,83.0,2.0,19.0,1.0,1,49.0,1.0,40.0,1,1,0
2282,17.0,2.0,19.0,1.0,1,49.0,0.0,66.0,1,1,1
2283,43.0,1.0,16.0,1.0,1,49.0,0.0,40.0,1,1,0
2284,83.0,1.0,21.0,1.0,1,49.0,0.0,40.0,1,1,1
2285,83.0,2.0,19.0,1.0,1,49.0,0.0,40.0,0,1,0
2286,43.0,5.0,16.0,1.0,1,49.0,0.0,40.0,1,1,1
2287,75.0,1.0,21.0,1.0,0,49.0,0.0,40.0,1,1,0
2288,86.0,3.0,16.0,1.0,1,49.0,0.0,40.0,1,1,0
2289,36.0,3.0,16.0,1.0,1,49.0,1.0,30.0,0,1,0
2290,31.0,2.0,19.0,1.0,1,49.0,0.0,40.0,0,1,1
2291,31.0,7.0,16.0,1.0,1,49.0,0.0,40.0,1,1,1
2292,31.0,7.0,16.0,1.0,1,49.0,0.0,40.0,1,1,0
2293,83.0,3.0,19.0,1.0,1,49.0,0.0,40.0,1,1,1
2294,86.0,2.0,16.0,1.0,1,49.0,0.0,40.0,0,1,1
2295,31.0,2.0,21.0,1.0,1,49.0,0.0,40.0,1,1,0
2296,83.0,5.0,19.0,1.0,1,49.0,0.0,40.0,0,0,0
2297,60.0,2.0,19.0,1.0,0,49.0,1.0,40.0,1,1,1
2298,17.0,2.0,21.0,1.0,1,49.0,1.0,40.0,0,1,1
2299,19.0,5.0,21.0,1.0,0,49.0,0.0,40.0,1,1,0
2300,75.0,1.0,21.0,1.0,1,49.0,0.0,40.0,1,1,1
2301,43.0,1.0,19.0,1.0,0,49.0,0.0,40.0,1,1,1
2302,86.0,2.0,16.0,1.0,1,49.0,0.0,40.0,0,1,0
2303,36.0,3.0,19.0,1.0,4,49.0,1.0,32.0,1,1,0
2304,31.0,1.0,16.0,1.0,0,49.0,0.0,40.0,1,1,1
2305,31.0,2.0,19.0,1.0,2,49.0,0.0,40.0,1,1,1
2306,19.0,3.0,16.0,1.0,0,49.0,0.0,40.0,1,1,1
2307,83.0,2.0,16.0,1.0,1,49.0,0.0,40.0,1,1,1
2308,27.0,2.0,16.0,1.0,1,49.0,0.0,40.0,1,1,1
2309,31.0,2.0,21.0,1.0,1,49.0,0.0,40.0,1,1,1
2310,31.0,2.0,19.0,1.0,1,49.0,0.0,40.0,1,1,1
2311,75.0,1.0,16.0,1.0,1,49.0,0.0,40.0,0,1,1
2312,92.0,1.0,19.0,1.0,3,49.0,0.0,40.0,0,1,0
2313,83.0,7.0,21.0,1.0,1,49.0,0.0,40.0,0,1,1
2314,31.0,5.0,4.0,1.0,0,49.0,0.0,40.0,1,1,1
2315,83.0,2.0,19.0,1.0,0,49.0,0.0,40.0,0,1,1
2316,64.0,1.0,14.0,1.0,1,49.0,1.0,40.0,1,1,1
2317,83.0,1.0,19.0,1.0,1,49.0,0.0,40.0,1,1,0
2318,83.0,1.0,22.0,1.0,1,49.0,0.0,40.0,1,1,1
2319,19.0,1.0,19.0,1.0,1,49.0,1.0,40.0,0,1,0
2320,43.0,1.0,21.0,1.0,1,49.0,1.0,40.0,1,1,1
2321,31.0,7.0,21.0,1.0,1,49.0,0.0,40.0,1,1,1
2322,83.0,7.0,16.0,1.0,1,49.0,0.0,40.0,1,1,1
2323,86.0,1.0,16.0,1.0,0,49.0,0.0,40.0,1,1,1
2324,83.0,5.0,21.0,1.0,0,49.0,1.0,40.0,1,1,0
2325,36.0,1.0,16.0,1.0,1,49.0,0.0,40.0,0,1,1
2326,60.0,3.0,24.0,1.0,1,49.0,0.0,40.0,1,1,1
2327,19.0,2.0,19.0,1.0,1,49.0,0.0,40.0,1,1,0
2328,19.0,3.0,16.0,1.0,1,49.0,0.0,40.0,1,1,1
2329,32.0,3.0,16.0,1.0,1,49.0,0.0,66.0,1,1,1
2330,92.0,3.0,19.0,1.0,2,49.0,0.0,40.0,1,1,0
2331,75.0,2.0,24.0,1.0,0,49.0,0.0,40.0,1,1,1
2332,83.0,3.0,16.0,2.0,0,49.0,0.0,40.0,1,1,1
2333,36.0,3.0,16.0,1.0,1,49.0,1.0,40.0,1,1,1
2334,64.0,1.0,16.0,1.0,1,49.0,1.0,40.0,1,1,1
2335,83.0,7.0,16.0,5.0,1,12.0,0.0,40.0,1,1,0
2336,43.0,1.0,16.0,1.0,1,49.0,0.0,40.0,1,1,0
2337,83.0,3.0,16.0,1.0,1,49.0,0.0,40.0,0,1,1
2338,31.0,2.0,16.0,1.0,1,49.0,0.0,40.0,1,1,1
2339,64.0,1.0,16.0,1.0,4,49.0,0.0,40.0,1,1,1
2340,36.0,5.0,16.0,1.0,1,49.0,0.0,40.0,1,1,0
2341,64.0,2.0,16.0,1.0,2,49.0,0.0,40.0,1,1,1
2342,83.0,5.0,16.0,1.0,0,49.0,0.0,40.0,1,0,0
2343,83.0,1.0,19.0,1.0,0,49.0,0.0,40.0,1,1,1
2344,92.0,3.0,16.0,1.0,1,49.0,0.0,40.0,1,1,1
2345,31.0,1.0,16.0,1.0,0,49.0,0.0,40.0,1,1,1
2346,43.0,1.0,19.0,1.0,1,49.0,0.0,40.0,0,1,1
2347,17.0,5.0,19.0,1.0,1,49.0,0.0,40.0,1,0,1
2348,83.0,2.0,16.0,5.0,1,49.0,0.0,40.0,1,1,0
2349,17.0,1.0,19.0,1.0,1,49.0,0.0,40.0,1,1,1
2350,36.0,1.0,19.0,1.0,0,49.0,9.0,40.0,1,1,1
2351,84.0,7.0,16.0,1.0,0,49.0,0.0,40.0,1,1,1
2352,19.0,2.0,16.0,1.0,0,49.0,0.0,40.0,1,1,1
2353,32.0,3.0,19.0,1.0,1,49.0,1.0,40.0,1,1,0
2354,36.0,2.0,19.0,1.0,1,49.0,0.0,40.0,0,1,1
2355,64.0,7.0,16.0,1.0,1,49.0,0.0,40.0,1,1,0
2356,43.0,1.0,21.0,1.0,1,49.0,0.0,40.0,0,1,0
2357,83.0,2.0,16.0,1.0,1,49.0,0.0,66.0,1,1,0
2358,75.0,2.0,19.0,1.0,1,203.0,1.0,40.0,1,1,1
2359,83.0,2.0,19.0,1.0,1,49.0,1.0,40.0,1,1,0
2360,36.0,2.0,19.0,1.0,0,49.0,0.0,40.0,1,0,1
2361,86.0,3.0,19.0,1.0,0,49.0,0.0,40.0,1,1,1
2362,43.0,5.0,16.0,1.0,4,49.0,1.0,40.0,1,1,1
2363,75.0,1.0,21.0,1.0,1,49.0,0.0,40.0,1,1,1
2364,86.0,5.0,16.0,1.0,1,49.0,0.0,40.0,1,1,1
2365,19.0,3.0,21.0,1.0,0,363.0,0.0,40.0,1,0,1
2366,31.0,7.0,22.0,1.0,1,49.0,0.0,40.0,1,1,1
2367,75.0,2.0,16.0,1.0,1,49.0,0.0,40.0,1,1,0
2368,17.0,7.0,19.0,1.0,1,49.0,0.0,40.0,1,1,1
2369,30.0,6.0,21.0,1.0,0,49.0,1.0,40.0,1,1,1
2370,17.0,2.0,21.0,1.0,1,49.0,0.0,40.0,1,0,1
2371,23.0,2.0,24.0,1.0,2,49.0,13.0,40.0,1,0,0
2372,36.0,6.0,19.0,1.0,1,49.0,1.0,40.0,1,1,0
2373,83.0,7.0,16.0,1.0,1,49.0,1.0,40.0,1,1,0
2374,43.0,1.0,16.0,1.0,1,49.0,1.0,40.0,1,1,1
2375,19.0,1.0,16.0,1.0,0,49.0,0.0,40.0,1,1,0
2376,43.0,1.0,16.0,1.0,1,49.0,0.0,40.0,1,1,1
2377,19.0,2.0,21.0,1.0,1,49.0,0.0,40.0,1,1,0
2378,36.0,2.0,22.0,1.0,0,49.0,0.0,40.0,1,1,0
2379,32.0,1.0,19.0,1.0,1,49.0,1.0,66.0,1,1,1
2380,60.0,6.0,19.0,1.0,1,49.0,0.0,40.0,1,1,0
2381,75.0,3.0,19.0,1.0,-1,49.0,0.0,40.0,0,1,1
2382,60.0,5.0,19.0,1.0,2,49.0,0.0,40.0,0,1,0
2383,19.0,1.0,19.0,1.0,1,238.0,0.0,40.0,1,1,1
2384,19.0,7.0,21.0,1.0,1,49.0,1.0,40.0,1,0,0
2385,31.0,8.0,19.0,1.0,0,49.0,1.0,40.0,1,1,1
2386,31.0,7.0,22.0,1.0,2,49.0,1.0,40.0,1,1,1
2387,31.0,2.0,16.0,1.0,1,49.0,0.0,40.0,1,1,0
2388,19.0,7.0,19.0,1.0,0,49.0,1.0,40.0,1,1,1
2389,19.0,2.0,16.0,1.0,0,49.0,0.0,40.0,1,1,0
2390,83.0,1.0,19.0,1.0,1,49.0,0.0,40.0,1,1,1
2391,75.0,5.0,23.0,1.0,1,49.0,0.0,40.0,0,1,0
2392,83.0,1.0,19.0,1.0,2,49.0,0.0,40.0,1,1,0
2393,75.0,3.0,16.0,1.0,1,49.0,1.0,40.0,1,0,0
2394,75.0,1.0,16.0,1.0,5,49.0,1.0,40.0,1,1,1
2395,75.0,6.0,22.0,1.0,0,49.0,0.0,40.0,0,0,0
2396,19.0,2.0,21.0,1.0,1,49.0,0.0,14.0,0,1,0
2397,19.0,3.0,21.0,1.0,0,49.0,0.0,40.0,1,1,1
2398,83.0,2.0,21.0,1.0,1,49.0,0.0,40.0,1,1,1
2399,86.0,7.0,16.0,1.0,0,49.0,0.0,40.0,1,0,1
2400,43.0,3.0,22.0,1.0,1,49.0,0.0,40.0,1,1,1
2401,75.0,3.0,19.0,1.0,1,49.0,0.0,32.0,1,1,0
2402,19.0,1.0,16.0,1.0,1,49.0,0.0,40.0,1,1,1
2403,69.0,3.0,19.0,1.0,1,49.0,0.0,40.0,1,1,1
2404,83.0,5.0,19.0,1.0,1,49.0,0.0,40.0,1,1,0
2405,17.0,5.0,19.0,1.0,1,49.0,0.0,40.0,1,1,0
2406,81.0,7.0,21.0,5.0,1,49.0,0.0,40.0,1,1,0
2407,75.0,3.0,19.0,1.0,1,49.0,0.0,40.0,1,1,1
2408,83.0,3.0,19.0,1.0,1,49.0,0.0,40.0,1,1,1
2409,31.0,2.0,19.0,1.0,2,416.0,0.0,30.0,0,1,1
2410,19.0,2.0,21.0,1.0,1,49.0,0.0,40.0,0,1,1
2411,19.0,5.0,16.0,1.0,1,49.0,1.0,40.0,0,1,0
2412,19.0,2.0,16.0,1.0,1,49.0,0.0,40.0,1,1,1
2413,83.0,5.0,16.0,1.0,1,49.0,0.0,40.0,1,1,1
2414,31.0,2.0,16.0,1.0,0,49.0,9.0,40.0,1,1,1
2415,31.0,7.0,21.0,1.0,1,49.0,0.0,40.0,1,1,0
2416,86.0,5.0,16.0,1.0,1,49.0,1.0,40.0,1,1,0
2417,31.0,7.0,16.0,1.0,1,49.0,0.0,40.0,1,0,1
2418,43.0,3.0,19.0,1.0,1,49.0,0.0,40.0,1,0,0
2419,31.0,2.0,19.0,3.0,1,49.0,0.0,40.0,0,1,1
2420,27.0,8.0,19.0,1.0,1,49.0,0.0,40.0,1,1,1
2421,83.0,3.0,19.0,1.0,1,49.0,1.0,40.0,0,1,1
2422,43.0,3.0,16.0,1.0,2,49.0,0.0,40.0,1,0,0
2423,35.0,1.0,14.0,1.0,1,49.0,1.0,30.0,1,1,0
2424,17.0,5.0,21.0,1.0,1,49.0,1.0,40.0,1,1,1
2425,36.0,2.0,19.0,1.0,0,49.0,0.0,40.0,1,1,1
2426,86.0,1.0,19.0,1.0,1,49.0,0.0,40.0,1,1,0
2427,43.0,1.0,16.0,1.0,2,49.0,0.0,40.0,1,1,1
2428,86.0,2.0,19.0,1.0,1,49.0,0.0,40.0,1,1,0
2429,64.0,7.0,16.0,1.0,1,49.0,0.0,40.0,0,0,1
2430,19.0,1.0,16.0,1.0,1,49.0,0.0,40.0,1,1,1
2431,86.0,1.0,19.0,1.0,1,49.0,1.0,40.0,1,1,0
2432,31.0,1.0,16.0,1.0,1,49.0,0.0,40.0,1,1,1
2433,86.0,2.0,21.0,1.0,1,49.0,1.0,40.0,0,1,1
2434,17.0,2.0,16.0,1.0,0,136.0,2.0,40.0,0,1,0
2435,19.0,5.0,19.0,1.0,1,436.0,1.0,40.0,1,1,1
2436,75.0,1.0,19.0,1.0,1,49.0,0.0,40.0,0,1,1
2437,83.0,1.0,19.0,1.0,1,49.0,0.0,40.0,1,1,0
2438,75.0,5.0,16.0,1.0,4,49.0,1.0,40.0,1,1,1
2439,31.0,1.0,16.0,1.0,1,49.0,0.0,40.0,0,0,1
2440,17.0,2.0,21.0,5.0,1,49.0,1.0,40.0,1,1,1
2441,31.0,1.0,16.0,1.0,5,49.0,0.0,40.0,1,1,1
2442,83.0,1.0,19.0,1.0,1,49.0,1.0,40.0,0,1,1
2443,74.0,2.0,19.0,1.0,1,49.0,0.0,40.0,1,1,0
2444,75.0,3.0,19.0,1.0,0,49.0,0.0,40.0,1,1,0
2445,19.0,1.0,21.0,1.0,1,49.0,0.0,40.0,1,1,0
2446,31.0,7.0,21.0,1.0,0,49.0,1.0,40.0,1,1,1
2447,19.0,1.0,19.0,1.0,1,49.0,5.0,40.0,1,1,0
2448,83.0,1.0,21.0,1.0,0,49.0,0.0,40.0,1,0,0
2449,86.0,1.0,16.0,1.0,1,49.0,0.0,40.0,1,1,0
2450,83.0,1.0,16.0,1.0,1,49.0,12.0,40.0,1,1,1
2451,69.0,1.0,22.0,1.0,1,49.0,0.0,40.0,0,1,1
2452,75.0,2.0,16.0,1.0,1,49.0,0.0,30.0,1,0,0
2453,36.0,7.0,14.0,1.0,1,49.0,0.0,40.0,1,1,1
2454,31.0,2.0,16.0,1.0,1,49.0,0.0,40.0,1,1,1
2455,83.0,3.0,16.0,1.0,0,49.0,0.0,40.0,0,1,1
2456,69.0,1.0,16.0,1.0,0,49.0,1.0,40.0,1,0,1
2457,83.0,7.0,16.0,1.0,1,49.0,0.0,40.0,1,1,1
2458,83.0,5.0,16.0,4.0,1,49.0,0.0,40.0,0,1,1
2459,43.0,5.0,19.0,1.0,1,49.0,0.0,40.0,1,1,0
2460,60.0,3.0,9.0,1.0,4,49.0,0.0,40.0,1,1,0
2461,31.0,2.0,16.0,1.0,0,49.0,0.0,40.0,0,1,1
2462,19.0,2.0,19.0,1.0,1,49.0,0.0,40.0,1,1,0
2463,31.0,2.0,19.0,1.0,0,49.0,1.0,40.0,1,1,0
2464,83.0,3.0,16.0,1.0,0,49.0,0.0,40.0,1,1,0
2465,83.0,6.0,16.0,1.0,1,49.0,0.0,40.0,1,1,0
2466,83.0,1.0,19.0,1.0,1,49.0,0.0,40.0,1,1,0
2467,83.0,2.0,16.0,1.0,1,49.0,0.0,40.0,1,1,1
2468,75.0,5.0,16.0,1.0,1,49.0,0.0,40.0,1,1,1
2469,43.0,1.0,4.0,1.0,0,49.0,0.0,40.0,1,1,0
2470,17.0,2.0,16.0,1.0,1,49.0,0.0,91.0,1,1,1
2471,17.0,1.0,16.0,1.0,2,49.0,0.0,40.0,0,1,0
2472,31.0,3.0,21.0,1.0,1,49.0,0.0,40.0,1,1,0
2473,43.0,5.0,19.0,1.0,0,49.0,0.0,40.0,1,1,1
2474,75.0,1.0,23.0,1.0,1,49.0,0.0,40.0,1,1,0
2475,32.0,7.0,19.0,1.0,1,49.0,0.0,40.0,0,0,1
2476,64.0,5.0,21.0,1.0,0,49.0,0.0,40.0,0,1,1
2477,83.0,3.0,16.0,1.0,1,49.0,0.0,40.0,1,1,0
2478,31.0,2.0,16.0,1.0,1,49.0,0.0,40.0,1,1,0
2479,83.0,3.0,16.0,1.0,1,49.0,13.0,47.0,0,1,1
2480,31.0,1.0,16.0,1.0,0,49.0,0.0,40.0,0,1,1
2481,92.0,7.0,21.0,1.0,1,49.0,0.0,40.0,1,1,0
2482,32.0,1.0,19.0,1.0,1,49.0,0.0,40.0,1,1,1
2483,31.0,1.0,16.0,1.0,1,49.0,0.0,40.0,1,1,1
2484,32.0,2.0,16.0,1.0,1,49.0,0.0,40.0,1,1,0
2485,60.0,7.0,16.0,1.0,1,49.0,0.0,40.0,1,1,1
2486,31.0,2.0,19.0,1.0,1,49.0,5.0,40.0,1,0,1
2487,17.0,1.0,16.0,1.0,1,49.0,0.0,40.0,0,0,1
2488,31.0,5.0,16.0,1.0,1,49.0,0.0,40.0,1,1,0
2489,19.0,3.0,19.0,1.0,1,49.0,0.0,40.0,1,1,1
2490,75.0,1.0,16.0,1.0,1,49.0,0.0,40.0,1,1,1
2491,83.0,1.0,19.0,1.0,1,49.0,0.0,40.0,1,0,0
2492,75.0,7.0,16.0,1.0,1,49.0,0.0,40.0,1,0,1
2493,31.0,7.0,21.0,1.0,1,49.0,0.0,40.0,1,0,1
2494,31.0,3.0,16.0,1.0,0,49.0,0.0,40.0,1,1,0
2495,83.0,2.0,16.0,1.0,4,49.0,0.0,40.0,1,1,1
2496,75.0,7.0,16.0,3.0,2,49.0,0.0,40.0,1,1,0
2497,75.0,3.0,4.0,1.0,1,49.0,0.0,40.0,1,1,0
2498,60.0,2.0,16.0,1.0,0,49.0,0.0,40.0,1,1,1
2499,19.0,7.0,19.0,5.0,1,49.0,0.0,40.0,1,1,1
2500,83.0,7.0,16.0,1.0,1,49.0,0.0,40.0,1,0,1
2501,60.0,4.0,16.0,1.0,2,49.0,0.0,40.0,1,1,1
2502,43.0,1.0,16.0,1.0,2,49.0,0.0,40.0,1,1,0
2503,31.0,5.0,19.0,1.0,1,49.0,1.0,40.0,1,1,1
2504,70.0,7.0,21.0,1.0,0,49.0,0.0,40.0,1,0,1
2505,43.0,5.0,19.0,1.0,3,49.0,0.0,40.0,1,1,1
2506,31.0,1.0,19.0,1.0,1,49.0,0.0,40.0,1,0,1
2507,17.0,7.0,19.0,1.0,1,49.0,0.0,40.0,1,1,0
2508,31.0,7.0,19.0,1.0,2,49.0,0.0,40.0,0,1,1
2509,83.0,2.0,19.0,1.0,1,49.0,10.0,40.0,1,1,0
2510,86.0,3.0,24.0,1.0,1,49.0,1.0,91.0,1,1,1
2511,83.0,1.0,16.0,1.0,1,49.0,0.0,40.0,1,1,1
2512,69.0,3.0,16.0,1.0,2,49.0,0.0,40.0,1,1,1
2513,75.0,2.0,21.0,1.0,1,49.0,0.0,40.0,0,0,0
2514,31.0,2.0,16.0,1.0,1,49.0,0.0,40.0,1,1,1
2515,19.0,3.0,21.0,1.0,1,242.0,0.0,40.0,1,1,1
2516,75.0,7.0,19.0,1.0,1,49.0,1.0,40.0,1,1,1
2517,69.0,1.0,16.0,1.0,1,49.0,0.0,40.0,0,1,0
2518,82.0,7.0,19.0,1.0,0,49.0,0.0,40.0,1,0,1
2519,64.0,3.0,16.0,1.0,0,49.0,0.0,40.0,1,1,0
2520,86.0,5.0,19.0,1.0,1,49.0,0.0,40.0,1,1,1
2521,31.0,1.0,22.0,1.0,0,49.0,1.0,40.0,0,1,1
2522,83.0,3.0,16.0,1.0,1,49.0,0.0,40.0,1,1,1
2523,60.0,7.0,19.0,1.0,0,49.0,1.0,40.0,1,1,0
2524,36.0,1.0,19.0,1.0,1,49.0,0.0,40.0,1,1,0
2525,83.0,1.0,19.0,1.0,1,49.0,0.0,40.0,1,1,1
2526,36.0,2.0,21.0,1.0,1,49.0,0.0,40.0,1,1,1
2527,31.0,7.0,21.0,5.0,1,49.0,0.0,40.0,0,1,0
2528,83.0,5.0,21.0,1.0,1,49.0,1.0,40.0,1,1,1
2529,32.0,2.0,16.0,1.0,1,49.0,0.0,40.0,1,1,1
2530,31.0,1.0,16.0,1.0,2,49.0,0.0,40.0,1,0,1
2531,75.0,3.0,16.0,1.0,-1,49.0,0.0,40.0,1,1,0
2532,81.0,1.0,19.0,1.0,1,49.0,0.0,40.0,1,1,1
2533,75.0,7.0,21.0,1.0,1,49.0,5.0,40.0,1,1,0
2534,83.0,2.0,22.0,3.0,1,49.0,1.0,40.0,0,1,1
2535,83.0,2.0,19.0,1.0,1,49.0,0.0,40.0,1,1,1
2536,43.0,2.0,19.0,1.0,1,49.0,0.0,40.0,1,1,0
2537,83.0,2.0,8.0,1.0,0,49.0,1.0,40.0,1,1,1
2538,54.0,1.0,19.0,1.0,1,49.0,0.0,40.0,1,1,1
2539,43.0,3.0,16.0,1.0,2,49.0,1.0,40.0,1,1,0
2540,60.0,3.0,21.0,1.0,2,49.0,0.0,40.0,1,1,0
2541,17.0,7.0,16.0,5.0,0,49.0,0.0,40.0,1,1,0
2542,86.0,2.0,6.0,5.0,0,49.0,0.0,40.0,1,1,0
2543,86.0,2.0,19.0,1.0,0,49.0,0.0,40.0,1,1,1
2544,69.0,7.0,16.0,1.0,1,49.0,1.0,40.0,1,1,0
2545,86.0,1.0,16.0,1.0,1,49.0,0.0,40.0,0,1,0
2546,17.0,2.0,16.0,1.0,0,49.0,12.0,40.0,1,1,1
2547,83.0,3.0,16.0,1.0,1,49.0,0.0,40.0,1,1,1
2548,83.0,5.0,16.0,1.0,0,49.0,15.0,40.0,0,1,0
2549,75.0,1.0,16.0,1.0,1,49.0,0.0,40.0,1,1,0
2550,31.0,5.0,19.0,1.0,1,49.0,0.0,40.0,0,1,1
2551,69.0,5.0,8.0,1.0,1,49.0,0.0,40.0,0,1,1
2552,75.0,2.0,16.0,1.0,1,49.0,0.0,40.0,1,1,1
2553,83.0,1.0,19.0,1.0,4,49.0,0.0,40.0,1,1,1
2554,75.0,1.0,4.0,1.0,1,49.0,0.0,40.0,1,1,1
2555,83.0,3.0,21.0,1.0,1,49.0,0.0,40.0,0,1,1
2556,83.0,1.0,16.0,1.0,0,49.0,0.0,40.0,1,1,0
2557,83.0,2.0,16.0,1.0,1,49.0,0.0,40.0,1,1,1
2558,83.0,3.0,21.0,1.0,0,49.0,0.0,40.0,0,1,1
2559,83.0,1.0,16.0,1.0,1,49.0,0.0,40.0,1,1,1
2560,32.0,3.0,16.0,1.0,4,49.0,0.0,40.0,1,1,0
2561,31.0,1.0,16.0,3.0,1,49.0,0.0,40.0,1,1,1
2562,71.0,5.0,21.0,1.0,3,49.0,0.0,40.0,1,1,0
2563,83.0,7.0,16.0,1.0,1,49.0,0.0,40.0,1,0,1
2564,32.0,7.0,19.0,1.0,0,49.0,1.0,40.0,1,0,1
2565,31.0,1.0,21.0,1.0,1,49.0,0.0,40.0,0,1,0
2566,87.0,2.0,16.0,1.0,1,49.0,0.0,40.0,1,0,1
2567,19.0,7.0,16.0,1.0,1,49.0,0.0,40.0,0,1,1
2568,60.0,5.0,16.0,3.0,1,49.0,0.0,40.0,1,1,1
2569,75.0,7.0,7.0,1.0,1,49.0,0.0,40.0,1,1,1
2570,32.0,7.0,19.0,1.0,2,49.0,1.0,40.0,1,1,0
2571,83.0,7.0,16.0,1.0,1,49.0,0.0,14.0,1,1,0
2572,75.0,1.0,16.0,1.0,1,49.0,0.0,40.0,1,1,1
2573,40.0,3.0,16.0,1.0,4,49.0,1.0,40.0,1,1,1
2574,83.0,3.0,16.0,1.0,0,49.0,0.0,40.0,0,1,1
2575,40.0,1.0,19.0,1.0,1,49.0,0.0,40.0,1,1,1
2576,83.0,2.0,19.0,1.0,0,49.0,1.0,40.0,1,1,1
2577,83.0,5.0,21.0,1.0,1,49.0,0.0,40.0,0,1,1
2578,31.0,7.0,16.0,1.0,1,49.0,0.0,40.0,0,1,1
2579,36.0,3.0,20.0,1.0,1,49.0,1.0,40.0,1,0,0
2580,60.0,1.0,16.0,1.0,1,49.0,0.0,40.0,1,1,0
2581,60.0,1.0,21.0,1.0,1,49.0,0.0,20.0,1,1,1
2582,83.0,7.0,21.0,1.0,1,49.0,0.0,40.0,1,1,1
2583,83.0,3.0,16.0,1.0,0,49.0,1.0,40.0,1,1,1
2584,31.0,7.0,16.0,1.0,1,49.0,0.0,40.0,1,1,0
2585,31.0,7.0,16.0,1.0,1,49.0,0.0,40.0,1,1,1
2586,32.0,5.0,16.0,1.0,1,49.0,0.0,40.0,1,1,0
2587,17.0,1.0,11.0,1.0,0,49.0,0.0,40.0,1,1,1
2588,19.0,7.0,16.0,1.0,1,49.0,0.0,62.0,1,1,1
2589,83.0,7.0,16.0,1.0,-1,49.0,0.0,40.0,1,1,1
2590,19.0,1.0,16.0,1.0,1,49.0,0.0,40.0,1,1,1
2591,60.0,1.0,16.0,1.0,0,49.0,0.0,40.0,0,1,1
2592,83.0,1.0,16.0,1.0,1,49.0,0.0,40.0,1,1,0
2593,36.0,3.0,16.0,1.0,1,49.0,0.0,40.0,0,1,1
2594,75.0,1.0,17.0,5.0,1,49.0,0.0,40.0,1,0,0
2595,75.0,7.0,19.0,1.0,1,49.0,0.0,30.0,1,1,0
2596,75.0,3.0,19.0,1.0,2,49.0,0.0,40.0,1,1,0
2597,34.0,3.0,16.0,1.0,1,49.0,0.0,40.0,0,0,0
2598,83.0,1.0,16.0,1.0,0,49.0,1.0,40.0,1,1,0
2599,75.0,5.0,12.0,1.0,1,49.0,0.0,40.0,1,1,0
2600,75.0,1.0,16.0,1.0,1,49.0,0.0,40.0,1,1,0
2601,75.0,7.0,16.0,1.0,2,49.0,0.0,40.0,1,1,0
2602,75.0,1.0,21.0,1.0,1,49.0,0.0,40.0,1,1,0
2603,64.0,2.0,21.0,1.0,5,49.0,1.0,40.0,1,1,0
2604,83.0,1.0,19.0,1.0,1,49.0,0.0,30.0,0,1,1
2605,17.0,2.0,16.0,1.0,1,49.0,0.0,40.0,1,1,0
2606,64.0,2.0,21.0,1.0,1,49.0,0.0,40.0,1,1,0
2607,17.0,2.0,19.0,1.0,1,49.0,1.0,40.0,1,0,1
2608,36.0,1.0,16.0,1.0,1,49.0,0.0,40.0,1,1,1
2609,75.0,5.0,16.0,1.0,1,49.0,0.0,40.0,1,1,1
2610,86.0,1.0,19.0,1.0,1,49.0,1.0,40.0,1,1,0
2611,83.0,3.0,21.0,1.0,1,49.0,0.0,40.0,1,1,1
2612,83.0,7.0,16.0,1.0,1,49.0,0.0,40.0,1,1,1
2613,43.0,1.0,16.0,1.0,0,49.0,0.0,40.0,1,1,0
2614,31.0,1.0,16.0,1.0,1,49.0,0.0,40.0,1,1,0
2615,31.0,3.0,19.0,1.0,2,49.0,0.0,40.0,1,1,1
2616,83.0,3.0,19.0,1.0,1,49.0,0.0,40.0,1,1,0
2617,19.0,2.0,19.0,1.0,0,49.0,0.0,40.0,1,1,1
2618,31.0,2.0,19.0,1.0,1,49.0,0.0,40.0,0,1,0
2619,31.0,3.0,16.0,1.0,1,49.0,0.0,40.0,0,1,1
2620,86.0,5.0,16.0,1.0,1,49.0,0.0,40.0,1,1,0
2621,69.0,7.0,16.0,1.0,0,49.0,1.0,40.0,0,1,1
2622,86.0,7.0,16.0,1.0,0,49.0,0.0,40.0,1,0,0
2623,36.0,2.0,19.0,1.0,1,49.0,0.0,40.0,1,1,1
2624,17.0,1.0,19.0,1.0,1,49.0,0.0,40.0,1,1,1
2625,83.0,7.0,21.0,1.0,1,49.0,0.0,40.0,1,1,1
2626,42.0,2.0,16.0,1.0,1,49.0,1.0,40.0,0,1,0
2627,31.0,2.0,19.0,5.0,2,49.0,0.0,40.0,0,1,0
2628,17.0,1.0,16.0,1.0,4,49.0,0.0,40.0,1,1,0
2629,75.0,5.0,16.0,3.0,1,49.0,0.0,40.0,0,1,0
2630,19.0,7.0,24.0,1.0,1,49.0,1.0,40.0,1,1,0
2631,31.0,2.0,4.0,1.0,1,49.0,1.0,40.0,0,1,1
2632,31.0,7.0,16.0,1.0,1,49.0,0.0,40.0,0,1,0
2633,31.0,2.0,19.0,1.0,1,49.0,0.0,40.0,1,1,1
2634,19.0,7.0,16.0,1.0,1,49.0,0.0,40.0,1,1,0
2635,19.0,5.0,16.0,1.0,1,49.0,0.0,40.0,1,1,0
2636,60.0,3.0,16.0,5.0,1,49.0,0.0,40.0,0,1,1
2637,83.0,2.0,19.0,1.0,1,49.0,0.0,19.0,1,1,0
2638,83.0,3.0,16.0,1.0,2,49.0,0.0,40.0,1,1,1
2639,43.0,2.0,19.0,1.0,0,49.0,0.0,40.0,1,1,1
2640,17.0,6.0,21.0,1.0,0,49.0,0.0,40.0,1,1,1
2641,36.0,3.0,16.0,1.0,1,49.0,1.0,40.0,1,1,1
2642,31.0,1.0,19.0,1.0,2,49.0,0.0,14.0,1,1,1
2643,43.0,1.0,21.0,1.0,1,49.0,1.0,40.0,1,1,0
2644,83.0,1.0,16.0,1.0,2,49.0,1.0,40.0,1,1,1
2645,86.0,1.0,9.0,1.0,1,49.0,0.0,40.0,0,0,0
2646,83.0,7.0,16.0,1.0,1,49.0,0.0,40.0,1,1,1
2647,31.0,1.0,16.0,1.0,1,49.0,0.0,40.0,1,1,1
2648,32.0,2.0,21.0,1.0,5,49.0,0.0,40.0,1,1,1
2649,43.0,7.0,16.0,1.0,0,49.0,1.0,40.0,1,1,1
2650,17.0,4.0,19.0,1.0,1,49.0,0.0,40.0,0,1,0
2651,83.0,2.0,19.0,1.0,0,49.0,0.0,40.0,0,1,1
2652,19.0,3.0,16.0,1.0,1,49.0,0.0,33.0,1,1,1
2653,31.0,2.0,16.0,4.0,1,49.0,0.0,40.0,1,1,1
2654,64.0,5.0,16.0,1.0,0,49.0,0.0,40.0,0,1,1
2655,83.0,5.0,19.0,1.0,1,49.0,0.0,40.0,1,0,1
2656,31.0,2.0,19.0,1.0,1,49.0,0.0,40.0,1,0,1
2657,32.0,8.0,21.0,1.0,1,49.0,0.0,40.0,1,1,1
2658,32.0,3.0,16.0,1.0,1,49.0,0.0,40.0,0,1,0
2659,36.0,1.0,16.0,1.0,1,49.0,0.0,40.0,1,1,0
2660,83.0,1.0,19.0,1.0,1,49.0,1.0,40.0,1,1,1
2661,83.0,2.0,16.0,1.0,0,49.0,0.0,40.0,1,1,1
2662,83.0,7.0,19.0,1.0,1,49.0,0.0,40.0,1,1,1
2663,77.0,1.0,21.0,1.0,1,49.0,1.0,40.0,0,1,0
2664,36.0,3.0,21.0,1.0,5,49.0,0.0,40.0,1,1,0
2665,43.0,2.0,16.0,1.0,1,49.0,0.0,40.0,0,1,1
2666,83.0,1.0,16.0,1.0,2,49.0,0.0,40.0,0,1,0
2667,83.0,2.0,19.0,1.0,4,49.0,0.0,40.0,1,1,0
2668,43.0,5.0,19.0,1.0,1,49.0,0.0,40.0,1,1,1
2669,32.0,7.0,19.0,1.0,1,49.0,14.0,40.0,1,1,1
2670,43.0,3.0,16.0,1.0,1,49.0,0.0,40.0,0,1,0
2671,31.0,3.0,19.0,1.0,1,49.0,0.0,40.0,0,1,0
2672,86.0,1.0,19.0,1.0,1,49.0,7.0,40.0,1,1,1
2673,43.0,7.0,19.0,3.0,1,49.0,0.0,40.0,1,0,0
2674,83.0,1.0,19.0,1.0,1,38.0,11.0,40.0,1,1,0
2675,17.0,3.0,19.0,1.0,1,49.0,0.0,40.0,1,1,0
2676,43.0,3.0,4.0,1.0,1,49.0,0.0,40.0,1,1,1
2677,83.0,7.0,19.0,5.0,1,49.0,0.0,40.0,0,1,0
2678,31.0,5.0,22.0,1.0,1,49.0,0.0,40.0,1,1,1
2679,36.0,2.0,21.0,1.0,1,49.0,0.0,40.0,0,1,1
2680,83.0,2.0,19.0,1.0,1,49.0,0.0,40.0,0,1,0
2681,43.0,1.0,24.0,1.0,0,49.0,0.0,40.0,0,1,1
2682,92.0,7.0,21.0,1.0,0,49.0,0.0,40.0,1,0,1
2683,86.0,2.0,19.0,5.0,1,49.0,0.0,40.0,1,1,1
2684,83.0,7.0,7.0,1.0,1,49.0,1.0,40.0,1,1,1
2685,32.0,1.0,16.0,3.0,0,49.0,1.0,40.0,1,1,0
2686,75.0,3.0,19.0,1.0,1,49.0,0.0,40.0,1,1,1
2687,75.0,3.0,19.0,1.0,1,49.0,0.0,40.0,1,1,0
2688,75.0,7.0,21.0,1.0,5,49.0,0.0,40.0,1,1,1
2689,43.0,1.0,24.0,1.0,1,136.0,0.0,40.0,1,1,0
2690,83.0,2.0,19.0,1.0,1,49.0,0.0,40.0,1,1,1
2691,92.0,7.0,19.0,1.0,0,49.0,0.0,40.0,1,1,0
2692,83.0,1.0,16.0,1.0,1,49.0,1.0,40.0,0,1,1
2693,75.0,1.0,16.0,1.0,1,49.0,1.0,40.0,1,0,0
2694,31.0,3.0,16.0,1.0,1,49.0,0.0,40.0,1,0,1
2695,19.0,7.0,16.0,1.0,1,49.0,0.0,40.0,1,1,1
2696,83.0,5.0,16.0,1.0,1,49.0,0.0,40.0,1,1,0
2697,31.0,2.0,19.0,1.0,0,49.0,0.0,40.0,1,1,1
2698,64.0,5.0,19.0,1.0,5,49.0,1.0,40.0,1,1,1
2699,31.0,2.0,17.0,1.0,1,49.0,0.0,40.0,1,1,1
2700,83.0,2.0,16.0,1.0,1,49.0,0.0,40.0,1,1,1
2701,19.0,1.0,16.0,1.0,1,49.0,1.0,40.0,1,1,1
2702,83.0,2.0,21.0,1.0,1,49.0,1.0,40.0,1,1,1
2703,75.0,5.0,21.0,1.0,1,49.0,0.0,40.0,0,1,1
2704,31.0,7.0,19.0,5.0,1,49.0,0.0,40.0,0,1,1
2705,43.0,2.0,21.0,1.0,2,49.0,0.0,40.0,1,1,0
2706,36.0,3.0,16.0,1.0,1,49.0,0.0,40.0,1,1,0
2707,40.0,5.0,16.0,1.0,1,49.0,0.0,40.0,1,1,1
2708,75.0,8.0,24.0,1.0,1,49.0,0.0,40.0,0,1,0
2709,17.0,1.0,21.0,1.0,1,49.0,0.0,40.0,1,1,1
2710,83.0,2.0,16.0,3.0,1,49.0,1.0,40.0,1,1,1
2711,31.0,3.0,4.0,1.0,1,49.0,1.0,40.0,1,1,0
2712,43.0,1.0,16.0,1.0,0,49.0,0.0,40.0,1,1,1
2713,83.0,2.0,16.0,1.0,1,49.0,0.0,40.0,1,1,1
2714,43.0,1.0,19.0,1.0,1,49.0,0.0,40.0,1,0,1
2715,86.0,3.0,19.0,1.0,1,49.0,0.0,40.0,1,0,1
2716,43.0,5.0,19.0,1.0,1,49.0,1.0,40.0,1,1,0
2717,43.0,3.0,16.0,1.0,0,49.0,1.0,40.0,1,1,1
2718,83.0,2.0,19.0,1.0,1,49.0,0.0,40.0,1,1,1
2719,83.0,2.0,19.0,1.0,1,49.0,0.0,40.0,1,0,0
2720,31.0,2.0,19.0,1.0,0,49.0,0.0,30.0,1,1,1
2721,23.0,2.0,16.0,1.0,0,49.0,0.0,40.0,1,1,0
2722,31.0,5.0,6.0,1.0,1,49.0,1.0,40.0,1,1,1
2723,92.0,7.0,16.0,5.0,2,49.0,0.0,40.0,1,1,0
2724,92.0,2.0,4.0,1.0,0,49.0,0.0,40.0,1,1,0
2725,31.0,2.0,4.0,1.0,1,49.0,0.0,40.0,1,1,1
2726,31.0,1.0,16.0,1.0,0,49.0,0.0,40.0,1,1,1
2727,83.0,1.0,19.0,1.0,1,49.0,0.0,40.0,1,1,1
2728,36.0,3.0,16.0,5.0,1,2.0,0.0,40.0,1,1,1
2729,43.0,3.0,19.0,1.0,0,49.0,0.0,66.0,1,1,1
2730,83.0,3.0,21.0,1.0,2,49.0,0.0,40.0,1,0,1
2731,83.0,2.0,19.0,1.0,1,49.0,0.0,40.0,1,1,1
2732,75.0,7.0,21.0,1.0,1,49.0,0.0,40.0,0,1,1
2733,83.0,3.0,19.0,1.0,1,49.0,0.0,40.0,1,1,1
2734,92.0,1.0,4.0,1.0,5,49.0,0.0,40.0,1,1,1
2735,43.0,1.0,19.0,1.0,1,49.0,0.0,80.0,1,1,1
2736,74.0,2.0,16.0,1.0,0,49.0,0.0,40.0,1,1,1
2737,17.0,3.0,16.0,1.0,1,49.0,0.0,40.0,1,1,1
2738,31.0,7.0,19.0,1.0,1,49.0,0.0,40.0,1,1,1
2739,83.0,2.0,21.0,1.0,2,49.0,0.0,40.0,1,1,1
2740,31.0,1.0,19.0,1.0,1,49.0,0.0,40.0,1,1,0
2741,83.0,3.0,16.0,1.0,2,49.0,13.0,40.0,1,1,1
2742,36.0,2.0,16.0,1.0,0,49.0,0.0,40.0,1,1,1
2743,60.0,1.0,16.0,1.0,1,49.0,0.0,40.0,1,1,0
2744,31.0,2.0,21.0,1.0,-1,49.0,1.0,40.0,1,1,1
2745,19.0,3.0,19.0,1.0,1,49.0,0.0,40.0,1,1,1
2746,92.0,7.0,24.0,1.0,1,49.0,0.0,40.0,1,0,1
2747,75.0,3.0,19.0,1.0,1,49.0,0.0,40.0,1,1,1
2748,31.0,3.0,19.0,1.0,2,49.0,0.0,40.0,1,0,0
2749,64.0,2.0,16.0,1.0,1,49.0,0.0,40.0,1,1,0
2750,43.0,1.0,21.0,1.0,4,49.0,0.0,40.0,1,1,1
2751,19.0,2.0,19.0,1.0,1,49.0,0.0,40.0,1,0,0
2752,69.0,1.0,19.0,1.0,1,49.0,0.0,40.0,1,1,1
2753,69.0,1.0,19.0,1.0,1,49.0,0.0,40.0,1,1,0
2754,83.0,3.0,19.0,5.0,2,49.0,0.0,40.0,1,1,1
2755,26.0,1.0,19.0,1.0,1,49.0,0.0,40.0,0,1,0
2756,75.0,7.0,16.0,1.0,1,49.0,0.0,40.0,1,0,1
2757,83.0,7.0,19.0,1.0,0,49.0,0.0,40.0,1,1,1
2758,43.0,2.0,16.0,1.0,1,49.0,1.0,40.0,1,1,1
2759,83.0,2.0,21.0,1.0,2,49.0,0.0,40.0,1,1,1
2760,83.0,3.0,21.0,1.0,1,49.0,0.0,40.0,1,1,1
2761,31.0,2.0,16.0,1.0,1,49.0,0.0,40.0,1,1,0
2762,86.0,3.0,19.0,5.0,4,49.0,0.0,40.0,1,0,1
2763,43.0,1.0,16.0,1.0,0,49.0,0.0,40.0,1,0,1
2764,43.0,1.0,24.0,1.0,1,49.0,13.0,40.0,1,1,0
2765,36.0,2.0,21.0,1.0,1,49.0,1.0,40.0,0,1,1
2766,75.0,2.0,19.0,1.0,0,49.0,0.0,40.0,1,1,0
2767,47.0,3.0,19.0,1.0,0,49.0,0.0,40.0,1,1,1
2768,43.0,7.0,19.0,1.0,1,49.0,1.0,40.0,0,0,1
2769,92.0,5.0,19.0,1.0,0,49.0,0.0,40.0,1,1,1
2770,83.0,2.0,16.0,1.0,1,49.0,0.0,40.0,1,1,0
2771,31.0,7.0,21.0,1.0,2,49.0,0.0,40.0,1,0,0
2772,31.0,7.0,19.0,1.0,2,49.0,0.0,40.0,0,0,1
2773,75.0,2.0,19.0,1.0,0,49.0,0.0,40.0,1,1,1
2774,83.0,1.0,19.0,1.0,0,49.0,0.0,40.0,1,1,1
2775,75.0,7.0,19.0,1.0,0,229.0,0.0,40.0,1,1,1
2776,75.0,2.0,22.0,1.0,1,49.0,0.0,40.0,1,1,0
2777,75.0,1.0,21.0,1.0,1,49.0,0.0,40.0,1,1,1
2778,83.0,2.0,16.0,1.0,0,49.0,0.0,40.0,0,1,0
2779,43.0,2.0,19.0,1.0,1,49.0,0.0,40.0,1,1,1
2780,83.0,3.0,17.0,1.0,1,49.0,0.0,40.0,1,1,0
2781,83.0,7.0,21.0,5.0,1,49.0,0.0,40.0,1,1,0
2782,75.0,3.0,16.0,1.0,1,49.0,0.0,40.0,1,1,1
2783,31.0,2.0,22.0,1.0,1,49.0,0.0,40.0,1,1,1
2784,19.0,1.0,16.0,1.0,1,49.0,0.0,40.0,1,1,1
2785,43.0,5.0,16.0,1.0,1,49.0,0.0,40.0,1,1,1
2786,38.0,7.0,16.0,1.0,1,49.0,0.0,40.0,1,1,1
2787,19.0,2.0,22.0,1.0,1,49.0,0.0,40.0,0,1,0
2788,75.0,2.0,16.0,3.0,2,49.0,0.0,40.0,1,1,1
2789,32.0,1.0,16.0,1.0,1,49.0,0.0,40.0,1,1,0
2790,51.0,7.0,16.0,1.0,1,49.0,0.0,40.0,1,1,0
2791,31.0,2.0,19.0,1.0,1,49.0,0.0,10.0,1,1,1
2792,86.0,1.0,21.0,1.0,1,49.0,0.0,40.0,1,1,0
2793,75.0,2.0,21.0,1.0,1,49.0,0.0,40.0,1,1,1
2794,19.0,3.0,16.0,1.0,1,49.0,0.0,40.0,1,1,1
2795,75.0,5.0,16.0,1.0,1,49.0,0.0,40.0,1,1,1
2796,31.0,5.0,19.0,1.0,1,49.0,0.0,40.0,1,0,1
2797,19.0,7.0,16.0,1.0,0,49.0,0.0,40.0,1,1,1
2798,19.0,2.0,19.0,1.0,0,49.0,0.0,40.0,1,1,1
2799,31.0,7.0,16.0,1.0,0,49.0,0.0,40.0,1,1,0
2800,43.0,1.0,19.0,1.0,1,49.0,0.0,40.0,0,1,1
2801,19.0,2.0,16.0,1.0,2,49.0,1.0,40.0,1,1,1
2802,83.0,8.0,21.0,1.0,1,49.0,0.0,40.0,1,1,1
2803,60.0,3.0,17.0,1.0,1,49.0,0.0,40.0,0,1,0
2804,31.0,7.0,16.0,1.0,1,49.0,0.0,40.0,1,1,0
2805,81.0,2.0,19.0,1.0,1,49.0,0.0,40.0,1,0,1
2806,75.0,7.0,21.0,1.0,1,49.0,0.0,40.0,1,1,0
2807,31.0,3.0,14.0,1.0,1,49.0,0.0,40.0,1,1,1
2808,83.0,7.0,19.0,1.0,-1,49.0,1.0,40.0,1,1,1
2809,19.0,1.0,19.0,1.0,0,49.0,0.0,40.0,1,1,1
2810,43.0,2.0,19.0,1.0,1,49.0,1.0,40.0,1,1,1
2811,83.0,3.0,16.0,1.0,0,49.0,0.0,40.0,1,1,0
2812,83.0,1.0,21.0,1.0,2,49.0,0.0,40.0,1,1,1
2813,19.0,3.0,16.0,1.0,2,49.0,0.0,40.0,1,1,0
2814,64.0,1.0,19.0,3.0,1,49.0,2.0,40.0,0,1,1
2815,75.0,5.0,16.0,1.0,1,49.0,0.0,40.0,1,1,1
2816,75.0,5.0,16.0,1.0,1,49.0,1.0,40.0,1,1,0
2817,75.0,3.0,22.0,1.0,1,49.0,0.0,40.0,1,1,0
2818,19.0,1.0,16.0,1.0,1,49.0,1.0,40.0,1,1,1
2819,83.0,7.0,16.0,1.0,1,49.0,1.0,40.0,0,1,1
2820,75.0,1.0,16.0,1.0,1,49.0,0.0,40.0,1,0,1
2821,69.0,7.0,16.0,1.0,2,49.0,0.0,40.0,0,1,0
2822,17.0,2.0,22.0,1.0,1,49.0,0.0,40.0,1,0,1
2823,83.0,2.0,21.0,1.0,1,49.0,0.0,40.0,1,1,0
2824,32.0,2.0,16.0,1.0,1,49.0,0.0,40.0,1,1,1
2825,43.0,7.0,16.0,1.0,2,49.0,0.0,40.0,1,1,1
2826,19.0,3.0,21.0,1.0,0,49.0,0.0,40.0,1,1,0
2827,83.0,7.0,16.0,1.0,1,49.0,0.0,40.0,1,1,1
2828,83.0,2.0,16.0,1.0,1,49.0,0.0,40.0,1,1,0
2829,83.0,7.0,19.0,1.0,1,49.0,0.0,40.0,1,1,1
2830,83.0,2.0,19.0,1.0,1,49.0,0.0,40.0,0,1,1
2831,60.0,3.0,19.0,1.0,2,49.0,1.0,40.0,1,0,0
2832,83.0,3.0,16.0,5.0,0,49.0,0.0,40.0,1,1,1
2833,86.0,2.0,21.0,1.0,1,49.0,0.0,40.0,1,1,0
2834,23.0,7.0,16.0,1.0,1,49.0,0.0,40.0,1,1,1
2835,75.0,2.0,19.0,1.0,1,49.0,0.0,40.0,1,1,1
2836,83.0,2.0,19.0,1.0,1,49.0,0.0,40.0,1,1,0
2837,31.0,1.0,16.0,1.0,1,49.0,0.0,40.0,1,1,1
2838,60.0,3.0,16.0,1.0,1,49.0,0.0,40.0,1,1,0
2839,19.0,7.0,19.0,1.0,-1,49.0,0.0,40.0,1,1,1
2840,19.0,1.0,24.0,1.0,1,49.0,0.0,14.0,1,1,1
2841,86.0,3.0,16.0,1.0,1,49.0,0.0,40.0,1,1,0
2842,17.0,1.0,24.0,1.0,0,49.0,0.0,40.0,1,1,1
2843,31.0,7.0,16.0,1.0,1,49.0,1.0,40.0,0,1,1
2844,60.0,2.0,21.0,1.0,3,49.0,0.0,40.0,1,0,0
2845,26.0,3.0,16.0,1.0,1,49.0,0.0,40.0,1,1,1
2846,31.0,1.0,16.0,1.0,0,49.0,0.0,40.0,1,0,1
2847,83.0,1.0,21.0,1.0,1,49.0,0.0,40.0,1,1,0
2848,40.0,7.0,16.0,4.0,1,49.0,0.0,14.0,1,1,1
2849,31.0,5.0,16.0,1.0,1,49.0,0.0,40.0,1,1,0
2850,83.0,1.0,16.0,1.0,1,49.0,0.0,40.0,1,1,1
2851,83.0,2.0,16.0,5.0,1,49.0,0.0,40.0,1,1,1
2852,86.0,3.0,16.0,1.0,1,49.0,0.0,40.0,1,1,1
2853,64.0,7.0,16.0,1.0,1,49.0,0.0,40.0,0,0,0
2854,69.0,2.0,19.0,1.0,1,49.0,1.0,40.0,1,1,1
2855,19.0,2.0,22.0,1.0,2,49.0,0.0,40.0,0,1,1
2856,83.0,7.0,16.0,1.0,1,49.0,0.0,40.0,1,1,0
2857,43.0,5.0,19.0,1.0,1,49.0,0.0,40.0,0,1,1
2858,19.0,1.0,19.0,1.0,1,49.0,0.0,40.0,1,1,1
2859,31.0,7.0,19.0,1.0,2,49.0,0.0,40.0,0,1,1
2860,43.0,2.0,19.0,1.0,4,49.0,0.0,40.0,1,0,0
2861,60.0,4.0,16.0,1.0,1,49.0,0.0,40.0,1,1,0
2862,40.0,7.0,19.0,1.0,-1,49.0,0.0,40.0,1,1,0
2863,75.0,1.0,16.0,1.0,1,49.0,0.0,40.0,1,1,1
2864,83.0,1.0,16.0,1.0,1,49.0,1.0,40.0,1,0,0
2865,75.0,1.0,21.0,5.0,1,49.0,1.0,40.0,1,1,1
2866,19.0,3.0,21.0,1.0,3,49.0,0.0,40.0,1,1,0
2867,83.0,1.0,19.0,1.0,1,49.0,0.0,40.0,1,1,1
2868,75.0,2.0,16.0,1.0,1,49.0,0.0,40.0,1,1,1
2869,31.0,3.0,16.0,1.0,0,49.0,0.0,40.0,0,1,1
2870,19.0,2.0,19.0,1.0,1,49.0,1.0,40.0,1,1,1
2871,19.0,3.0,16.0,1.0,2,49.0,0.0,40.0,0,1,1
2872,83.0,2.0,19.0,1.0,1,49.0,0.0,40.0,0,1,1
2873,83.0,6.0,24.0,1.0,1,49.0,0.0,40.0,1,1,0
2874,43.0,8.0,16.0,1.0,0,49.0,0.0,40.0,1,1,0
2875,83.0,3.0,19.0,1.0,1,49.0,0.0,40.0,1,1,0
2876,60.0,2.0,16.0,1.0,1,49.0,0.0,40.0,1,1,0
2877,17.0,2.0,21.0,1.0,0,49.0,1.0,40.0,0,1,1
2878,86.0,2.0,4.0,1.0,1,49.0,0.0,40.0,1,0,0
2879,83.0,2.0,16.0,1.0,1,49.0,0.0,40.0,1,1,1
2880,75.0,7.0,19.0,5.0,2,49.0,1.0,40.0,1,1,1
2881,75.0,2.0,22.0,1.0,0,49.0,0.0,66.0,1,1,0
2882,86.0,1.0,19.0,1.0,1,49.0,0.0,40.0,1,1,0
2883,64.0,7.0,24.0,1.0,1,49.0,0.0,40.0,1,0,0
2884,40.0,3.0,19.0,1.0,1,49.0,0.0,40.0,1,1,0
2885,75.0,1.0,16.0,1.0,1,49.0,0.0,40.0,1,0,0
2886,60.0,2.0,19.0,1.0,1,49.0,2.0,40.0,0,1,1
2887,83.0,2.0,16.0,1.0,1,49.0,0.0,40.0,1,1,0
2888,32.0,3.0,24.0,1.0,2,49.0,0.0,40.0,1,1,1
2889,69.0,5.0,16.0,1.0,1,49.0,0.0,40.0,1,0,1
2890,83.0,2.0,21.0,1.0,1,49.0,1.0,40.0,1,1,0
2891,34.0,5.0,19.0,1.0,1,49.0,0.0,40.0,1,1,1
2892,86.0,1.0,16.0,1.0,1,49.0,0.0,40.0,1,1,0
2893,83.0,7.0,19.0,1.0,1,242.0,0.0,40.0,1,1,1
2894,31.0,2.0,19.0,5.0,1,49.0,1.0,40.0,1,1,1
2895,75.0,2.0,19.0,1.0,1,49.0,0.0,40.0,1,1,0
2896,17.0,5.0,16.0,1.0,1,49.0,0.0,40.0,1,1,1
2897,49.0,1.0,19.0,1.0,1,49.0,1.0,40.0,1,1,0
2898,19.0,7.0,21.0,1.0,1,49.0,0.0,40.0,1,1,1
2899,17.0,1.0,16.0,1.0,1,49.0,0.0,40.0,1,1,0
2900,86.0,5.0,21.0,1.0,1,49.0,1.0,40.0,0,1,1
2901,92.0,1.0,19.0,1.0,1,49.0,0.0,40.0,1,1,0
2902,83.0,1.0,16.0,1.0,0,49.0,0.0,40.0,1,1,1
2903,64.0,7.0,16.0,1.0,1,49.0,0.0,40.0,1,1,0
2904,19.0,2.0,16.0,1.0,3,49.0,0.0,40.0,1,1,1
2905,64.0,7.0,21.0,1.0,-1,49.0,0.0,40.0,1,1,0
2906,31.0,3.0,19.0,1.0,1,49.0,1.0,40.0,1,1,1
2907,60.0,1.0,16.0,1.0,1,49.0,0.0,40.0,1,1,0
2908,19.0,3.0,19.0,1.0,0,49.0,0.0,40.0,1,1,0
2909,83.0,1.0,19.0,1.0,0,49.0,1.0,40.0,0,1,1
2910,17.0,3.0,16.0,1.0,0,49.0,0.0,40.0,1,1,0
2911,92.0,3.0,16.0,1.0,2,49.0,0.0,20.0,0,1,1
2912,83.0,1.0,21.0,1.0,1,49.0,0.0,40.0,1,1,0
2913,75.0,2.0,16.0,1.0,4,49.0,0.0,40.0,1,1,1
2914,19.0,7.0,21.0,1.0,1,49.0,0.0,40.0,1,0,1
2915,31.0,7.0,19.0,1.0,1,49.0,0.0,40.0,1,0,1
2916,27.0,7.0,16.0,1.0,1,49.0,0.0,40.0,1,1,0
2917,19.0,7.0,19.0,1.0,2,49.0,1.0,66.0,1,0,0
2918,83.0,3.0,19.0,1.0,0,49.0,0.0,40.0,1,1,0
2919,92.0,7.0,16.0,1.0,1,49.0,0.0,46.0,0,1,1
2920,83.0,2.0,16.0,1.0,0,49.0,0.0,40.0,1,1,1
2921,19.0,2.0,16.0,1.0,1,49.0,1.0,40.0,1,1,1
2922,60.0,1.0,16.0,1.0,4,49.0,0.0,40.0,1,0,0
2923,69.0,1.0,16.0,1.0,0,49.0,0.0,40.0,0,1,1
2924,86.0,1.0,16.0,1.0,0,49.0,1.0,40.0,0,1,1
2925,43.0,1.0,19.0,1.0,-1,49.0,0.0,40.0,0,1,0
2926,74.0,5.0,16.0,1.0,1,49.0,0.0,40.0,1,1,1
2927,31.0,5.0,16.0,5.0,1,49.0,0.0,40.0,0,0,0
2928,19.0,2.0,19.0,1.0,0,49.0,0.0,40.0,1,1,1
2929,31.0,1.0,16.0,1.0,1,49.0,0.0,40.0,1,0,1
2930,63.0,7.0,19.0,1.0,0,49.0,0.0,40.0,1,0,1
2931,19.0,1.0,16.0,1.0,1,49.0,0.0,40.0,0,1,0
2932,83.0,1.0,19.0,1.0,1,49.0,0.0,40.0,1,1,1
2933,43.0,7.0,19.0,1.0,1,49.0,0.0,40.0,1,1,1
2934,43.0,6.0,14.0,1.0,1,49.0,0.0,40.0,1,1,1
2935,64.0,2.0,16.0,1.0,1,49.0,0.0,40.0,1,1,0
2936,83.0,1.0,19.0,1.0,1,49.0,0.0,40.0,1,1,1
2937,83.0,7.0,19.0,1.0,2,49.0,0.0,40.0,1,1,1
2938,83.0,7.0,16.0,5.0,1,49.0,0.0,40.0,0,1,0
2939,83.0,2.0,21.0,1.0,1,49.0,0.0,40.0,1,1,1
2940,83.0,3.0,19.0,1.0,0,49.0,0.0,40.0,0,1,1
2941,19.0,7.0,19.0,1.0,1,49.0,0.0,40.0,1,1,0
2942,31.0,1.0,19.0,1.0,-1,49.0,1.0,40.0,0,1,0
2943,86.0,1.0,19.0,1.0,1,49.0,0.0,40.0,1,1,1
2944,75.0,2.0,19.0,1.0,1,49.0,0.0,40.0,1,1,0
2945,69.0,3.0,16.0,1.0,1,49.0,1.0,40.0,1,1,1
2946,75.0,1.0,19.0,1.0,0,49.0,0.0,40.0,1,1,1
2947,17.0,1.0,21.0,1.0,1,49.0,0.0,66.0,1,1,1
2948,75.0,3.0,21.0,1.0,1,49.0,0.0,40.0,0,1,0
2949,31.0,1.0,16.0,1.0,1,49.0,0.0,40.0,0,1,0
2950,64.0,1.0,19.0,1.0,1,49.0,0.0,40.0,1,1,1
2951,31.0,3.0,12.0,1.0,1,49.0,1.0,40.0,1,1,0
2952,83.0,1.0,23.0,1.0,2,49.0,0.0,40.0,1,1,1
2953,19.0,2.0,16.0,1.0,1,49.0,0.0,40.0,0,1,0
2954,43.0,1.0,16.0,1.0,1,49.0,0.0,40.0,0,1,0
2955,74.0,3.0,16.0,1.0,0,49.0,0.0,40.0,1,1,1
2956,69.0,2.0,17.0,1.0,1,49.0,1.0,40.0,1,1,1
2957,36.0,2.0,21.0,1.0,0,49.0,0.0,40.0,1,1,1
2958,31.0,2.0,19.0,1.0,1,49.0,0.0,40.0,1,1,1
2959,31.0,3.0,21.0,1.0,2,49.0,0.0,40.0,1,1,1
2960,31.0,3.0,16.0,1.0,1,49.0,1.0,40.0,1,1,1
2961,19.0,2.0,19.0,1.0,1,49.0,0.0,40.0,0,1,0
2962,60.0,2.0,19.0,5.0,1,49.0,0.0,40.0,1,1,0
2963,83.0,1.0,16.0,1.0,1,49.0,0.0,40.0,1,1,1
2964,83.0,7.0,16.0,1.0,1,49.0,0.0,40.0,1,1,0
2965,17.0,7.0,16.0,1.0,1,49.0,0.0,40.0,1,1,1
2966,43.0,1.0,16.0,1.0,1,49.0,1.0,40.0,1,0,0
2967,32.0,2.0,16.0,1.0,1,49.0,1.0,40.0,1,1,1
2968,43.0,1.0,21.0,1.0,1,49.0,0.0,30.0,0,1,1
2969,43.0,1.0,19.0,1.0,1,49.0,0.0,40.0,1,1,1
2970,31.0,7.0,19.0,1.0,1,49.0,0.0,40.0,1,1,0
2971,83.0,2.0,19.0,1.0,2,49.0,0.0,40.0,1,1,1
2972,31.0,3.0,16.0,1.0,1,49.0,0.0,40.0,1,0,1
2973,19.0,1.0,16.0,1.0,1,49.0,1.0,13.0,1,1,1
2974,83.0,3.0,22.0,1.0,1,49.0,0.0,40.0,1,1,1
2975,83.0,5.0,19.0,1.0,1,49.0,0.0,40.0,1,1,1
2976,84.0,7.0,16.0,1.0,1,49.0,0.0,40.0,1,1,1
2977,31.0,3.0,16.0,1.0,1,49.0,0.0,40.0,0,1,1
2978,83.0,8.0,19.0,1.0,1,49.0,1.0,40.0,0,1,1
2979,31.0,7.0,16.0,1.0,0,49.0,0.0,40.0,0,1,1
2980,27.0,2.0,19.0,1.0,1,49.0,1.0,40.0,1,1,1
2981,83.0,3.0,16.0,1.0,1,49.0,1.0,40.0,1,1,0
2982,83.0,2.0,16.0,1.0,1,49.0,0.0,40.0,1,1,0
2983,83.0,5.0,16.0,1.0,1,49.0,0.0,40.0,1,1,0
2984,83.0,5.0,16.0,1.0,0,49.0,0.0,40.0,1,1,1
2985,31.0,5.0,19.0,1.0,1,49.0,0.0,29.0,1,1,0
2986,31.0,5.0,16.0,1.0,1,49.0,0.0,40.0,0,0,1
2987,86.0,7.0,16.0,1.0,1,49.0,0.0,40.0,1,1,1
2988,43.0,7.0,16.0,1.0,1,49.0,0.0,30.0,1,1,0
2989,17.0,3.0,19.0,1.0,2,49.0,0.0,40.0,0,1,0
2990,83.0,7.0,16.0,1.0,1,49.0,0.0,40.0,1,1,1
2991,17.0,2.0,19.0,5.0,1,49.0,0.0,40.0,1,1,1
2992,31.0,5.0,12.0,1.0,1,49.0,0.0,40.0,1,1,1
2993,19.0,5.0,19.0,3.0,0,49.0,0.0,40.0,1,1,1
2994,69.0,1.0,16.0,1.0,1,49.0,0.0,40.0,0,1,1
2995,43.0,3.0,19.0,1.0,1,49.0,0.0,40.0,1,1,1
2996,60.0,1.0,16.0,1.0,1,49.0,0.0,40.0,0,1,0
2997,31.0,1.0,22.0,1.0,0,49.0,0.0,40.0,1,1,0
2998,69.0,1.0,16.0,1.0,0,49.0,0.0,40.0,0,1,0
2999,31.0,1.0,20.0,1.0,1,49.0,0.0,40.0,1,1,1
3000,19.0,2.0,16.0,1.0,1,49.0,0.0,40.0,1,1,0
3001,31.0,3.0,21.0,5.0,1,49.0,0.0,40.0,1,1,0
3002,32.0,3.0,21.0,1.0,0,49.0,1.0,40.0,1,1,0
3003,83.0,3.0,16.0,1.0,1,49.0,0.0,40.0,1,1,1
3004,83.0,3.0,16.0,1.0,1,49.0,1.0,40.0,0,1,1
3005,75.0,5.0,21.0,1.0,1,49.0,1.0,40.0,1,1,0
3006,64.0,5.0,21.0,1.0,1,49.0,0.0,40.0,1,1,0
3007,36.0,1.0,19.0,1.0,2,49.0,0.0,40.0,1,1,0
3008,17.0,7.0,16.0,1.0,1,49.0,0.0,40.0,1,1,1
3009,83.0,2.0,21.0,1.0,1,49.0,0.0,40.0,0,0,1
3010,75.0,2.0,16.0,1.0,2,49.0,0.0,40.0,1,1,0
3011,43.0,7.0,16.0,1.0,-1,49.0,0.0,40.0,1,1,0
3012,69.0,1.0,21.0,1.0,1,49.0,0.0,40.0,1,0,1
3013,83.0,3.0,16.0,1.0,1,49.0,0.0,40.0,1,1,1
3014,17.0,2.0,21.0,1.0,1,49.0,1.0,40.0,1,1,1
3015,69.0,3.0,19.0,3.0,0,49.0,0.0,66.0,0,1,0
3016,36.0,3.0,21.0,1.0,1,49.0,0.0,40.0,1,0,1
3017,75.0,2.0,19.0,1.0,1,49.0,0.0,40.0,1,0,0
3018,83.0,1.0,19.0,1.0,4,49.0,0.0,40.0,1,0,1
3019,83.0,2.0,19.0,1.0,1,49.0,0.0,30.0,0,1,1
3020,43.0,2.0,16.0,1.0,1,49.0,0.0,44.0,0,1,0
3021,31.0,7.0,19.0,1.0,2,49.0,0.0,40.0,1,1,0
3022,64.0,1.0,19.0,1.0,1,49.0,1.0,40.0,0,1,1
3023,31.0,5.0,16.0,1.0,1,49.0,0.0,40.0,1,1,1
3024,75.0,2.0,16.0,1.0,1,49.0,0.0,40.0,1,1,0
3025,31.0,2.0,16.0,1.0,1,49.0,0.0,40.0,1,1,0
3026,75.0,1.0,21.0,1.0,1,49.0,0.0,40.0,1,1,1
3027,31.0,3.0,17.0,1.0,1,49.0,0.0,40.0,1,0,0
3028,83.0,3.0,19.0,1.0,1,240.0,1.0,40.0,0,1,0
3029,75.0,2.0,16.0,1.0,1,49.0,0.0,40.0,1,1,1
3030,43.0,3.0,19.0,1.0,1,49.0,0.0,40.0,0,1,1
3031,75.0,2.0,16.0,1.0,1,49.0,0.0,40.0,1,1,1
3032,92.0,2.0,19.0,1.0,1,49.0,1.0,40.0,1,1,1
3033,36.0,2.0,16.0,1.0,1,49.0,0.0,40.0,1,1,1
3034,86.0,2.0,19.0,1.0,1,49.0,1.0,40.0,0,1,1
3035,19.0,5.0,16.0,1.0,1,39.0,1.0,40.0,1,1,0
3036,43.0,1.0,16.0,1.0,1,49.0,1.0,40.0,0,1,1
3037,83.0,1.0,16.0,1.0,1,49.0,0.0,40.0,1,1,1
3038,60.0,1.0,16.0,1.0,2,49.0,0.0,40.0,1,0,1
3039,83.0,2.0,19.0,1.0,1,49.0,0.0,40.0,1,1,0
3040,19.0,1.0,19.0,1.0,0,49.0,0.0,40.0,1,1,1
3041,69.0,3.0,19.0,1.0,1,49.0,0.0,40.0,1,1,1
3042,86.0,5.0,16.0,1.0,-1,49.0,0.0,40.0,1,1,1
3043,92.0,2.0,19.0,1.0,1,49.0,0.0,40.0,1,1,1
3044,83.0,5.0,21.0,1.0,1,49.0,0.0,40.0,1,1,1
3045,83.0,7.0,24.0,1.0,2,49.0,1.0,40.0,1,1,0
3046,43.0,7.0,16.0,5.0,-1,49.0,13.0,40.0,1,1,1
3047,60.0,2.0,19.0,1.0,1,49.0,0.0,40.0,1,1,0
3048,83.0,1.0,19.0,1.0,1,49.0,0.0,40.0,1,1,1
3049,36.0,5.0,19.0,1.0,1,49.0,0.0,40.0,1,1,0
3050,69.0,3.0,16.0,1.0,1,49.0,0.0,40.0,1,1,1
3051,36.0,2.0,19.0,1.0,1,49.0,0.0,40.0,1,1,1
3052,83.0,2.0,16.0,5.0,0,49.0,1.0,40.0,1,1,1
3053,19.0,1.0,19.0,1.0,1,49.0,0.0,40.0,1,1,0
3054,83.0,7.0,16.0,1.0,1,49.0,0.0,40.0,1,1,1
3055,64.0,2.0,16.0,1.0,1,49.0,0.0,40.0,1,1,0
3056,36.0,1.0,16.0,1.0,0,49.0,0.0,40.0,0,1,0
3057,31.0,3.0,16.0,1.0,1,49.0,0.0,40.0,1,1,1
3058,74.0,2.0,16.0,1.0,1,49.0,0.0,40.0,1,1,1
3059,36.0,1.0,19.0,5.0,1,49.0,0.0,40.0,1,1,1
3060,86.0,2.0,16.0,5.0,1,49.0,0.0,40.0,1,1,0
3061,83.0,2.0,16.0,1.0,1,49.0,0.0,40.0,1,1,1
3062,83.0,4.0,18.0,1.0,1,49.0,1.0,40.0,1,1,0
3063,83.0,5.0,16.0,1.0,1,49.0,0.0,40.0,1,0,1
3064,31.0,7.0,19.0,1.0,2,49.0,1.0,40.0,1,1,1
3065,86.0,2.0,19.0,5.0,0,49.0,1.0,40.0,1,1,0
3066,83.0,7.0,9.0,3.0,1,49.0,5.0,40.0,0,1,0
3067,19.0,7.0,21.0,1.0,1,49.0,0.0,40.0,1,1,1
3068,43.0,3.0,19.0,1.0,1,49.0,0.0,40.0,1,1,0
3069,43.0,1.0,16.0,1.0,1,49.0,0.0,40.0,1,0,1
3070,86.0,7.0,21.0,1.0,1,49.0,0.0,40.0,1,1,1
3071,75.0,7.0,21.0,1.0,0,49.0,0.0,40.0,1,1,0
3072,60.0,1.0,21.0,1.0,0,49.0,0.0,40.0,1,0,0
3073,92.0,1.0,16.0,1.0,0,49.0,1.0,40.0,1,1,1
3074,60.0,2.0,19.0,1.0,1,49.0,13.0,40.0,1,1,1
3075,19.0,3.0,16.0,1.0,1,49.0,1.0,40.0,0,1,1
3076,92.0,3.0,16.0,1.0,1,49.0,0.0,40.0,1,1,1
3077,75.0,7.0,19.0,1.0,1,49.0,0.0,40.0,0,1,0
3078,31.0,1.0,21.0,1.0,1,49.0,1.0,40.0,1,1,0
3079,83.0,3.0,19.0,1.0,0,49.0,1.0,40.0,0,1,0
3080,19.0,5.0,21.0,1.0,1,49.0,0.0,40.0,1,1,1
3081,75.0,1.0,21.0,1.0,1,49.0,0.0,40.0,1,1,0
3082,86.0,2.0,21.0,1.0,1,49.0,0.0,40.0,1,1,1
3083,86.0,3.0,16.0,1.0,1,49.0,0.0,40.0,1,0,1
3084,19.0,7.0,16.0,1.0,2,49.0,0.0,40.0,0,1,1
3085,83.0,2.0,21.0,1.0,0,49.0,1.0,40.0,1,1,1
3086,31.0,1.0,19.0,1.0,1,49.0,0.0,40.0,1,1,0
3087,32.0,2.0,19.0,1.0,1,49.0,0.0,40.0,1,0,1
3088,19.0,5.0,16.0,1.0,1,49.0,0.0,40.0,1,1,1
3089,36.0,5.0,16.0,1.0,1,49.0,0.0,40.0,1,1,1
3090,86.0,7.0,19.0,1.0,1,49.0,0.0,14.0,0,1,1
3091,17.0,3.0,19.0,1.0,1,49.0,0.0,40.0,1,1,0
3092,83.0,5.0,16.0,5.0,1,49.0,0.0,40.0,1,1,1
3093,83.0,3.0,22.0,1.0,1,49.0,0.0,40.0,1,1,1
3094,92.0,6.0,16.0,1.0,1,49.0,4.0,40.0,1,1,1
3095,86.0,1.0,16.0,1.0,1,49.0,0.0,40.0,1,1,1
3096,92.0,7.0,16.0,1.0,1,49.0,0.0,40.0,1,0,1
3097,69.0,4.0,16.0,1.0,0,49.0,0.0,40.0,1,1,0
3098,60.0,1.0,16.0,1.0,1,49.0,1.0,40.0,0,1,0
3099,41.0,2.0,16.0,1.0,3,49.0,0.0,40.0,1,1,1
3100,17.0,7.0,16.0,1.0,1,49.0,0.0,40.0,0,1,0
3101,75.0,1.0,19.0,1.0,1,49.0,0.0,40.0,1,1,1
3102,83.0,1.0,16.0,1.0,5,49.0,1.0,40.0,1,1,1
3103,83.0,4.0,19.0,1.0,1,49.0,0.0,40.0,1,1,0
3104,43.0,3.0,16.0,1.0,1,49.0,0.0,40.0,1,1,0
3105,36.0,1.0,16.0,1.0,1,49.0,0.0,40.0,1,1,1
3106,69.0,3.0,21.0,1.0,1,49.0,0.0,40.0,1,1,1
3107,43.0,2.0,8.0,1.0,1,49.0,1.0,40.0,1,1,1
3108,83.0,1.0,4.0,1.0,1,49.0,1.0,40.0,1,1,1
3109,64.0,3.0,21.0,1.0,1,49.0,1.0,40.0,0,1,0
3110,32.0,1.0,16.0,1.0,1,49.0,0.0,40.0,1,1,1
3111,19.0,3.0,16.0,1.0,1,49.0,0.0,40.0,0,1,0
3112,92.0,2.0,21.0,1.0,1,49.0,0.0,40.0,0,1,0
3113,62.0,1.0,19.0,1.0,2,49.0,0.0,40.0,1,1,1
3114,75.0,5.0,19.0,1.0,0,49.0,0.0,40.0,1,1,1
3115,83.0,1.0,16.0,1.0,1,49.0,0.0,40.0,1,1,0
3116,31.0,7.0,19.0,1.0,1,49.0,0.0,40.0,1,1,1
3117,31.0,4.0,16.0,1.0,1,49.0,0.0,40.0,0,1,0
3118,92.0,1.0,16.0,1.0,1,49.0,0.0,40.0,1,1,0
3119,83.0,1.0,24.0,1.0,1,49.0,0.0,40.0,1,1,0
3120,43.0,3.0,19.0,1.0,2,49.0,0.0,40.0,1,1,1
3121,86.0,3.0,16.0,1.0,0,49.0,1.0,40.0,1,1,1
3122,19.0,7.0,16.0,1.0,1,49.0,0.0,40.0,1,1,1
3123,86.0,7.0,19.0,1.0,0,49.0,0.0,40.0,1,1,0
3124,92.0,7.0,19.0,1.0,1,49.0,0.0,40.0,1,1,1
3125,75.0,7.0,19.0,3.0,1,49.0,0.0,40.0,1,1,1
3126,78.0,7.0,16.0,1.0,1,49.0,0.0,40.0,1,1,0
3127,31.0,7.0,19.0,1.0,1,49.0,0.0,40.0,1,1,0
3128,32.0,2.0,16.0,1.0,1,49.0,10.0,40.0,1,0,0
3129,43.0,2.0,19.0,1.0,1,49.0,1.0,40.0,0,1,1
3130,83.0,1.0,16.0,1.0,0,49.0,0.0,40.0,1,1,1
3131,64.0,4.0,16.0,1.0,1,163.0,0.0,40.0,1,1,1
3132,69.0,5.0,21.0,1.0,0,49.0,0.0,40.0,0,1,1
3133,92.0,2.0,16.0,1.0,2,49.0,0.0,13.0,1,1,1
3134,92.0,5.0,21.0,1.0,1,49.0,0.0,40.0,1,1,1
3135,64.0,8.0,16.0,1.0,1,49.0,5.0,40.0,1,1,1
3136,83.0,2.0,19.0,1.0,1,49.0,0.0,40.0,1,1,1
3137,56.0,1.0,22.0,1.0,1,49.0,0.0,40.0,1,1,1
3138,17.0,1.0,19.0,1.0,1,49.0,0.0,40.0,0,1,1
3139,31.0,7.0,16.0,1.0,0,49.0,0.0,40.0,0,1,1
3140,64.0,2.0,16.0,1.0,0,49.0,0.0,40.0,1,1,1
3141,43.0,5.0,19.0,1.0,1,49.0,0.0,40.0,1,1,1
3142,31.0,7.0,19.0,1.0,1,49.0,1.0,40.0,1,1,0
3143,92.0,1.0,16.0,1.0,1,49.0,0.0,40.0,1,1,1
3144,43.0,1.0,16.0,1.0,1,49.0,0.0,40.0,1,1,1
3145,83.0,2.0,16.0,1.0,1,49.0,0.0,40.0,1,1,1
3146,19.0,2.0,19.0,1.0,1,49.0,1.0,40.0,1,1,0
3147,83.0,1.0,19.0,1.0,0,49.0,1.0,40.0,1,1,1
3148,43.0,1.0,19.0,1.0,1,49.0,0.0,40.0,0,1,1
3149,75.0,2.0,16.0,1.0,1,49.0,1.0,40.0,1,1,1
3150,60.0,7.0,19.0,1.0,1,49.0,1.0,40.0,1,1,1
3151,64.0,2.0,16.0,1.0,1,49.0,0.0,40.0,1,1,1
3152,17.0,5.0,16.0,1.0,1,49.0,0.0,40.0,1,1,1
3153,75.0,7.0,21.0,1.0,1,49.0,0.0,40.0,0,1,1
3154,43.0,2.0,16.0,1.0,1,49.0,0.0,40.0,1,1,1
3155,43.0,2.0,19.0,1.0,1,49.0,0.0,40.0,1,1,0
3156,43.0,2.0,16.0,1.0,1,49.0,0.0,40.0,1,1,0
3157,36.0,2.0,19.0,1.0,1,49.0,1.0,40.0,1,0,1
3158,75.0,2.0,20.0,1.0,1,49.0,0.0,40.0,1,1,1
3159,43.0,1.0,19.0,1.0,1,49.0,0.0,40.0,1,1,1
3160,60.0,3.0,16.0,1.0,1,49.0,0.0,40.0,1,1,1
3161,43.0,3.0,19.0,1.0,0,49.0,1.0,40.0,1,1,1
3162,19.0,2.0,14.0,1.0,1,49.0,1.0,40.0,1,1,1
3163,75.0,7.0,21.0,1.0,2,49.0,1.0,40.0,1,0,1
3164,62.0,1.0,19.0,1.0,1,49.0,0.0,40.0,0,1,1
3165,84.0,1.0,16.0,1.0,1,49.0,0.0,40.0,1,1,1
3166,83.0,7.0,16.0,1.0,1,49.0,0.0,40.0,1,1,0
3167,64.0,1.0,19.0,1.0,1,49.0,0.0,40.0,1,1,1
3168,17.0,2.0,19.0,5.0,1,49.0,0.0,40.0,1,1,0
3169,83.0,3.0,19.0,3.0,1,49.0,1.0,40.0,1,0,0
3170,31.0,2.0,19.0,1.0,0,49.0,0.0,40.0,1,1,1
3171,31.0,5.0,19.0,1.0,2,49.0,0.0,40.0,0,0,1
3172,83.0,1.0,16.0,1.0,1,49.0,0.0,40.0,1,1,1
3173,19.0,2.0,19.0,1.0,1,49.0,0.0,40.0,0,1,0
3174,86.0,1.0,16.0,1.0,1,49.0,1.0,40.0,1,1,1
3175,83.0,1.0,21.0,1.0,0,49.0,0.0,40.0,1,1,0
3176,83.0,2.0,12.0,1.0,1,49.0,0.0,40.0,1,1,1
3177,31.0,5.0,19.0,1.0,2,49.0,0.0,40.0,1,1,1
3178,75.0,3.0,21.0,1.0,0,49.0,0.0,40.0,1,1,1
3179,60.0,7.0,19.0,1.0,1,49.0,1.0,40.0,0,1,1
3180,31.0,2.0,19.0,1.0,1,49.0,0.0,40.0,1,1,1
3181,64.0,7.0,22.0,1.0,1,49.0,0.0,40.0,1,1,1
3182,43.0,5.0,19.0,1.0,1,49.0,0.0,40.0,1,1,1
3183,83.0,3.0,16.0,1.0,1,49.0,0.0,40.0,1,1,1
3184,43.0,1.0,19.0,1.0,1,49.0,0.0,40.0,1,1,1
3185,83.0,2.0,17.0,1.0,1,49.0,0.0,40.0,1,1,1
3186,19.0,1.0,16.0,1.0,0,49.0,0.0,40.0,1,0,1
3187,31.0,2.0,16.0,1.0,1,49.0,0.0,40.0,1,1,0
3188,43.0,3.0,21.0,1.0,1,49.0,0.0,40.0,1,1,1
3189,75.0,5.0,19.0,1.0,0,49.0,1.0,40.0,1,1,1
3190,83.0,7.0,22.0,1.0,1,49.0,0.0,40.0,1,1,1
3191,64.0,2.0,19.0,1.0,1,134.0,0.0,40.0,1,1,0
3192,17.0,2.0,19.0,3.0,1,49.0,0.0,40.0,1,1,0
3193,31.0,3.0,19.0,1.0,1,49.0,0.0,40.0,1,1,1
3194,17.0,3.0,16.0,1.0,0,49.0,0.0,40.0,1,1,1
3195,17.0,3.0,16.0,1.0,1,49.0,0.0,40.0,1,0,0
3196,31.0,2.0,16.0,1.0,1,49.0,0.0,40.0,1,1,0
3197,83.0,3.0,16.0,1.0,0,49.0,0.0,40.0,1,1,1
3198,69.0,3.0,16.0,1.0,1,49.0,0.0,40.0,1,1,1
3199,42.0,7.0,21.0,1.0,1,49.0,2.0,40.0,1,1,1
3200,83.0,1.0,14.0,1.0,0,49.0,0.0,40.0,1,0,1
3201,83.0,3.0,22.0,1.0,1,49.0,0.0,40.0,1,1,1
3202,31.0,1.0,16.0,1.0,1,49.0,0.0,40.0,1,1,0
3203,83.0,2.0,19.0,5.0,1,49.0,0.0,40.0,0,1,0
3204,40.0,1.0,19.0,1.0,1,49.0,0.0,40.0,1,0,1
3205,75.0,2.0,16.0,1.0,1,49.0,0.0,40.0,1,0,1
3206,83.0,2.0,21.0,1.0,1,49.0,1.0,40.0,1,1,1
3207,75.0,7.0,21.0,5.0,0,49.0,0.0,40.0,0,1,0
3208,31.0,3.0,16.0,1.0,1,49.0,0.0,40.0,1,1,0
3209,86.0,7.0,8.0,1.0,3,49.0,0.0,40.0,1,1,0
3210,83.0,1.0,21.0,1.0,1,49.0,0.0,40.0,1,1,1
3211,92.0,2.0,16.0,1.0,1,49.0,0.0,40.0,0,1,1
3212,36.0,3.0,21.0,1.0,1,49.0,0.0,40.0,1,0,0
3213,46.0,3.0,19.0,1.0,1,49.0,0.0,40.0,1,1,0
3214,64.0,1.0,16.0,1.0,1,49.0,0.0,40.0,1,1,1
3215,75.0,5.0,21.0,1.0,0,49.0,0.0,40.0,0,1,1
3216,69.0,1.0,16.0,1.0,1,49.0,0.0,40.0,1,1,0
3217,31.0,3.0,22.0,1.0,-1,49.0,0.0,40.0,0,1,1
3218,83.0,3.0,19.0,1.0,-1,49.0,0.0,30.0,1,1,1
3219,83.0,2.0,19.0,1.0,1,49.0,0.0,40.0,1,1,1
3220,86.0,1.0,19.0,1.0,1,49.0,1.0,40.0,1,1,1
3221,19.0,3.0,16.0,1.0,1,49.0,0.0,40.0,1,1,1
3222,83.0,5.0,16.0,1.0,1,49.0,0.0,40.0,1,1,1
3223,83.0,2.0,21.0,1.0,0,49.0,0.0,40.0,1,1,0
3224,83.0,1.0,16.0,1.0,1,49.0,0.0,40.0,1,1,0
3225,17.0,1.0,16.0,1.0,1,49.0,1.0,40.0,1,1,0
3226,19.0,2.0,16.0,5.0,0,49.0,1.0,40.0,0,1,1
3227,75.0,5.0,19.0,1.0,1,49.0,0.0,40.0,0,1,0
3228,43.0,4.0,19.0,1.0,1,49.0,0.0,40.0,1,1,0
3229,75.0,1.0,16.0,1.0,2,49.0,0.0,40.0,0,1,1
3230,17.0,1.0,21.0,3.0,1,49.0,0.0,30.0,1,1,1
3231,81.0,2.0,16.0,1.0,2,49.0,0.0,40.0,0,0,0
3232,75.0,2.0,19.0,3.0,1,49.0,1.0,40.0,0,0,1
3233,83.0,7.0,16.0,1.0,1,49.0,0.0,40.0,1,1,0
3234,36.0,2.0,19.0,1.0,0,49.0,0.0,40.0,0,1,0
3235,31.0,1.0,19.0,1.0,1,49.0,0.0,40.0,1,1,1
3236,92.0,1.0,19.0,5.0,0,49.0,0.0,40.0,1,1,1
3237,75.0,3.0,16.0,1.0,4,49.0,0.0,40.0,0,1,1
3238,31.0,5.0,19.0,1.0,1,49.0,0.0,40.0,1,1,0
3239,83.0,7.0,16.0,5.0,1,49.0,0.0,40.0,1,1,1
3240,43.0,2.0,16.0,1.0,1,49.0,0.0,40.0,1,1,1
3241,32.0,2.0,19.0,1.0,1,49.0,0.0,40.0,0,1,0
3242,64.0,7.0,21.0,1.0,1,49.0,0.0,40.0,1,0,1
3243,83.0,7.0,22.0,1.0,1,49.0,0.0,40.0,0,0,1
3244,60.0,1.0,21.0,1.0,1,49.0,0.0,40.0,0,1,1
3245,83.0,2.0,19.0,1.0,2,49.0,0.0,40.0,1,1,1
3246,83.0,3.0,19.0,1.0,1,49.0,0.0,40.0,1,1,0
3247,83.0,2.0,19.0,1.0,1,49.0,0.0,40.0,0,1,1
3248,17.0,2.0,19.0,1.0,1,49.0,0.0,40.0,1,1,0
3249,43.0,7.0,16.0,1.0,0,49.0,0.0,40.0,0,1,1
3250,69.0,1.0,4.0,1.0,1,49.0,0.0,40.0,0,1,1
3251,69.0,7.0,19.0,1.0,1,49.0,0.0,40.0,0,1,1
3252,83.0,2.0,16.0,1.0,2,49.0,1.0,40.0,1,0,0
3253,31.0,3.0,16.0,3.0,4,49.0,0.0,40.0,0,1,0
3254,43.0,2.0,19.0,1.0,0,49.0,0.0,40.0,0,1,0
3255,41.0,1.0,16.0,1.0,1,49.0,1.0,40.0,1,1,0
3256,83.0,7.0,16.0,1.0,1,49.0,0.0,40.0,1,1,0
3257,19.0,1.0,19.0,1.0,1,301.0,0.0,40.0,1,1,1
3258,31.0,3.0,16.0,1.0,1,49.0,1.0,40.0,1,1,1
3259,43.0,3.0,19.0,1.0,1,49.0,0.0,40.0,1,1,1
3260,19.0,7.0,19.0,1.0,1,49.0,1.0,40.0,1,1,1
3261,19.0,3.0,16.0,1.0,1,49.0,0.0,40.0,1,1,0
3262,31.0,2.0,19.0,1.0,1,49.0,0.0,40.0,1,0,1
3263,83.0,7.0,19.0,1.0,2,49.0,0.0,40.0,1,1,1
3264,83.0,2.0,20.0,3.0,0,49.0,0.0,40.0,0,1,0
3265,43.0,3.0,16.0,1.0,1,49.0,0.0,40.0,1,1,1
3266,83.0,5.0,16.0,1.0,1,49.0,1.0,40.0,1,0,1
3267,31.0,1.0,16.0,1.0,1,49.0,0.0,40.0,1,0,0
3268,19.0,3.0,19.0,1.0,1,49.0,0.0,40.0,0,1,1
3269,29.0,1.0,22.0,1.0,1,49.0,0.0,40.0,0,1,1
3270,60.0,3.0,19.0,3.0,1,49.0,0.0,40.0,1,1,1
3271,22.0,7.0,16.0,1.0,1,49.0,0.0,40.0,1,0,1
3272,43.0,1.0,16.0,3.0,4,49.0,0.0,40.0,1,1,1
3273,83.0,2.0,21.0,3.0,1,49.0,0.0,40.0,1,1,1
3274,32.0,7.0,19.0,1.0,1,49.0,0.0,40.0,1,1,1
3275,19.0,3.0,16.0,1.0,-1,49.0,0.0,30.0,1,1,0
3276,69.0,2.0,19.0,1.0,1,49.0,0.0,40.0,0,1,1
3277,17.0,2.0,19.0,3.0,3,49.0,0.0,40.0,0,1,1
3278,92.0,2.0,21.0,1.0,1,49.0,0.0,40.0,0,1,1
3279,75.0,2.0,19.0,1.0,1,49.0,0.0,40.0,0,1,0
3280,31.0,2.0,19.0,1.0,1,49.0,0.0,40.0,1,1,0
3281,19.0,5.0,16.0,1.0,1,49.0,1.0,40.0,1,1,0
3282,83.0,2.0,16.0,1.0,1,49.0,0.0,40.0,1,1,0
3283,17.0,2.0,21.0,1.0,0,49.0,0.0,40.0,1,0,1
3284,83.0,2.0,19.0,1.0,4,49.0,0.0,40.0,1,1,1
3285,83.0,2.0,21.0,1.0,1,49.0,1.0,40.0,1,1,1
3286,31.0,2.0,14.0,1.0,1,49.0,0.0,40.0,1,1,0
3287,19.0,2.0,19.0,1.0,0,49.0,0.0,40.0,0,1,0
3288,83.0,5.0,16.0,1.0,0,49.0,0.0,40.0,1,1,1
3289,31.0,1.0,16.0,1.0,3,49.0,0.0,40.0,0,1,1
3290,83.0,1.0,21.0,1.0,1,49.0,0.0,40.0,1,1,1
3291,17.0,7.0,21.0,1.0,0,49.0,1.0,40.0,1,1,1
3292,19.0,1.0,19.0,1.0,2,49.0,0.0,40.0,1,1,1
3293,83.0,7.0,19.0,1.0,4,49.0,0.0,40.0,1,1,0
3294,83.0,1.0,16.0,1.0,1,49.0,0.0,40.0,1,0,1
3295,83.0,5.0,16.0,1.0,1,49.0,1.0,40.0,1,1,1
3296,92.0,1.0,16.0,1.0,1,49.0,1.0,40.0,1,0,0
3297,32.0,2.0,21.0,1.0,1,49.0,0.0,40.0,1,1,1
3298,83.0,7.0,16.0,3.0,1,49.0,0.0,40.0,1,1,1
3299,86.0,5.0,4.0,1.0,1,49.0,0.0,40.0,0,1,1
3300,49.0,7.0,19.0,1.0,0,49.0,0.0,40.0,1,1,0
3301,64.0,3.0,16.0,1.0,0,49.0,0.0,40.0,1,0,1
3302,43.0,7.0,19.0,3.0,0,49.0,0.0,40.0,0,1,1
3303,83.0,2.0,16.0,1.0,1,49.0,0.0,40.0,1,1,0
3304,31.0,2.0,16.0,1.0,1,49.0,0.0,40.0,1,0,1
3305,60.0,2.0,16.0,1.0,2,49.0,0.0,40.0,1,0,1
3306,17.0,3.0,16.0,1.0,1,49.0,0.0,40.0,0,1,1
3307,31.0,7.0,19.0,1.0,0,49.0,0.0,40.0,1,1,1
3308,74.0,2.0,16.0,1.0,1,49.0,0.0,40.0,1,1,1
3309,43.0,1.0,16.0,1.0,0,49.0,0.0,40.0,1,1,1
3310,31.0,1.0,16.0,1.0,1,49.0,0.0,40.0,1,0,1
3311,43.0,2.0,19.0,1.0,1,49.0,0.0,40.0,1,1,1
3312,83.0,3.0,19.0,1.0,0,49.0,0.0,40.0,0,0,0
3313,75.0,1.0,14.0,1.0,1,49.0,0.0,40.0,1,1,0
3314,86.0,1.0,19.0,1.0,1,49.0,1.0,40.0,1,1,0
3315,86.0,1.0,16.0,1.0,1,49.0,0.0,40.0,1,1,1
3316,83.0,1.0,19.0,1.0,0,49.0,0.0,40.0,1,1,1
3317,43.0,1.0,21.0,1.0,1,49.0,1.0,40.0,1,1,1
3318,43.0,1.0,16.0,1.0,0,49.0,0.0,40.0,1,0,0
3319,70.0,7.0,16.0,1.0,5,49.0,0.0,40.0,1,1,1
3320,31.0,3.0,19.0,1.0,1,49.0,0.0,40.0,1,1,1
3321,36.0,7.0,16.0,1.0,1,49.0,0.0,40.0,1,1,1
3322,19.0,4.0,19.0,1.0,1,49.0,0.0,40.0,1,1,1
3323,31.0,1.0,16.0,1.0,1,49.0,0.0,40.0,1,1,1
3324,43.0,1.0,19.0,1.0,1,49.0,0.0,40.0,0,1,1
3325,44.0,3.0,16.0,1.0,2,49.0,1.0,40.0,1,1,1
3326,31.0,7.0,16.0,1.0,2,49.0,0.0,40.0,1,1,0
3327,83.0,2.0,24.0,1.0,1,49.0,1.0,40.0,0,1,1
3328,69.0,3.0,19.0,1.0,2,49.0,1.0,40.0,1,1,1
3329,83.0,2.0,19.0,1.0,1,49.0,0.0,40.0,1,1,0
3330,92.0,1.0,19.0,1.0,1,49.0,0.0,40.0,1,1,0
3331,83.0,1.0,16.0,1.0,1,49.0,0.0,40.0,0,1,0
3332,83.0,7.0,16.0,1.0,2,49.0,0.0,40.0,1,1,0
3333,83.0,2.0,16.0,1.0,2,49.0,0.0,40.0,1,1,0
3334,83.0,7.0,19.0,1.0,1,49.0,0.0,40.0,1,1,0
3335,75.0,2.0,16.0,1.0,1,49.0,0.0,40.0,1,1,1
3336,27.0,2.0,11.0,1.0,2,49.0,1.0,40.0,0,1,1
3337,53.0,1.0,22.0,1.0,1,49.0,0.0,30.0,1,1,0
3338,31.0,7.0,17.0,1.0,1,49.0,0.0,40.0,1,1,1
3339,83.0,7.0,16.0,1.0,1,49.0,0.0,40.0,1,1,0
3340,43.0,3.0,16.0,1.0,1,49.0,0.0,40.0,1,1,1
3341,19.0,2.0,16.0,1.0,1,49.0,0.0,40.0,1,0,0
3342,31.0,3.0,16.0,1.0,0,49.0,0.0,40.0,1,1,0
3343,60.0,2.0,16.0,5.0,1,49.0,0.0,40.0,1,1,0
3344,64.0,2.0,16.0,1.0,1,49.0,0.0,40.0,0,1,0
3345,31.0,3.0,16.0,1.0,1,49.0,0.0,40.0,1,1,1
3346,75.0,3.0,19.0,1.0,0,372.0,0.0,40.0,1,1,0
3347,83.0,7.0,16.0,1.0,1,49.0,0.0,40.0,1,1,1
3348,83.0,2.0,19.0,1.0,1,49.0,0.0,40.0,1,1,1
3349,43.0,7.0,21.0,1.0,1,49.0,0.0,40.0,0,1,1
3350,75.0,7.0,16.0,1.0,1,49.0,0.0,40.0,1,1,1
3351,75.0,6.0,19.0,1.0,2,49.0,0.0,40.0,1,1,1
3352,26.0,1.0,21.0,1.0,1,49.0,0.0,40.0,0,1,1
3353,83.0,7.0,16.0,1.0,1,49.0,0.0,40.0,1,1,1
3354,17.0,5.0,19.0,1.0,1,49.0,0.0,40.0,1,1,0
3355,19.0,2.0,16.0,1.0,1,49.0,2.0,40.0,1,1,1
3356,43.0,1.0,19.0,1.0,1,49.0,0.0,40.0,1,1,1
3357,64.0,2.0,16.0,1.0,1,49.0,1.0,40.0,1,0,0
3358,75.0,2.0,16.0,1.0,1,49.0,0.0,40.0,1,1,1
3359,83.0,7.0,21.0,1.0,1,49.0,0.0,40.0,1,0,1
3360,64.0,3.0,16.0,1.0,4,49.0,0.0,40.0,1,0,1
3361,19.0,2.0,16.0,1.0,1,49.0,0.0,40.0,1,1,1
3362,31.0,2.0,16.0,1.0,1,49.0,0.0,40.0,1,1,0
3363,32.0,3.0,16.0,5.0,1,49.0,0.0,99.0,1,1,0
3364,83.0,1.0,16.0,1.0,1,49.0,0.0,40.0,1,1,1
3365,19.0,2.0,19.0,1.0,1,49.0,1.0,40.0,1,0,1
3366,86.0,2.0,4.0,1.0,1,49.0,0.0,40.0,1,1,0
3367,75.0,1.0,24.0,4.0,1,49.0,0.0,40.0,1,1,1
3368,31.0,7.0,16.0,1.0,2,49.0,0.0,40.0,0,1,1
3369,31.0,6.0,16.0,1.0,1,49.0,0.0,40.0,1,1,1
3370,31.0,7.0,16.0,1.0,1,49.0,0.0,40.0,1,0,1
3371,43.0,5.0,16.0,1.0,1,49.0,0.0,40.0,1,1,0
3372,31.0,7.0,16.0,3.0,0,49.0,0.0,40.0,1,1,1
3373,75.0,7.0,19.0,1.0,0,49.0,0.0,40.0,1,1,1
3374,83.0,2.0,21.0,1.0,0,49.0,1.0,40.0,1,1,1
3375,83.0,2.0,21.0,1.0,2,49.0,0.0,40.0,1,1,0
3376,92.0,2.0,19.0,1.0,1,49.0,14.0,40.0,1,0,1
3377,83.0,2.0,22.0,1.0,1,49.0,0.0,40.0,1,1,1
3378,17.0,1.0,19.0,1.0,1,49.0,0.0,28.0,1,1,1
3379,86.0,2.0,19.0,1.0,2,49.0,1.0,40.0,1,1,1
3380,83.0,7.0,12.0,1.0,1,49.0,0.0,40.0,1,1,1
3381,31.0,1.0,16.0,1.0,1,49.0,0.0,40.0,1,1,1
3382,83.0,3.0,21.0,1.0,0,49.0,0.0,40.0,1,1,0
3383,83.0,1.0,16.0,1.0,0,49.0,0.0,40.0,1,1,1
3384,83.0,1.0,16.0,5.0,1,49.0,0.0,40.0,1,1,0
3385,31.0,2.0,22.0,1.0,1,49.0,0.0,40.0,1,1,1
3386,83.0,1.0,19.0,1.0,2,49.0,0.0,40.0,1,1,0
3387,83.0,2.0,19.0,1.0,1,49.0,0.0,40.0,1,1,1
3388,31.0,1.0,21.0,1.0,1,49.0,0.0,40.0,1,1,1
3389,83.0,2.0,22.0,1.0,2,49.0,0.0,40.0,1,1,1
3390,17.0,3.0,16.0,1.0,1,49.0,1.0,40.0,1,1,1
3391,60.0,5.0,21.0,1.0,1,49.0,1.0,40.0,1,1,1
3392,17.0,5.0,16.0,1.0,1,49.0,0.0,40.0,1,1,1
3393,36.0,2.0,16.0,1.0,4,49.0,0.0,40.0,1,1,1
3394,34.0,3.0,16.0,1.0,1,49.0,0.0,40.0,0,1,1
3395,31.0,1.0,16.0,1.0,1,49.0,0.0,40.0,1,1,0
3396,83.0,5.0,16.0,1.0,0,49.0,0.0,40.0,1,1,1
3397,83.0,5.0,16.0,5.0,1,49.0,0.0,40.0,1,1,0
3398,19.0,1.0,16.0,1.0,1,49.0,1.0,40.0,1,1,0
3399,19.0,5.0,16.0,1.0,2,49.0,0.0,40.0,1,1,1
3400,31.0,3.0,19.0,1.0,1,49.0,0.0,40.0,1,1,1
3401,69.0,7.0,16.0,1.0,5,49.0,0.0,40.0,1,1,1
3402,43.0,7.0,16.0,3.0,0,49.0,0.0,40.0,1,0,0
3403,17.0,2.0,19.0,1.0,2,49.0,1.0,40.0,1,1,0
3404,19.0,5.0,16.0,1.0,2,49.0,0.0,40.0,1,1,1
3405,83.0,2.0,19.0,1.0,0,49.0,0.0,40.0,1,1,0
3406,31.0,1.0,16.0,1.0,1,49.0,0.0,40.0,1,1,1
3407,60.0,7.0,16.0,1.0,1,49.0,0.0,40.0,0,1,0
3408,32.0,4.0,16.0,1.0,4,49.0,0.0,40.0,1,1,1
3409,83.0,2.0,19.0,1.0,1,49.0,0.0,40.0,1,0,0
3410,83.0,7.0,21.0,1.0,1,49.0,0.0,91.0,1,1,0
3411,83.0,1.0,19.0,1.0,1,49.0,0.0,40.0,1,0,1
3412,43.0,1.0,21.0,1.0,2,49.0,0.0,40.0,0,1,1
3413,83.0,7.0,19.0,1.0,0,49.0,0.0,40.0,1,1,0
3414,75.0,5.0,19.0,1.0,1,49.0,0.0,40.0,1,0,0
3415,60.0,7.0,16.0,1.0,1,49.0,0.0,40.0,1,1,0
3416,86.0,1.0,16.0,1.0,1,49.0,0.0,40.0,1,1,0
3417,43.0,1.0,16.0,1.0,1,49.0,0.0,40.0,1,1,1
3418,69.0,1.0,16.0,1.0,1,49.0,1.0,40.0,1,1,1
3419,83.0,3.0,21.0,1.0,1,49.0,0.0,40.0,1,1,0
3420,31.0,5.0,16.0,1.0,1,49.0,0.0,40.0,0,1,0
3421,69.0,1.0,21.0,1.0,1,49.0,0.0,40.0,0,1,0
3422,83.0,3.0,16.0,1.0,-1,49.0,1.0,40.0,1,1,1
3423,31.0,3.0,21.0,1.0,1,49.0,0.0,40.0,1,1,0
3424,83.0,7.0,16.0,1.0,1,49.0,1.0,40.0,0,1,0
3425,75.0,3.0,19.0,1.0,2,49.0,0.0,40.0,1,1,1
3426,75.0,3.0,16.0,1.0,1,49.0,0.0,40.0,0,1,1
3427,19.0,1.0,16.0,1.0,1,49.0,1.0,40.0,1,1,1
3428,83.0,1.0,19.0,1.0,1,49.0,0.0,40.0,1,1,1
3429,86.0,3.0,16.0,1.0,1,49.0,0.0,40.0,1,1,1
3430,31.0,5.0,19.0,1.0,1,49.0,0.0,40.0,1,0,1
3431,83.0,2.0,16.0,1.0,1,49.0,0.0,40.0,0,1,0
3432,69.0,3.0,16.0,1.0,1,49.0,0.0,40.0,1,1,1
3433,86.0,7.0,21.0,1.0,0,49.0,1.0,40.0,1,1,1
3434,86.0,7.0,16.0,1.0,1,49.0,0.0,40.0,1,0,1
3435,75.0,2.0,16.0,3.0,1,49.0,1.0,40.0,1,1,1
3436,43.0,7.0,21.0,1.0,0,49.0,0.0,40.0,1,1,0
3437,83.0,2.0,16.0,1.0,1,49.0,0.0,40.0,0,1,1
3438,32.0,5.0,16.0,1.0,1,49.0,0.0,40.0,1,1,0
3439,43.0,2.0,19.0,1.0,2,242.0,0.0,40.0,1,1,1
3440,19.0,2.0,16.0,1.0,2,49.0,0.0,40.0,1,1,1
3441,83.0,1.0,21.0,1.0,2,49.0,1.0,40.0,1,0,1
3442,27.0,3.0,19.0,1.0,1,49.0,0.0,40.0,0,1,1
3443,19.0,2.0,16.0,1.0,0,49.0,1.0,40.0,0,1,1
3444,86.0,5.0,19.0,1.0,1,49.0,0.0,40.0,1,1,1
3445,31.0,3.0,16.0,1.0,0,49.0,0.0,40.0,1,1,0
3446,31.0,7.0,16.0,1.0,-1,49.0,1.0,40.0,1,1,1
3447,83.0,1.0,16.0,3.0,1,49.0,0.0,40.0,1,1,1
3448,83.0,7.0,23.0,1.0,5,49.0,0.0,40.0,1,1,1
3449,17.0,2.0,16.0,5.0,1,49.0,0.0,40.0,1,1,0
3450,83.0,2.0,24.0,1.0,1,49.0,1.0,40.0,0,1,1
3451,36.0,3.0,16.0,1.0,1,49.0,0.0,40.0,1,1,0
3452,43.0,7.0,19.0,1.0,1,49.0,0.0,40.0,1,1,1
3453,75.0,7.0,21.0,1.0,2,49.0,0.0,40.0,0,1,1
3454,69.0,2.0,7.0,1.0,-1,49.0,0.0,40.0,1,1,0
3455,19.0,3.0,19.0,1.0,1,49.0,0.0,40.0,1,1,1
3456,92.0,3.0,16.0,1.0,1,49.0,1.0,40.0,1,1,1
3457,69.0,3.0,16.0,1.0,0,49.0,0.0,40.0,1,1,1
3458,60.0,2.0,19.0,1.0,1,49.0,0.0,40.0,0,1,1
3459,60.0,7.0,21.0,1.0,1,49.0,0.0,40.0,1,1,1
3460,31.0,5.0,19.0,1.0,2,49.0,0.0,40.0,1,0,1
3461,19.0,3.0,16.0,1.0,1,49.0,0.0,40.0,0,1,1
3462,31.0,2.0,16.0,1.0,2,49.0,0.0,40.0,1,1,1
3463,86.0,2.0,21.0,1.0,1,49.0,0.0,28.0,1,1,0
3464,83.0,3.0,16.0,1.0,1,49.0,0.0,40.0,1,0,1
3465,75.0,7.0,19.0,1.0,1,49.0,0.0,40.0,1,1,0
3466,75.0,1.0,21.0,1.0,1,49.0,0.0,40.0,1,1,1
3467,83.0,3.0,16.0,1.0,1,49.0,0.0,40.0,0,1,0
3468,83.0,7.0,16.0,1.0,1,49.0,0.0,40.0,1,0,1
3469,87.0,1.0,16.0,1.0,1,49.0,0.0,40.0,1,1,0
3470,83.0,5.0,16.0,1.0,1,49.0,0.0,40.0,1,1,0
3471,83.0,7.0,16.0,1.0,1,49.0,0.0,40.0,1,1,1
3472,64.0,5.0,21.0,1.0,1,49.0,0.0,40.0,1,1,1
3473,31.0,1.0,21.0,1.0,2,49.0,1.0,40.0,1,1,1
3474,32.0,1.0,16.0,1.0,1,28.0,0.0,40.0,0,1,0
3475,43.0,7.0,19.0,1.0,1,49.0,0.0,40.0,0,1,1
3476,36.0,4.0,12.0,1.0,1,49.0,0.0,40.0,1,1,1
3477,43.0,7.0,21.0,1.0,1,49.0,0.0,40.0,0,0,1
3478,75.0,7.0,21.0,1.0,1,49.0,0.0,40.0,1,1,1
3479,19.0,7.0,4.0,1.0,1,240.0,1.0,40.0,0,1,1
3480,26.0,2.0,21.0,1.0,1,49.0,0.0,40.0,1,1,1
3481,86.0,2.0,19.0,1.0,2,49.0,0.0,40.0,1,1,1
3482,31.0,1.0,19.0,5.0,1,49.0,0.0,40.0,1,1,0
3483,36.0,3.0,16.0,1.0,1,49.0,0.0,40.0,1,1,0
3484,83.0,2.0,19.0,1.0,1,49.0,1.0,40.0,1,1,0
3485,83.0,5.0,16.0,1.0,0,49.0,0.0,40.0,1,1,0
3486,19.0,3.0,21.0,1.0,1,49.0,0.0,40.0,1,1,1
3487,43.0,3.0,16.0,1.0,0,49.0,0.0,40.0,1,1,1
3488,86.0,7.0,24.0,5.0,1,49.0,0.0,40.0,1,1,1
3489,32.0,1.0,21.0,1.0,1,49.0,0.0,40.0,1,1,0
3490,69.0,7.0,19.0,1.0,1,49.0,0.0,40.0,1,1,0
3491,19.0,3.0,16.0,1.0,1,49.0,1.0,40.0,1,1,0
3492,31.0,5.0,16.0,1.0,2,49.0,0.0,40.0,1,1,0
3493,31.0,5.0,19.0,1.0,1,49.0,0.0,40.0,1,1,1
3494,19.0,2.0,16.0,1.0,0,49.0,0.0,40.0,1,1,0
3495,19.0,3.0,19.0,1.0,2,49.0,0.0,40.0,1,1,1
3496,83.0,7.0,19.0,1.0,0,49.0,1.0,40.0,1,1,1
3497,17.0,7.0,19.0,1.0,1,49.0,0.0,40.0,1,1,0
3498,83.0,7.0,19.0,1.0,1,49.0,0.0,40.0,1,0,1
3499,69.0,3.0,19.0,1.0,1,49.0,0.0,40.0,1,1,0
3500,75.0,7.0,19.0,1.0,2,49.0,0.0,40.0,1,1,0
3501,40.0,5.0,16.0,1.0,1,49.0,0.0,40.0,1,1,0
3502,43.0,7.0,19.0,1.0,1,49.0,0.0,40.0,1,1,0
3503,60.0,7.0,16.0,1.0,1,49.0,1.0,40.0,1,1,0
3504,83.0,3.0,19.0,1.0,1,49.0,0.0,40.0,1,1,0
3505,64.0,5.0,19.0,1.0,1,49.0,0.0,40.0,1,1,0
3506,36.0,1.0,19.0,1.0,0,49.0,0.0,40.0,1,1,1
3507,75.0,2.0,16.0,1.0,1,49.0,0.0,40.0,1,0,0
3508,19.0,7.0,19.0,5.0,1,49.0,0.0,40.0,1,1,0
3509,92.0,5.0,16.0,1.0,1,49.0,1.0,40.0,0,1,1
3510,43.0,1.0,16.0,1.0,2,49.0,0.0,40.0,1,1,1
3511,17.0,3.0,16.0,1.0,1,49.0,0.0,40.0,0,1,1
3512,83.0,3.0,19.0,1.0,2,49.0,0.0,40.0,1,1,0
3513,36.0,2.0,16.0,1.0,1,49.0,1.0,40.0,1,1,1
3514,83.0,2.0,22.0,1.0,1,49.0,0.0,40.0,1,1,0
3515,31.0,7.0,21.0,1.0,1,49.0,0.0,40.0,1,1,0
3516,50.0,2.0,19.0,1.0,1,49.0,0.0,40.0,1,1,0
3517,69.0,1.0,19.0,1.0,1,49.0,0.0,40.0,1,1,0
3518,75.0,7.0,16.0,1.0,1,49.0,0.0,40.0,1,1,1
3519,43.0,1.0,19.0,1.0,2,49.0,0.0,40.0,1,1,1
3520,48.0,5.0,16.0,1.0,1,49.0,0.0,40.0,1,1,0
3521,75.0,5.0,19.0,1.0,1,49.0,0.0,40.0,1,1,1
3522,75.0,7.0,16.0,1.0,0,49.0,1.0,40.0,1,0,1
3523,75.0,2.0,17.0,1.0,0,49.0,0.0,40.0,1,1,1
3524,83.0,2.0,21.0,1.0,4,49.0,1.0,40.0,1,1,1
3525,17.0,2.0,24.0,1.0,1,49.0,0.0,40.0,1,1,0
3526,86.0,1.0,16.0,1.0,1,49.0,0.0,40.0,1,0,1
3527,43.0,7.0,16.0,5.0,2,49.0,0.0,40.0,1,1,1
3528,64.0,2.0,19.0,1.0,1,49.0,1.0,40.0,1,1,0
3529,60.0,2.0,16.0,1.0,0,49.0,0.0,40.0,1,1,0
3530,83.0,1.0,21.0,1.0,0,49.0,0.0,40.0,1,1,1
3531,86.0,1.0,21.0,1.0,1,49.0,1.0,40.0,1,1,1
3532,36.0,3.0,19.0,5.0,2,49.0,0.0,40.0,1,1,0
3533,43.0,7.0,16.0,1.0,1,49.0,0.0,40.0,0,1,1
3534,36.0,1.0,21.0,1.0,1,49.0,0.0,40.0,1,1,0
3535,83.0,7.0,19.0,1.0,1,49.0,1.0,40.0,1,0,1
3536,31.0,2.0,21.0,1.0,4,49.0,1.0,40.0,1,1,1
3537,83.0,1.0,21.0,1.0,1,49.0,0.0,40.0,1,1,1
3538,60.0,1.0,19.0,1.0,1,49.0,1.0,40.0,1,1,0
3539,86.0,3.0,16.0,2.0,1,49.0,0.0,40.0,1,0,0
3540,36.0,3.0,19.0,1.0,0,49.0,1.0,40.0,0,1,0
3541,83.0,7.0,16.0,1.0,1,49.0,0.0,40.0,1,0,1
3542,32.0,2.0,16.0,1.0,1,49.0,0.0,40.0,1,1,1
3543,19.0,8.0,16.0,1.0,2,49.0,0.0,40.0,1,1,1
3544,42.0,7.0,19.0,1.0,1,49.0,0.0,40.0,1,1,0
3545,83.0,2.0,19.0,1.0,1,49.0,0.0,40.0,1,0,1
3546,26.0,2.0,19.0,1.0,1,49.0,1.0,40.0,1,1,0
3547,31.0,3.0,16.0,1.0,1,49.0,1.0,40.0,1,1,1
3548,83.0,7.0,17.0,1.0,1,49.0,0.0,40.0,1,0,0
3549,31.0,5.0,17.0,1.0,2,49.0,0.0,40.0,0,1,1
3550,83.0,1.0,19.0,1.0,1,49.0,1.0,40.0,1,1,1
3551,32.0,7.0,19.0,1.0,0,49.0,2.0,40.0,1,1,1
3552,43.0,3.0,19.0,1.0,1,49.0,2.0,40.0,0,1,0
3553,86.0,1.0,16.0,1.0,1,49.0,5.0,40.0,1,1,0
3554,19.0,3.0,19.0,1.0,1,49.0,1.0,40.0,1,1,1
3555,43.0,3.0,16.0,1.0,0,49.0,0.0,40.0,0,0,1
3556,75.0,3.0,19.0,1.0,0,49.0,0.0,40.0,1,1,1
3557,60.0,1.0,16.0,1.0,-1,49.0,0.0,40.0,1,1,0
3558,31.0,5.0,19.0,1.0,1,49.0,0.0,40.0,1,1,1
3559,86.0,3.0,16.0,1.0,0,49.0,4.0,40.0,0,1,0
3560,34.0,2.0,16.0,1.0,1,49.0,0.0,40.0,1,1,0
3561,19.0,3.0,16.0,1.0,-1,49.0,0.0,40.0,1,1,1
3562,19.0,1.0,21.0,1.0,5,49.0,0.0,40.0,1,0,0
3563,83.0,2.0,24.0,1.0,0,49.0,1.0,40.0,1,1,1
3564,27.0,1.0,16.0,1.0,1,49.0,0.0,40.0,1,1,1
3565,83.0,5.0,21.0,1.0,1,49.0,0.0,40.0,0,1,0
3566,83.0,2.0,16.0,1.0,1,49.0,0.0,40.0,1,1,1
3567,75.0,3.0,23.0,1.0,1,49.0,0.0,40.0,1,1,0
3568,31.0,3.0,21.0,5.0,1,49.0,0.0,40.0,1,1,1
3569,83.0,1.0,15.0,1.0,-1,49.0,0.0,40.0,1,1,0
3570,83.0,7.0,16.0,1.0,1,49.0,0.0,40.0,1,1,1
3571,83.0,2.0,16.0,1.0,2,321.0,0.0,40.0,1,1,1
3572,83.0,1.0,16.0,1.0,4,60.0,1.0,40.0,1,1,0
3573,83.0,5.0,19.0,1.0,0,49.0,0.0,40.0,1,1,1
3574,86.0,2.0,16.0,1.0,1,49.0,0.0,40.0,1,1,1
3575,75.0,5.0,16.0,1.0,1,49.0,0.0,40.0,1,1,1
3576,17.0,2.0,21.0,1.0,4,49.0,1.0,40.0,0,1,0
3577,43.0,1.0,16.0,1.0,1,49.0,0.0,40.0,1,1,1
3578,19.0,1.0,16.0,1.0,1,49.0,0.0,40.0,0,0,1
3579,92.0,6.0,19.0,1.0,0,49.0,0.0,40.0,0,1,1
3580,17.0,3.0,16.0,1.0,2,49.0,0.0,40.0,0,1,1
3581,83.0,2.0,16.0,1.0,1,49.0,1.0,40.0,1,1,1
3582,83.0,7.0,16.0,1.0,1,49.0,0.0,33.0,1,1,1
3583,83.0,3.0,19.0,1.0,1,49.0,0.0,40.0,0,1,1
3584,19.0,1.0,19.0,1.0,2,49.0,0.0,40.0,1,1,0
3585,17.0,1.0,16.0,1.0,1,49.0,0.0,40.0,1,0,1
3586,86.0,3.0,19.0,1.0,0,49.0,13.0,40.0,1,1,1
3587,19.0,2.0,16.0,1.0,1,49.0,1.0,40.0,1,1,1
3588,83.0,7.0,21.0,1.0,2,49.0,0.0,40.0,1,1,1
3589,43.0,2.0,16.0,1.0,1,49.0,0.0,40.0,0,1,0
3590,19.0,1.0,21.0,1.0,1,49.0,0.0,40.0,1,1,0
3591,31.0,1.0,19.0,1.0,0,49.0,0.0,40.0,1,1,0
3592,92.0,3.0,16.0,1.0,-1,49.0,0.0,40.0,1,1,1
3593,83.0,2.0,16.0,1.0,1,49.0,0.0,40.0,1,1,0
3594,17.0,1.0,16.0,1.0,0,49.0,0.0,40.0,0,1,0
3595,19.0,3.0,16.0,1.0,2,49.0,12.0,40.0,1,1,0
3596,36.0,1.0,16.0,1.0,1,49.0,0.0,40.0,1,1,1
3597,36.0,2.0,16.0,3.0,0,49.0,0.0,40.0,0,1,1
3598,83.0,2.0,21.0,1.0,1,49.0,0.0,40.0,1,1,1
3599,83.0,1.0,14.0,1.0,1,49.0,0.0,40.0,1,1,0
3600,69.0,1.0,19.0,1.0,2,49.0,0.0,40.0,1,1,0
3601,64.0,2.0,21.0,1.0,5,49.0,0.0,40.0,1,1,0
3602,43.0,7.0,21.0,1.0,1,49.0,0.0,40.0,1,1,1
3603,75.0,7.0,19.0,1.0,1,49.0,1.0,40.0,1,1,1
3604,69.0,1.0,16.0,1.0,1,49.0,1.0,40.0,0,1,1
3605,60.0,2.0,21.0,1.0,1,49.0,0.0,40.0,1,1,1
3606,83.0,7.0,8.0,1.0,1,49.0,0.0,91.0,0,1,0
3607,84.0,2.0,16.0,3.0,2,49.0,0.0,40.0,1,1,1
3608,69.0,7.0,19.0,1.0,1,49.0,1.0,40.0,1,1,1
3609,83.0,1.0,16.0,1.0,1,49.0,0.0,40.0,0,1,1
3610,83.0,7.0,16.0,5.0,1,49.0,1.0,40.0,1,1,1
3611,17.0,3.0,19.0,1.0,1,49.0,1.0,40.0,1,1,1
3612,31.0,3.0,22.0,1.0,1,49.0,0.0,40.0,1,1,0
3613,64.0,5.0,19.0,1.0,1,49.0,1.0,40.0,1,1,0
3614,19.0,5.0,16.0,1.0,1,49.0,1.0,40.0,0,1,1
3615,86.0,8.0,16.0,1.0,1,49.0,1.0,40.0,1,1,1
3616,83.0,2.0,24.0,1.0,1,49.0,0.0,40.0,1,1,0
3617,86.0,1.0,16.0,1.0,1,49.0,1.0,40.0,1,1,0
3618,83.0,1.0,16.0,1.0,1,49.0,0.0,40.0,1,0,1
3619,27.0,2.0,5.0,5.0,1,49.0,1.0,40.0,1,1,1
3620,31.0,7.0,19.0,1.0,1,49.0,1.0,66.0,1,1,1
3621,19.0,5.0,19.0,1.0,0,49.0,0.0,40.0,1,1,1
3622,43.0,2.0,19.0,1.0,1,49.0,0.0,40.0,1,1,1
3623,31.0,5.0,19.0,1.0,1,49.0,0.0,40.0,1,1,1
3624,43.0,3.0,16.0,5.0,1,49.0,0.0,40.0,0,1,1
3625,75.0,2.0,16.0,1.0,0,49.0,0.0,40.0,1,1,1
3626,17.0,5.0,16.0,1.0,1,49.0,0.0,40.0,1,1,0
3627,83.0,4.0,19.0,1.0,0,49.0,0.0,40.0,1,1,0
3628,83.0,7.0,16.0,1.0,2,49.0,0.0,40.0,1,1,1
3629,43.0,1.0,11.0,1.0,1,49.0,0.0,40.0,1,1,1
3630,31.0,7.0,22.0,1.0,5,49.0,1.0,40.0,1,1,0
3631,86.0,1.0,19.0,1.0,0,49.0,0.0,40.0,1,1,1
3632,83.0,2.0,21.0,1.0,2,49.0,0.0,40.0,1,1,1
3633,19.0,3.0,16.0,1.0,1,49.0,0.0,40.0,0,1,1
3634,86.0,2.0,19.0,1.0,1,49.0,1.0,40.0,1,0,0
3635,83.0,3.0,16.0,1.0,0,49.0,0.0,40.0,1,1,1
3636,92.0,7.0,16.0,1.0,1,49.0,0.0,40.0,0,1,1
3637,83.0,2.0,19.0,1.0,1,49.0,0.0,40.0,1,1,1
3638,64.0,7.0,21.0,1.0,1,49.0,0.0,40.0,1,1,1
3639,43.0,7.0,19.0,1.0,1,49.0,0.0,40.0,0,1,1
3640,19.0,6.0,19.0,1.0,0,49.0,0.0,40.0,1,1,1
3641,83.0,7.0,23.0,1.0,1,49.0,0.0,40.0,0,1,1
3642,31.0,3.0,21.0,1.0,0,49.0,0.0,40.0,1,1,1
3643,75.0,1.0,19.0,3.0,0,49.0,0.0,40.0,1,1,0
3644,60.0,2.0,19.0,1.0,1,49.0,0.0,39.0,1,1,1
3645,75.0,5.0,19.0,1.0,1,49.0,0.0,40.0,1,1,0
3646,60.0,1.0,4.0,1.0,4,49.0,0.0,40.0,1,1,1
3647,86.0,2.0,16.0,1.0,1,49.0,0.0,40.0,0,1,1
3648,31.0,2.0,21.0,1.0,1,49.0,0.0,40.0,0,1,1
3649,86.0,1.0,16.0,1.0,1,49.0,0.0,40.0,1,1,1
3650,31.0,3.0,19.0,1.0,1,49.0,0.0,40.0,0,1,1
3651,74.0,3.0,16.0,1.0,0,49.0,0.0,40.0,1,1,1
3652,31.0,2.0,16.0,1.0,0,49.0,0.0,40.0,1,0,1
3653,83.0,7.0,13.0,1.0,-1,49.0,0.0,40.0,0,1,0
3654,86.0,3.0,19.0,1.0,1,49.0,0.0,40.0,1,1,1
3655,83.0,2.0,16.0,1.0,1,49.0,1.0,40.0,1,1,1
3656,87.0,2.0,24.0,1.0,1,49.0,10.0,40.0,1,1,0
3657,31.0,3.0,19.0,1.0,1,49.0,0.0,40.0,1,1,1
3658,17.0,7.0,16.0,1.0,1,49.0,0.0,40.0,1,1,1
3659,83.0,7.0,19.0,1.0,1,49.0,0.0,40.0,1,1,1
3660,86.0,1.0,21.0,1.0,1,49.0,1.0,40.0,0,1,1
3661,86.0,1.0,19.0,1.0,1,49.0,1.0,40.0,1,1,0
3662,31.0,7.0,19.0,1.0,1,49.0,0.0,40.0,1,1,1
3663,36.0,1.0,16.0,5.0,1,49.0,0.0,40.0,1,1,1
3664,75.0,2.0,19.0,1.0,1,49.0,0.0,40.0,1,1,1
3665,69.0,2.0,21.0,1.0,1,49.0,0.0,40.0,0,1,1
3666,83.0,1.0,19.0,1.0,0,49.0,0.0,40.0,1,1,0
3667,83.0,5.0,19.0,1.0,4,49.0,0.0,40.0,1,1,1
3668,75.0,1.0,16.0,1.0,2,49.0,0.0,40.0,0,0,1
3669,83.0,2.0,16.0,1.0,1,49.0,0.0,40.0,1,1,1
3670,31.0,2.0,16.0,1.0,1,49.0,0.0,40.0,1,1,1
3671,31.0,7.0,19.0,1.0,0,49.0,0.0,40.0,1,0,1
3672,31.0,3.0,16.0,3.0,1,49.0,0.0,40.0,0,1,1
3673,31.0,2.0,24.0,1.0,1,49.0,0.0,40.0,0,1,0
3674,83.0,1.0,16.0,1.0,1,49.0,0.0,40.0,1,0,1
3675,19.0,5.0,22.0,5.0,1,49.0,0.0,40.0,1,1,1
3676,87.0,1.0,19.0,1.0,1,49.0,0.0,38.0,1,1,0
3677,19.0,3.0,16.0,1.0,2,49.0,0.0,40.0,1,1,1
3678,75.0,1.0,19.0,1.0,1,49.0,0.0,40.0,1,1,1
3679,83.0,2.0,19.0,1.0,1,49.0,0.0,40.0,1,1,1
3680,92.0,2.0,16.0,1.0,0,49.0,0.0,40.0,1,1,1
3681,86.0,3.0,19.0,1.0,1,49.0,0.0,40.0,1,1,1
3682,17.0,3.0,21.0,1.0,1,49.0,1.0,40.0,1,1,0
3683,83.0,6.0,16.0,1.0,1,49.0,0.0,40.0,1,1,1
3684,55.0,2.0,16.0,1.0,1,49.0,0.0,40.0,1,1,0
3685,31.0,1.0,21.0,1.0,0,49.0,1.0,40.0,0,1,1
3686,31.0,3.0,19.0,2.0,1,49.0,0.0,40.0,1,1,1
3687,86.0,1.0,21.0,1.0,1,49.0,0.0,40.0,1,1,1
3688,62.0,5.0,19.0,1.0,1,49.0,0.0,40.0,1,0,0
3689,69.0,3.0,16.0,1.0,1,49.0,0.0,40.0,1,1,0
3690,19.0,1.0,19.0,1.0,1,49.0,0.0,40.0,1,1,1
3691,31.0,1.0,16.0,1.0,1,49.0,1.0,40.0,1,1,0
3692,27.0,3.0,16.0,1.0,1,49.0,0.0,40.0,1,1,1
3693,36.0,1.0,19.0,1.0,0,49.0,0.0,40.0,0,1,1
3694,75.0,3.0,16.0,1.0,1,49.0,0.0,40.0,1,1,1
3695,86.0,3.0,19.0,1.0,1,160.0,1.0,40.0,1,1,1
3696,66.0,2.0,16.0,1.0,1,49.0,1.0,20.0,1,1,1
3697,60.0,1.0,22.0,1.0,1,49.0,0.0,40.0,1,0,1
3698,83.0,3.0,21.0,1.0,1,49.0,0.0,40.0,1,1,1
3699,31.0,2.0,21.0,1.0,-1,49.0,0.0,40.0,1,0,1
3700,75.0,1.0,21.0,1.0,0,49.0,0.0,40.0,1,1,1
3701,36.0,2.0,16.0,1.0,1,49.0,1.0,40.0,1,0,1
3702,84.0,7.0,19.0,1.0,0,49.0,0.0,40.0,1,1,1
3703,83.0,2.0,21.0,1.0,1,49.0,0.0,40.0,1,1,0
3704,86.0,1.0,19.0,1.0,1,49.0,1.0,40.0,1,1,0
3705,83.0,6.0,22.0,1.0,1,49.0,0.0,40.0,1,1,0
3706,75.0,1.0,21.0,1.0,1,49.0,0.0,40.0,1,1,1
3707,36.0,8.0,19.0,1.0,0,49.0,0.0,40.0,1,1,0
3708,75.0,5.0,16.0,1.0,2,49.0,0.0,40.0,1,1,1
3709,64.0,2.0,19.0,1.0,1,49.0,0.0,40.0,1,1,1
3710,60.0,1.0,19.0,1.0,1,49.0,0.0,40.0,1,1,1
3711,43.0,1.0,21.0,1.0,1,49.0,1.0,40.0,1,0,0
3712,83.0,2.0,21.0,1.0,1,49.0,0.0,40.0,1,0,1
3713,92.0,5.0,19.0,1.0,1,49.0,0.0,40.0,1,1,0
3714,83.0,2.0,16.0,1.0,1,49.0,0.0,40.0,1,1,1
3715,29.0,2.0,16.0,1.0,0,49.0,0.0,40.0,1,1,0
3716,43.0,3.0,24.0,1.0,-1,49.0,1.0,3.0,0,1,1
3717,86.0,1.0,16.0,1.0,2,49.0,0.0,40.0,1,1,1
3718,43.0,1.0,16.0,1.0,1,49.0,1.0,40.0,1,1,1
3719,83.0,1.0,16.0,1.0,0,49.0,0.0,40.0,1,1,1
3720,83.0,1.0,16.0,1.0,2,49.0,1.0,40.0,1,1,1
3721,31.0,2.0,21.0,1.0,2,49.0,0.0,40.0,1,1,1
3722,17.0,5.0,19.0,5.0,1,49.0,0.0,40.0,0,0,1
3723,31.0,3.0,21.0,1.0,1,49.0,0.0,40.0,1,1,1
3724,43.0,1.0,19.0,1.0,1,49.0,0.0,40.0,1,1,0
3725,17.0,1.0,16.0,1.0,1,49.0,0.0,40.0,1,1,0
3726,19.0,7.0,19.0,1.0,1,49.0,0.0,40.0,1,1,1
3727,83.0,2.0,16.0,5.0,1,49.0,0.0,40.0,1,1,1
3728,92.0,2.0,21.0,1.0,1,49.0,0.0,40.0,1,1,0
3729,19.0,5.0,16.0,5.0,1,49.0,0.0,40.0,1,1,1
3730,83.0,7.0,16.0,1.0,1,49.0,0.0,40.0,1,1,1
3731,19.0,1.0,16.0,1.0,0,49.0,0.0,40.0,1,1,1
3732,43.0,2.0,16.0,1.0,1,49.0,0.0,40.0,1,1,1
3733,31.0,5.0,16.0,5.0,0,49.0,0.0,40.0,1,1,0
3734,83.0,1.0,16.0,1.0,1,49.0,0.0,40.0,1,1,0
3735,83.0,1.0,21.0,5.0,2,49.0,0.0,40.0,0,1,1
3736,31.0,7.0,16.0,1.0,1,49.0,1.0,40.0,1,1,1
3737,83.0,7.0,16.0,1.0,1,49.0,1.0,40.0,1,1,0
3738,83.0,3.0,16.0,5.0,0,49.0,0.0,40.0,1,1,1
3739,43.0,2.0,19.0,1.0,1,49.0,0.0,40.0,0,1,1
3740,17.0,2.0,16.0,1.0,1,49.0,0.0,40.0,1,1,1
3741,74.0,2.0,16.0,1.0,1,49.0,0.0,40.0,0,1,0
3742,75.0,1.0,19.0,1.0,0,49.0,13.0,40.0,1,1,1
3743,83.0,1.0,16.0,1.0,-1,49.0,0.0,40.0,1,1,0
3744,75.0,7.0,19.0,1.0,1,49.0,0.0,40.0,1,1,1
3745,92.0,2.0,21.0,1.0,1,49.0,0.0,40.0,1,1,1
3746,60.0,1.0,16.0,1.0,1,49.0,1.0,40.0,1,1,1
3747,43.0,3.0,16.0,1.0,0,49.0,0.0,23.0,0,1,0
3748,31.0,1.0,19.0,1.0,1,49.0,0.0,40.0,1,1,1
3749,31.0,2.0,23.0,1.0,1,49.0,0.0,40.0,1,1,1
3750,75.0,1.0,16.0,1.0,0,49.0,0.0,40.0,1,1,0
3751,69.0,7.0,16.0,1.0,1,49.0,1.0,40.0,1,1,1
3752,92.0,2.0,19.0,1.0,1,49.0,0.0,40.0,1,1,1
3753,31.0,1.0,16.0,1.0,0,49.0,0.0,40.0,1,1,1
3754,43.0,5.0,16.0,1.0,4,49.0,0.0,40.0,1,1,1
3755,31.0,3.0,19.0,1.0,1,49.0,0.0,40.0,1,1,1
3756,31.0,7.0,14.0,1.0,2,49.0,0.0,40.0,0,1,0
3757,31.0,3.0,21.0,1.0,1,49.0,0.0,40.0,1,1,1
3758,48.0,1.0,16.0,1.0,1,49.0,0.0,40.0,1,1,0
3759,40.0,3.0,17.0,1.0,1,49.0,1.0,40.0,1,1,1
3760,64.0,7.0,16.0,1.0,1,49.0,0.0,40.0,1,0,0
3761,36.0,2.0,16.0,5.0,1,49.0,0.0,40.0,1,0,1
3762,83.0,2.0,16.0,1.0,-1,49.0,0.0,40.0,0,1,0
3763,26.0,1.0,19.0,1.0,1,49.0,0.0,40.0,1,0,1
3764,60.0,8.0,16.0,1.0,1,49.0,0.0,40.0,1,1,0
3765,69.0,7.0,16.0,1.0,1,49.0,1.0,40.0,1,1,1
3766,31.0,1.0,16.0,1.0,1,49.0,0.0,40.0,1,1,1
3767,83.0,7.0,16.0,1.0,1,49.0,0.0,30.0,1,1,0
3768,69.0,1.0,21.0,1.0,4,49.0,1.0,66.0,1,0,0
3769,19.0,1.0,21.0,1.0,1,49.0,0.0,40.0,1,1,1
3770,31.0,2.0,21.0,1.0,1,49.0,1.0,40.0,1,1,0
3771,92.0,1.0,16.0,1.0,2,49.0,0.0,40.0,0,1,1
3772,75.0,7.0,16.0,1.0,1,49.0,0.0,40.0,1,1,1
3773,19.0,5.0,19.0,1.0,0,49.0,0.0,40.0,1,1,0
3774,31.0,5.0,19.0,1.0,1,49.0,0.0,40.0,1,1,0
3775,83.0,2.0,19.0,1.0,1,49.0,0.0,40.0,1,1,0
3776,32.0,7.0,16.0,1.0,2,49.0,0.0,40.0,1,1,0
3777,31.0,5.0,16.0,1.0,1,49.0,0.0,40.0,1,1,1
3778,31.0,3.0,16.0,1.0,1,49.0,0.0,40.0,1,1,1
3779,43.0,3.0,21.0,1.0,2,49.0,0.0,40.0,1,1,1
3780,65.0,1.0,21.0,1.0,1,49.0,0.0,40.0,1,0,0
3781,83.0,2.0,16.0,1.0,1,49.0,0.0,40.0,1,1,1
3782,50.0,3.0,21.0,1.0,1,49.0,0.0,40.0,1,0,0
3783,40.0,7.0,16.0,1.0,1,49.0,0.0,40.0,0,1,0
3784,75.0,7.0,21.0,1.0,1,49.0,0.0,40.0,1,1,1
3785,17.0,3.0,16.0,1.0,1,49.0,1.0,40.0,1,1,1
3786,75.0,7.0,16.0,1.0,1,49.0,15.0,40.0,1,1,1
3787,92.0,7.0,19.0,1.0,0,49.0,1.0,40.0,1,0,0
3788,83.0,1.0,16.0,5.0,1,49.0,0.0,40.0,0,1,0
3789,83.0,2.0,19.0,1.0,1,49.0,0.0,40.0,1,0,1
3790,83.0,1.0,16.0,1.0,0,49.0,1.0,40.0,0,1,0
3791,64.0,3.0,16.0,1.0,1,49.0,0.0,40.0,0,1,1
3792,75.0,3.0,16.0,1.0,1,49.0,1.0,40.0,1,0,1
3793,31.0,5.0,16.0,1.0,1,242.0,0.0,65.0,1,1,1
3794,83.0,7.0,21.0,3.0,1,49.0,0.0,40.0,1,0,0
3795,31.0,2.0,19.0,1.0,0,49.0,0.0,40.0,1,1,1
3796,43.0,3.0,19.0,3.0,1,49.0,0.0,40.0,1,1,1
3797,83.0,3.0,16.0,1.0,1,49.0,0.0,40.0,1,1,1
3798,83.0,1.0,19.0,5.0,1,49.0,0.0,40.0,1,1,1
3799,83.0,2.0,16.0,1.0,0,49.0,1.0,40.0,1,1,1
3800,43.0,2.0,16.0,1.0,1,49.0,0.0,40.0,0,1,1
3801,58.0,1.0,21.0,1.0,0,49.0,0.0,40.0,1,1,1
3802,27.0,5.0,19.0,1.0,1,49.0,0.0,40.0,1,1,1
3803,31.0,2.0,19.0,1.0,1,49.0,0.0,40.0,1,1,1
3804,75.0,2.0,20.0,1.0,1,49.0,0.0,40.0,1,1,1
3805,83.0,2.0,22.0,5.0,3,49.0,0.0,40.0,1,1,1
3806,83.0,5.0,16.0,1.0,1,49.0,0.0,40.0,1,0,1
3807,31.0,2.0,16.0,1.0,1,49.0,0.0,40.0,0,1,1
3808,32.0,5.0,19.0,1.0,0,49.0,0.0,40.0,1,1,1
3809,31.0,1.0,19.0,1.0,1,49.0,1.0,40.0,0,1,0
3810,75.0,2.0,19.0,1.0,1,49.0,0.0,40.0,1,1,1
3811,92.0,2.0,21.0,1.0,0,49.0,0.0,40.0,1,1,1
3812,83.0,3.0,16.0,1.0,1,49.0,0.0,40.0,1,1,1
3813,31.0,7.0,19.0,5.0,1,49.0,0.0,40.0,1,1,0
3814,17.0,3.0,19.0,1.0,1,49.0,0.0,40.0,1,1,1
3815,19.0,7.0,21.0,1.0,0,49.0,0.0,40.0,1,0,1
3816,83.0,5.0,16.0,1.0,2,49.0,0.0,40.0,1,1,1
3817,83.0,1.0,22.0,1.0,1,49.0,0.0,40.0,1,1,0
3818,26.0,3.0,21.0,1.0,1,49.0,1.0,66.0,1,1,1
3819,60.0,3.0,16.0,1.0,1,49.0,0.0,40.0,1,1,1
3820,17.0,7.0,19.0,1.0,0,49.0,0.0,40.0,1,1,1
3821,86.0,7.0,16.0,1.0,1,49.0,1.0,40.0,1,1,1
3822,19.0,1.0,21.0,1.0,1,49.0,0.0,40.0,1,1,1
3823,19.0,7.0,19.0,1.0,4,49.0,0.0,40.0,1,1,0
3824,83.0,7.0,21.0,1.0,0,49.0,1.0,40.0,1,1,1
3825,83.0,7.0,16.0,1.0,1,49.0,0.0,40.0,1,1,0
3826,19.0,2.0,16.0,1.0,1,49.0,1.0,40.0,1,1,0
3827,83.0,8.0,21.0,5.0,0,49.0,0.0,84.0,1,1,1
3828,92.0,5.0,22.0,1.0,4,49.0,1.0,40.0,1,0,0
3829,60.0,2.0,19.0,1.0,5,49.0,0.0,40.0,1,1,0
3830,83.0,2.0,24.0,1.0,0,49.0,0.0,40.0,1,1,1
3831,83.0,8.0,21.0,1.0,0,49.0,0.0,40.0,0,1,0
3832,75.0,1.0,21.0,1.0,1,49.0,1.0,40.0,1,1,0
3833,83.0,2.0,16.0,1.0,1,49.0,0.0,40.0,1,1,1
3834,36.0,2.0,19.0,1.0,1,49.0,1.0,40.0,0,1,1
3835,19.0,2.0,19.0,1.0,0,49.0,0.0,40.0,1,1,1
3836,83.0,2.0,16.0,1.0,1,49.0,0.0,40.0,1,1,1
3837,43.0,1.0,19.0,1.0,1,49.0,0.0,40.0,1,1,0
3838,31.0,1.0,16.0,1.0,0,49.0,1.0,40.0,1,0,0
3839,83.0,3.0,16.0,1.0,1,49.0,0.0,40.0,1,1,1
3840,17.0,7.0,16.0,1.0,0,49.0,0.0,40.0,1,1,1
3841,83.0,1.0,16.0,1.0,1,49.0,0.0,40.0,1,1,1
3842,43.0,2.0,16.0,1.0,0,49.0,0.0,40.0,1,1,0
3843,75.0,7.0,19.0,1.0,1,49.0,1.0,40.0,1,1,1
3844,83.0,3.0,16.0,1.0,0,49.0,0.0,40.0,1,0,1
3845,83.0,7.0,19.0,1.0,1,49.0,0.0,40.0,1,1,0
3846,43.0,7.0,16.0,1.0,2,49.0,1.0,40.0,1,1,0
3847,36.0,2.0,16.0,3.0,0,49.0,0.0,40.0,1,1,0
3848,17.0,5.0,16.0,1.0,1,49.0,0.0,40.0,1,1,1
3849,83.0,1.0,19.0,1.0,0,49.0,0.0,40.0,1,1,1
3850,31.0,5.0,21.0,1.0,0,49.0,1.0,40.0,1,1,1
3851,83.0,2.0,19.0,1.0,1,49.0,0.0,40.0,1,1,0
3852,45.0,3.0,19.0,1.0,0,49.0,1.0,40.0,1,1,1
3853,23.0,7.0,16.0,1.0,1,49.0,0.0,40.0,1,1,1
3854,75.0,3.0,14.0,1.0,0,49.0,0.0,40.0,1,1,0
3855,19.0,2.0,21.0,1.0,1,49.0,0.0,40.0,1,1,1
3856,83.0,2.0,23.0,1.0,0,49.0,0.0,40.0,1,1,1
3857,60.0,3.0,19.0,1.0,2,49.0,0.0,40.0,0,1,1
3858,83.0,2.0,16.0,1.0,1,49.0,0.0,40.0,1,1,0
3859,83.0,1.0,16.0,1.0,0,49.0,0.0,40.0,1,1,0
3860,31.0,7.0,16.0,1.0,1,49.0,1.0,40.0,1,1,0
3861,86.0,1.0,16.0,4.0,1,49.0,0.0,40.0,1,0,0
3862,83.0,3.0,21.0,1.0,1,49.0,0.0,40.0,1,0,0
3863,43.0,3.0,16.0,1.0,1,49.0,0.0,40.0,1,1,0
3864,31.0,3.0,19.0,1.0,1,49.0,0.0,40.0,1,1,1
3865,31.0,2.0,16.0,1.0,1,49.0,0.0,40.0,1,1,1
3866,31.0,3.0,19.0,1.0,0,49.0,1.0,40.0,1,1,1
3867,83.0,2.0,16.0,1.0,4,49.0,0.0,40.0,1,1,1
3868,74.0,2.0,19.0,1.0,1,49.0,0.0,40.0,1,1,1
3869,31.0,4.0,16.0,1.0,1,49.0,0.0,40.0,1,1,0
3870,83.0,3.0,8.0,1.0,1,49.0,0.0,40.0,1,1,0
3871,55.0,7.0,16.0,1.0,1,49.0,0.0,40.0,1,1,0
3872,60.0,3.0,16.0,1.0,2,49.0,0.0,40.0,1,1,1
3873,19.0,2.0,19.0,1.0,4,49.0,0.0,40.0,1,1,0
3874,83.0,2.0,21.0,1.0,2,49.0,1.0,40.0,1,1,1
3875,83.0,3.0,16.0,5.0,2,49.0,1.0,40.0,1,1,0
3876,43.0,5.0,16.0,1.0,1,49.0,0.0,40.0,1,0,0
3877,60.0,2.0,16.0,3.0,1,49.0,0.0,40.0,1,1,1
3878,75.0,1.0,16.0,1.0,1,49.0,0.0,40.0,0,1,1
3879,52.0,3.0,16.0,1.0,1,49.0,0.0,40.0,1,0,0
3880,75.0,2.0,16.0,1.0,1,49.0,0.0,40.0,1,1,1
3881,43.0,2.0,19.0,1.0,-1,49.0,0.0,40.0,1,1,1
3882,27.0,2.0,19.0,1.0,0,49.0,0.0,40.0,0,1,0
3883,31.0,3.0,16.0,1.0,1,49.0,1.0,40.0,1,1,0
3884,60.0,2.0,22.0,1.0,1,49.0,0.0,40.0,1,1,1
3885,19.0,3.0,19.0,1.0,0,49.0,0.0,40.0,1,1,1
3886,60.0,2.0,21.0,1.0,2,49.0,1.0,40.0,0,1,0
3887,43.0,3.0,5.0,1.0,1,49.0,0.0,66.0,0,1,0
3888,60.0,1.0,19.0,1.0,1,49.0,0.0,40.0,0,1,1
3889,62.0,3.0,16.0,1.0,1,49.0,1.0,40.0,0,1,1
3890,31.0,2.0,16.0,1.0,1,49.0,0.0,40.0,1,1,1
3891,86.0,7.0,19.0,1.0,1,49.0,1.0,40.0,1,1,0
3892,83.0,2.0,19.0,1.0,1,49.0,0.0,40.0,1,1,1
3893,75.0,1.0,16.0,1.0,3,49.0,1.0,40.0,1,1,1
3894,75.0,7.0,21.0,1.0,1,49.0,0.0,40.0,1,1,1
3895,33.0,2.0,16.0,1.0,1,49.0,0.0,40.0,0,1,0
3896,83.0,3.0,23.0,1.0,1,49.0,0.0,40.0,1,1,1
3897,86.0,3.0,19.0,1.0,1,109.0,0.0,40.0,1,1,1
3898,83.0,1.0,19.0,1.0,1,49.0,0.0,40.0,1,1,1
3899,55.0,2.0,19.0,1.0,2,11.0,1.0,40.0,1,1,1
3900,83.0,3.0,16.0,1.0,1,49.0,1.0,40.0,1,1,1
3901,31.0,1.0,19.0,1.0,1,49.0,2.0,40.0,0,1,1
3902,19.0,5.0,21.0,1.0,1,49.0,0.0,40.0,1,1,1
3903,31.0,2.0,16.0,1.0,1,49.0,0.0,40.0,1,1,1
3904,83.0,5.0,19.0,1.0,1,49.0,0.0,40.0,1,0,1
3905,86.0,3.0,19.0,1.0,1,49.0,0.0,40.0,1,1,0
3906,36.0,7.0,19.0,1.0,1,49.0,0.0,40.0,0,1,1
3907,83.0,4.0,21.0,1.0,1,49.0,1.0,40.0,1,1,1
3908,64.0,7.0,19.0,1.0,2,242.0,0.0,40.0,1,1,1
3909,86.0,1.0,19.0,1.0,0,49.0,0.0,40.0,1,1,1
3910,86.0,7.0,16.0,1.0,1,49.0,1.0,40.0,1,1,0
3911,92.0,1.0,21.0,1.0,0,49.0,0.0,40.0,0,1,0
3912,17.0,5.0,21.0,1.0,1,49.0,1.0,40.0,1,1,1
3913,86.0,7.0,19.0,1.0,1,49.0,0.0,40.0,0,1,1
3914,27.0,1.0,19.0,1.0,1,49.0,9.0,40.0,1,1,0
3915,55.0,1.0,19.0,1.0,-1,49.0,1.0,40.0,1,1,1
3916,83.0,2.0,16.0,1.0,0,49.0,0.0,40.0,1,1,1
3917,31.0,5.0,16.0,1.0,0,49.0,0.0,40.0,1,1,1
3918,92.0,1.0,16.0,1.0,0,49.0,0.0,40.0,1,1,1
3919,75.0,1.0,16.0,1.0,-1,49.0,0.0,40.0,0,1,0
3920,31.0,7.0,16.0,1.0,1,49.0,0.0,40.0,1,1,1
3921,43.0,7.0,16.0,1.0,1,49.0,1.0,40.0,1,1,1
3922,31.0,3.0,21.0,1.0,1,49.0,0.0,40.0,1,1,1
3923,86.0,2.0,19.0,1.0,2,49.0,0.0,40.0,1,1,1
3924,92.0,1.0,16.0,1.0,1,49.0,0.0,40.0,1,0,1
3925,83.0,3.0,16.0,1.0,1,49.0,0.0,40.0,1,1,1
3926,31.0,1.0,21.0,1.0,2,49.0,0.0,40.0,1,1,1
3927,83.0,7.0,21.0,1.0,1,49.0,1.0,48.0,1,1,1
3928,75.0,3.0,22.0,1.0,1,49.0,0.0,40.0,1,1,1
3929,83.0,1.0,16.0,1.0,1,49.0,0.0,40.0,1,1,0
3930,43.0,1.0,16.0,1.0,1,49.0,1.0,40.0,1,1,1
3931,17.0,3.0,21.0,1.0,1,49.0,0.0,40.0,1,1,1
3932,64.0,7.0,16.0,1.0,1,49.0,0.0,40.0,1,1,0
3933,43.0,7.0,19.0,1.0,1,49.0,1.0,40.0,1,1,0
3934,60.0,1.0,16.0,5.0,1,49.0,0.0,40.0,1,1,1
3935,31.0,7.0,16.0,1.0,0,49.0,0.0,40.0,0,1,0
3936,60.0,7.0,21.0,1.0,0,49.0,0.0,40.0,1,1,0
3937,36.0,2.0,23.0,1.0,0,49.0,0.0,40.0,0,1,1
3938,31.0,1.0,22.0,1.0,1,49.0,0.0,40.0,1,0,1
3939,83.0,1.0,16.0,1.0,2,49.0,0.0,40.0,1,1,1
3940,69.0,2.0,19.0,1.0,0,49.0,0.0,40.0,1,0,1
3941,43.0,1.0,19.0,1.0,1,49.0,0.0,40.0,1,1,0
3942,31.0,1.0,16.0,1.0,1,49.0,0.0,40.0,1,1,1
3943,31.0,5.0,19.0,5.0,1,49.0,1.0,40.0,0,1,1
3944,86.0,7.0,19.0,1.0,1,242.0,0.0,40.0,1,0,0
3945,34.0,1.0,16.0,1.0,2,49.0,0.0,40.0,1,1,1
3946,83.0,2.0,16.0,1.0,1,49.0,0.0,40.0,1,1,0
3947,17.0,3.0,16.0,1.0,1,49.0,0.0,40.0,1,1,1
3948,43.0,7.0,19.0,1.0,1,49.0,1.0,40.0,1,1,1
3949,86.0,3.0,16.0,1.0,1,49.0,0.0,40.0,1,1,1
3950,43.0,1.0,16.0,1.0,2,49.0,0.0,40.0,1,1,1
3951,43.0,7.0,19.0,1.0,0,49.0,1.0,40.0,1,0,0
3952,86.0,1.0,21.0,1.0,1,49.0,1.0,40.0,0,1,0
3953,36.0,1.0,16.0,1.0,1,49.0,0.0,40.0,1,0,0
3954,83.0,7.0,16.0,1.0,1,49.0,0.0,40.0,1,1,1
3955,75.0,2.0,16.0,1.0,1,49.0,0.0,40.0,1,0,1
3956,17.0,3.0,16.0,1.0,1,49.0,1.0,40.0,1,1,1
3957,19.0,1.0,19.0,1.0,1,49.0,0.0,40.0,1,1,0
3958,36.0,1.0,19.0,1.0,2,49.0,1.0,40.0,1,1,1
3959,31.0,1.0,22.0,1.0,2,49.0,0.0,40.0,1,1,0
3960,83.0,2.0,19.0,1.0,1,49.0,1.0,40.0,1,1,1
3961,73.0,2.0,19.0,5.0,3,49.0,0.0,40.0,0,1,1
3962,19.0,2.0,16.0,1.0,2,49.0,0.0,40.0,1,1,1
3963,19.0,2.0,19.0,1.0,1,49.0,0.0,40.0,1,1,1
3964,36.0,1.0,19.0,1.0,1,49.0,0.0,40.0,1,1,0
3965,83.0,1.0,16.0,1.0,1,49.0,0.0,40.0,1,1,1
3966,83.0,1.0,16.0,1.0,0,49.0,0.0,40.0,1,1,1
3967,69.0,1.0,19.0,1.0,0,49.0,0.0,20.0,1,1,0
3968,75.0,1.0,16.0,1.0,1,49.0,0.0,52.0,1,1,1
3969,83.0,1.0,21.0,1.0,1,49.0,0.0,40.0,1,1,1
3970,75.0,1.0,19.0,1.0,1,49.0,0.0,40.0,0,1,1
3971,64.0,3.0,19.0,1.0,1,49.0,1.0,40.0,1,1,1
3972,75.0,3.0,19.0,5.0,0,49.0,0.0,40.0,0,1,1
3973,60.0,7.0,19.0,1.0,1,49.0,0.0,40.0,1,1,0
3974,31.0,3.0,16.0,1.0,0,49.0,0.0,40.0,1,0,0
3975,86.0,1.0,16.0,1.0,1,49.0,0.0,40.0,1,1,1
3976,43.0,8.0,16.0,1.0,0,49.0,1.0,40.0,1,1,1
3977,77.0,1.0,21.0,1.0,2,49.0,0.0,40.0,1,1,1
3978,31.0,2.0,7.0,1.0,1,49.0,1.0,40.0,1,1,1
3979,64.0,5.0,16.0,1.0,0,49.0,0.0,40.0,0,1,1
3980,83.0,1.0,21.0,1.0,1,49.0,0.0,40.0,1,1,1
3981,43.0,5.0,16.0,1.0,1,49.0,0.0,40.0,0,0,1
3982,85.0,7.0,16.0,1.0,1,49.0,0.0,40.0,1,1,0
3983,43.0,3.0,16.0,1.0,0,49.0,0.0,40.0,1,1,1
3984,83.0,2.0,16.0,1.0,1,49.0,0.0,40.0,1,1,0
3985,40.0,1.0,16.0,1.0,1,49.0,0.0,40.0,1,1,1
3986,64.0,3.0,19.0,1.0,-1,49.0,0.0,40.0,0,1,1
3987,31.0,3.0,21.0,3.0,2,49.0,1.0,40.0,0,1,1
3988,17.0,3.0,16.0,1.0,1,49.0,1.0,40.0,1,1,0
3989,31.0,2.0,19.0,1.0,2,49.0,0.0,40.0,1,0,1
3990,60.0,5.0,16.0,1.0,1,49.0,1.0,40.0,1,0,1
3991,31.0,2.0,21.0,1.0,2,49.0,0.0,40.0,1,1,1
3992,83.0,5.0,21.0,1.0,1,49.0,1.0,40.0,1,1,1
3993,32.0,1.0,16.0,1.0,1,49.0,1.0,40.0,1,1,1
3994,17.0,2.0,19.0,1.0,1,49.0,0.0,40.0,1,1,1
3995,61.0,7.0,16.0,1.0,2,49.0,0.0,40.0,1,1,0
3996,43.0,1.0,19.0,1.0,1,49.0,0.0,40.0,1,0,0
3997,31.0,3.0,19.0,1.0,1,49.0,0.0,40.0,1,1,1
3998,69.0,1.0,21.0,1.0,0,49.0,0.0,40.0,1,1,1
3999,36.0,1.0,19.0,5.0,1,49.0,0.0,40.0,1,0,1
4000,75.0,7.0,19.0,1.0,1,49.0,0.0,40.0,1,1,1
4001,43.0,1.0,16.0,1.0,5,49.0,0.0,40.0,1,1,0
4002,83.0,5.0,19.0,1.0,0,49.0,0.0,40.0,1,1,1
4003,36.0,5.0,19.0,1.0,0,49.0,0.0,40.0,1,1,0
4004,17.0,1.0,19.0,1.0,1,49.0,0.0,40.0,1,1,1
4005,60.0,7.0,21.0,1.0,1,49.0,0.0,40.0,1,1,1
4006,65.0,3.0,19.0,1.0,1,49.0,0.0,66.0,0,1,1
4007,19.0,1.0,19.0,1.0,-1,49.0,1.0,40.0,1,1,1
4008,19.0,7.0,16.0,1.0,1,49.0,0.0,40.0,1,1,1
4009,86.0,1.0,19.0,1.0,2,49.0,0.0,40.0,1,1,1
4010,83.0,5.0,21.0,1.0,1,49.0,0.0,40.0,1,1,0
4011,83.0,1.0,16.0,1.0,1,49.0,0.0,30.0,1,1,0
4012,31.0,3.0,16.0,1.0,1,49.0,0.0,40.0,1,1,0
4013,73.0,2.0,16.0,1.0,1,49.0,0.0,40.0,1,1,1
4014,75.0,1.0,19.0,1.0,1,49.0,0.0,40.0,1,1,1
4015,43.0,7.0,16.0,1.0,1,49.0,0.0,40.0,1,1,1
4016,83.0,7.0,19.0,1.0,1,49.0,0.0,40.0,1,1,1
4017,60.0,1.0,16.0,1.0,1,49.0,0.0,40.0,1,1,1
4018,17.0,2.0,12.0,1.0,1,49.0,0.0,40.0,1,1,1
4019,83.0,5.0,19.0,1.0,1,49.0,0.0,40.0,1,1,1
4020,31.0,3.0,19.0,1.0,1,49.0,0.0,40.0,1,1,1
4021,25.0,1.0,16.0,1.0,1,49.0,1.0,40.0,0,1,1
4022,31.0,7.0,16.0,1.0,1,49.0,0.0,40.0,0,1,0
4023,83.0,3.0,16.0,1.0,1,49.0,0.0,40.0,1,1,1
4024,83.0,2.0,16.0,1.0,1,49.0,0.0,40.0,1,1,1
4025,75.0,1.0,19.0,1.0,1,49.0,0.0,40.0,1,1,0
4026,83.0,3.0,16.0,1.0,1,49.0,1.0,91.0,1,0,1
4027,43.0,2.0,16.0,1.0,1,49.0,0.0,40.0,1,1,1
4028,83.0,3.0,16.0,1.0,5,49.0,0.0,40.0,1,1,1
4029,75.0,5.0,16.0,1.0,1,49.0,0.0,40.0,1,1,1
4030,19.0,2.0,19.0,1.0,1,49.0,0.0,40.0,1,1,1
4031,75.0,3.0,21.0,3.0,3,49.0,0.0,40.0,1,1,1
4032,92.0,7.0,16.0,1.0,1,49.0,0.0,40.0,0,1,1
4033,31.0,5.0,19.0,1.0,1,49.0,3.0,40.0,1,1,0
4034,43.0,2.0,21.0,1.0,1,49.0,0.0,40.0,1,1,0
4035,50.0,3.0,19.0,1.0,0,49.0,1.0,40.0,0,1,0
4036,36.0,7.0,16.0,1.0,1,49.0,0.0,40.0,1,1,1
4037,31.0,1.0,16.0,5.0,1,49.0,0.0,40.0,1,1,1
4038,64.0,7.0,19.0,1.0,1,49.0,0.0,40.0,0,1,1
4039,43.0,3.0,19.0,1.0,1,49.0,0.0,40.0,1,1,1
4040,83.0,3.0,16.0,1.0,1,49.0,5.0,40.0,1,1,1
4041,43.0,7.0,23.0,1.0,1,49.0,0.0,40.0,1,1,1
4042,36.0,3.0,19.0,1.0,1,49.0,0.0,40.0,1,1,1
4043,75.0,7.0,16.0,1.0,1,49.0,1.0,40.0,1,1,0
4044,43.0,2.0,16.0,1.0,2,49.0,1.0,40.0,1,1,0
4045,43.0,2.0,14.0,1.0,1,49.0,1.0,40.0,0,1,1
4046,43.0,7.0,8.0,1.0,1,49.0,0.0,40.0,0,1,1
4047,19.0,2.0,16.0,1.0,1,49.0,0.0,40.0,1,0,1
4048,83.0,2.0,21.0,1.0,3,49.0,1.0,40.0,0,1,0
4049,86.0,2.0,19.0,5.0,2,49.0,1.0,40.0,1,1,0
4050,36.0,1.0,19.0,1.0,0,49.0,0.0,40.0,0,1,1
4051,43.0,1.0,16.0,1.0,1,49.0,1.0,40.0,1,1,1
4052,75.0,1.0,19.0,1.0,0,49.0,0.0,40.0,0,1,0
4053,83.0,1.0,19.0,1.0,1,49.0,1.0,40.0,1,1,1
4054,31.0,5.0,21.0,1.0,4,49.0,0.0,40.0,0,1,1
4055,83.0,2.0,19.0,1.0,2,49.0,0.0,40.0,1,1,1
4056,83.0,1.0,19.0,1.0,1,49.0,0.0,40.0,1,1,1
4057,92.0,2.0,19.0,1.0,0,49.0,0.0,40.0,1,1,1
4058,31.0,3.0,21.0,1.0,1,49.0,0.0,40.0,1,1,1
4059,83.0,2.0,19.0,1.0,1,49.0,0.0,40.0,1,1,0
4060,75.0,1.0,16.0,1.0,1,49.0,0.0,40.0,0,1,1
4061,19.0,1.0,16.0,5.0,0,136.0,1.0,40.0,1,1,1
4062,83.0,2.0,21.0,1.0,1,110.0,0.0,40.0,1,1,1
4063,17.0,1.0,16.0,1.0,1,49.0,0.0,40.0,1,1,1
4064,55.0,2.0,19.0,1.0,1,49.0,0.0,40.0,0,1,1
4065,86.0,7.0,16.0,1.0,1,49.0,10.0,40.0,0,0,0
4066,86.0,3.0,10.0,1.0,1,49.0,0.0,40.0,1,1,1
4067,19.0,2.0,16.0,1.0,1,49.0,0.0,40.0,1,1,0
4068,64.0,2.0,19.0,1.0,1,49.0,0.0,40.0,0,1,0
4069,83.0,1.0,16.0,1.0,1,49.0,0.0,40.0,1,1,1
4070,75.0,1.0,19.0,1.0,0,49.0,0.0,40.0,1,1,1
4071,83.0,2.0,16.0,1.0,1,49.0,0.0,40.0,1,1,1
4072,64.0,3.0,16.0,1.0,1,49.0,0.0,40.0,1,1,0
4073,31.0,1.0,17.0,1.0,1,49.0,0.0,40.0,1,1,0
4074,83.0,2.0,16.0,1.0,1,49.0,0.0,40.0,1,0,1
4075,43.0,5.0,21.0,1.0,1,49.0,0.0,40.0,1,1,1
4076,75.0,2.0,19.0,3.0,1,49.0,0.0,40.0,0,1,1
4077,23.0,1.0,16.0,5.0,1,49.0,2.0,40.0,1,1,0
4078,31.0,1.0,22.0,5.0,1,49.0,0.0,40.0,1,1,1
4079,17.0,1.0,19.0,1.0,1,49.0,15.0,40.0,1,1,1
4080,69.0,7.0,21.0,1.0,1,49.0,0.0,40.0,1,1,1
4081,83.0,2.0,19.0,1.0,1,49.0,0.0,40.0,1,1,1
4082,43.0,1.0,21.0,1.0,0,49.0,0.0,40.0,1,1,1
4083,31.0,5.0,19.0,1.0,1,49.0,0.0,4.0,1,1,1
4084,83.0,1.0,19.0,1.0,1,49.0,0.0,40.0,1,1,1
4085,83.0,1.0,16.0,1.0,4,49.0,0.0,40.0,0,1,0
4086,64.0,7.0,16.0,1.0,1,49.0,1.0,40.0,1,1,0
4087,43.0,1.0,19.0,1.0,0,49.0,0.0,40.0,1,1,1
4088,42.0,7.0,16.0,1.0,0,49.0,0.0,40.0,0,1,1
4089,83.0,7.0,16.0,1.0,1,49.0,0.0,40.0,1,1,0
4090,31.0,5.0,19.0,1.0,1,49.0,0.0,40.0,1,1,0
4091,17.0,7.0,16.0,1.0,1,49.0,1.0,40.0,1,1,1
4092,17.0,1.0,19.0,1.0,2,49.0,0.0,40.0,1,1,1
4093,31.0,5.0,16.0,1.0,0,49.0,0.0,40.0,1,1,1
4094,19.0,1.0,16.0,1.0,1,49.0,1.0,40.0,1,1,0
4095,31.0,1.0,16.0,1.0,1,49.0,0.0,40.0,0,1,1
4096,83.0,2.0,16.0,1.0,1,49.0,0.0,40.0,1,0,1
4097,17.0,2.0,19.0,1.0,1,49.0,0.0,40.0,1,1,1
4098,31.0,2.0,21.0,1.0,2,49.0,1.0,40.0,0,1,0
4099,74.0,7.0,16.0,1.0,1,49.0,0.0,40.0,1,1,1
4100,60.0,2.0,19.0,5.0,1,49.0,0.0,40.0,1,1,0
4101,83.0,1.0,19.0,1.0,1,49.0,1.0,40.0,1,1,1
4102,83.0,2.0,19.0,1.0,1,49.0,0.0,40.0,1,1,1
4103,32.0,7.0,21.0,1.0,1,49.0,0.0,40.0,1,1,0
4104,83.0,3.0,19.0,1.0,1,49.0,0.0,40.0,1,1,0
4105,17.0,6.0,21.0,1.0,1,49.0,0.0,40.0,1,1,0
4106,64.0,7.0,16.0,1.0,0,49.0,1.0,40.0,1,1,1
4107,40.0,1.0,21.0,1.0,1,49.0,0.0,40.0,1,1,1
4108,69.0,3.0,19.0,3.0,1,49.0,0.0,40.0,1,1,0
4109,43.0,7.0,16.0,5.0,2,49.0,0.0,40.0,1,1,1
4110,36.0,2.0,16.0,3.0,0,49.0,0.0,40.0,1,1,0
4111,83.0,2.0,16.0,1.0,1,49.0,0.0,40.0,1,0,0
4112,86.0,3.0,16.0,1.0,3,49.0,0.0,40.0,1,1,1
4113,43.0,1.0,16.0,1.0,1,49.0,0.0,40.0,1,1,1
4114,43.0,1.0,16.0,3.0,3,49.0,1.0,40.0,1,1,1
4115,75.0,2.0,19.0,1.0,1,49.0,0.0,40.0,1,1,0
4116,31.0,2.0,24.0,1.0,1,49.0,0.0,40.0,0,0,0
4117,60.0,3.0,24.0,1.0,1,49.0,1.0,40.0,1,1,0
4118,83.0,3.0,19.0,3.0,1,49.0,0.0,40.0,1,1,1
4119,60.0,2.0,16.0,1.0,1,49.0,0.0,40.0,1,1,1
4120,83.0,2.0,19.0,1.0,1,49.0,0.0,40.0,1,1,0
4121,36.0,3.0,19.0,1.0,1,49.0,0.0,40.0,1,1,0
4122,32.0,1.0,21.0,1.0,0,49.0,0.0,40.0,0,1,1
4123,64.0,3.0,22.0,1.0,1,49.0,0.0,56.0,0,0,0
4124,86.0,7.0,16.0,1.0,0,49.0,0.0,40.0,1,1,1
4125,19.0,5.0,19.0,1.0,1,49.0,0.0,40.0,1,1,1
4126,43.0,2.0,16.0,1.0,1,49.0,0.0,40.0,0,1,0
4127,75.0,1.0,19.0,1.0,1,49.0,0.0,40.0,1,1,0
4128,75.0,2.0,21.0,1.0,1,49.0,0.0,40.0,0,1,1
4129,86.0,2.0,16.0,1.0,1,49.0,0.0,40.0,1,1,0
4130,19.0,5.0,21.0,1.0,1,49.0,0.0,40.0,1,1,1
4131,75.0,2.0,19.0,1.0,0,49.0,2.0,40.0,1,1,1
4132,75.0,2.0,19.0,1.0,1,49.0,0.0,40.0,1,1,1
4133,60.0,2.0,16.0,1.0,1,49.0,0.0,40.0,1,1,0
4134,75.0,7.0,16.0,5.0,0,49.0,0.0,32.0,1,1,0
4135,19.0,3.0,19.0,1.0,1,49.0,0.0,40.0,1,1,0
4136,17.0,2.0,16.0,1.0,1,49.0,0.0,40.0,1,1,0
4137,31.0,2.0,21.0,1.0,1,49.0,0.0,40.0,1,1,1
4138,17.0,7.0,19.0,5.0,0,49.0,0.0,40.0,1,1,1
4139,60.0,2.0,19.0,1.0,1,49.0,0.0,40.0,1,1,0
4140,75.0,2.0,19.0,1.0,1,49.0,0.0,40.0,1,0,1
4141,75.0,7.0,19.0,1.0,0,49.0,0.0,40.0,1,1,1
4142,69.0,5.0,16.0,1.0,1,49.0,1.0,40.0,1,1,0
4143,31.0,3.0,21.0,1.0,1,49.0,1.0,40.0,1,1,0
4144,36.0,3.0,19.0,1.0,1,49.0,1.0,40.0,1,1,1
4145,17.0,7.0,16.0,1.0,1,49.0,0.0,40.0,1,0,1
4146,19.0,2.0,19.0,1.0,0,49.0,0.0,40.0,1,1,1
4147,31.0,3.0,19.0,1.0,1,49.0,0.0,40.0,1,1,0
4148,69.0,7.0,19.0,1.0,1,49.0,1.0,40.0,1,1,0
4149,83.0,7.0,16.0,1.0,1,49.0,1.0,40.0,1,0,1
4150,83.0,3.0,16.0,1.0,0,49.0,0.0,40.0,1,1,0
4151,86.0,7.0,16.0,1.0,2,110.0,0.0,40.0,1,1,1
4152,31.0,2.0,16.0,1.0,1,49.0,0.0,40.0,0,0,1
4153,75.0,3.0,16.0,1.0,0,49.0,0.0,37.0,1,1,1
4154,83.0,2.0,19.0,1.0,4,49.0,1.0,40.0,1,1,1
4155,75.0,5.0,16.0,1.0,1,49.0,0.0,40.0,1,1,1
4156,83.0,2.0,16.0,1.0,1,49.0,0.0,40.0,1,1,0
4157,75.0,5.0,19.0,1.0,1,49.0,0.0,40.0,0,1,1
4158,75.0,3.0,19.0,1.0,1,49.0,1.0,40.0,1,1,1
4159,43.0,7.0,16.0,1.0,1,49.0,0.0,40.0,1,0,1
4160,31.0,1.0,21.0,1.0,1,49.0,0.0,40.0,1,0,0
4161,83.0,2.0,16.0,1.0,2,49.0,0.0,40.0,0,1,1
4162,86.0,2.0,19.0,1.0,1,162.0,1.0,40.0,1,1,1
4163,43.0,1.0,16.0,1.0,1,49.0,0.0,40.0,1,1,1
4164,69.0,2.0,16.0,1.0,1,49.0,0.0,40.0,1,1,1
4165,83.0,7.0,16.0,1.0,1,49.0,0.0,40.0,1,1,0
4166,75.0,7.0,21.0,1.0,4,49.0,0.0,40.0,1,1,1
4167,83.0,2.0,19.0,1.0,2,49.0,0.0,40.0,1,1,0
4168,92.0,2.0,21.0,1.0,1,49.0,0.0,40.0,1,0,1
4169,43.0,2.0,21.0,1.0,1,49.0,0.0,40.0,1,0,1
4170,19.0,7.0,16.0,1.0,1,49.0,1.0,40.0,1,1,1
4171,17.0,7.0,16.0,5.0,1,49.0,0.0,40.0,1,1,1
4172,19.0,2.0,21.0,1.0,1,49.0,0.0,40.0,1,1,1
4173,92.0,2.0,19.0,1.0,1,49.0,0.0,40.0,1,1,1
4174,83.0,1.0,21.0,1.0,0,49.0,0.0,40.0,1,1,1
4175,83.0,1.0,21.0,1.0,1,49.0,0.0,40.0,1,1,1
4176,19.0,7.0,21.0,1.0,1,49.0,0.0,40.0,0,0,1
4177,83.0,1.0,19.0,1.0,0,49.0,0.0,40.0,0,1,1
4178,83.0,7.0,16.0,1.0,0,49.0,0.0,40.0,1,0,0
4179,83.0,1.0,19.0,1.0,1,49.0,0.0,40.0,1,1,1
4180,86.0,1.0,19.0,1.0,1,49.0,0.0,4.0,1,1,1
4181,60.0,1.0,21.0,1.0,1,49.0,0.0,40.0,1,0,1
4182,83.0,5.0,4.0,1.0,1,49.0,0.0,40.0,1,1,1
4183,83.0,7.0,16.0,1.0,1,49.0,1.0,40.0,1,1,0
4184,75.0,3.0,21.0,1.0,2,49.0,0.0,24.0,0,0,0
4185,31.0,7.0,19.0,1.0,1,49.0,0.0,40.0,1,0,1
4186,36.0,1.0,16.0,1.0,3,49.0,14.0,40.0,1,0,1
4187,83.0,1.0,19.0,1.0,0,49.0,1.0,40.0,1,1,0
4188,19.0,2.0,19.0,1.0,1,49.0,0.0,40.0,1,1,1
4189,83.0,7.0,21.0,1.0,1,49.0,0.0,40.0,1,1,1
4190,43.0,3.0,19.0,1.0,0,49.0,0.0,40.0,1,1,0
4191,83.0,1.0,19.0,1.0,1,49.0,0.0,40.0,1,0,0
4192,83.0,5.0,16.0,1.0,2,49.0,0.0,40.0,1,1,1
4193,83.0,1.0,21.0,1.0,1,49.0,0.0,40.0,1,1,1
4194,31.0,1.0,19.0,5.0,1,49.0,0.0,40.0,1,1,1
4195,31.0,7.0,21.0,1.0,1,49.0,1.0,40.0,1,1,0
4196,31.0,3.0,22.0,1.0,2,49.0,1.0,40.0,1,1,1
4197,75.0,2.0,16.0,1.0,1,49.0,0.0,40.0,1,0,0
4198,64.0,5.0,21.0,1.0,4,49.0,0.0,40.0,1,1,1
4199,75.0,1.0,16.0,1.0,2,49.0,0.0,40.0,1,1,1
4200,78.0,2.0,16.0,1.0,1,49.0,0.0,40.0,1,1,1
4201,31.0,1.0,19.0,1.0,0,49.0,0.0,40.0,1,1,0
4202,92.0,1.0,19.0,1.0,1,49.0,0.0,40.0,0,0,0
4203,83.0,2.0,16.0,1.0,1,106.0,0.0,40.0,1,1,0
4204,83.0,2.0,16.0,1.0,2,49.0,0.0,40.0,0,1,0
4205,75.0,3.0,19.0,1.0,1,49.0,0.0,40.0,1,1,1
4206,83.0,1.0,16.0,1.0,1,49.0,0.0,40.0,0,1,1
4207,27.0,2.0,22.0,1.0,1,49.0,0.0,40.0,1,1,1
4208,83.0,4.0,16.0,1.0,5,49.0,0.0,40.0,1,1,0
4209,75.0,2.0,16.0,1.0,0,49.0,1.0,40.0,1,0,1
4210,83.0,2.0,16.0,5.0,1,49.0,0.0,40.0,1,1,1
4211,45.0,1.0,19.0,1.0,1,49.0,0.0,40.0,1,1,0
4212,86.0,3.0,19.0,1.0,1,49.0,1.0,40.0,1,1,1
4213,43.0,1.0,16.0,1.0,2,49.0,0.0,40.0,1,1,1
4214,48.0,1.0,19.0,1.0,1,49.0,1.0,40.0,0,1,0
4215,43.0,7.0,19.0,1.0,1,49.0,0.0,40.0,1,1,0
4216,75.0,2.0,19.0,1.0,2,49.0,0.0,40.0,1,1,0
4217,60.0,3.0,16.0,1.0,1,49.0,0.0,40.0,1,1,1
4218,31.0,7.0,21.0,1.0,1,49.0,1.0,30.0,1,1,1
4219,31.0,2.0,21.0,1.0,1,49.0,0.0,40.0,1,1,1
4220,83.0,7.0,19.0,1.0,2,49.0,1.0,40.0,1,1,1
4221,36.0,7.0,21.0,1.0,1,49.0,1.0,40.0,0,1,0
4222,43.0,2.0,19.0,1.0,1,49.0,0.0,40.0,0,0,0
4223,83.0,1.0,19.0,1.0,1,49.0,1.0,30.0,1,1,1
4224,31.0,1.0,19.0,1.0,1,49.0,1.0,40.0,1,0,0
4225,31.0,2.0,19.0,5.0,1,49.0,2.0,40.0,1,1,0
4226,32.0,5.0,21.0,5.0,4,49.0,0.0,40.0,1,1,1
4227,83.0,1.0,13.0,1.0,3,49.0,0.0,40.0,1,1,1
4228,31.0,1.0,19.0,1.0,1,49.0,0.0,40.0,1,1,1
4229,86.0,2.0,16.0,3.0,1,49.0,0.0,40.0,1,0,1
4230,83.0,2.0,16.0,1.0,1,49.0,0.0,39.0,1,0,1
4231,83.0,3.0,21.0,1.0,0,49.0,0.0,40.0,0,1,0
4232,83.0,5.0,19.0,1.0,1,49.0,0.0,40.0,0,1,1
4233,32.0,3.0,21.0,1.0,1,49.0,0.0,40.0,1,0,1
4234,43.0,3.0,19.0,1.0,1,49.0,0.0,40.0,1,1,1
4235,83.0,1.0,19.0,1.0,1,49.0,1.0,40.0,1,0,0
4236,86.0,3.0,19.0,1.0,1,49.0,0.0,40.0,1,1,1
4237,19.0,5.0,19.0,1.0,1,238.0,1.0,40.0,1,1,1
4238,36.0,5.0,16.0,1.0,4,49.0,0.0,40.0,0,1,1
4239,43.0,3.0,19.0,1.0,1,49.0,1.0,40.0,0,1,1
4240,83.0,7.0,16.0,1.0,0,49.0,0.0,40.0,1,1,1
4241,29.0,7.0,16.0,1.0,0,49.0,0.0,40.0,1,1,1
4242,40.0,2.0,16.0,1.0,2,49.0,0.0,40.0,0,1,0
4243,32.0,2.0,19.0,1.0,1,49.0,0.0,40.0,1,1,1
4244,75.0,5.0,19.0,1.0,1,49.0,0.0,40.0,1,1,1
4245,86.0,1.0,16.0,1.0,3,49.0,0.0,40.0,1,1,1
4246,83.0,1.0,21.0,5.0,1,49.0,0.0,40.0,1,1,0
4247,17.0,7.0,19.0,1.0,1,49.0,0.0,19.0,1,1,1
4248,86.0,5.0,21.0,1.0,0,49.0,0.0,40.0,1,1,1
4249,31.0,2.0,16.0,1.0,0,49.0,0.0,40.0,1,0,1
4250,19.0,1.0,16.0,1.0,0,49.0,1.0,40.0,0,1,0
4251,36.0,2.0,19.0,1.0,1,49.0,0.0,40.0,1,1,1
4252,40.0,1.0,16.0,1.0,1,49.0,1.0,40.0,1,0,1
4253,36.0,1.0,19.0,1.0,1,49.0,0.0,40.0,1,1,0
4254,31.0,1.0,16.0,1.0,1,49.0,0.0,40.0,0,0,1
4255,19.0,7.0,19.0,1.0,0,49.0,0.0,40.0,1,1,1
4256,31.0,2.0,19.0,1.0,4,49.0,0.0,40.0,0,1,1
4257,32.0,3.0,16.0,1.0,0,49.0,13.0,40.0,1,1,0
4258,31.0,2.0,19.0,1.0,1,49.0,13.0,40.0,1,1,1
4259,75.0,1.0,16.0,1.0,1,49.0,0.0,40.0,1,1,0
4260,75.0,2.0,21.0,1.0,1,49.0,0.0,66.0,1,1,1
4261,43.0,2.0,10.0,5.0,1,49.0,0.0,40.0,0,1,1
4262,83.0,5.0,16.0,1.0,0,49.0,0.0,40.0,1,0,1
4263,83.0,2.0,19.0,1.0,0,49.0,0.0,40.0,1,1,1
4264,92.0,7.0,21.0,1.0,0,49.0,0.0,40.0,1,1,1
4265,30.0,3.0,16.0,1.0,0,49.0,0.0,40.0,1,0,1
4266,31.0,7.0,21.0,1.0,2,49.0,1.0,40.0,0,1,1
4267,60.0,2.0,19.0,1.0,1,49.0,0.0,40.0,1,1,1
4268,75.0,5.0,16.0,1.0,1,49.0,1.0,40.0,1,1,0
4269,31.0,5.0,16.0,1.0,2,49.0,1.0,40.0,1,1,1
4270,43.0,2.0,21.0,1.0,1,49.0,1.0,40.0,1,1,1
4271,40.0,1.0,19.0,1.0,2,49.0,0.0,40.0,0,0,1
4272,31.0,2.0,16.0,1.0,1,49.0,0.0,40.0,1,1,0
4273,86.0,2.0,16.0,1.0,1,49.0,0.0,40.0,1,1,0
4274,83.0,4.0,16.0,1.0,1,49.0,1.0,40.0,1,0,1
4275,75.0,5.0,16.0,1.0,0,49.0,0.0,40.0,1,1,1
4276,43.0,3.0,16.0,1.0,1,49.0,0.0,40.0,1,1,1
4277,31.0,2.0,19.0,1.0,1,49.0,0.0,40.0,1,0,1
4278,31.0,7.0,16.0,1.0,-1,49.0,0.0,40.0,1,1,0
4279,43.0,2.0,19.0,1.0,0,49.0,0.0,40.0,1,1,1
4280,26.0,2.0,16.0,1.0,1,49.0,0.0,40.0,0,1,1
4281,69.0,3.0,16.0,1.0,1,49.0,0.0,40.0,1,1,0
4282,42.0,7.0,16.0,1.0,1,49.0,0.0,40.0,1,0,0
4283,83.0,7.0,16.0,1.0,1,49.0,0.0,40.0,1,1,0
4284,83.0,3.0,16.0,1.0,2,49.0,1.0,40.0,1,1,1
4285,64.0,1.0,19.0,1.0,1,49.0,0.0,40.0,0,1,1
4286,19.0,2.0,16.0,1.0,5,49.0,0.0,40.0,1,1,1
4287,17.0,2.0,17.0,1.0,1,49.0,0.0,40.0,1,1,1
4288,36.0,1.0,19.0,1.0,1,49.0,0.0,40.0,1,0,1
4289,83.0,2.0,16.0,1.0,1,49.0,1.0,40.0,0,1,1
4290,43.0,5.0,21.0,1.0,1,49.0,0.0,40.0,1,1,1
4291,86.0,7.0,16.0,1.0,1,49.0,13.0,40.0,1,1,0
4292,86.0,1.0,16.0,1.0,1,49.0,0.0,40.0,1,1,0
4293,83.0,2.0,16.0,1.0,1,49.0,1.0,40.0,1,0,0
4294,19.0,2.0,22.0,1.0,1,49.0,0.0,40.0,1,1,1
4295,83.0,1.0,16.0,1.0,1,49.0,0.0,40.0,1,1,0
4296,86.0,2.0,19.0,1.0,1,49.0,1.0,40.0,1,1,1
4297,83.0,1.0,19.0,1.0,2,49.0,1.0,40.0,0,0,1
4298,75.0,5.0,16.0,1.0,1,49.0,1.0,40.0,1,1,1
4299,69.0,1.0,19.0,1.0,4,49.0,0.0,66.0,1,1,1
4300,74.0,2.0,21.0,1.0,0,49.0,0.0,40.0,1,1,1
4301,86.0,2.0,16.0,1.0,1,49.0,1.0,40.0,1,1,1
4302,43.0,1.0,19.0,5.0,4,49.0,0.0,40.0,0,1,1
4303,83.0,5.0,16.0,1.0,0,49.0,0.0,40.0,1,1,0
4304,64.0,1.0,19.0,1.0,2,49.0,0.0,40.0,1,1,1
4305,43.0,1.0,21.0,1.0,1,49.0,0.0,30.0,1,1,1
4306,43.0,1.0,16.0,1.0,1,49.0,0.0,40.0,1,1,1
4307,83.0,1.0,16.0,1.0,1,49.0,0.0,40.0,1,1,1
4308,75.0,1.0,10.0,1.0,1,49.0,0.0,40.0,1,1,0
4309,31.0,3.0,16.0,1.0,1,49.0,0.0,40.0,0,1,1
4310,31.0,2.0,22.0,3.0,1,49.0,0.0,30.0,0,1,0
4311,31.0,1.0,16.0,1.0,1,49.0,0.0,40.0,1,1,1
4312,31.0,7.0,21.0,1.0,1,49.0,0.0,20.0,1,1,0
4313,83.0,3.0,16.0,1.0,1,49.0,0.0,40.0,0,1,0
4314,75.0,2.0,16.0,1.0,0,49.0,0.0,40.0,1,1,0
4315,64.0,2.0,16.0,1.0,0,49.0,0.0,40.0,0,1,0
4316,60.0,1.0,21.0,1.0,1,49.0,0.0,40.0,1,1,1
4317,75.0,1.0,16.0,1.0,1,49.0,0.0,40.0,0,1,1
4318,43.0,7.0,19.0,1.0,1,49.0,0.0,40.0,1,1,0
4319,31.0,5.0,16.0,1.0,1,49.0,1.0,40.0,1,1,1
4320,31.0,1.0,19.0,1.0,1,49.0,0.0,40.0,1,1,1
4321,83.0,3.0,19.0,1.0,1,49.0,1.0,40.0,1,1,0
4322,69.0,2.0,16.0,1.0,1,49.0,0.0,40.0,1,1,0
4323,75.0,2.0,19.0,1.0,1,49.0,0.0,40.0,0,1,1
4324,31.0,3.0,16.0,1.0,5,49.0,0.0,40.0,1,1,1
4325,83.0,1.0,16.0,1.0,1,49.0,0.0,40.0,1,1,1
4326,31.0,1.0,16.0,1.0,1,49.0,0.0,40.0,1,1,0
4327,83.0,3.0,22.0,1.0,1,49.0,0.0,40.0,1,1,1
4328,83.0,5.0,21.0,5.0,2,49.0,0.0,40.0,1,1,1
4329,75.0,3.0,16.0,1.0,1,49.0,0.0,40.0,1,1,1
4330,31.0,2.0,16.0,1.0,1,49.0,0.0,40.0,1,1,1
4331,31.0,5.0,16.0,1.0,1,49.0,0.0,40.0,1,1,1
4332,86.0,1.0,19.0,1.0,1,49.0,0.0,40.0,1,1,1
4333,75.0,5.0,16.0,1.0,0,49.0,0.0,40.0,1,1,1
4334,36.0,2.0,19.0,1.0,2,49.0,0.0,40.0,1,1,1
4335,43.0,3.0,16.0,1.0,4,49.0,0.0,40.0,0,1,1
4336,19.0,7.0,16.0,1.0,2,49.0,0.0,40.0,1,1,0
4337,83.0,1.0,17.0,1.0,1,49.0,1.0,66.0,1,1,1
4338,92.0,2.0,16.0,1.0,1,49.0,0.0,40.0,1,1,0
4339,86.0,2.0,19.0,1.0,1,49.0,1.0,40.0,1,0,1
4340,17.0,1.0,16.0,1.0,1,442.0,0.0,40.0,0,1,1
4341,83.0,7.0,19.0,1.0,1,49.0,0.0,40.0,1,1,1
4342,83.0,2.0,24.0,1.0,1,49.0,0.0,40.0,1,1,0
4343,92.0,5.0,12.0,1.0,1,49.0,0.0,40.0,1,0,1
4344,31.0,7.0,16.0,1.0,1,49.0,0.0,40.0,0,1,1
4345,92.0,2.0,16.0,1.0,0,49.0,0.0,40.0,1,1,1
4346,43.0,3.0,19.0,1.0,0,49.0,1.0,40.0,0,1,1
4347,75.0,7.0,19.0,1.0,2,49.0,0.0,40.0,0,1,1
4348,83.0,2.0,21.0,1.0,0,49.0,0.0,40.0,0,1,0
4349,36.0,1.0,22.0,1.0,2,49.0,0.0,40.0,1,1,1
4350,83.0,1.0,19.0,1.0,2,49.0,1.0,40.0,1,1,1
4351,83.0,5.0,19.0,1.0,1,49.0,1.0,40.0,1,1,0
4352,83.0,7.0,16.0,1.0,1,49.0,0.0,40.0,1,1,1
4353,75.0,3.0,16.0,1.0,1,49.0,0.0,40.0,1,1,1
4354,43.0,5.0,16.0,1.0,1,49.0,0.0,40.0,1,1,0
4355,19.0,3.0,21.0,1.0,1,49.0,0.0,40.0,1,1,1
4356,43.0,1.0,16.0,1.0,1,49.0,0.0,40.0,0,0,0
4357,75.0,2.0,19.0,1.0,1,49.0,0.0,40.0,1,0,1
4358,17.0,1.0,8.0,1.0,0,49.0,0.0,40.0,1,1,1
4359,43.0,2.0,7.0,1.0,1,49.0,0.0,40.0,1,1,1
4360,17.0,3.0,19.0,1.0,1,49.0,0.0,40.0,1,1,1
4361,83.0,1.0,16.0,1.0,1,49.0,0.0,40.0,1,1,1
4362,64.0,7.0,19.0,1.0,1,49.0,0.0,40.0,1,1,0
4363,83.0,5.0,16.0,1.0,1,49.0,0.0,40.0,1,1,1
4364,31.0,4.0,19.0,1.0,1,49.0,0.0,40.0,1,1,1
4365,31.0,2.0,24.0,1.0,1,49.0,0.0,40.0,1,1,1
4366,92.0,3.0,16.0,1.0,0,9.0,0.0,40.0,1,1,1
4367,43.0,2.0,16.0,1.0,0,49.0,0.0,40.0,1,1,1
4368,43.0,2.0,19.0,1.0,3,49.0,0.0,40.0,0,1,1
4369,69.0,5.0,19.0,1.0,3,49.0,0.0,40.0,1,1,0
4370,43.0,2.0,21.0,1.0,1,49.0,0.0,40.0,1,0,1
4371,31.0,2.0,16.0,1.0,1,49.0,0.0,40.0,0,1,1
4372,70.0,2.0,22.0,1.0,1,49.0,0.0,40.0,1,1,1
4373,83.0,1.0,16.0,1.0,2,49.0,1.0,40.0,1,1,1
4374,36.0,5.0,19.0,1.0,2,49.0,1.0,40.0,1,1,1
4375,83.0,3.0,19.0,1.0,1,49.0,0.0,40.0,1,1,1
4376,43.0,5.0,16.0,1.0,0,49.0,0.0,25.0,1,0,1
4377,65.0,2.0,19.0,1.0,2,49.0,0.0,40.0,1,0,1
4378,31.0,2.0,16.0,1.0,1,49.0,0.0,40.0,1,1,1
4379,31.0,3.0,21.0,1.0,2,49.0,0.0,40.0,1,1,1
4380,75.0,1.0,16.0,1.0,1,49.0,1.0,40.0,1,1,0
4381,43.0,3.0,19.0,3.0,1,49.0,0.0,40.0,1,1,1
4382,19.0,2.0,19.0,1.0,1,49.0,0.0,40.0,1,1,1
4383,64.0,7.0,16.0,1.0,0,49.0,0.0,40.0,1,1,0
4384,83.0,2.0,16.0,1.0,2,49.0,0.0,40.0,1,1,0
4385,86.0,7.0,19.0,1.0,1,49.0,0.0,40.0,1,1,1
4386,32.0,2.0,16.0,1.0,0,49.0,0.0,40.0,1,1,1
4387,17.0,7.0,19.0,1.0,1,49.0,0.0,40.0,1,1,0
4388,75.0,1.0,16.0,1.0,1,49.0,0.0,40.0,1,1,1
4389,83.0,2.0,19.0,1.0,1,49.0,0.0,40.0,0,1,0
4390,60.0,1.0,16.0,1.0,2,49.0,0.0,40.0,1,1,0
4391,17.0,2.0,16.0,1.0,1,49.0,0.0,40.0,1,1,1
4392,83.0,2.0,19.0,1.0,1,49.0,0.0,40.0,0,1,1
4393,31.0,2.0,19.0,1.0,1,49.0,0.0,40.0,1,1,0
4394,83.0,1.0,19.0,5.0,2,49.0,0.0,40.0,1,1,0
4395,19.0,5.0,16.0,1.0,1,49.0,0.0,40.0,1,1,1
4396,17.0,7.0,16.0,1.0,-1,49.0,1.0,40.0,1,1,1
4397,43.0,7.0,19.0,1.0,1,49.0,0.0,66.0,1,1,0
4398,19.0,3.0,16.0,1.0,1,49.0,0.0,40.0,0,1,1
4399,19.0,3.0,16.0,1.0,1,49.0,0.0,32.0,1,0,1
4400,69.0,7.0,16.0,1.0,2,49.0,0.0,40.0,1,1,0
4401,83.0,2.0,21.0,1.0,1,49.0,0.0,40.0,0,1,1
4402,83.0,7.0,8.0,1.0,0,49.0,0.0,40.0,1,1,1
4403,83.0,7.0,16.0,1.0,0,49.0,0.0,40.0,1,1,1
4404,86.0,3.0,16.0,2.0,1,49.0,0.0,91.0,1,1,1
4405,83.0,1.0,21.0,1.0,1,49.0,0.0,40.0,1,1,1
4406,92.0,2.0,16.0,1.0,2,49.0,0.0,40.0,1,1,0
4407,31.0,3.0,16.0,1.0,1,49.0,0.0,40.0,1,1,0
4408,43.0,1.0,17.0,1.0,0,49.0,0.0,40.0,1,1,0
4409,23.0,3.0,21.0,1.0,1,49.0,1.0,40.0,1,1,1
4410,86.0,5.0,19.0,1.0,1,49.0,1.0,15.0,1,1,1
4411,31.0,1.0,19.0,1.0,1,49.0,0.0,40.0,1,1,1
4412,75.0,1.0,16.0,3.0,1,49.0,0.0,40.0,1,1,1
4413,32.0,3.0,19.0,1.0,0,49.0,1.0,40.0,1,1,1
4414,31.0,7.0,16.0,1.0,2,49.0,0.0,40.0,1,0,1
4415,69.0,1.0,19.0,1.0,1,49.0,0.0,40.0,1,1,1
4416,92.0,3.0,19.0,1.0,1,49.0,0.0,40.0,1,1,1
4417,31.0,6.0,21.0,1.0,1,49.0,1.0,40.0,1,1,0
4418,17.0,1.0,16.0,1.0,4,49.0,0.0,40.0,1,1,1
4419,83.0,6.0,21.0,1.0,1,49.0,9.0,40.0,0,1,0
4420,83.0,2.0,16.0,1.0,1,49.0,0.0,40.0,1,0,1
4421,43.0,7.0,19.0,1.0,1,49.0,0.0,40.0,1,1,0
4422,83.0,3.0,16.0,1.0,1,49.0,1.0,40.0,1,1,0
4423,86.0,2.0,19.0,1.0,1,49.0,0.0,40.0,1,1,1
4424,75.0,6.0,16.0,1.0,0,49.0,0.0,40.0,0,1,0
4425,75.0,1.0,4.0,1.0,1,49.0,1.0,40.0,1,0,0
4426,17.0,3.0,19.0,1.0,1,49.0,0.0,40.0,1,1,1
4427,86.0,3.0,16.0,1.0,1,49.0,0.0,40.0,1,1,1
4428,43.0,7.0,19.0,1.0,1,49.0,0.0,40.0,1,0,1
4429,86.0,2.0,12.0,1.0,0,49.0,0.0,40.0,1,1,1
4430,86.0,2.0,16.0,1.0,1,49.0,0.0,40.0,1,0,0
4431,64.0,3.0,19.0,1.0,1,49.0,1.0,40.0,1,1,0
4432,31.0,7.0,16.0,1.0,0,49.0,1.0,40.0,1,1,1
4433,19.0,1.0,17.0,1.0,1,49.0,0.0,40.0,1,1,1
4434,43.0,3.0,12.0,1.0,1,49.0,0.0,40.0,0,1,0
4435,19.0,5.0,19.0,1.0,1,49.0,0.0,40.0,1,1,1
4436,60.0,7.0,16.0,1.0,1,49.0,0.0,40.0,1,1,0
4437,31.0,3.0,14.0,1.0,1,49.0,0.0,40.0,1,1,1
4438,19.0,3.0,19.0,1.0,0,49.0,0.0,40.0,1,1,1
4439,31.0,1.0,21.0,1.0,1,49.0,0.0,40.0,1,0,0
4440,31.0,1.0,16.0,3.0,1,49.0,0.0,40.0,0,1,0
4441,83.0,3.0,16.0,1.0,1,49.0,0.0,40.0,1,0,0
4442,86.0,2.0,16.0,1.0,1,49.0,0.0,40.0,1,1,1
4443,36.0,2.0,19.0,1.0,0,49.0,1.0,40.0,1,1,1
4444,19.0,7.0,16.0,1.0,1,49.0,0.0,40.0,1,1,1
4445,19.0,7.0,19.0,1.0,2,49.0,0.0,40.0,1,1,1
4446,69.0,7.0,16.0,1.0,1,49.0,1.0,40.0,1,1,1
4447,49.0,1.0,14.0,1.0,1,49.0,0.0,40.0,1,1,0
4448,43.0,3.0,24.0,5.0,1,49.0,0.0,40.0,1,1,0
4449,75.0,3.0,8.0,1.0,1,49.0,1.0,40.0,1,1,1
4450,75.0,7.0,21.0,1.0,5,49.0,0.0,40.0,1,0,1
4451,83.0,1.0,16.0,1.0,2,49.0,1.0,40.0,0,1,1
4452,86.0,7.0,19.0,1.0,1,49.0,1.0,40.0,1,1,1
4453,64.0,7.0,16.0,1.0,1,49.0,1.0,40.0,1,1,1
4454,83.0,2.0,19.0,1.0,1,49.0,0.0,40.0,1,1,1
4455,83.0,1.0,16.0,1.0,0,462.0,0.0,40.0,1,1,1
4456,36.0,7.0,19.0,1.0,1,49.0,0.0,40.0,0,1,0
4457,83.0,7.0,16.0,1.0,3,49.0,0.0,40.0,1,1,0
4458,83.0,2.0,19.0,1.0,1,49.0,0.0,40.0,1,1,0
4459,17.0,8.0,16.0,1.0,0,49.0,0.0,40.0,1,1,1
4460,31.0,2.0,16.0,1.0,1,49.0,0.0,40.0,1,1,1
4461,83.0,1.0,19.0,1.0,1,49.0,0.0,40.0,1,1,1
4462,64.0,1.0,19.0,1.0,1,49.0,0.0,40.0,1,1,1
4463,36.0,7.0,16.0,1.0,1,49.0,0.0,40.0,0,1,0
4464,75.0,2.0,19.0,1.0,1,49.0,1.0,40.0,1,1,1
4465,32.0,5.0,19.0,1.0,1,49.0,0.0,40.0,1,1,0
4466,31.0,3.0,16.0,1.0,1,49.0,5.0,40.0,1,1,0
4467,61.0,5.0,19.0,1.0,2,49.0,0.0,40.0,1,1,1
4468,83.0,7.0,4.0,1.0,1,49.0,0.0,40.0,1,1,1
4469,17.0,5.0,16.0,1.0,1,49.0,1.0,40.0,0,1,1
4470,31.0,1.0,16.0,1.0,1,49.0,0.0,40.0,0,1,1
4471,31.0,1.0,19.0,1.0,2,49.0,0.0,40.0,1,1,0
4472,86.0,4.0,19.0,1.0,0,49.0,0.0,40.0,1,1,1
4473,75.0,1.0,21.0,1.0,1,49.0,0.0,40.0,1,1,1
4474,32.0,7.0,19.0,1.0,2,49.0,0.0,40.0,0,1,1
4475,43.0,6.0,16.0,1.0,1,49.0,13.0,40.0,0,1,1
4476,19.0,1.0,19.0,1.0,0,49.0,0.0,40.0,1,1,1
4477,84.0,7.0,22.0,1.0,1,49.0,0.0,40.0,0,1,1
4478,75.0,2.0,16.0,5.0,1,49.0,0.0,40.0,1,1,0
4479,36.0,3.0,24.0,1.0,1,49.0,0.0,40.0,0,1,1
4480,69.0,7.0,16.0,1.0,2,49.0,0.0,40.0,1,1,1
4481,86.0,1.0,19.0,1.0,0,49.0,1.0,40.0,0,1,1
4482,83.0,2.0,19.0,1.0,1,49.0,0.0,40.0,1,1,0
4483,83.0,3.0,16.0,1.0,1,49.0,0.0,40.0,1,1,1
4484,43.0,2.0,19.0,1.0,1,49.0,0.0,40.0,1,1,1
4485,83.0,3.0,24.0,1.0,0,49.0,13.0,40.0,1,1,1
4486,19.0,1.0,19.0,1.0,2,49.0,1.0,40.0,1,0,0
4487,60.0,3.0,16.0,1.0,1,362.0,0.0,40.0,0,1,0
4488,75.0,3.0,16.0,1.0,1,49.0,0.0,40.0,1,1,1
4489,86.0,1.0,19.0,1.0,1,49.0,0.0,40.0,1,1,0
4490,36.0,7.0,19.0,1.0,0,49.0,0.0,40.0,1,1,0
4491,31.0,2.0,21.0,1.0,0,49.0,0.0,40.0,1,1,1
4492,83.0,1.0,19.0,1.0,2,49.0,0.0,40.0,1,1,1
4493,31.0,5.0,16.0,1.0,0,49.0,0.0,40.0,1,1,1
4494,75.0,5.0,16.0,1.0,1,49.0,0.0,40.0,1,1,1
4495,75.0,8.0,21.0,1.0,1,49.0,1.0,40.0,1,1,1
4496,69.0,1.0,16.0,1.0,1,49.0,0.0,40.0,1,1,1
4497,83.0,5.0,12.0,1.0,1,49.0,0.0,40.0,0,1,1
4498,43.0,2.0,16.0,1.0,0,49.0,1.0,40.0,1,1,1
4499,83.0,3.0,16.0,1.0,1,49.0,0.0,40.0,1,1,1
4500,43.0,7.0,16.0,3.0,0,49.0,0.0,40.0,1,1,1
4501,19.0,5.0,16.0,5.0,1,49.0,1.0,40.0,1,1,0
4502,83.0,5.0,19.0,5.0,1,49.0,0.0,40.0,1,1,1
4503,31.0,5.0,21.0,1.0,1,49.0,1.0,40.0,1,1,0
4504,31.0,1.0,16.0,1.0,1,49.0,0.0,40.0,1,1,1
4505,83.0,8.0,21.0,1.0,1,49.0,0.0,40.0,1,1,1
4506,75.0,1.0,21.0,1.0,0,49.0,1.0,40.0,1,1,1
4507,83.0,5.0,22.0,1.0,1,49.0,0.0,40.0,1,1,1
4508,83.0,2.0,16.0,1.0,1,49.0,0.0,40.0,1,0,1
4509,75.0,7.0,19.0,1.0,5,49.0,0.0,40.0,1,1,0
4510,75.0,2.0,16.0,1.0,1,49.0,1.0,40.0,1,1,1
4511,19.0,1.0,16.0,1.0,1,1.0,1.0,40.0,1,1,1
4512,36.0,7.0,16.0,1.0,0,49.0,1.0,40.0,1,1,0
4513,43.0,1.0,19.0,1.0,1,49.0,1.0,40.0,1,1,0
4514,36.0,3.0,16.0,1.0,1,49.0,0.0,40.0,1,1,0
4515,43.0,1.0,16.0,1.0,2,49.0,0.0,40.0,0,1,1
4516,19.0,2.0,16.0,1.0,0,49.0,0.0,40.0,1,1,1
4517,83.0,7.0,21.0,1.0,1,49.0,0.0,40.0,0,1,1
4518,31.0,1.0,19.0,1.0,1,49.0,0.0,40.0,1,1,1
4519,31.0,2.0,19.0,1.0,1,49.0,0.0,40.0,0,1,0
4520,75.0,3.0,21.0,1.0,1,49.0,1.0,85.0,1,1,1
4521,86.0,2.0,19.0,5.0,1,49.0,2.0,40.0,1,0,1
4522,34.0,2.0,16.0,1.0,1,49.0,1.0,40.0,0,0,1
4523,32.0,3.0,16.0,1.0,1,49.0,0.0,40.0,1,1,1
4524,92.0,6.0,19.0,1.0,1,49.0,0.0,40.0,1,1,0
4525,83.0,3.0,16.0,1.0,1,49.0,0.0,40.0,1,1,1
4526,43.0,2.0,19.0,1.0,1,49.0,0.0,66.0,1,1,0
4527,60.0,3.0,21.0,1.0,1,49.0,0.0,40.0,1,1,0
4528,19.0,2.0,21.0,5.0,1,49.0,1.0,40.0,0,1,1
4529,31.0,7.0,19.0,1.0,1,49.0,0.0,40.0,1,1,0
4530,75.0,7.0,16.0,1.0,1,49.0,0.0,40.0,1,1,0
4531,43.0,3.0,16.0,1.0,2,49.0,1.0,40.0,1,1,1
4532,31.0,5.0,16.0,1.0,0,49.0,1.0,40.0,1,1,0
4533,56.0,3.0,16.0,1.0,2,49.0,0.0,40.0,0,1,1
4534,75.0,1.0,16.0,1.0,1,49.0,0.0,40.0,0,1,1
4535,43.0,5.0,21.0,1.0,1,49.0,0.0,30.0,1,1,1
4536,83.0,1.0,16.0,2.0,1,49.0,0.0,40.0,1,1,1
4537,83.0,7.0,16.0,1.0,1,49.0,10.0,40.0,1,1,1
4538,43.0,3.0,21.0,1.0,1,49.0,0.0,40.0,1,1,0
4539,31.0,2.0,16.0,1.0,1,49.0,0.0,40.0,1,1,1
4540,86.0,7.0,16.0,1.0,1,49.0,0.0,40.0,1,1,0
4541,86.0,5.0,16.0,1.0,1,49.0,0.0,40.0,1,1,1
4542,31.0,5.0,21.0,1.0,4,49.0,1.0,65.0,1,1,1
4543,17.0,2.0,8.0,1.0,1,49.0,1.0,40.0,1,0,1
4544,43.0,1.0,12.0,1.0,1,49.0,0.0,40.0,1,1,1
4545,27.0,2.0,19.0,1.0,1,49.0,0.0,40.0,1,1,1
4546,86.0,2.0,19.0,1.0,1,49.0,0.0,40.0,1,0,1
4547,86.0,2.0,19.0,1.0,1,49.0,0.0,40.0,1,0,0
4548,92.0,5.0,22.0,1.0,1,49.0,0.0,40.0,1,1,1
4549,44.0,1.0,16.0,1.0,-1,49.0,1.0,40.0,1,0,1
4550,75.0,5.0,16.0,1.0,5,49.0,0.0,40.0,1,1,1
4551,36.0,5.0,19.0,1.0,1,49.0,0.0,40.0,1,1,1
4552,83.0,7.0,16.0,1.0,1,49.0,0.0,40.0,1,1,1
4553,84.0,2.0,14.0,1.0,1,49.0,0.0,40.0,1,1,1
4554,83.0,3.0,19.0,1.0,1,49.0,0.0,40.0,1,1,1
4555,31.0,3.0,19.0,1.0,1,49.0,0.0,40.0,1,1,1
4556,36.0,5.0,16.0,1.0,1,49.0,0.0,40.0,1,1,0
4557,75.0,3.0,24.0,1.0,0,49.0,0.0,40.0,1,0,1
4558,83.0,7.0,19.0,1.0,1,49.0,0.0,40.0,1,1,0
4559,31.0,2.0,19.0,1.0,1,49.0,0.0,40.0,0,1,1
4560,19.0,2.0,16.0,1.0,1,49.0,0.0,40.0,1,1,0
4561,31.0,3.0,16.0,1.0,0,49.0,0.0,40.0,0,1,1
4562,83.0,1.0,16.0,1.0,1,49.0,1.0,40.0,1,1,1
4563,83.0,3.0,16.0,1.0,0,49.0,0.0,40.0,1,1,1
4564,86.0,2.0,19.0,1.0,1,49.0,0.0,40.0,1,1,1
4565,43.0,5.0,21.0,1.0,0,49.0,0.0,40.0,0,1,1
4566,56.0,3.0,16.0,1.0,1,49.0,0.0,40.0,1,1,0
4567,83.0,5.0,19.0,1.0,1,49.0,0.0,40.0,1,1,1
4568,31.0,3.0,19.0,3.0,0,49.0,0.0,40.0,1,1,1
4569,43.0,3.0,21.0,1.0,1,49.0,0.0,40.0,1,1,1
4570,31.0,1.0,19.0,1.0,1,49.0,0.0,40.0,1,1,1
4571,83.0,2.0,16.0,1.0,1,49.0,0.0,40.0,1,1,1
4572,75.0,1.0,19.0,1.0,1,49.0,0.0,40.0,1,0,1
4573,75.0,7.0,19.0,1.0,1,49.0,1.0,40.0,1,1,0
4574,43.0,7.0,19.0,1.0,1,49.0,0.0,40.0,1,1,1
4575,19.0,7.0,16.0,1.0,1,49.0,0.0,40.0,1,1,0
4576,83.0,5.0,16.0,1.0,2,49.0,0.0,40.0,1,0,1
4577,75.0,2.0,19.0,1.0,1,49.0,0.0,40.0,0,1,1
4578,31.0,7.0,16.0,1.0,1,49.0,0.0,40.0,0,1,1
4579,19.0,5.0,16.0,1.0,2,49.0,0.0,40.0,1,1,0
4580,83.0,7.0,19.0,1.0,1,363.0,0.0,40.0,1,1,1
4581,83.0,1.0,16.0,1.0,4,49.0,1.0,40.0,1,1,1
4582,31.0,3.0,21.0,1.0,1,49.0,0.0,40.0,1,1,1
4583,92.0,3.0,19.0,1.0,0,49.0,0.0,40.0,1,1,1
4584,31.0,2.0,16.0,1.0,1,49.0,1.0,40.0,0,0,0
4585,64.0,7.0,16.0,1.0,1,49.0,0.0,40.0,1,1,1
4586,83.0,1.0,21.0,1.0,-1,49.0,0.0,14.0,0,1,1
4587,43.0,5.0,19.0,1.0,0,49.0,0.0,40.0,1,1,1
4588,31.0,2.0,24.0,1.0,1,49.0,0.0,40.0,1,0,1
4589,83.0,1.0,16.0,1.0,1,49.0,0.0,40.0,1,0,1
4590,83.0,1.0,16.0,1.0,1,49.0,1.0,40.0,1,1,1
4591,83.0,1.0,16.0,1.0,2,49.0,0.0,40.0,1,1,1
4592,86.0,2.0,16.0,1.0,1,49.0,0.0,40.0,1,0,1
4593,75.0,1.0,19.0,1.0,1,49.0,0.0,40.0,1,1,0
4594,19.0,7.0,19.0,1.0,0,49.0,0.0,40.0,1,1,0
4595,17.0,1.0,19.0,1.0,1,49.0,0.0,65.0,1,1,1
4596,60.0,2.0,19.0,1.0,1,49.0,5.0,40.0,1,0,1
4597,43.0,7.0,16.0,1.0,-1,49.0,0.0,40.0,1,0,0
4598,83.0,2.0,19.0,1.0,1,49.0,0.0,40.0,1,0,1
4599,19.0,7.0,19.0,1.0,1,49.0,0.0,40.0,1,1,0
4600,83.0,3.0,19.0,1.0,1,49.0,0.0,40.0,1,1,1
4601,83.0,2.0,19.0,1.0,1,49.0,0.0,40.0,1,1,0
4602,36.0,2.0,21.0,1.0,0,49.0,0.0,40.0,1,1,1
4603,64.0,3.0,16.0,1.0,1,49.0,0.0,40.0,1,1,0
4604,83.0,2.0,16.0,1.0,1,49.0,0.0,40.0,1,1,1
4605,31.0,5.0,21.0,1.0,1,49.0,0.0,40.0,1,1,1
4606,83.0,3.0,19.0,5.0,1,49.0,7.0,40.0,1,1,0
4607,65.0,3.0,16.0,1.0,2,49.0,0.0,40.0,0,1,1
4608,32.0,3.0,19.0,1.0,1,49.0,0.0,40.0,1,1,1
4609,86.0,2.0,20.0,1.0,0,49.0,0.0,40.0,1,1,1
4610,31.0,1.0,19.0,1.0,1,49.0,0.0,40.0,1,1,1
4611,86.0,1.0,16.0,1.0,1,49.0,0.0,40.0,1,0,0
4612,75.0,2.0,16.0,1.0,1,49.0,0.0,40.0,1,1,1
4613,31.0,1.0,19.0,1.0,2,49.0,0.0,40.0,1,0,1
4614,71.0,2.0,16.0,1.0,4,49.0,0.0,40.0,0,1,1
4615,32.0,2.0,19.0,5.0,1,49.0,0.0,40.0,1,1,1
4616,19.0,2.0,19.0,1.0,1,49.0,0.0,40.0,1,1,0
4617,31.0,5.0,19.0,1.0,1,49.0,1.0,40.0,1,1,1
4618,83.0,1.0,19.0,1.0,1,49.0,0.0,40.0,1,1,1
4619,17.0,1.0,21.0,1.0,5,49.0,0.0,40.0,1,1,1
4620,86.0,2.0,19.0,1.0,0,49.0,0.0,40.0,0,1,1
4621,31.0,5.0,19.0,1.0,2,49.0,0.0,40.0,1,0,0
4622,32.0,1.0,19.0,1.0,2,49.0,0.0,40.0,0,1,0
4623,64.0,7.0,21.0,1.0,0,49.0,0.0,40.0,0,1,1
4624,75.0,2.0,16.0,1.0,1,49.0,0.0,40.0,0,1,0
4625,75.0,2.0,19.0,1.0,0,49.0,0.0,40.0,1,0,1
4626,36.0,2.0,16.0,1.0,0,49.0,0.0,40.0,0,0,1
4627,36.0,7.0,19.0,1.0,1,49.0,0.0,40.0,0,1,1
4628,36.0,2.0,21.0,1.0,0,49.0,1.0,40.0,1,1,0
4629,31.0,1.0,19.0,1.0,0,49.0,0.0,40.0,1,1,1
4630,83.0,1.0,19.0,1.0,1,49.0,0.0,40.0,1,1,1
4631,31.0,1.0,16.0,1.0,1,49.0,0.0,40.0,1,1,1
4632,83.0,1.0,19.0,1.0,0,49.0,1.0,40.0,1,1,0
4633,83.0,1.0,21.0,3.0,1,49.0,0.0,40.0,0,1,0
4634,83.0,7.0,16.0,1.0,1,49.0,0.0,40.0,1,1,0
4635,83.0,3.0,16.0,1.0,1,49.0,6.0,40.0,1,1,0
4636,19.0,2.0,24.0,1.0,1,49.0,0.0,40.0,1,1,0
4637,31.0,1.0,16.0,1.0,1,49.0,0.0,40.0,1,1,0
4638,86.0,2.0,16.0,1.0,1,49.0,0.0,40.0,1,1,0
4639,31.0,7.0,19.0,1.0,0,49.0,1.0,3.0,1,1,1
4640,31.0,2.0,21.0,1.0,1,49.0,0.0,40.0,1,1,1
4641,83.0,7.0,16.0,3.0,1,49.0,0.0,40.0,1,1,0
4642,31.0,1.0,16.0,1.0,1,49.0,0.0,40.0,1,1,0
4643,83.0,2.0,16.0,1.0,2,49.0,0.0,40.0,1,1,0
4644,83.0,3.0,16.0,1.0,1,49.0,0.0,40.0,0,1,1
4645,75.0,7.0,16.0,3.0,1,49.0,0.0,40.0,0,1,1
4646,17.0,3.0,16.0,1.0,1,49.0,0.0,40.0,1,0,0
4647,17.0,7.0,22.0,1.0,0,49.0,1.0,40.0,0,1,1
4648,43.0,2.0,19.0,1.0,0,49.0,0.0,40.0,1,1,0
4649,17.0,7.0,19.0,1.0,1,49.0,0.0,40.0,1,1,0
4650,19.0,3.0,16.0,1.0,1,49.0,0.0,40.0,1,1,1
4651,17.0,6.0,19.0,1.0,0,49.0,0.0,40.0,1,1,1
4652,92.0,2.0,21.0,1.0,1,49.0,0.0,40.0,1,1,0
4653,43.0,2.0,21.0,1.0,0,49.0,0.0,40.0,1,0,1
4654,31.0,7.0,19.0,1.0,0,49.0,0.0,40.0,1,1,1
4655,19.0,2.0,19.0,1.0,1,49.0,0.0,40.0,0,1,1
4656,31.0,3.0,4.0,1.0,1,49.0,0.0,40.0,1,1,0
4657,83.0,5.0,13.0,1.0,1,49.0,0.0,40.0,1,1,0
4658,83.0,7.0,17.0,1.0,0,49.0,1.0,40.0,1,1,0
4659,75.0,1.0,21.0,3.0,1,49.0,1.0,40.0,1,1,0
4660,64.0,2.0,19.0,1.0,1,49.0,0.0,40.0,1,1,1
4661,75.0,2.0,7.0,1.0,0,49.0,6.0,40.0,1,1,1
4662,64.0,7.0,19.0,1.0,1,49.0,0.0,40.0,1,1,1
4663,43.0,3.0,16.0,1.0,1,49.0,0.0,40.0,1,1,1
4664,31.0,7.0,16.0,1.0,-1,49.0,0.0,40.0,1,1,1
4665,86.0,3.0,16.0,1.0,1,49.0,1.0,40.0,1,1,1
4666,43.0,1.0,16.0,1.0,1,49.0,0.0,40.0,0,1,1
4667,83.0,7.0,19.0,1.0,0,49.0,0.0,40.0,1,1,1
4668,17.0,2.0,16.0,1.0,1,49.0,0.0,40.0,1,1,1
4669,43.0,1.0,14.0,1.0,1,49.0,0.0,40.0,1,1,1
4670,75.0,2.0,21.0,1.0,0,49.0,0.0,40.0,1,1,1
4671,83.0,5.0,16.0,1.0,1,49.0,0.0,40.0,1,1,1
4672,83.0,2.0,19.0,1.0,1,49.0,0.0,40.0,1,1,1
4673,63.0,2.0,19.0,5.0,1,49.0,0.0,40.0,1,1,1
4674,60.0,7.0,14.0,1.0,0,49.0,1.0,40.0,1,1,1
4675,31.0,7.0,22.0,1.0,1,49.0,0.0,40.0,1,1,1
4676,75.0,7.0,19.0,1.0,2,49.0,1.0,40.0,1,1,1
4677,56.0,2.0,16.0,1.0,0,49.0,0.0,91.0,1,1,1
4678,83.0,1.0,16.0,1.0,1,49.0,0.0,40.0,0,1,1
4679,36.0,3.0,16.0,1.0,1,49.0,0.0,40.0,1,1,1
4680,83.0,3.0,16.0,1.0,1,49.0,0.0,40.0,1,1,1
4681,75.0,2.0,16.0,1.0,1,49.0,12.0,40.0,1,1,1
4682,31.0,1.0,19.0,1.0,-1,49.0,0.0,40.0,1,1,1
4683,31.0,7.0,16.0,1.0,1,49.0,0.0,40.0,1,1,1
4684,17.0,2.0,16.0,1.0,1,49.0,0.0,40.0,1,1,1
4685,31.0,7.0,19.0,1.0,1,49.0,0.0,40.0,1,1,0
4686,64.0,2.0,19.0,1.0,1,49.0,0.0,40.0,1,1,0
4687,83.0,1.0,16.0,5.0,1,49.0,1.0,40.0,1,1,1
4688,75.0,2.0,16.0,1.0,1,49.0,0.0,40.0,1,1,0
4689,75.0,3.0,21.0,1.0,1,49.0,1.0,40.0,1,1,1
4690,83.0,5.0,16.0,1.0,0,49.0,0.0,40.0,1,1,1
4691,83.0,3.0,16.0,1.0,1,49.0,0.0,40.0,1,1,1
4692,31.0,1.0,19.0,1.0,2,49.0,0.0,40.0,1,1,1
4693,86.0,1.0,4.0,1.0,0,49.0,0.0,40.0,1,1,1
4694,69.0,2.0,19.0,1.0,0,49.0,0.0,40.0,0,1,1
4695,19.0,7.0,16.0,5.0,1,49.0,0.0,40.0,0,1,1
4696,60.0,1.0,19.0,1.0,1,47.0,0.0,40.0,1,1,1
4697,75.0,2.0,16.0,1.0,1,49.0,1.0,40.0,1,1,1
4698,31.0,2.0,16.0,1.0,1,49.0,0.0,40.0,1,1,1
4699,60.0,3.0,16.0,1.0,1,49.0,0.0,40.0,0,1,0
4700,17.0,1.0,16.0,1.0,1,116.0,5.0,40.0,1,1,0
4701,31.0,2.0,19.0,1.0,1,49.0,1.0,40.0,1,1,1
4702,31.0,2.0,16.0,1.0,1,49.0,0.0,14.0,1,1,1
4703,43.0,2.0,13.0,1.0,1,49.0,0.0,40.0,1,0,1
4704,75.0,7.0,19.0,1.0,0,49.0,0.0,40.0,0,1,0
4705,75.0,2.0,23.0,1.0,1,49.0,0.0,40.0,1,0,1
4706,19.0,7.0,21.0,1.0,0,49.0,0.0,40.0,1,0,0
4707,83.0,7.0,16.0,1.0,1,49.0,0.0,40.0,0,1,1
4708,43.0,3.0,16.0,1.0,1,49.0,0.0,40.0,1,1,0
4709,36.0,3.0,16.0,1.0,1,49.0,0.0,40.0,1,1,0
4710,43.0,3.0,16.0,1.0,1,49.0,0.0,40.0,1,1,1
4711,83.0,7.0,21.0,1.0,1,49.0,0.0,40.0,1,1,1
4712,86.0,7.0,16.0,1.0,1,49.0,0.0,40.0,1,1,0
4713,83.0,1.0,24.0,1.0,1,49.0,0.0,13.0,1,1,0
4714,36.0,2.0,16.0,1.0,1,49.0,1.0,40.0,1,1,1
4715,19.0,7.0,16.0,1.0,0,49.0,0.0,40.0,1,1,0
4716,83.0,1.0,21.0,1.0,1,49.0,0.0,40.0,1,1,1
4717,75.0,1.0,16.0,1.0,1,49.0,0.0,40.0,0,1,0
4718,83.0,1.0,19.0,1.0,3,49.0,0.0,40.0,1,1,1
4719,83.0,7.0,19.0,1.0,1,49.0,0.0,40.0,1,1,1
4720,60.0,2.0,19.0,1.0,0,49.0,1.0,40.0,1,1,0
4721,36.0,7.0,19.0,1.0,1,49.0,1.0,40.0,1,1,1
4722,43.0,5.0,16.0,1.0,1,49.0,1.0,14.0,0,1,1
4723,19.0,1.0,19.0,2.0,0,49.0,0.0,40.0,1,1,1
4724,31.0,7.0,16.0,1.0,0,49.0,0.0,40.0,1,1,0
4725,83.0,1.0,16.0,1.0,1,49.0,1.0,40.0,0,1,1
4726,75.0,3.0,19.0,1.0,0,49.0,0.0,40.0,1,1,1
4727,60.0,5.0,21.0,1.0,0,49.0,0.0,40.0,0,1,0
4728,43.0,2.0,16.0,1.0,0,49.0,0.0,40.0,1,1,1
4729,60.0,3.0,16.0,5.0,1,49.0,0.0,40.0,1,1,1
4730,17.0,1.0,16.0,1.0,1,49.0,0.0,40.0,1,1,1
4731,38.0,3.0,21.0,1.0,1,49.0,1.0,40.0,1,1,0
4732,86.0,3.0,19.0,5.0,1,49.0,0.0,40.0,1,0,1
4733,19.0,3.0,16.0,1.0,1,49.0,1.0,40.0,1,0,0
4734,76.0,3.0,19.0,1.0,2,49.0,0.0,40.0,1,1,1
4735,75.0,1.0,16.0,1.0,2,49.0,0.0,40.0,1,1,1
4736,32.0,2.0,24.0,1.0,1,49.0,1.0,40.0,1,1,1
4737,17.0,1.0,16.0,1.0,2,49.0,0.0,40.0,1,0,0
4738,75.0,7.0,16.0,1.0,1,49.0,0.0,40.0,1,1,0
4739,19.0,3.0,21.0,1.0,1,49.0,0.0,40.0,1,1,1
4740,32.0,3.0,16.0,1.0,2,49.0,0.0,40.0,1,1,1
4741,92.0,7.0,16.0,1.0,1,49.0,0.0,40.0,1,1,1
4742,43.0,3.0,19.0,1.0,0,49.0,0.0,40.0,1,0,1
4743,36.0,2.0,16.0,1.0,0,49.0,0.0,40.0,1,1,0
4744,31.0,1.0,16.0,1.0,0,49.0,1.0,40.0,1,1,1
4745,64.0,7.0,19.0,1.0,1,110.0,0.0,40.0,1,1,1
4746,19.0,5.0,19.0,1.0,4,49.0,0.0,40.0,1,0,0
4747,64.0,3.0,16.0,1.0,2,49.0,0.0,40.0,1,1,1
4748,31.0,1.0,16.0,1.0,1,49.0,0.0,40.0,1,1,1
4749,19.0,1.0,16.0,1.0,1,49.0,0.0,40.0,0,1,1
4750,19.0,3.0,16.0,1.0,2,49.0,0.0,40.0,1,1,1
4751,36.0,1.0,16.0,1.0,1,49.0,1.0,40.0,1,1,1
4752,69.0,5.0,4.0,1.0,1,49.0,5.0,66.0,1,1,1
4753,19.0,1.0,19.0,1.0,0,49.0,1.0,40.0,1,1,1
4754,75.0,2.0,16.0,1.0,1,49.0,1.0,40.0,1,1,0
4755,32.0,5.0,16.0,1.0,1,49.0,0.0,40.0,0,1,1
4756,19.0,6.0,21.0,1.0,1,49.0,0.0,40.0,1,1,1
4757,31.0,2.0,19.0,1.0,1,49.0,0.0,40.0,1,1,1
4758,69.0,1.0,16.0,1.0,1,49.0,0.0,40.0,1,1,0
4759,75.0,3.0,24.0,1.0,1,49.0,0.0,40.0,0,1,1
4760,75.0,1.0,22.0,1.0,1,49.0,0.0,40.0,1,1,0
4761,83.0,7.0,19.0,4.0,1,49.0,0.0,40.0,0,1,0
4762,40.0,2.0,16.0,1.0,0,49.0,0.0,40.0,0,1,1
4763,43.0,2.0,16.0,1.0,1,49.0,0.0,40.0,1,1,1
4764,43.0,3.0,19.0,2.0,1,49.0,0.0,40.0,1,0,1
4765,19.0,5.0,19.0,1.0,-1,49.0,0.0,40.0,1,1,1
4766,83.0,2.0,21.0,1.0,1,49.0,0.0,40.0,1,1,1
4767,31.0,2.0,21.0,1.0,1,49.0,0.0,40.0,1,1,0
4768,75.0,7.0,19.0,1.0,0,49.0,0.0,40.0,1,1,0
4769,83.0,3.0,16.0,1.0,1,49.0,0.0,40.0,1,0,0
4770,55.0,3.0,16.0,1.0,2,49.0,0.0,40.0,1,1,1
4771,83.0,2.0,19.0,1.0,1,49.0,0.0,40.0,1,1,1
4772,31.0,3.0,16.0,1.0,2,49.0,1.0,40.0,1,1,1
4773,75.0,7.0,16.0,5.0,0,49.0,0.0,40.0,1,1,0
4774,83.0,3.0,19.0,1.0,0,49.0,1.0,40.0,1,1,1
4775,43.0,1.0,21.0,1.0,1,49.0,0.0,40.0,1,1,0
4776,32.0,1.0,19.0,5.0,0,49.0,0.0,40.0,1,0,1
4777,83.0,2.0,19.0,1.0,2,49.0,1.0,40.0,0,1,1
4778,86.0,2.0,16.0,1.0,1,49.0,0.0,26.0,1,1,1
4779,17.0,3.0,16.0,1.0,1,49.0,0.0,40.0,1,1,1
4780,43.0,2.0,16.0,1.0,1,49.0,0.0,66.0,0,1,0
4781,83.0,1.0,21.0,1.0,1,242.0,0.0,40.0,1,1,0
4782,60.0,1.0,12.0,1.0,0,49.0,0.0,40.0,1,1,0
4783,81.0,7.0,12.0,1.0,1,49.0,0.0,40.0,1,1,1
4784,53.0,1.0,16.0,1.0,1,49.0,0.0,40.0,1,1,0
4785,83.0,2.0,23.0,5.0,1,49.0,0.0,40.0,1,1,1
4786,83.0,3.0,16.0,1.0,1,49.0,0.0,40.0,1,1,0
4787,75.0,5.0,16.0,1.0,1,49.0,0.0,40.0,1,1,1
4788,17.0,5.0,19.0,1.0,4,49.0,1.0,14.0,1,1,1
4789,83.0,2.0,5.0,1.0,1,49.0,0.0,40.0,1,1,0
4790,75.0,5.0,16.0,1.0,2,49.0,0.0,40.0,0,1,1
4791,75.0,5.0,4.0,1.0,1,49.0,5.0,40.0,1,1,1
4792,32.0,2.0,16.0,1.0,1,49.0,0.0,40.0,0,1,0
4793,83.0,1.0,16.0,1.0,0,49.0,0.0,40.0,1,1,1
4794,31.0,2.0,21.0,1.0,1,49.0,0.0,40.0,0,1,1
4795,75.0,3.0,16.0,1.0,1,49.0,0.0,40.0,1,1,0
4796,43.0,1.0,16.0,1.0,1,49.0,0.0,40.0,1,1,0
4797,86.0,2.0,16.0,1.0,0,49.0,0.0,40.0,1,1,1
4798,31.0,5.0,21.0,3.0,1,49.0,0.0,40.0,1,1,1
4799,75.0,5.0,16.0,1.0,1,209.0,0.0,40.0,1,1,1
4800,86.0,7.0,19.0,1.0,1,49.0,0.0,30.0,0,1,0
4801,43.0,3.0,21.0,1.0,1,49.0,0.0,40.0,1,0,1
4802,83.0,2.0,19.0,1.0,0,49.0,0.0,40.0,0,1,1
4803,31.0,2.0,19.0,1.0,1,49.0,1.0,40.0,0,1,1
4804,83.0,2.0,16.0,1.0,0,238.0,0.0,40.0,1,1,0
4805,83.0,7.0,19.0,1.0,3,49.0,0.0,40.0,1,1,1
4806,19.0,7.0,16.0,1.0,1,49.0,0.0,40.0,1,1,1
4807,43.0,1.0,19.0,1.0,1,49.0,0.0,40.0,1,0,1
4808,83.0,5.0,19.0,1.0,1,49.0,0.0,40.0,1,0,1
4809,83.0,7.0,16.0,1.0,1,49.0,0.0,40.0,1,1,1
4810,83.0,3.0,16.0,1.0,1,49.0,1.0,40.0,1,1,1
4811,17.0,1.0,16.0,1.0,1,49.0,1.0,40.0,1,1,1
4812,31.0,2.0,16.0,1.0,1,49.0,0.0,40.0,1,1,1
4813,75.0,7.0,19.0,1.0,2,49.0,0.0,40.0,1,1,1
4814,36.0,3.0,19.0,1.0,1,49.0,0.0,40.0,1,1,1
4815,31.0,3.0,16.0,1.0,0,49.0,0.0,40.0,1,1,1
4816,83.0,2.0,21.0,1.0,0,49.0,0.0,40.0,1,1,1
4817,75.0,2.0,16.0,1.0,0,49.0,0.0,40.0,1,1,0
4818,43.0,5.0,16.0,1.0,1,49.0,0.0,40.0,1,1,1
4819,32.0,2.0,21.0,1.0,1,49.0,14.0,40.0,0,1,1
4820,17.0,2.0,16.0,1.0,0,49.0,0.0,40.0,1,1,0
4821,19.0,2.0,16.0,1.0,1,49.0,0.0,40.0,0,1,0
4822,17.0,7.0,24.0,2.0,1,49.0,0.0,40.0,1,1,1
4823,86.0,2.0,19.0,1.0,0,49.0,0.0,40.0,1,1,0
4824,32.0,2.0,19.0,1.0,1,49.0,0.0,20.0,1,1,1
4825,19.0,2.0,16.0,1.0,1,49.0,1.0,40.0,1,1,0
4826,36.0,7.0,21.0,1.0,1,49.0,0.0,40.0,1,0,1
4827,43.0,3.0,21.0,1.0,1,49.0,0.0,40.0,1,0,1
4828,31.0,5.0,19.0,1.0,1,49.0,1.0,40.0,1,1,1
4829,60.0,7.0,19.0,5.0,1,49.0,1.0,40.0,1,1,0
4830,43.0,1.0,21.0,1.0,1,49.0,0.0,40.0,0,1,1
4831,83.0,1.0,19.0,1.0,1,49.0,0.0,40.0,0,1,0
4832,42.0,5.0,12.0,1.0,4,49.0,0.0,40.0,1,0,1
4833,43.0,7.0,19.0,1.0,0,49.0,2.0,40.0,1,1,1
4834,86.0,3.0,19.0,1.0,1,49.0,0.0,30.0,1,1,1
4835,32.0,7.0,19.0,1.0,1,49.0,0.0,40.0,1,1,1
4836,42.0,5.0,19.0,1.0,0,49.0,1.0,40.0,1,1,0
4837,19.0,2.0,21.0,1.0,2,49.0,0.0,40.0,1,0,1
4838,92.0,1.0,19.0,1.0,2,49.0,0.0,40.0,1,1,1
4839,19.0,7.0,16.0,1.0,1,49.0,0.0,40.0,1,1,1
4840,31.0,1.0,16.0,1.0,1,49.0,0.0,40.0,1,1,0
4841,43.0,3.0,19.0,1.0,1,49.0,0.0,40.0,1,1,0
4842,31.0,2.0,19.0,1.0,1,49.0,1.0,40.0,1,1,0
4843,64.0,2.0,16.0,1.0,0,49.0,0.0,40.0,1,1,0
4844,86.0,7.0,19.0,1.0,2,49.0,0.0,40.0,1,1,1
4845,83.0,2.0,16.0,1.0,1,49.0,0.0,40.0,1,1,1
4846,83.0,3.0,19.0,1.0,1,49.0,0.0,40.0,0,1,0
4847,60.0,3.0,12.0,1.0,1,49.0,0.0,91.0,1,1,0
4848,83.0,1.0,21.0,1.0,1,49.0,1.0,40.0,0,1,0
4849,75.0,5.0,16.0,1.0,1,49.0,0.0,40.0,1,1,0
4850,75.0,2.0,19.0,1.0,1,49.0,0.0,40.0,1,1,1
4851,43.0,2.0,19.0,1.0,1,49.0,0.0,40.0,0,1,0
4852,31.0,7.0,19.0,1.0,0,49.0,0.0,40.0,1,1,1
4853,75.0,7.0,16.0,1.0,2,49.0,1.0,40.0,1,0,0
4854,83.0,1.0,16.0,1.0,2,49.0,0.0,40.0,1,1,1
4855,43.0,3.0,16.0,1.0,1,49.0,0.0,40.0,1,1,0
4856,83.0,5.0,16.0,1.0,1,49.0,1.0,40.0,0,1,1
4857,83.0,2.0,24.0,1.0,1,49.0,0.0,40.0,1,1,1
4858,19.0,3.0,16.0,5.0,0,49.0,1.0,40.0,1,0,0
4859,83.0,7.0,19.0,1.0,0,49.0,1.0,10.0,0,1,1
4860,83.0,1.0,16.0,1.0,2,49.0,1.0,40.0,1,1,1
4861,32.0,5.0,19.0,1.0,0,49.0,0.0,40.0,0,1,1
4862,43.0,7.0,16.0,1.0,1,49.0,0.0,40.0,1,1,1
4863,75.0,3.0,16.0,1.0,1,49.0,0.0,40.0,1,1,1
4864,31.0,1.0,21.0,1.0,1,49.0,0.0,40.0,1,1,1
4865,19.0,1.0,16.0,1.0,1,49.0,1.0,40.0,1,0,1
4866,36.0,5.0,19.0,1.0,1,49.0,0.0,40.0,1,1,0
4867,92.0,5.0,21.0,1.0,1,49.0,0.0,40.0,1,0,1
4868,92.0,2.0,19.0,1.0,1,49.0,0.0,40.0,1,0,1
4869,43.0,1.0,21.0,1.0,1,49.0,1.0,40.0,1,1,1
4870,75.0,7.0,16.0,1.0,2,49.0,0.0,40.0,0,1,1
4871,83.0,5.0,21.0,5.0,1,49.0,0.0,40.0,1,1,1
4872,43.0,2.0,16.0,1.0,1,49.0,0.0,40.0,1,1,1
4873,75.0,5.0,19.0,1.0,1,49.0,0.0,40.0,1,0,1
4874,86.0,2.0,16.0,1.0,1,49.0,0.0,40.0,1,1,1
4875,83.0,7.0,16.0,3.0,1,49.0,1.0,40.0,1,0,1
4876,83.0,2.0,16.0,1.0,1,49.0,0.0,40.0,1,0,1
4877,83.0,1.0,16.0,1.0,1,49.0,15.0,40.0,1,1,1
4878,75.0,3.0,21.0,1.0,1,49.0,0.0,40.0,1,1,1
4879,75.0,3.0,16.0,1.0,4,49.0,0.0,40.0,1,1,0
4880,53.0,7.0,19.0,1.0,1,49.0,0.0,40.0,1,1,1
4881,75.0,2.0,19.0,1.0,1,49.0,0.0,40.0,1,1,0
4882,43.0,2.0,12.0,1.0,1,361.0,0.0,40.0,1,1,0
4883,31.0,2.0,19.0,1.0,0,49.0,0.0,40.0,1,1,1
4884,83.0,7.0,16.0,1.0,2,49.0,0.0,40.0,1,1,1
4885,83.0,2.0,16.0,1.0,1,49.0,0.0,40.0,1,1,1
4886,31.0,3.0,19.0,1.0,1,49.0,0.0,40.0,1,1,1
4887,83.0,2.0,16.0,1.0,1,49.0,0.0,40.0,1,1,1
4888,17.0,3.0,19.0,1.0,2,49.0,0.0,40.0,1,1,1
4889,64.0,1.0,19.0,1.0,1,49.0,0.0,40.0,1,1,1
4890,86.0,1.0,19.0,1.0,1,49.0,0.0,40.0,1,1,0
4891,41.0,2.0,19.0,1.0,1,49.0,0.0,40.0,1,1,1
4892,43.0,2.0,21.0,1.0,1,49.0,0.0,40.0,1,1,0
4893,19.0,2.0,19.0,1.0,1,49.0,0.0,40.0,1,1,1
4894,17.0,7.0,16.0,1.0,1,49.0,0.0,40.0,1,1,1
4895,83.0,5.0,16.0,1.0,1,49.0,0.0,40.0,1,1,0
4896,60.0,7.0,21.0,1.0,1,49.0,0.0,40.0,1,1,0
4897,19.0,7.0,21.0,1.0,2,49.0,0.0,40.0,1,1,1
4898,56.0,1.0,19.0,1.0,1,49.0,0.0,40.0,1,1,0
4899,83.0,2.0,19.0,1.0,1,49.0,0.0,40.0,1,0,1
4900,17.0,1.0,19.0,1.0,1,49.0,1.0,40.0,1,1,1
4901,64.0,2.0,19.0,1.0,0,49.0,0.0,40.0,0,1,0
4902,19.0,3.0,19.0,1.0,1,49.0,1.0,40.0,1,1,0
4903,83.0,2.0,16.0,1.0,1,49.0,0.0,40.0,1,0,0
4904,19.0,5.0,19.0,1.0,1,49.0,0.0,40.0,1,1,1
4905,75.0,2.0,23.0,1.0,1,49.0,0.0,40.0,1,1,0
4906,64.0,2.0,16.0,5.0,1,200.0,0.0,40.0,1,1,1
4907,43.0,1.0,16.0,1.0,1,49.0,0.0,40.0,1,1,1
4908,31.0,5.0,19.0,1.0,2,50.0,0.0,66.0,1,1,1
4909,31.0,2.0,19.0,1.0,1,49.0,0.0,40.0,1,1,1
4910,19.0,7.0,19.0,1.0,1,49.0,0.0,40.0,1,1,1
4911,17.0,3.0,19.0,1.0,1,49.0,0.0,40.0,1,1,1
4912,43.0,1.0,16.0,1.0,1,49.0,0.0,40.0,1,1,1
4913,43.0,2.0,19.0,5.0,2,49.0,1.0,40.0,0,1,1
4914,83.0,7.0,19.0,1.0,1,49.0,0.0,40.0,1,1,0
4915,64.0,2.0,19.0,1.0,1,49.0,0.0,40.0,1,1,1
4916,43.0,3.0,19.0,1.0,1,49.0,0.0,40.0,1,1,1
4917,60.0,7.0,21.0,5.0,2,49.0,0.0,40.0,1,1,1
4918,92.0,2.0,21.0,1.0,1,49.0,1.0,40.0,1,1,1
4919,83.0,1.0,16.0,1.0,1,49.0,0.0,40.0,1,1,0
4920,60.0,1.0,21.0,1.0,1,49.0,1.0,40.0,1,1,0
4921,83.0,3.0,16.0,1.0,1,49.0,0.0,40.0,1,1,1
4922,43.0,1.0,19.0,1.0,1,49.0,0.0,40.0,0,1,0
4923,31.0,3.0,16.0,1.0,1,49.0,0.0,40.0,1,1,1
4924,69.0,3.0,16.0,1.0,1,49.0,0.0,40.0,1,1,1
4925,83.0,2.0,16.0,1.0,1,49.0,0.0,40.0,0,1,0
4926,31.0,7.0,19.0,5.0,2,49.0,0.0,40.0,1,1,0
4927,60.0,7.0,21.0,1.0,2,49.0,0.0,40.0,1,1,1
4928,32.0,1.0,19.0,1.0,1,49.0,1.0,40.0,1,0,1
4929,83.0,7.0,19.0,1.0,1,49.0,0.0,40.0,1,1,0
4930,86.0,2.0,19.0,1.0,1,49.0,0.0,40.0,1,1,0
4931,31.0,1.0,17.0,1.0,1,49.0,0.0,40.0,0,0,1
4932,43.0,5.0,16.0,1.0,0,49.0,1.0,32.0,1,1,1
4933,83.0,7.0,19.0,1.0,0,49.0,0.0,40.0,1,1,1
4934,75.0,3.0,22.0,1.0,0,49.0,0.0,40.0,1,1,1
4935,17.0,1.0,19.0,1.0,1,49.0,0.0,40.0,1,0,1
4936,92.0,1.0,19.0,1.0,0,49.0,0.0,40.0,1,0,1
4937,60.0,3.0,21.0,1.0,0,49.0,0.0,40.0,1,1,0
4938,43.0,7.0,19.0,1.0,2,49.0,1.0,40.0,0,1,1
4939,19.0,2.0,21.0,1.0,1,49.0,0.0,40.0,1,1,1
4940,31.0,3.0,16.0,1.0,-1,49.0,0.0,40.0,1,1,1
4941,83.0,7.0,16.0,1.0,1,49.0,0.0,40.0,1,1,0
4942,75.0,1.0,21.0,1.0,1,49.0,0.0,40.0,1,1,1
4943,83.0,3.0,4.0,1.0,1,49.0,0.0,40.0,1,1,1
4944,83.0,2.0,16.0,1.0,1,49.0,0.0,40.0,1,1,1
4945,19.0,1.0,16.0,1.0,1,49.0,0.0,40.0,1,1,1
4946,83.0,5.0,16.0,1.0,1,49.0,1.0,40.0,1,1,1
4947,75.0,5.0,21.0,1.0,0,49.0,0.0,40.0,1,1,0
4948,43.0,2.0,21.0,1.0,1,49.0,0.0,40.0,1,1,0
4949,86.0,1.0,21.0,1.0,1,49.0,0.0,40.0,1,0,1
4950,75.0,2.0,19.0,1.0,1,49.0,0.0,40.0,0,1,0
4951,17.0,3.0,19.0,1.0,2,49.0,1.0,40.0,1,1,0
4952,17.0,7.0,19.0,1.0,1,49.0,0.0,40.0,1,1,1
4953,83.0,7.0,21.0,1.0,1,512.0,0.0,40.0,1,1,1
4954,31.0,7.0,24.0,1.0,1,49.0,0.0,40.0,1,1,1
4955,31.0,2.0,21.0,1.0,0,49.0,0.0,40.0,1,0,1
4956,64.0,6.0,19.0,1.0,1,49.0,0.0,40.0,1,0,0
4957,43.0,3.0,16.0,1.0,1,49.0,0.0,40.0,1,1,0
4958,83.0,3.0,19.0,1.0,1,49.0,1.0,40.0,0,1,0
4959,69.0,1.0,16.0,1.0,1,49.0,0.0,40.0,1,1,1
4960,43.0,1.0,21.0,1.0,1,49.0,0.0,40.0,1,1,0
4961,19.0,1.0,16.0,5.0,1,49.0,0.0,40.0,1,1,0
4962,75.0,2.0,19.0,1.0,1,49.0,0.0,40.0,1,1,1
4963,43.0,7.0,19.0,1.0,1,49.0,0.0,40.0,1,1,1
4964,75.0,7.0,21.0,1.0,1,49.0,0.0,40.0,1,1,0
4965,64.0,1.0,21.0,1.0,1,49.0,0.0,40.0,1,1,1
4966,36.0,2.0,21.0,1.0,2,49.0,0.0,40.0,0,1,0
4967,83.0,7.0,16.0,1.0,0,49.0,1.0,40.0,1,0,0
4968,83.0,5.0,16.0,1.0,5,49.0,0.0,40.0,1,1,1
4969,31.0,2.0,16.0,1.0,1,49.0,1.0,40.0,0,1,1
4970,83.0,2.0,19.0,1.0,1,49.0,1.0,40.0,0,1,0
4971,43.0,3.0,21.0,1.0,1,49.0,0.0,40.0,0,0,1
4972,19.0,5.0,19.0,5.0,1,49.0,0.0,40.0,0,1,0
4973,75.0,1.0,21.0,5.0,0,49.0,0.0,13.0,0,1,1
4974,83.0,5.0,21.0,1.0,0,49.0,0.0,40.0,1,1,0
4975,19.0,1.0,21.0,1.0,1,49.0,1.0,40.0,1,1,0
4976,31.0,3.0,16.0,1.0,1,49.0,0.0,40.0,0,1,1
4977,32.0,3.0,21.0,1.0,0,49.0,0.0,40.0,1,1,0
4978,83.0,2.0,16.0,1.0,0,49.0,0.0,40.0,0,1,1
4979,17.0,2.0,19.0,1.0,2,49.0,0.0,40.0,1,1,1
4980,34.0,5.0,19.0,1.0,1,49.0,0.0,40.0,0,1,0
4981,83.0,1.0,16.0,1.0,0,49.0,0.0,40.0,1,1,1
4982,75.0,7.0,19.0,1.0,1,49.0,0.0,40.0,1,1,1
4983,92.0,3.0,21.0,5.0,1,49.0,0.0,40.0,0,1,0
4984,75.0,5.0,19.0,1.0,1,49.0,0.0,40.0,1,1,1
4985,86.0,7.0,19.0,1.0,1,49.0,0.0,40.0,1,1,0
4986,52.0,2.0,19.0,1.0,1,49.0,0.0,40.0,1,1,1
4987,17.0,3.0,16.0,1.0,1,49.0,0.0,40.0,1,1,1
4988,86.0,1.0,21.0,1.0,5,49.0,0.0,40.0,1,1,0
4989,83.0,1.0,21.0,1.0,0,49.0,0.0,40.0,1,1,1
4990,32.0,3.0,23.0,1.0,1,49.0,0.0,40.0,1,1,1
4991,17.0,7.0,12.0,1.0,2,49.0,1.0,23.0,1,1,0
4992,86.0,2.0,21.0,1.0,1,49.0,0.0,40.0,0,1,0
4993,83.0,7.0,16.0,1.0,1,49.0,0.0,40.0,1,1,1
4994,75.0,7.0,21.0,1.0,0,49.0,0.0,40.0,1,1,1
4995,31.0,7.0,16.0,1.0,1,49.0,0.0,40.0,1,1,1
4996,31.0,2.0,21.0,1.0,1,49.0,0.0,40.0,1,1,1
4997,83.0,5.0,19.0,1.0,1,49.0,0.0,14.0,1,1,0
4998,31.0,7.0,19.0,1.0,1,49.0,0.0,40.0,1,1,1
4999,43.0,1.0,21.0,1.0,1,49.0,0.0,40.0,1,1,1
5000,83.0,5.0,16.0,1.0,1,49.0,0.0,40.0,0,1,0
5001,86.0,7.0,16.0,1.0,1,49.0,1.0,40.0,0,1,1
5002,83.0,1.0,16.0,1.0,3,49.0,1.0,40.0,1,0,1
5003,31.0,2.0,19.0,1.0,1,49.0,0.0,40.0,0,1,1
5004,75.0,1.0,21.0,1.0,1,49.0,0.0,66.0,1,1,1
5005,74.0,2.0,21.0,1.0,1,49.0,0.0,40.0,1,1,0
5006,31.0,1.0,16.0,1.0,1,49.0,1.0,40.0,1,1,0
5007,83.0,2.0,19.0,1.0,4,49.0,0.0,40.0,1,1,1
5008,92.0,7.0,16.0,5.0,2,49.0,0.0,40.0,1,1,0
5009,31.0,2.0,16.0,1.0,1,49.0,1.0,40.0,1,1,1
5010,31.0,5.0,21.0,1.0,1,49.0,0.0,40.0,1,0,1
5011,75.0,7.0,12.0,1.0,0,49.0,0.0,40.0,1,0,1
5012,17.0,3.0,16.0,1.0,1,49.0,0.0,40.0,1,1,0
5013,83.0,7.0,16.0,5.0,-1,49.0,0.0,40.0,1,1,0
5014,32.0,1.0,16.0,1.0,2,49.0,0.0,40.0,0,1,0
5015,31.0,2.0,16.0,1.0,1,49.0,0.0,40.0,1,1,0
5016,83.0,5.0,16.0,1.0,0,49.0,0.0,40.0,1,1,1
5017,31.0,3.0,21.0,1.0,3,49.0,0.0,40.0,1,1,1
5018,69.0,1.0,21.0,5.0,0,49.0,0.0,40.0,1,1,1
5019,17.0,3.0,16.0,1.0,0,49.0,0.0,40.0,1,1,1
5020,43.0,7.0,16.0,1.0,0,49.0,1.0,40.0,1,1,1
5021,60.0,3.0,19.0,1.0,1,49.0,0.0,40.0,1,1,0
5022,75.0,1.0,21.0,1.0,1,49.0,0.0,40.0,1,1,0
5023,83.0,2.0,16.0,1.0,0,49.0,0.0,40.0,1,1,1
5024,83.0,1.0,16.0,1.0,1,49.0,2.0,40.0,1,1,1
5025,31.0,7.0,16.0,1.0,1,49.0,0.0,40.0,1,1,0
5026,92.0,1.0,19.0,1.0,4,49.0,0.0,40.0,0,1,1
5027,17.0,1.0,19.0,1.0,1,49.0,0.0,40.0,1,1,1
5028,60.0,1.0,19.0,1.0,1,49.0,0.0,40.0,1,1,1
5029,43.0,3.0,16.0,1.0,0,49.0,1.0,40.0,0,1,1
5030,75.0,1.0,19.0,1.0,1,49.0,0.0,40.0,1,1,1
5031,44.0,2.0,16.0,1.0,1,49.0,0.0,40.0,1,1,1
5032,31.0,5.0,16.0,1.0,1,49.0,0.0,40.0,0,1,0
5033,31.0,1.0,16.0,1.0,2,49.0,1.0,40.0,1,1,1
5034,34.0,5.0,16.0,5.0,0,49.0,1.0,16.0,1,1,1
5035,36.0,3.0,19.0,1.0,2,49.0,0.0,40.0,1,1,1
5036,92.0,5.0,21.0,1.0,0,49.0,0.0,40.0,1,1,0
5037,86.0,1.0,19.0,1.0,1,49.0,0.0,40.0,1,1,1
5038,19.0,3.0,16.0,1.0,1,49.0,0.0,40.0,1,0,0
5039,43.0,7.0,16.0,1.0,1,49.0,1.0,40.0,1,1,1
5040,43.0,2.0,12.0,1.0,1,242.0,1.0,40.0,1,1,1
5041,19.0,2.0,16.0,1.0,1,49.0,1.0,40.0,0,1,0
5042,31.0,1.0,16.0,3.0,1,49.0,1.0,40.0,1,1,0
5043,29.0,2.0,16.0,1.0,1,49.0,0.0,40.0,1,1,1
5044,83.0,7.0,16.0,1.0,1,49.0,0.0,40.0,1,1,1
5045,43.0,2.0,17.0,1.0,-1,49.0,0.0,40.0,1,1,1
5046,92.0,3.0,21.0,1.0,1,49.0,0.0,40.0,1,1,0
5047,86.0,2.0,16.0,1.0,1,49.0,0.0,40.0,1,1,1
5048,31.0,2.0,19.0,1.0,0,49.0,1.0,40.0,1,1,0
5049,75.0,2.0,24.0,1.0,0,49.0,0.0,40.0,0,1,0
5050,17.0,1.0,22.0,1.0,1,49.0,0.0,40.0,1,1,1
5051,74.0,2.0,16.0,1.0,1,49.0,0.0,40.0,1,1,1
5052,17.0,2.0,21.0,1.0,1,49.0,0.0,40.0,1,1,0
5053,31.0,7.0,19.0,1.0,1,49.0,5.0,40.0,1,1,1
5054,60.0,1.0,16.0,1.0,1,49.0,0.0,40.0,1,1,1
5055,69.0,1.0,16.0,1.0,1,49.0,0.0,40.0,1,1,1
5056,43.0,1.0,19.0,1.0,1,49.0,0.0,40.0,1,1,0
5057,31.0,2.0,16.0,1.0,1,49.0,0.0,40.0,1,1,1
5058,31.0,1.0,16.0,1.0,1,49.0,0.0,40.0,1,1,0
5059,17.0,5.0,19.0,1.0,1,49.0,0.0,40.0,1,1,0
5060,19.0,3.0,21.0,1.0,1,49.0,0.0,40.0,1,0,0
5061,32.0,7.0,21.0,1.0,1,49.0,0.0,40.0,1,0,0
5062,17.0,1.0,19.0,1.0,1,49.0,0.0,40.0,1,1,1
5063,17.0,2.0,19.0,1.0,0,49.0,0.0,40.0,1,1,1
5064,83.0,2.0,16.0,5.0,2,49.0,0.0,40.0,0,1,1
5065,83.0,5.0,16.0,1.0,1,49.0,0.0,40.0,1,1,1
5066,19.0,2.0,19.0,1.0,1,49.0,0.0,40.0,1,1,1
5067,83.0,5.0,16.0,1.0,0,49.0,0.0,40.0,1,1,0
5068,83.0,3.0,19.0,1.0,0,49.0,0.0,40.0,0,1,1
5069,36.0,7.0,19.0,1.0,1,49.0,0.0,40.0,0,1,1
5070,31.0,2.0,19.0,1.0,4,49.0,0.0,40.0,1,1,1
5071,31.0,3.0,16.0,1.0,5,49.0,0.0,40.0,0,1,1
5072,31.0,2.0,16.0,1.0,1,49.0,0.0,40.0,1,1,0
5073,36.0,2.0,19.0,1.0,1,49.0,0.0,40.0,1,1,1
5074,83.0,3.0,19.0,1.0,1,49.0,0.0,40.0,1,1,0
5075,83.0,2.0,16.0,1.0,1,49.0,2.0,40.0,1,1,1
5076,83.0,7.0,16.0,1.0,0,49.0,1.0,40.0,0,1,0
5077,36.0,5.0,21.0,1.0,1,49.0,0.0,40.0,1,1,1
5078,85.0,6.0,19.0,1.0,1,49.0,1.0,40.0,1,1,1
5079,83.0,2.0,22.0,1.0,1,49.0,0.0,40.0,1,1,0
5080,17.0,7.0,19.0,1.0,1,49.0,0.0,40.0,1,1,1
5081,83.0,7.0,16.0,1.0,1,49.0,0.0,40.0,1,1,1
5082,31.0,5.0,16.0,1.0,1,49.0,0.0,40.0,1,1,1
5083,31.0,7.0,16.0,1.0,1,49.0,0.0,40.0,1,1,1
5084,86.0,3.0,19.0,1.0,1,49.0,0.0,40.0,1,1,1
5085,31.0,3.0,19.0,1.0,1,49.0,0.0,40.0,0,1,1
5086,83.0,5.0,16.0,1.0,5,49.0,0.0,40.0,1,1,1
5087,60.0,5.0,16.0,1.0,1,49.0,0.0,40.0,1,1,0
5088,19.0,7.0,19.0,1.0,1,49.0,0.0,40.0,1,1,1
5089,40.0,5.0,23.0,1.0,0,49.0,0.0,40.0,1,1,1
5090,25.0,2.0,19.0,1.0,0,49.0,1.0,40.0,0,1,0
5091,17.0,5.0,21.0,1.0,-1,49.0,0.0,40.0,1,1,1
5092,69.0,2.0,21.0,1.0,1,49.0,0.0,40.0,0,1,1
5093,75.0,4.0,19.0,1.0,0,49.0,1.0,40.0,1,1,0
5094,83.0,7.0,11.0,1.0,0,49.0,0.0,40.0,1,1,1
5095,36.0,1.0,19.0,1.0,1,49.0,1.0,40.0,1,1,1
5096,60.0,1.0,16.0,1.0,1,49.0,0.0,40.0,1,1,1
5097,83.0,3.0,16.0,1.0,2,49.0,0.0,40.0,0,1,1
5098,43.0,3.0,16.0,1.0,1,49.0,0.0,40.0,1,1,0
5099,43.0,2.0,19.0,1.0,1,49.0,0.0,40.0,1,1,0
5100,39.0,7.0,16.0,1.0,1,49.0,0.0,40.0,1,0,1
5101,75.0,5.0,16.0,1.0,1,49.0,0.0,40.0,1,0,1
5102,86.0,7.0,19.0,1.0,4,49.0,0.0,40.0,1,0,1
5103,17.0,2.0,16.0,5.0,1,49.0,0.0,40.0,1,1,1
5104,31.0,1.0,16.0,1.0,2,49.0,0.0,40.0,1,1,0
5105,31.0,7.0,22.0,1.0,1,49.0,0.0,40.0,1,1,1
5106,83.0,2.0,16.0,1.0,1,49.0,0.0,40.0,1,1,0
5107,43.0,1.0,19.0,1.0,1,49.0,0.0,40.0,1,1,1
5108,83.0,5.0,16.0,1.0,1,49.0,1.0,40.0,1,1,1
5109,31.0,7.0,19.0,1.0,0,49.0,1.0,14.0,1,1,0
5110,19.0,7.0,16.0,1.0,1,66.0,0.0,40.0,1,1,0
5111,83.0,7.0,19.0,1.0,2,49.0,0.0,40.0,1,1,1
5112,83.0,7.0,16.0,1.0,1,49.0,12.0,40.0,0,1,1
5113,69.0,1.0,16.0,1.0,-1,49.0,0.0,40.0,0,1,1
5114,83.0,3.0,21.0,1.0,1,49.0,0.0,40.0,0,1,0
5115,83.0,1.0,16.0,1.0,3,49.0,0.0,40.0,1,1,0
5116,31.0,2.0,16.0,1.0,1,49.0,0.0,40.0,1,0,0
5117,19.0,1.0,24.0,1.0,0,49.0,0.0,40.0,1,1,1
5118,36.0,2.0,21.0,1.0,2,49.0,1.0,40.0,1,1,0
5119,75.0,7.0,19.0,1.0,0,49.0,1.0,40.0,1,1,0
5120,75.0,2.0,19.0,1.0,1,49.0,0.0,40.0,1,1,1
5121,19.0,2.0,19.0,1.0,0,49.0,0.0,40.0,1,1,1
5122,41.0,3.0,16.0,1.0,2,49.0,0.0,40.0,1,1,0
5123,83.0,1.0,16.0,1.0,1,49.0,0.0,40.0,1,1,0
5124,83.0,1.0,16.0,1.0,2,49.0,1.0,40.0,1,0,1
5125,83.0,5.0,19.0,1.0,1,49.0,0.0,40.0,1,1,0
5126,31.0,7.0,16.0,1.0,0,49.0,0.0,40.0,1,1,1
5127,83.0,2.0,19.0,1.0,1,49.0,0.0,40.0,1,1,1
5128,31.0,1.0,14.0,1.0,4,49.0,0.0,40.0,1,1,1
5129,69.0,5.0,21.0,1.0,1,49.0,0.0,40.0,1,1,1
5130,19.0,2.0,16.0,1.0,1,49.0,0.0,40.0,1,1,1
5131,76.0,2.0,19.0,1.0,1,49.0,0.0,40.0,1,1,0
5132,31.0,3.0,21.0,1.0,1,49.0,0.0,40.0,1,1,1
5133,83.0,3.0,21.0,1.0,1,49.0,0.0,40.0,1,1,1
5134,64.0,2.0,16.0,1.0,0,49.0,0.0,40.0,0,0,1
5135,86.0,7.0,16.0,1.0,1,126.0,0.0,40.0,0,1,0
5136,69.0,2.0,19.0,1.0,1,49.0,0.0,40.0,1,1,1
5137,72.0,5.0,16.0,1.0,1,49.0,1.0,40.0,1,1,0
5138,36.0,5.0,24.0,1.0,-1,49.0,0.0,40.0,1,0,0
5139,75.0,5.0,16.0,1.0,1,49.0,0.0,40.0,1,1,1
5140,36.0,5.0,19.0,1.0,2,49.0,0.0,40.0,1,1,1
5141,31.0,3.0,16.0,1.0,1,49.0,0.0,40.0,1,1,1
5142,43.0,5.0,23.0,1.0,0,49.0,1.0,40.0,1,1,1
5143,19.0,2.0,21.0,1.0,1,49.0,0.0,40.0,1,0,1
5144,19.0,1.0,19.0,1.0,1,116.0,0.0,40.0,0,1,0
5145,84.0,5.0,19.0,1.0,1,49.0,0.0,40.0,1,1,1
5146,75.0,2.0,24.0,1.0,1,49.0,0.0,40.0,1,1,0
5147,31.0,2.0,16.0,1.0,0,49.0,0.0,40.0,1,1,1
5148,17.0,4.0,19.0,1.0,1,49.0,0.0,40.0,0,1,1
5149,60.0,2.0,16.0,1.0,1,110.0,0.0,40.0,1,1,0
5150,31.0,5.0,3.0,1.0,1,49.0,0.0,40.0,1,1,1
5151,19.0,5.0,19.0,1.0,1,49.0,0.0,49.0,1,1,0
5152,31.0,1.0,19.0,1.0,1,49.0,0.0,40.0,0,1,1
5153,43.0,7.0,16.0,1.0,1,49.0,0.0,40.0,1,1,0
5154,19.0,5.0,16.0,1.0,1,49.0,0.0,40.0,1,1,1
5155,86.0,3.0,16.0,1.0,1,49.0,0.0,40.0,0,0,0
5156,75.0,1.0,16.0,1.0,2,49.0,0.0,40.0,0,1,1
5157,83.0,3.0,16.0,1.0,1,31.0,1.0,40.0,1,1,0
5158,92.0,7.0,19.0,5.0,0,49.0,0.0,40.0,1,1,0
5159,17.0,3.0,19.0,1.0,3,49.0,0.0,40.0,1,1,0
5160,32.0,3.0,16.0,1.0,1,49.0,0.0,40.0,1,1,1
5161,92.0,1.0,19.0,1.0,1,49.0,0.0,40.0,1,1,0
5162,31.0,1.0,16.0,1.0,1,49.0,0.0,40.0,1,1,1
5163,75.0,1.0,19.0,1.0,1,49.0,0.0,40.0,1,1,1
5164,31.0,2.0,22.0,1.0,0,49.0,0.0,40.0,1,1,1
5165,75.0,7.0,16.0,1.0,1,49.0,0.0,40.0,1,1,1
5166,83.0,2.0,19.0,1.0,1,49.0,15.0,40.0,1,1,0
5167,43.0,1.0,16.0,1.0,4,49.0,0.0,40.0,1,1,0
5168,43.0,7.0,16.0,1.0,1,49.0,0.0,40.0,1,1,0
5169,86.0,3.0,21.0,1.0,1,49.0,0.0,40.0,1,1,1
5170,83.0,7.0,24.0,1.0,1,49.0,8.0,40.0,1,1,1
5171,31.0,2.0,19.0,1.0,1,49.0,0.0,40.0,1,1,1
5172,43.0,1.0,16.0,1.0,2,49.0,0.0,40.0,1,1,0
5173,17.0,1.0,19.0,1.0,1,49.0,0.0,40.0,1,1,0
5174,83.0,1.0,21.0,1.0,1,49.0,1.0,40.0,1,1,1
5175,43.0,5.0,16.0,1.0,1,49.0,0.0,40.0,1,1,1
5176,83.0,2.0,19.0,1.0,1,49.0,0.0,40.0,1,1,1
5177,19.0,7.0,16.0,5.0,2,49.0,0.0,40.0,1,1,1
5178,43.0,7.0,16.0,1.0,1,49.0,9.0,40.0,1,1,1
5179,83.0,2.0,16.0,1.0,0,60.0,0.0,40.0,0,1,1
5180,69.0,2.0,16.0,1.0,1,238.0,0.0,40.0,1,1,0
5181,83.0,2.0,9.0,1.0,2,49.0,0.0,14.0,1,1,1
5182,75.0,5.0,16.0,1.0,5,49.0,0.0,40.0,1,1,1
5183,31.0,1.0,16.0,1.0,1,49.0,16.0,40.0,1,1,1
5184,75.0,3.0,23.0,1.0,0,49.0,0.0,40.0,1,1,1
5185,75.0,8.0,23.0,1.0,1,49.0,0.0,40.0,1,1,1
5186,31.0,7.0,16.0,1.0,1,49.0,0.0,40.0,1,1,0
5187,31.0,2.0,16.0,1.0,1,49.0,0.0,40.0,0,0,1
5188,31.0,7.0,16.0,1.0,1,49.0,0.0,15.0,0,1,1
5189,43.0,7.0,16.0,1.0,1,49.0,0.0,40.0,1,1,0
5190,19.0,1.0,21.0,1.0,1,238.0,0.0,40.0,1,1,1
5191,64.0,1.0,19.0,1.0,1,49.0,3.0,40.0,1,1,1
5192,75.0,2.0,19.0,1.0,1,49.0,0.0,40.0,1,1,1
5193,64.0,1.0,21.0,1.0,1,49.0,0.0,40.0,1,1,1
5194,43.0,3.0,19.0,1.0,0,49.0,1.0,40.0,1,1,0
5195,75.0,3.0,16.0,1.0,-1,49.0,0.0,40.0,1,1,1
5196,83.0,2.0,21.0,1.0,2,49.0,0.0,40.0,1,1,0
5197,17.0,7.0,19.0,1.0,0,49.0,1.0,40.0,1,1,1
5198,68.0,2.0,19.0,1.0,0,49.0,13.0,40.0,1,0,0
5199,60.0,3.0,19.0,1.0,0,49.0,0.0,40.0,0,1,1
5200,81.0,5.0,19.0,1.0,1,49.0,1.0,40.0,1,1,0
5201,75.0,3.0,19.0,1.0,1,49.0,0.0,40.0,1,1,0
5202,83.0,2.0,21.0,5.0,2,49.0,1.0,40.0,1,1,1
5203,83.0,2.0,24.0,1.0,0,49.0,0.0,40.0,1,1,1
5204,86.0,6.0,19.0,1.0,1,49.0,0.0,40.0,0,0,1
5205,75.0,7.0,24.0,1.0,1,200.0,0.0,40.0,1,1,0
5206,58.0,5.0,16.0,1.0,1,49.0,0.0,40.0,1,1,0
5207,83.0,1.0,19.0,5.0,2,49.0,0.0,40.0,1,1,0
5208,43.0,5.0,21.0,5.0,-1,49.0,0.0,40.0,0,1,1
5209,83.0,3.0,16.0,1.0,1,49.0,0.0,40.0,1,1,0
5210,36.0,2.0,21.0,1.0,1,49.0,1.0,40.0,1,1,0
5211,23.0,2.0,16.0,1.0,1,49.0,0.0,40.0,1,0,1
5212,19.0,3.0,16.0,1.0,0,49.0,0.0,40.0,0,0,1
5213,31.0,7.0,16.0,3.0,0,49.0,0.0,40.0,1,1,1
5214,42.0,7.0,16.0,1.0,1,49.0,0.0,40.0,1,1,0
5215,36.0,2.0,4.0,1.0,1,49.0,0.0,40.0,1,1,0
5216,31.0,7.0,16.0,1.0,1,49.0,1.0,40.0,1,0,0
5217,83.0,7.0,16.0,1.0,1,49.0,1.0,40.0,1,1,1
5218,36.0,2.0,11.0,1.0,0,49.0,0.0,40.0,1,1,1
5219,64.0,5.0,22.0,1.0,0,49.0,0.0,40.0,1,1,1
5220,83.0,1.0,16.0,1.0,1,49.0,0.0,40.0,1,1,0
5221,83.0,5.0,16.0,1.0,1,49.0,0.0,40.0,1,1,1
5222,75.0,1.0,19.0,1.0,1,49.0,0.0,40.0,1,1,1
5223,31.0,5.0,16.0,1.0,1,49.0,0.0,40.0,1,1,0
5224,31.0,7.0,19.0,1.0,1,49.0,1.0,40.0,1,1,1
5225,19.0,7.0,19.0,1.0,1,49.0,0.0,40.0,0,1,1
5226,19.0,3.0,19.0,1.0,0,49.0,11.0,40.0,0,1,1
5227,83.0,1.0,21.0,1.0,0,49.0,0.0,40.0,0,1,1
5228,64.0,7.0,19.0,1.0,1,49.0,1.0,40.0,1,1,1
5229,19.0,1.0,7.0,1.0,1,49.0,1.0,40.0,1,1,1
5230,43.0,1.0,21.0,1.0,0,49.0,1.0,40.0,1,0,1
5231,43.0,5.0,21.0,1.0,0,54.0,0.0,40.0,1,1,1
5232,69.0,1.0,21.0,1.0,1,49.0,0.0,40.0,1,1,1
5233,75.0,3.0,16.0,1.0,1,49.0,0.0,40.0,1,1,0
5234,43.0,1.0,19.0,1.0,1,49.0,0.0,40.0,1,1,1
5235,83.0,5.0,16.0,1.0,1,49.0,1.0,40.0,1,0,1
5236,75.0,3.0,16.0,5.0,-1,49.0,0.0,40.0,1,1,0
5237,83.0,1.0,19.0,1.0,1,49.0,0.0,40.0,1,0,1
5238,36.0,8.0,19.0,1.0,1,49.0,0.0,30.0,1,1,1
5239,51.0,2.0,16.0,1.0,1,49.0,1.0,40.0,0,0,0
5240,17.0,3.0,19.0,1.0,0,49.0,0.0,40.0,1,1,1
5241,43.0,2.0,16.0,1.0,1,49.0,0.0,30.0,1,0,1
5242,31.0,2.0,19.0,1.0,1,49.0,0.0,40.0,1,0,1
5243,83.0,1.0,16.0,1.0,4,49.0,0.0,40.0,1,1,1
5244,17.0,7.0,16.0,1.0,1,49.0,0.0,40.0,0,1,1
5245,17.0,3.0,19.0,1.0,1,49.0,0.0,40.0,1,1,0
5246,32.0,3.0,19.0,1.0,1,49.0,1.0,40.0,1,1,0
5247,83.0,1.0,21.0,1.0,1,49.0,0.0,40.0,1,1,1
5248,19.0,2.0,24.0,1.0,5,49.0,0.0,40.0,1,1,1
5249,36.0,1.0,16.0,1.0,1,49.0,0.0,40.0,1,1,0
5250,83.0,5.0,14.0,1.0,1,49.0,1.0,40.0,1,1,0
5251,36.0,3.0,16.0,1.0,1,49.0,0.0,40.0,1,1,1
5252,83.0,2.0,16.0,1.0,0,49.0,0.0,40.0,1,1,0
5253,69.0,3.0,16.0,1.0,1,49.0,0.0,40.0,1,1,1
5254,92.0,7.0,22.0,1.0,1,49.0,0.0,40.0,1,0,1
5255,43.0,2.0,8.0,1.0,1,49.0,0.0,40.0,0,1,1
5256,83.0,3.0,16.0,1.0,1,49.0,1.0,40.0,0,1,1
5257,19.0,5.0,16.0,1.0,5,49.0,0.0,40.0,1,1,1
5258,83.0,1.0,24.0,1.0,1,49.0,0.0,40.0,1,1,0
5259,31.0,2.0,19.0,1.0,1,49.0,0.0,40.0,1,0,0
5260,36.0,3.0,21.0,1.0,1,49.0,0.0,40.0,1,1,1
5261,75.0,3.0,16.0,1.0,1,49.0,0.0,40.0,1,1,1
5262,19.0,5.0,16.0,1.0,1,49.0,0.0,40.0,1,1,1
5263,19.0,7.0,16.0,1.0,0,49.0,0.0,40.0,1,1,1
5264,17.0,7.0,16.0,1.0,1,49.0,0.0,40.0,1,0,0
5265,75.0,7.0,16.0,1.0,1,49.0,1.0,40.0,0,1,0
5266,86.0,1.0,19.0,1.0,1,49.0,0.0,40.0,0,0,0
5267,92.0,1.0,19.0,1.0,-1,49.0,0.0,40.0,1,1,1
5268,31.0,7.0,21.0,1.0,3,49.0,0.0,40.0,0,1,1
5269,31.0,3.0,16.0,1.0,1,49.0,0.0,40.0,0,1,1
5270,36.0,2.0,19.0,1.0,0,49.0,0.0,40.0,0,1,1
5271,86.0,3.0,16.0,1.0,1,49.0,0.0,40.0,1,1,1
5272,83.0,1.0,16.0,1.0,1,49.0,0.0,40.0,1,1,0
5273,92.0,3.0,16.0,1.0,1,49.0,0.0,40.0,1,1,1
5274,75.0,1.0,22.0,1.0,1,49.0,0.0,40.0,1,0,1
5275,83.0,7.0,16.0,1.0,1,49.0,0.0,40.0,1,1,1
5276,83.0,2.0,16.0,1.0,0,49.0,0.0,40.0,0,1,0
5277,75.0,7.0,21.0,1.0,3,49.0,0.0,40.0,1,1,0
5278,43.0,1.0,19.0,1.0,1,49.0,1.0,40.0,0,1,1
5279,64.0,7.0,19.0,1.0,1,49.0,0.0,40.0,1,1,1
5280,31.0,7.0,19.0,1.0,1,49.0,1.0,40.0,1,1,1
5281,44.0,1.0,16.0,1.0,1,49.0,0.0,40.0,0,1,0
5282,83.0,3.0,19.0,1.0,4,49.0,0.0,40.0,1,1,1
5283,26.0,2.0,16.0,1.0,0,49.0,0.0,40.0,1,1,1
5284,83.0,5.0,16.0,1.0,1,49.0,0.0,13.0,1,1,1
5285,43.0,2.0,19.0,1.0,1,49.0,1.0,33.0,1,1,1
5286,83.0,2.0,19.0,1.0,1,49.0,0.0,40.0,0,1,1
5287,83.0,2.0,19.0,1.0,1,49.0,0.0,40.0,1,1,0
5288,36.0,5.0,16.0,1.0,1,49.0,1.0,40.0,1,1,1
5289,75.0,1.0,16.0,1.0,1,49.0,0.0,40.0,1,1,0
5290,19.0,1.0,16.0,1.0,0,49.0,1.0,40.0,0,0,0
5291,83.0,2.0,19.0,1.0,2,49.0,0.0,40.0,0,1,1
5292,31.0,1.0,19.0,1.0,0,49.0,0.0,40.0,1,1,1
5293,21.0,7.0,14.0,1.0,1,49.0,0.0,40.0,0,1,0
5294,43.0,7.0,16.0,1.0,1,49.0,0.0,40.0,1,1,1
5295,75.0,5.0,16.0,1.0,1,49.0,0.0,40.0,1,1,1
5296,19.0,1.0,22.0,1.0,0,49.0,0.0,40.0,1,0,1
5297,83.0,2.0,16.0,1.0,1,49.0,0.0,40.0,1,1,0
5298,36.0,2.0,20.0,1.0,1,49.0,1.0,40.0,1,1,0
5299,64.0,7.0,19.0,1.0,1,49.0,0.0,40.0,1,1,0
5300,83.0,7.0,21.0,1.0,1,49.0,1.0,40.0,1,1,1
5301,43.0,3.0,16.0,1.0,1,311.0,0.0,40.0,1,1,1
5302,19.0,5.0,16.0,1.0,1,49.0,0.0,40.0,1,0,0
5303,43.0,7.0,19.0,1.0,1,49.0,0.0,40.0,1,1,0
5304,83.0,2.0,19.0,1.0,1,49.0,0.0,40.0,0,1,1
5305,31.0,3.0,22.0,1.0,1,49.0,0.0,40.0,0,1,1
5306,31.0,2.0,21.0,1.0,1,49.0,0.0,40.0,1,1,1
5307,31.0,1.0,19.0,1.0,1,49.0,0.0,40.0,1,1,1
5308,31.0,7.0,19.0,1.0,0,49.0,0.0,40.0,1,1,0
5309,17.0,1.0,16.0,1.0,1,49.0,0.0,40.0,1,0,0
5310,83.0,1.0,19.0,1.0,1,49.0,0.0,40.0,1,0,1
5311,34.0,3.0,23.0,1.0,1,49.0,2.0,65.0,1,1,0
5312,19.0,5.0,16.0,1.0,1,49.0,0.0,40.0,1,1,0
5313,36.0,3.0,21.0,5.0,1,49.0,0.0,40.0,1,1,1
5314,75.0,1.0,19.0,1.0,1,49.0,1.0,40.0,1,1,1
5315,86.0,7.0,16.0,1.0,0,49.0,0.0,40.0,1,1,0
5316,31.0,3.0,21.0,1.0,1,49.0,0.0,40.0,0,1,1
5317,69.0,3.0,19.0,1.0,0,49.0,0.0,40.0,1,1,0
5318,31.0,1.0,16.0,1.0,1,49.0,0.0,40.0,1,1,1
5319,92.0,2.0,16.0,1.0,1,49.0,0.0,40.0,1,1,0
5320,83.0,2.0,16.0,5.0,1,49.0,1.0,40.0,1,1,1
5321,83.0,3.0,16.0,1.0,1,49.0,0.0,40.0,1,1,0
5322,71.0,1.0,19.0,1.0,1,49.0,0.0,40.0,1,1,0
5323,36.0,1.0,16.0,1.0,1,49.0,17.0,40.0,0,1,0
5324,31.0,5.0,16.0,1.0,1,49.0,0.0,40.0,1,0,1
5325,17.0,2.0,16.0,1.0,1,49.0,0.0,40.0,0,1,1
5326,31.0,1.0,19.0,1.0,1,49.0,0.0,40.0,1,0,1
5327,19.0,2.0,21.0,1.0,1,49.0,1.0,40.0,1,1,0
5328,60.0,1.0,19.0,1.0,1,49.0,1.0,40.0,1,1,0
5329,17.0,3.0,16.0,5.0,1,49.0,0.0,40.0,0,1,1
5330,19.0,3.0,16.0,1.0,1,49.0,0.0,40.0,0,0,1
5331,83.0,2.0,19.0,1.0,5,49.0,0.0,40.0,1,1,0
5332,83.0,1.0,16.0,1.0,1,49.0,0.0,40.0,1,0,0
5333,83.0,2.0,19.0,1.0,1,49.0,0.0,40.0,1,1,1
5334,49.0,3.0,16.0,1.0,1,49.0,1.0,40.0,0,0,0
5335,43.0,1.0,19.0,1.0,1,49.0,1.0,40.0,1,1,1
5336,31.0,2.0,19.0,1.0,1,49.0,0.0,40.0,1,1,0
5337,83.0,3.0,16.0,1.0,1,49.0,0.0,91.0,1,1,1
5338,83.0,3.0,21.0,1.0,1,49.0,0.0,40.0,1,1,1
5339,83.0,2.0,16.0,1.0,0,49.0,0.0,40.0,0,1,1
5340,60.0,2.0,22.0,1.0,1,49.0,1.0,40.0,0,1,1
5341,83.0,3.0,14.0,1.0,1,49.0,1.0,40.0,1,1,1
5342,83.0,2.0,22.0,1.0,0,49.0,0.0,40.0,0,1,1
5343,43.0,2.0,21.0,1.0,1,49.0,0.0,40.0,1,1,1
5344,43.0,2.0,16.0,1.0,1,49.0,0.0,40.0,1,1,0
5345,83.0,1.0,19.0,1.0,3,49.0,0.0,40.0,1,1,1
5346,31.0,5.0,19.0,1.0,1,49.0,1.0,40.0,1,1,1
5347,31.0,1.0,16.0,1.0,1,49.0,1.0,40.0,1,0,1
5348,83.0,2.0,16.0,1.0,4,49.0,1.0,40.0,1,1,1
5349,83.0,2.0,16.0,1.0,1,49.0,1.0,40.0,1,1,1
5350,86.0,7.0,24.0,5.0,1,49.0,0.0,40.0,1,1,0
5351,36.0,1.0,16.0,1.0,0,49.0,1.0,40.0,1,0,1
5352,34.0,2.0,16.0,1.0,1,49.0,0.0,40.0,1,1,0
5353,31.0,3.0,23.0,1.0,1,49.0,0.0,40.0,0,1,1
5354,69.0,2.0,19.0,1.0,0,49.0,1.0,40.0,1,1,1
5355,31.0,3.0,16.0,5.0,3,49.0,0.0,40.0,0,1,0
5356,32.0,3.0,16.0,1.0,1,49.0,0.0,40.0,1,1,1
5357,31.0,2.0,19.0,1.0,0,49.0,0.0,40.0,1,0,1
5358,43.0,2.0,16.0,1.0,1,49.0,0.0,40.0,1,1,1
5359,92.0,1.0,16.0,1.0,-1,49.0,0.0,40.0,1,1,1
5360,19.0,2.0,19.0,1.0,1,49.0,0.0,40.0,0,0,1
5361,83.0,2.0,16.0,1.0,1,49.0,0.0,66.0,1,1,1
5362,31.0,2.0,16.0,1.0,1,49.0,0.0,40.0,1,1,1
5363,40.0,7.0,19.0,1.0,1,49.0,0.0,40.0,1,1,0
5364,17.0,1.0,19.0,1.0,1,49.0,0.0,40.0,0,1,0
5365,75.0,7.0,16.0,1.0,1,49.0,0.0,40.0,1,1,1
5366,43.0,7.0,16.0,1.0,1,49.0,0.0,40.0,1,1,1
5367,31.0,7.0,19.0,5.0,0,28.0,0.0,40.0,0,1,1
5368,31.0,1.0,16.0,5.0,1,49.0,0.0,40.0,1,1,0
5369,31.0,2.0,19.0,1.0,1,49.0,0.0,40.0,1,1,0
5370,83.0,2.0,16.0,1.0,1,49.0,0.0,40.0,1,1,0
5371,83.0,3.0,21.0,1.0,1,49.0,0.0,40.0,1,1,0
5372,75.0,1.0,16.0,1.0,0,49.0,0.0,40.0,1,1,1
5373,83.0,3.0,19.0,1.0,1,49.0,0.0,40.0,0,1,1
5374,83.0,3.0,21.0,1.0,1,49.0,0.0,40.0,0,1,1
5375,43.0,7.0,4.0,1.0,1,49.0,0.0,40.0,0,1,1
5376,83.0,5.0,16.0,1.0,1,49.0,0.0,40.0,1,1,1
5377,27.0,2.0,21.0,5.0,0,49.0,1.0,40.0,0,1,0
5378,31.0,1.0,16.0,1.0,1,49.0,1.0,40.0,0,1,1
5379,17.0,1.0,16.0,1.0,1,49.0,0.0,40.0,0,1,1
5380,75.0,2.0,19.0,1.0,0,49.0,2.0,40.0,1,1,1
5381,19.0,5.0,9.0,1.0,1,49.0,0.0,40.0,1,1,0
5382,75.0,7.0,24.0,1.0,1,49.0,1.0,40.0,1,1,1
5383,19.0,3.0,21.0,1.0,1,49.0,0.0,40.0,1,1,1
5384,32.0,1.0,21.0,1.0,1,49.0,1.0,40.0,1,1,0
5385,83.0,7.0,16.0,1.0,1,49.0,0.0,40.0,1,1,1
5386,75.0,5.0,19.0,1.0,1,49.0,0.0,40.0,1,1,0
5387,86.0,7.0,16.0,1.0,1,49.0,0.0,33.0,1,0,1
5388,19.0,5.0,21.0,1.0,1,49.0,0.0,40.0,1,1,0
5389,86.0,7.0,19.0,3.0,1,49.0,0.0,40.0,1,1,1
5390,83.0,2.0,16.0,1.0,0,49.0,0.0,40.0,1,1,0
5391,83.0,2.0,21.0,1.0,1,49.0,0.0,40.0,0,1,0
5392,27.0,3.0,19.0,5.0,1,49.0,0.0,40.0,1,0,1
5393,83.0,2.0,19.0,1.0,2,49.0,1.0,40.0,1,1,0
5394,69.0,3.0,22.0,1.0,0,49.0,0.0,40.0,0,1,1
5395,70.0,1.0,16.0,1.0,0,49.0,0.0,40.0,1,1,1
5396,31.0,1.0,22.0,1.0,1,49.0,0.0,40.0,1,1,1
5397,19.0,2.0,22.0,1.0,1,49.0,0.0,40.0,1,1,1
5398,32.0,2.0,16.0,1.0,2,49.0,0.0,40.0,1,1,0
5399,36.0,2.0,19.0,1.0,1,49.0,0.0,40.0,0,1,1
5400,83.0,5.0,19.0,1.0,2,49.0,0.0,40.0,1,1,0
5401,60.0,7.0,19.0,1.0,1,49.0,0.0,40.0,1,1,1
5402,19.0,2.0,21.0,1.0,1,49.0,1.0,40.0,1,1,0
5403,17.0,2.0,22.0,1.0,1,49.0,0.0,40.0,1,1,0
5404,75.0,7.0,19.0,1.0,1,49.0,0.0,40.0,1,1,0
5405,75.0,2.0,24.0,1.0,1,49.0,1.0,40.0,1,1,0
5406,31.0,1.0,16.0,1.0,0,49.0,1.0,40.0,1,1,0
5407,31.0,2.0,16.0,1.0,1,49.0,0.0,40.0,1,1,0
5408,43.0,1.0,21.0,1.0,1,49.0,7.0,40.0,1,1,1
5409,43.0,1.0,16.0,1.0,5,49.0,0.0,40.0,1,1,1
5410,43.0,1.0,21.0,1.0,0,49.0,1.0,40.0,0,1,1
5411,83.0,4.0,16.0,1.0,1,49.0,0.0,40.0,0,1,0
5412,43.0,3.0,21.0,1.0,1,49.0,0.0,40.0,1,1,1
5413,83.0,7.0,19.0,1.0,1,49.0,1.0,40.0,0,1,1
5414,17.0,5.0,16.0,1.0,1,49.0,0.0,40.0,1,0,0
5415,83.0,2.0,21.0,1.0,-1,49.0,0.0,40.0,1,1,1
5416,17.0,2.0,19.0,1.0,1,49.0,0.0,40.0,0,0,1
5417,63.0,1.0,19.0,1.0,1,49.0,0.0,40.0,1,1,1
5418,83.0,2.0,21.0,1.0,2,49.0,0.0,40.0,1,1,1
5419,75.0,7.0,19.0,1.0,0,49.0,1.0,40.0,1,1,1
5420,19.0,8.0,19.0,1.0,1,49.0,0.0,40.0,1,1,0
5421,31.0,5.0,16.0,1.0,1,49.0,1.0,40.0,1,1,1
5422,19.0,1.0,4.0,1.0,0,49.0,0.0,40.0,1,1,1
5423,31.0,5.0,16.0,1.0,2,49.0,1.0,40.0,1,1,1
5424,19.0,7.0,21.0,1.0,1,49.0,0.0,40.0,0,1,1
5425,75.0,1.0,16.0,1.0,3,49.0,0.0,40.0,1,1,1
5426,86.0,2.0,16.0,1.0,0,49.0,0.0,40.0,1,1,1
5427,19.0,3.0,19.0,1.0,1,49.0,0.0,40.0,1,1,0
5428,32.0,7.0,16.0,1.0,1,49.0,1.0,40.0,1,1,1
5429,43.0,8.0,19.0,1.0,0,49.0,0.0,40.0,1,1,1
5430,32.0,2.0,16.0,1.0,0,49.0,1.0,40.0,1,1,1
5431,86.0,7.0,16.0,1.0,5,49.0,0.0,40.0,1,1,1
5432,83.0,2.0,16.0,1.0,1,49.0,0.0,40.0,1,0,0
5433,31.0,1.0,7.0,1.0,0,49.0,0.0,40.0,1,0,0
5434,43.0,1.0,21.0,1.0,0,49.0,0.0,30.0,1,1,0
5435,43.0,3.0,21.0,1.0,0,49.0,0.0,40.0,1,1,0
5436,31.0,2.0,16.0,1.0,1,49.0,0.0,40.0,1,1,1
5437,83.0,1.0,19.0,1.0,1,49.0,0.0,40.0,1,1,1
5438,31.0,2.0,21.0,1.0,1,49.0,1.0,40.0,1,1,1
5439,19.0,3.0,19.0,1.0,1,49.0,0.0,40.0,1,1,1
5440,75.0,1.0,21.0,1.0,1,49.0,0.0,40.0,1,1,0
5441,83.0,7.0,16.0,1.0,1,49.0,0.0,40.0,1,1,1
5442,64.0,1.0,21.0,1.0,1,49.0,1.0,40.0,0,1,1
5443,17.0,3.0,24.0,1.0,1,49.0,0.0,40.0,1,1,0
5444,17.0,7.0,16.0,1.0,1,49.0,1.0,40.0,1,1,1
5445,83.0,7.0,24.0,1.0,1,49.0,0.0,40.0,1,0,1
5446,83.0,3.0,19.0,1.0,1,49.0,0.0,40.0,1,1,0
5447,31.0,5.0,19.0,1.0,1,49.0,0.0,40.0,0,1,1
5448,83.0,1.0,21.0,1.0,1,49.0,0.0,40.0,1,1,1
5449,19.0,1.0,17.0,1.0,-1,49.0,5.0,40.0,0,1,1
5450,75.0,2.0,16.0,1.0,1,49.0,0.0,40.0,0,1,0
5451,83.0,2.0,21.0,5.0,1,49.0,0.0,40.0,1,1,1
5452,83.0,5.0,4.0,1.0,2,49.0,1.0,40.0,0,1,1
5453,43.0,2.0,16.0,1.0,1,49.0,0.0,40.0,1,1,1
5454,43.0,2.0,19.0,1.0,1,49.0,0.0,40.0,1,1,1
5455,43.0,2.0,16.0,1.0,2,49.0,0.0,40.0,1,1,1
5456,83.0,5.0,19.0,1.0,1,49.0,0.0,40.0,1,1,1
5457,43.0,1.0,16.0,1.0,1,49.0,0.0,40.0,1,1,1
5458,43.0,3.0,19.0,1.0,1,49.0,0.0,40.0,1,1,0
5459,36.0,2.0,16.0,1.0,1,49.0,0.0,40.0,0,1,0
5460,19.0,3.0,16.0,1.0,1,49.0,0.0,14.0,0,1,1
5461,19.0,3.0,19.0,1.0,0,49.0,1.0,40.0,1,1,1
5462,36.0,3.0,19.0,1.0,1,49.0,0.0,40.0,1,1,0
5463,92.0,1.0,22.0,1.0,2,49.0,0.0,40.0,0,1,0
5464,34.0,7.0,16.0,1.0,1,49.0,1.0,40.0,1,1,1
5465,43.0,5.0,16.0,1.0,1,49.0,0.0,40.0,1,1,1
5466,64.0,6.0,21.0,1.0,1,49.0,1.0,40.0,0,1,0
5467,64.0,2.0,16.0,1.0,1,49.0,0.0,40.0,0,1,1
5468,36.0,2.0,21.0,1.0,1,49.0,2.0,40.0,1,1,1
5469,83.0,5.0,16.0,1.0,1,49.0,1.0,40.0,1,1,1
5470,75.0,2.0,16.0,1.0,0,370.0,0.0,99.0,0,1,1
5471,17.0,3.0,16.0,1.0,1,49.0,0.0,40.0,1,1,1
5472,83.0,7.0,19.0,1.0,1,49.0,1.0,40.0,1,1,0
5473,31.0,1.0,16.0,1.0,1,49.0,0.0,40.0,1,1,1
5474,92.0,1.0,21.0,1.0,1,49.0,0.0,40.0,1,1,1
5475,31.0,7.0,16.0,1.0,0,49.0,0.0,40.0,1,1,1
5476,43.0,3.0,21.0,1.0,1,49.0,0.0,40.0,1,1,1
5477,19.0,5.0,16.0,1.0,1,49.0,0.0,20.0,1,1,1
5478,19.0,3.0,16.0,1.0,1,49.0,0.0,40.0,1,1,1
5479,43.0,5.0,16.0,1.0,1,49.0,0.0,40.0,1,1,1
5480,17.0,2.0,19.0,1.0,5,49.0,0.0,40.0,1,1,0
5481,31.0,7.0,16.0,1.0,1,49.0,0.0,40.0,1,1,1
5482,64.0,2.0,16.0,1.0,0,49.0,1.0,40.0,1,1,1
5483,83.0,3.0,16.0,1.0,1,49.0,0.0,14.0,1,1,1
5484,83.0,5.0,16.0,1.0,0,49.0,0.0,40.0,1,1,1
5485,64.0,5.0,19.0,4.0,1,49.0,0.0,40.0,1,0,0
5486,31.0,5.0,16.0,1.0,1,49.0,0.0,40.0,1,1,1
5487,70.0,3.0,19.0,5.0,0,49.0,1.0,40.0,1,1,1
5488,92.0,6.0,19.0,1.0,1,49.0,0.0,40.0,1,1,1
5489,83.0,7.0,16.0,1.0,1,49.0,0.0,40.0,0,1,1
5490,19.0,1.0,19.0,1.0,1,49.0,0.0,40.0,1,1,1
5491,64.0,1.0,16.0,1.0,1,49.0,0.0,40.0,0,1,0
5492,62.0,3.0,22.0,1.0,0,49.0,0.0,40.0,1,1,1
5493,86.0,3.0,16.0,1.0,0,49.0,1.0,40.0,1,1,1
5494,31.0,7.0,21.0,1.0,0,49.0,1.0,40.0,1,1,1
5495,31.0,7.0,16.0,1.0,1,49.0,0.0,40.0,1,1,1
5496,83.0,2.0,16.0,1.0,0,49.0,0.0,40.0,1,1,1
5497,83.0,2.0,16.0,1.0,0,49.0,1.0,40.0,1,1,1
5498,75.0,2.0,19.0,1.0,1,49.0,1.0,40.0,1,1,0
5499,43.0,5.0,16.0,1.0,2,49.0,0.0,40.0,1,1,1
5500,55.0,1.0,16.0,1.0,1,49.0,0.0,40.0,1,1,1
5501,36.0,6.0,16.0,1.0,1,49.0,0.0,40.0,1,0,1
5502,31.0,2.0,16.0,1.0,0,49.0,0.0,40.0,1,1,1
5503,83.0,7.0,19.0,1.0,1,49.0,0.0,40.0,1,1,0
5504,74.0,2.0,19.0,1.0,1,49.0,0.0,40.0,1,1,1
5505,31.0,1.0,19.0,1.0,1,49.0,1.0,40.0,1,1,1
5506,34.0,3.0,4.0,5.0,0,49.0,0.0,40.0,0,0,1
5507,60.0,1.0,21.0,1.0,1,49.0,5.0,40.0,1,0,1
5508,64.0,2.0,19.0,1.0,1,49.0,0.0,40.0,1,1,1
5509,31.0,1.0,19.0,1.0,1,49.0,0.0,40.0,1,1,1
5510,75.0,7.0,16.0,1.0,1,49.0,0.0,40.0,1,1,1
5511,75.0,1.0,16.0,1.0,2,49.0,0.0,40.0,1,1,1
5512,17.0,3.0,21.0,1.0,2,49.0,0.0,40.0,1,1,1
5513,83.0,2.0,21.0,1.0,1,160.0,0.0,40.0,1,0,1
5514,31.0,1.0,19.0,1.0,0,49.0,0.0,40.0,0,1,1
5515,64.0,3.0,19.0,1.0,1,49.0,0.0,40.0,1,1,1
5516,83.0,7.0,21.0,1.0,0,49.0,1.0,40.0,1,1,1
5517,83.0,3.0,19.0,1.0,1,49.0,0.0,40.0,1,1,1
5518,43.0,5.0,16.0,1.0,0,49.0,0.0,40.0,1,1,1
5519,43.0,1.0,16.0,1.0,1,49.0,0.0,40.0,1,1,1
5520,75.0,3.0,16.0,1.0,1,49.0,0.0,40.0,0,1,0
5521,17.0,5.0,16.0,1.0,2,49.0,1.0,40.0,1,1,1
5522,19.0,3.0,16.0,1.0,3,49.0,0.0,40.0,0,1,1
5523,36.0,4.0,16.0,1.0,0,49.0,1.0,40.0,1,0,0
5524,19.0,2.0,16.0,1.0,1,49.0,0.0,40.0,1,1,0
5525,17.0,7.0,19.0,1.0,1,49.0,1.0,40.0,1,1,1
5526,75.0,2.0,19.0,1.0,5,49.0,0.0,40.0,1,1,1
5527,19.0,1.0,5.0,5.0,1,49.0,1.0,40.0,1,1,1
5528,43.0,5.0,16.0,1.0,1,49.0,0.0,40.0,1,1,0
5529,83.0,5.0,16.0,1.0,0,49.0,0.0,40.0,1,1,0
5530,19.0,5.0,16.0,1.0,1,49.0,0.0,40.0,1,1,1
5531,31.0,1.0,21.0,1.0,1,49.0,1.0,40.0,1,1,0
5532,83.0,5.0,19.0,1.0,1,49.0,0.0,40.0,1,1,0
5533,75.0,3.0,16.0,1.0,0,49.0,0.0,40.0,1,1,0
5534,69.0,7.0,24.0,1.0,1,49.0,0.0,40.0,1,0,1
5535,31.0,2.0,16.0,1.0,1,49.0,0.0,40.0,1,1,1
5536,31.0,2.0,16.0,1.0,1,49.0,1.0,40.0,1,1,1
5537,31.0,3.0,16.0,1.0,1,49.0,0.0,40.0,1,1,1
5538,86.0,3.0,19.0,1.0,1,49.0,0.0,40.0,1,1,0
5539,23.0,3.0,16.0,1.0,1,49.0,0.0,40.0,1,0,0
5540,36.0,2.0,21.0,1.0,1,49.0,0.0,40.0,1,1,0
5541,86.0,2.0,14.0,1.0,1,49.0,0.0,40.0,1,1,1
5542,83.0,7.0,16.0,1.0,1,49.0,1.0,40.0,1,1,1
5543,69.0,5.0,16.0,1.0,1,49.0,0.0,40.0,1,1,1
5544,31.0,5.0,19.0,1.0,1,49.0,0.0,40.0,1,1,0
5545,31.0,2.0,16.0,1.0,0,49.0,0.0,40.0,1,1,0
5546,83.0,1.0,7.0,1.0,2,49.0,11.0,40.0,0,1,1
5547,17.0,1.0,19.0,1.0,2,49.0,0.0,40.0,1,1,0
5548,83.0,2.0,22.0,1.0,0,49.0,0.0,40.0,1,1,1
5549,75.0,1.0,21.0,1.0,-1,49.0,0.0,40.0,1,0,0
5550,83.0,1.0,16.0,1.0,1,49.0,0.0,40.0,1,1,0
5551,83.0,1.0,21.0,1.0,0,49.0,0.0,40.0,1,1,1
5552,19.0,5.0,17.0,1.0,2,49.0,0.0,66.0,1,1,0
5553,19.0,1.0,16.0,1.0,1,49.0,0.0,40.0,1,1,1
5554,19.0,2.0,21.0,1.0,1,49.0,0.0,40.0,1,1,0
5555,75.0,5.0,16.0,1.0,3,49.0,0.0,40.0,0,1,1
5556,17.0,5.0,16.0,1.0,1,49.0,0.0,40.0,1,1,1
5557,43.0,2.0,19.0,5.0,1,49.0,0.0,40.0,1,1,1
5558,50.0,1.0,21.0,1.0,1,49.0,0.0,40.0,1,1,0
5559,19.0,2.0,16.0,1.0,1,49.0,1.0,40.0,1,0,0
5560,19.0,2.0,21.0,1.0,1,49.0,0.0,40.0,1,1,1
5561,75.0,2.0,16.0,1.0,1,49.0,1.0,40.0,0,1,1
5562,64.0,3.0,16.0,1.0,4,49.0,1.0,40.0,1,1,1
5563,31.0,3.0,16.0,1.0,0,49.0,0.0,40.0,0,1,1
5564,19.0,1.0,19.0,1.0,1,49.0,1.0,40.0,1,1,0
5565,83.0,1.0,16.0,1.0,4,49.0,0.0,40.0,1,1,1
5566,36.0,7.0,16.0,1.0,1,49.0,0.0,40.0,1,1,0
5567,83.0,2.0,21.0,1.0,1,49.0,0.0,40.0,1,1,1
5568,83.0,2.0,16.0,5.0,0,49.0,0.0,40.0,0,1,1
5569,19.0,1.0,16.0,1.0,2,49.0,0.0,40.0,1,1,1
5570,83.0,1.0,21.0,1.0,1,49.0,0.0,40.0,1,1,1
5571,19.0,3.0,16.0,1.0,1,49.0,1.0,40.0,1,1,1
5572,17.0,7.0,5.0,1.0,1,49.0,0.0,40.0,0,1,0
5573,83.0,7.0,16.0,5.0,2,49.0,0.0,40.0,0,1,1
5574,83.0,5.0,19.0,1.0,1,49.0,1.0,40.0,1,1,1
5575,86.0,2.0,16.0,1.0,4,49.0,0.0,40.0,1,0,1
5576,19.0,1.0,21.0,1.0,1,36.0,0.0,40.0,1,1,0
5577,17.0,2.0,21.0,1.0,1,49.0,0.0,40.0,1,1,1
5578,75.0,3.0,21.0,1.0,2,49.0,0.0,40.0,0,1,0
5579,83.0,2.0,16.0,1.0,2,49.0,0.0,40.0,1,1,1
5580,38.0,7.0,16.0,1.0,1,49.0,0.0,40.0,1,1,1
5581,36.0,5.0,19.0,5.0,2,49.0,1.0,40.0,1,1,0
5582,75.0,7.0,16.0,1.0,0,49.0,0.0,40.0,1,1,1
5583,32.0,2.0,16.0,1.0,1,49.0,0.0,40.0,0,1,1
5584,81.0,1.0,3.0,1.0,0,49.0,0.0,40.0,1,1,1
5585,83.0,1.0,19.0,1.0,1,49.0,0.0,40.0,1,1,0
5586,64.0,3.0,16.0,1.0,0,49.0,0.0,65.0,1,1,1
5587,75.0,1.0,21.0,1.0,1,49.0,0.0,40.0,1,1,0
5588,64.0,2.0,21.0,5.0,1,49.0,1.0,40.0,1,1,1
5589,19.0,2.0,16.0,1.0,1,49.0,1.0,40.0,1,0,1
5590,43.0,2.0,16.0,1.0,0,49.0,0.0,40.0,1,1,1
5591,83.0,6.0,19.0,1.0,1,49.0,0.0,40.0,0,1,0
5592,43.0,1.0,19.0,1.0,0,49.0,0.0,40.0,1,0,0
5593,83.0,1.0,19.0,1.0,1,49.0,0.0,40.0,1,1,0
5594,43.0,3.0,6.0,1.0,0,49.0,0.0,40.0,0,1,1
5595,70.0,3.0,16.0,1.0,1,49.0,0.0,40.0,1,1,1
5596,92.0,2.0,19.0,1.0,1,49.0,0.0,40.0,1,0,1
5597,36.0,7.0,19.0,1.0,1,49.0,0.0,40.0,1,1,1
5598,17.0,7.0,19.0,1.0,1,49.0,1.0,40.0,1,1,0
5599,64.0,2.0,19.0,1.0,0,49.0,0.0,40.0,1,1,1
5600,86.0,3.0,21.0,1.0,1,49.0,0.0,40.0,1,0,1
5601,43.0,5.0,23.0,1.0,1,49.0,1.0,40.0,1,0,1
5602,75.0,7.0,19.0,1.0,1,49.0,0.0,40.0,1,1,0
5603,43.0,1.0,16.0,1.0,1,49.0,0.0,40.0,1,1,0
5604,31.0,7.0,19.0,1.0,1,49.0,0.0,40.0,0,1,1
5605,31.0,7.0,21.0,1.0,2,49.0,0.0,40.0,1,1,1
5606,65.0,2.0,19.0,1.0,1,49.0,0.0,40.0,1,1,1
5607,83.0,7.0,16.0,1.0,1,49.0,0.0,40.0,1,1,1
5608,57.0,5.0,19.0,1.0,1,49.0,0.0,40.0,1,1,0
5609,75.0,3.0,21.0,1.0,-1,49.0,1.0,40.0,1,0,0
5610,75.0,7.0,16.0,5.0,1,49.0,0.0,40.0,1,1,0
5611,92.0,2.0,19.0,1.0,1,49.0,0.0,40.0,1,1,0
5612,19.0,7.0,21.0,1.0,0,49.0,0.0,40.0,1,1,1
5613,69.0,2.0,16.0,1.0,1,49.0,1.0,40.0,1,1,0
5614,19.0,7.0,16.0,1.0,1,49.0,0.0,40.0,1,1,0
5615,83.0,7.0,16.0,1.0,0,49.0,0.0,40.0,1,1,1
5616,36.0,7.0,19.0,1.0,2,49.0,0.0,40.0,1,1,0
5617,31.0,1.0,16.0,1.0,0,49.0,0.0,40.0,1,1,0
5618,19.0,7.0,16.0,1.0,1,49.0,0.0,40.0,1,0,1
5619,43.0,7.0,24.0,1.0,2,49.0,0.0,40.0,1,0,0
5620,83.0,2.0,21.0,1.0,1,49.0,0.0,40.0,0,0,1
5621,19.0,1.0,16.0,1.0,2,49.0,0.0,40.0,1,1,1
5622,83.0,2.0,19.0,1.0,1,49.0,0.0,40.0,1,1,1
5623,60.0,7.0,16.0,1.0,1,49.0,0.0,40.0,1,1,1
5624,31.0,2.0,11.0,1.0,1,49.0,0.0,40.0,1,1,0
5625,86.0,2.0,19.0,1.0,1,49.0,0.0,40.0,1,1,1
5626,32.0,3.0,19.0,1.0,1,49.0,0.0,40.0,1,1,0
5627,17.0,3.0,21.0,1.0,1,49.0,1.0,40.0,1,1,0
5628,75.0,7.0,16.0,1.0,1,49.0,0.0,40.0,1,1,1
5629,83.0,3.0,21.0,1.0,0,49.0,0.0,40.0,1,1,1
5630,83.0,5.0,19.0,1.0,1,49.0,0.0,40.0,0,1,1
5631,31.0,1.0,21.0,5.0,1,49.0,0.0,40.0,1,1,1
5632,43.0,2.0,19.0,1.0,1,49.0,0.0,40.0,1,1,1
5633,19.0,2.0,19.0,1.0,1,49.0,10.0,40.0,1,0,0
5634,92.0,5.0,16.0,1.0,1,49.0,0.0,40.0,1,1,0
5635,26.0,7.0,19.0,1.0,0,49.0,0.0,40.0,1,0,1
5636,31.0,1.0,19.0,1.0,1,49.0,0.0,40.0,1,1,0
5637,19.0,7.0,19.0,1.0,0,49.0,0.0,40.0,1,1,1
5638,55.0,5.0,16.0,1.0,0,49.0,5.0,30.0,1,1,0
5639,83.0,2.0,16.0,1.0,1,49.0,0.0,40.0,1,1,0
5640,83.0,1.0,16.0,1.0,1,49.0,13.0,40.0,1,1,1
5641,83.0,2.0,19.0,1.0,-1,49.0,0.0,40.0,1,1,0
5642,64.0,2.0,19.0,1.0,1,49.0,1.0,40.0,1,1,0
5643,17.0,1.0,19.0,1.0,1,49.0,0.0,40.0,1,1,1
5644,17.0,3.0,19.0,1.0,1,49.0,0.0,40.0,1,0,1
5645,86.0,7.0,16.0,1.0,1,49.0,1.0,40.0,1,0,1
5646,83.0,2.0,19.0,1.0,1,49.0,1.0,40.0,0,0,1
5647,43.0,7.0,4.0,1.0,1,49.0,0.0,40.0,1,1,0
5648,71.0,2.0,16.0,1.0,0,49.0,1.0,40.0,1,1,1
5649,83.0,2.0,16.0,1.0,1,49.0,0.0,40.0,0,1,0
5650,83.0,5.0,19.0,1.0,1,49.0,0.0,40.0,1,1,1
5651,17.0,2.0,16.0,1.0,1,49.0,0.0,40.0,1,1,1
5652,83.0,2.0,16.0,1.0,-1,49.0,1.0,40.0,1,1,0
5653,60.0,1.0,19.0,1.0,1,49.0,0.0,40.0,0,0,1
5654,92.0,7.0,16.0,1.0,1,49.0,0.0,40.0,1,1,1
5655,83.0,1.0,16.0,1.0,1,49.0,1.0,40.0,1,0,1
5656,75.0,3.0,19.0,1.0,1,49.0,0.0,40.0,0,1,1
5657,83.0,3.0,4.0,5.0,1,49.0,1.0,40.0,1,0,1
5658,19.0,1.0,16.0,1.0,0,49.0,0.0,40.0,0,1,1
5659,83.0,1.0,21.0,1.0,1,49.0,0.0,40.0,0,0,1
5660,83.0,2.0,16.0,1.0,2,49.0,0.0,40.0,0,1,0
5661,49.0,7.0,16.0,1.0,1,49.0,0.0,40.0,1,1,1
5662,86.0,2.0,16.0,1.0,1,49.0,0.0,40.0,1,1,1
5663,83.0,5.0,16.0,1.0,1,49.0,0.0,40.0,1,1,1
5664,64.0,1.0,16.0,1.0,1,49.0,0.0,40.0,0,1,0
5665,92.0,1.0,16.0,1.0,1,442.0,1.0,40.0,1,1,1
5666,83.0,1.0,16.0,1.0,1,49.0,0.0,40.0,1,0,1
5667,19.0,7.0,16.0,1.0,2,49.0,0.0,40.0,1,1,0
5668,17.0,5.0,16.0,1.0,1,49.0,0.0,40.0,1,0,1
5669,19.0,1.0,21.0,1.0,1,49.0,0.0,40.0,1,1,1
5670,17.0,3.0,16.0,1.0,1,49.0,0.0,40.0,1,1,0
5671,31.0,5.0,19.0,1.0,1,49.0,0.0,40.0,1,1,1
5672,86.0,3.0,19.0,1.0,1,49.0,0.0,40.0,1,1,0
5673,83.0,1.0,19.0,1.0,1,49.0,0.0,40.0,1,1,1
5674,75.0,2.0,24.0,1.0,1,49.0,1.0,40.0,1,0,0
5675,86.0,1.0,16.0,1.0,0,49.0,12.0,40.0,1,1,1
5676,92.0,3.0,19.0,1.0,2,49.0,0.0,40.0,1,1,1
5677,19.0,7.0,16.0,1.0,-1,49.0,0.0,40.0,1,1,1
5678,83.0,1.0,19.0,1.0,1,49.0,0.0,40.0,0,1,1
5679,83.0,3.0,22.0,1.0,0,49.0,0.0,40.0,1,1,1
5680,31.0,2.0,16.0,1.0,1,49.0,0.0,40.0,1,0,1
5681,36.0,2.0,16.0,1.0,1,49.0,0.0,40.0,0,0,1
5682,36.0,2.0,19.0,1.0,2,49.0,1.0,40.0,1,1,1
5683,31.0,3.0,21.0,1.0,0,49.0,0.0,40.0,1,0,0
5684,43.0,2.0,16.0,1.0,1,49.0,1.0,40.0,1,1,1
5685,31.0,7.0,19.0,1.0,1,49.0,0.0,40.0,0,1,0
5686,75.0,1.0,16.0,5.0,1,49.0,0.0,40.0,0,1,1
5687,36.0,2.0,16.0,1.0,1,49.0,0.0,40.0,1,1,0
5688,36.0,2.0,19.0,1.0,1,49.0,0.0,40.0,1,1,0
5689,19.0,7.0,16.0,1.0,0,49.0,0.0,40.0,1,1,0
5690,83.0,3.0,19.0,3.0,1,49.0,0.0,40.0,1,1,0
5691,75.0,3.0,16.0,5.0,1,49.0,0.0,40.0,1,1,1
5692,36.0,1.0,16.0,1.0,1,49.0,1.0,40.0,0,1,0
5693,83.0,7.0,16.0,5.0,1,49.0,0.0,40.0,1,1,0
5694,74.0,2.0,19.0,1.0,1,49.0,0.0,40.0,1,1,1
5695,83.0,2.0,16.0,1.0,2,49.0,0.0,40.0,1,1,0
5696,53.0,1.0,19.0,1.0,1,49.0,0.0,40.0,1,1,0
5697,32.0,2.0,19.0,1.0,1,49.0,0.0,40.0,0,1,1
5698,23.0,1.0,19.0,1.0,1,49.0,0.0,40.0,1,1,0
5699,31.0,1.0,19.0,5.0,1,49.0,0.0,40.0,1,1,1
5700,64.0,3.0,19.0,1.0,1,49.0,1.0,40.0,1,1,0
5701,31.0,2.0,22.0,1.0,0,49.0,0.0,40.0,1,1,1
5702,75.0,7.0,22.0,1.0,1,49.0,0.0,40.0,1,1,1
5703,31.0,3.0,16.0,1.0,3,49.0,0.0,40.0,1,0,1
5704,19.0,1.0,22.0,1.0,1,49.0,0.0,40.0,1,1,1
5705,84.0,4.0,22.0,1.0,1,436.0,0.0,40.0,0,1,0
5706,19.0,7.0,16.0,1.0,1,49.0,0.0,40.0,1,1,0
5707,83.0,3.0,19.0,1.0,1,49.0,1.0,40.0,1,1,0
5708,83.0,7.0,16.0,1.0,0,49.0,0.0,40.0,1,1,0
5709,43.0,4.0,21.0,1.0,1,49.0,0.0,40.0,0,1,1
5710,83.0,3.0,19.0,1.0,1,49.0,1.0,40.0,1,1,1
5711,75.0,3.0,22.0,1.0,1,49.0,1.0,40.0,1,1,1
5712,17.0,3.0,19.0,1.0,1,49.0,0.0,40.0,1,1,0
5713,83.0,1.0,21.0,1.0,1,49.0,0.0,40.0,1,1,0
5714,83.0,2.0,19.0,1.0,0,49.0,0.0,40.0,1,1,0
5715,31.0,2.0,19.0,1.0,1,49.0,0.0,40.0,1,1,0
5716,17.0,7.0,16.0,1.0,1,49.0,0.0,40.0,0,0,0
5717,83.0,2.0,16.0,1.0,1,49.0,0.0,40.0,0,1,1
5718,43.0,3.0,12.0,5.0,2,49.0,0.0,40.0,1,1,0
5719,43.0,5.0,16.0,1.0,1,49.0,0.0,40.0,1,1,0
5720,86.0,3.0,19.0,1.0,1,49.0,0.0,40.0,1,1,0
5721,17.0,6.0,19.0,1.0,2,49.0,0.0,40.0,1,1,1
5722,75.0,2.0,16.0,1.0,1,49.0,0.0,40.0,1,1,1
5723,31.0,7.0,19.0,1.0,2,49.0,0.0,40.0,1,1,0
5724,75.0,5.0,19.0,1.0,0,49.0,0.0,40.0,0,0,0
5725,17.0,7.0,24.0,1.0,1,49.0,0.0,40.0,1,1,0
5726,19.0,5.0,19.0,1.0,1,49.0,0.0,40.0,0,1,1
5727,31.0,7.0,16.0,1.0,0,49.0,0.0,40.0,1,1,1
5728,19.0,2.0,19.0,1.0,0,49.0,0.0,66.0,1,1,0
5729,86.0,2.0,19.0,1.0,1,49.0,0.0,40.0,1,1,1
5730,17.0,5.0,21.0,1.0,1,49.0,2.0,40.0,0,0,0
5731,92.0,3.0,19.0,1.0,1,49.0,0.0,40.0,0,1,0
5732,83.0,1.0,19.0,1.0,0,49.0,0.0,40.0,1,1,1
5733,83.0,1.0,21.0,1.0,1,49.0,0.0,40.0,1,1,0
5734,64.0,2.0,16.0,1.0,4,49.0,0.0,40.0,1,1,1
5735,36.0,5.0,21.0,1.0,1,49.0,0.0,40.0,1,1,1
5736,31.0,2.0,19.0,1.0,1,49.0,0.0,40.0,1,1,0
5737,83.0,1.0,17.0,1.0,1,49.0,0.0,40.0,1,1,0
5738,76.0,7.0,16.0,1.0,1,49.0,0.0,40.0,0,1,1
5739,19.0,7.0,19.0,5.0,1,49.0,0.0,40.0,0,1,0
5740,86.0,1.0,16.0,1.0,1,49.0,0.0,37.0,1,1,0
5741,83.0,1.0,21.0,1.0,1,49.0,0.0,40.0,1,1,0
5742,75.0,7.0,21.0,1.0,0,49.0,0.0,40.0,1,1,1
5743,43.0,3.0,19.0,1.0,1,49.0,0.0,40.0,1,1,0
5744,19.0,3.0,16.0,1.0,1,49.0,0.0,40.0,1,0,1
5745,86.0,7.0,19.0,1.0,0,49.0,0.0,40.0,0,1,1
5746,43.0,2.0,16.0,1.0,1,49.0,0.0,40.0,1,1,0
5747,83.0,1.0,16.0,1.0,1,49.0,0.0,40.0,1,1,1
5748,43.0,2.0,16.0,5.0,1,49.0,0.0,40.0,0,1,1
5749,83.0,3.0,21.0,1.0,1,49.0,1.0,40.0,1,1,0
5750,60.0,2.0,21.0,1.0,0,49.0,0.0,40.0,0,1,1
5751,75.0,2.0,21.0,1.0,1,49.0,0.0,40.0,0,1,1
5752,86.0,7.0,16.0,1.0,1,49.0,0.0,40.0,1,1,1
5753,35.0,1.0,19.0,1.0,1,49.0,0.0,40.0,1,1,0
5754,31.0,5.0,16.0,1.0,1,49.0,0.0,40.0,0,1,0
5755,92.0,5.0,16.0,1.0,2,49.0,1.0,40.0,0,1,1
5756,72.0,7.0,16.0,1.0,1,49.0,0.0,40.0,1,1,1
5757,86.0,2.0,19.0,1.0,1,102.0,1.0,40.0,0,0,1
5758,33.0,1.0,19.0,1.0,1,49.0,0.0,40.0,1,1,1
5759,75.0,3.0,16.0,1.0,1,49.0,0.0,40.0,1,1,0
5760,19.0,8.0,16.0,1.0,1,49.0,0.0,40.0,1,1,1
5761,83.0,3.0,16.0,1.0,1,49.0,1.0,40.0,1,1,0
5762,86.0,2.0,21.0,1.0,2,49.0,1.0,40.0,1,1,1
5763,31.0,3.0,19.0,1.0,1,49.0,0.0,40.0,0,1,1
5764,86.0,1.0,16.0,1.0,1,49.0,0.0,40.0,1,1,1
5765,64.0,4.0,19.0,1.0,1,49.0,1.0,65.0,0,0,0
5766,36.0,1.0,21.0,1.0,1,49.0,0.0,40.0,1,1,1
5767,83.0,3.0,21.0,1.0,1,49.0,0.0,40.0,0,1,1
5768,83.0,7.0,19.0,1.0,1,49.0,1.0,40.0,1,0,1
5769,36.0,2.0,14.0,1.0,1,49.0,1.0,40.0,1,1,1
5770,86.0,5.0,16.0,1.0,0,49.0,0.0,40.0,1,1,1
5771,43.0,2.0,19.0,1.0,1,49.0,11.0,40.0,1,0,1
5772,64.0,7.0,21.0,1.0,1,49.0,0.0,40.0,0,1,1
5773,75.0,2.0,21.0,3.0,1,49.0,0.0,40.0,1,1,1
5774,83.0,5.0,19.0,1.0,1,49.0,0.0,40.0,1,1,0
5775,75.0,3.0,19.0,1.0,1,49.0,0.0,40.0,1,1,1
5776,31.0,7.0,19.0,1.0,1,49.0,1.0,14.0,1,1,1
5777,19.0,3.0,19.0,1.0,4,49.0,0.0,40.0,1,0,1
5778,86.0,2.0,16.0,1.0,1,49.0,0.0,40.0,1,1,1
5779,83.0,2.0,19.0,1.0,1,49.0,0.0,40.0,1,1,1
5780,75.0,4.0,19.0,1.0,1,49.0,0.0,40.0,1,1,0
5781,32.0,1.0,21.0,1.0,0,49.0,0.0,40.0,1,1,1
5782,83.0,7.0,16.0,1.0,2,49.0,0.0,40.0,1,1,0
5783,31.0,2.0,19.0,1.0,1,49.0,0.0,40.0,1,1,1
5784,83.0,2.0,16.0,1.0,1,49.0,0.0,40.0,1,1,0
5785,31.0,2.0,19.0,5.0,1,49.0,0.0,40.0,1,1,0
5786,75.0,1.0,16.0,1.0,1,49.0,0.0,40.0,1,1,0
5787,31.0,5.0,16.0,1.0,1,49.0,0.0,40.0,1,1,0
5788,83.0,1.0,16.0,1.0,1,49.0,0.0,40.0,1,0,0
5789,83.0,2.0,21.0,1.0,1,49.0,1.0,40.0,1,1,1
5790,36.0,2.0,21.0,1.0,1,49.0,0.0,40.0,1,0,1
5791,83.0,3.0,24.0,1.0,1,49.0,0.0,40.0,1,0,1
5792,64.0,3.0,19.0,1.0,1,49.0,0.0,40.0,1,1,0
5793,74.0,5.0,21.0,1.0,1,49.0,1.0,40.0,1,0,0
5794,83.0,1.0,21.0,1.0,1,49.0,0.0,51.0,1,1,1
5795,83.0,2.0,19.0,1.0,1,49.0,0.0,40.0,1,1,1
5796,43.0,2.0,16.0,1.0,1,49.0,0.0,40.0,1,0,1
5797,83.0,7.0,16.0,1.0,1,49.0,0.0,24.0,1,0,1
5798,19.0,1.0,18.0,1.0,1,49.0,0.0,40.0,1,1,1
5799,31.0,4.0,24.0,1.0,1,49.0,0.0,40.0,1,1,1
5800,83.0,1.0,16.0,1.0,1,49.0,0.0,80.0,0,1,1
5801,87.0,1.0,19.0,1.0,1,49.0,0.0,40.0,1,1,1
5802,32.0,7.0,16.0,1.0,1,49.0,0.0,40.0,1,1,1
5803,75.0,2.0,16.0,1.0,1,49.0,1.0,40.0,1,0,1
5804,17.0,5.0,12.0,1.0,1,49.0,0.0,40.0,1,1,0
5805,83.0,7.0,16.0,1.0,1,49.0,0.0,40.0,1,1,0
5806,86.0,7.0,16.0,1.0,1,49.0,0.0,40.0,1,1,0
5807,75.0,2.0,24.0,1.0,1,49.0,1.0,40.0,1,1,1
5808,31.0,3.0,19.0,1.0,1,49.0,1.0,40.0,1,1,1
5809,69.0,1.0,19.0,1.0,1,49.0,0.0,40.0,1,1,0
5810,75.0,7.0,16.0,1.0,2,49.0,0.0,40.0,0,0,1
5811,83.0,1.0,16.0,1.0,1,49.0,0.0,40.0,1,1,0
5812,17.0,1.0,19.0,1.0,1,49.0,0.0,40.0,0,1,1
5813,17.0,3.0,16.0,1.0,0,49.0,0.0,40.0,1,1,0
5814,17.0,7.0,19.0,1.0,1,49.0,0.0,40.0,1,1,1
5815,43.0,1.0,22.0,1.0,0,49.0,0.0,40.0,1,1,1
5816,43.0,7.0,19.0,1.0,2,49.0,0.0,40.0,0,1,1
5817,50.0,2.0,19.0,1.0,1,49.0,1.0,40.0,1,1,1
5818,83.0,3.0,16.0,1.0,1,49.0,1.0,40.0,1,1,0
5819,31.0,5.0,21.0,1.0,1,49.0,0.0,40.0,1,1,0
5820,31.0,2.0,19.0,1.0,1,49.0,1.0,40.0,1,1,0
5821,32.0,2.0,16.0,1.0,1,49.0,9.0,40.0,1,1,1
5822,31.0,3.0,21.0,5.0,1,49.0,0.0,40.0,1,1,0
5823,75.0,1.0,22.0,1.0,0,49.0,1.0,40.0,1,1,1
5824,31.0,3.0,22.0,1.0,1,49.0,0.0,40.0,1,1,1
5825,86.0,8.0,12.0,1.0,0,49.0,0.0,65.0,1,1,1
5826,83.0,7.0,16.0,1.0,1,49.0,0.0,40.0,0,1,1
5827,75.0,7.0,4.0,1.0,1,49.0,0.0,40.0,1,0,0
5828,83.0,5.0,16.0,1.0,1,49.0,1.0,40.0,1,0,0
5829,83.0,2.0,19.0,1.0,1,49.0,0.0,40.0,1,1,0
5830,75.0,2.0,16.0,1.0,0,49.0,0.0,40.0,1,1,1
5831,27.0,7.0,19.0,2.0,1,49.0,1.0,40.0,1,1,0
5832,31.0,5.0,7.0,1.0,1,49.0,0.0,40.0,0,1,0
5833,43.0,2.0,16.0,1.0,2,49.0,0.0,40.0,1,1,1
5834,43.0,7.0,19.0,1.0,1,49.0,0.0,40.0,1,1,1
5835,83.0,5.0,22.0,1.0,1,49.0,0.0,40.0,1,0,0
5836,31.0,1.0,19.0,1.0,1,49.0,0.0,40.0,1,1,1
5837,83.0,1.0,22.0,1.0,1,49.0,0.0,40.0,1,1,1
5838,75.0,7.0,21.0,1.0,1,49.0,0.0,40.0,1,1,1
5839,83.0,1.0,19.0,5.0,2,49.0,1.0,40.0,1,1,1
5840,75.0,5.0,19.0,1.0,1,49.0,0.0,40.0,1,1,1
5841,83.0,3.0,16.0,1.0,2,49.0,0.0,40.0,1,1,0
5842,31.0,2.0,21.0,1.0,0,49.0,0.0,40.0,1,1,1
5843,75.0,1.0,16.0,1.0,1,49.0,0.0,40.0,0,1,1
5844,43.0,5.0,16.0,1.0,2,49.0,1.0,40.0,1,1,1
5845,64.0,1.0,22.0,1.0,2,49.0,0.0,40.0,1,1,0
5846,43.0,1.0,19.0,1.0,0,49.0,1.0,40.0,0,0,0
5847,17.0,2.0,16.0,1.0,1,49.0,0.0,40.0,1,1,1
5848,83.0,5.0,19.0,1.0,2,49.0,0.0,40.0,1,1,0
5849,64.0,7.0,24.0,1.0,2,49.0,5.0,40.0,1,1,0
5850,43.0,2.0,19.0,1.0,1,49.0,0.0,40.0,1,1,0
5851,83.0,5.0,16.0,1.0,1,49.0,0.0,40.0,1,1,0
5852,17.0,1.0,16.0,1.0,1,49.0,0.0,40.0,1,1,1
5853,86.0,2.0,16.0,1.0,1,49.0,0.0,40.0,1,1,1
5854,83.0,2.0,21.0,1.0,2,49.0,0.0,40.0,1,1,0
5855,17.0,2.0,21.0,1.0,1,49.0,1.0,40.0,1,1,1
5856,83.0,2.0,21.0,5.0,1,49.0,0.0,40.0,1,1,1
5857,31.0,5.0,16.0,5.0,0,49.0,0.0,40.0,1,1,1
5858,86.0,2.0,19.0,1.0,0,136.0,0.0,40.0,1,1,1
5859,43.0,2.0,19.0,1.0,1,49.0,0.0,40.0,1,1,0
5860,36.0,3.0,19.0,1.0,1,49.0,1.0,40.0,1,1,1
5861,83.0,1.0,11.0,1.0,1,49.0,1.0,40.0,1,1,0
5862,17.0,3.0,19.0,1.0,1,49.0,1.0,40.0,1,1,0
5863,75.0,5.0,19.0,1.0,1,49.0,0.0,40.0,1,1,1
5864,86.0,1.0,16.0,1.0,1,49.0,0.0,40.0,1,0,1
5865,83.0,7.0,16.0,1.0,2,49.0,0.0,40.0,1,1,1
5866,31.0,2.0,19.0,1.0,1,49.0,0.0,40.0,1,1,1
5867,43.0,2.0,19.0,1.0,4,49.0,0.0,40.0,1,1,0
5868,83.0,2.0,16.0,1.0,1,49.0,1.0,40.0,1,1,1
5869,64.0,2.0,19.0,1.0,1,49.0,0.0,40.0,1,1,1
5870,19.0,2.0,16.0,1.0,0,49.0,1.0,40.0,1,1,1
5871,43.0,3.0,16.0,1.0,1,49.0,0.0,40.0,1,1,0
5872,31.0,6.0,19.0,1.0,1,49.0,1.0,40.0,1,1,0
5873,83.0,7.0,21.0,1.0,1,49.0,1.0,40.0,0,1,0
5874,33.0,3.0,19.0,1.0,4,49.0,0.0,40.0,1,1,0
5875,31.0,2.0,16.0,1.0,1,49.0,1.0,40.0,1,0,0
5876,83.0,2.0,19.0,1.0,1,49.0,0.0,40.0,1,1,0
5877,75.0,3.0,16.0,1.0,1,49.0,0.0,40.0,1,1,0
5878,83.0,3.0,19.0,1.0,1,49.0,0.0,40.0,1,1,1
5879,75.0,2.0,16.0,1.0,1,49.0,0.0,40.0,1,1,1
5880,75.0,5.0,16.0,1.0,1,49.0,0.0,40.0,1,1,1
5881,31.0,7.0,19.0,1.0,1,49.0,0.0,40.0,1,1,1
5882,83.0,3.0,24.0,3.0,1,49.0,0.0,40.0,1,1,1
5883,83.0,7.0,16.0,1.0,1,49.0,0.0,40.0,1,0,1
5884,19.0,2.0,19.0,1.0,1,49.0,0.0,40.0,0,1,1
5885,75.0,7.0,16.0,1.0,1,49.0,0.0,40.0,1,1,0
5886,19.0,3.0,24.0,1.0,4,49.0,0.0,40.0,0,1,1
5887,83.0,7.0,16.0,1.0,2,49.0,0.0,40.0,1,0,0
5888,43.0,7.0,16.0,1.0,1,49.0,0.0,40.0,0,1,0
5889,31.0,5.0,16.0,1.0,1,223.0,12.0,40.0,1,1,0
5890,86.0,7.0,16.0,1.0,1,49.0,0.0,40.0,1,1,1
5891,31.0,7.0,8.0,1.0,1,49.0,0.0,40.0,1,1,1
5892,86.0,1.0,19.0,1.0,1,49.0,0.0,40.0,1,1,0
5893,36.0,2.0,16.0,1.0,0,49.0,1.0,40.0,1,0,0
5894,83.0,5.0,16.0,1.0,1,49.0,0.0,40.0,1,1,1
5895,83.0,1.0,19.0,1.0,2,49.0,0.0,40.0,0,1,1
5896,31.0,7.0,19.0,1.0,1,49.0,0.0,40.0,1,0,1
5897,64.0,3.0,16.0,1.0,1,49.0,0.0,40.0,1,0,1
5898,83.0,2.0,22.0,1.0,1,49.0,1.0,40.0,0,1,0
5899,83.0,1.0,16.0,5.0,0,49.0,1.0,40.0,0,1,0
5900,64.0,2.0,4.0,1.0,1,49.0,1.0,40.0,1,1,1
5901,86.0,7.0,16.0,1.0,1,49.0,0.0,30.0,1,1,1
5902,69.0,7.0,7.0,1.0,1,49.0,2.0,40.0,1,1,0
5903,75.0,5.0,19.0,1.0,1,49.0,0.0,40.0,0,1,1
5904,43.0,1.0,19.0,1.0,0,49.0,0.0,40.0,1,0,0
5905,75.0,2.0,16.0,1.0,1,49.0,0.0,40.0,1,0,0
5906,53.0,5.0,16.0,1.0,1,49.0,1.0,40.0,0,1,1
5907,60.0,3.0,16.0,1.0,1,49.0,1.0,40.0,1,1,1
5908,83.0,1.0,19.0,1.0,0,49.0,0.0,40.0,1,1,1
5909,31.0,7.0,21.0,1.0,1,49.0,1.0,40.0,0,1,1
5910,83.0,7.0,16.0,1.0,1,49.0,0.0,40.0,1,1,1
5911,83.0,3.0,16.0,1.0,1,49.0,0.0,40.0,1,1,1
5912,31.0,1.0,16.0,1.0,1,49.0,0.0,40.0,1,1,0
5913,86.0,2.0,16.0,1.0,-1,49.0,0.0,40.0,1,1,1
5914,17.0,1.0,16.0,1.0,0,49.0,1.0,14.0,1,1,1
5915,17.0,3.0,19.0,1.0,1,49.0,0.0,40.0,1,1,0
5916,43.0,2.0,21.0,1.0,1,49.0,0.0,40.0,1,0,1
5917,36.0,3.0,19.0,1.0,0,49.0,0.0,40.0,0,1,1
5918,92.0,3.0,16.0,1.0,1,49.0,0.0,40.0,1,1,0
5919,17.0,7.0,21.0,1.0,1,49.0,0.0,40.0,0,1,1
5920,83.0,3.0,19.0,1.0,1,49.0,1.0,40.0,1,1,1
5921,83.0,7.0,21.0,1.0,1,49.0,0.0,40.0,1,1,0
5922,64.0,2.0,19.0,1.0,1,49.0,0.0,40.0,1,1,1
5923,17.0,7.0,16.0,1.0,1,49.0,0.0,40.0,1,1,1
5924,31.0,7.0,19.0,1.0,1,49.0,0.0,40.0,1,1,1
5925,75.0,5.0,16.0,1.0,1,49.0,0.0,40.0,1,1,1
5926,43.0,2.0,24.0,1.0,1,49.0,1.0,40.0,0,1,1
5927,83.0,1.0,16.0,1.0,1,49.0,0.0,40.0,1,0,0
5928,83.0,2.0,21.0,1.0,1,49.0,1.0,40.0,1,1,0
5929,36.0,7.0,19.0,1.0,1,49.0,0.0,40.0,1,1,1
5930,75.0,5.0,19.0,1.0,1,49.0,0.0,40.0,1,1,0
5931,92.0,5.0,21.0,1.0,1,49.0,0.0,40.0,0,1,0
5932,31.0,7.0,4.0,1.0,1,49.0,1.0,40.0,1,1,1
5933,31.0,1.0,19.0,1.0,5,49.0,1.0,40.0,1,1,1
5934,38.0,3.0,19.0,5.0,0,49.0,0.0,40.0,1,1,0
5935,36.0,2.0,19.0,1.0,2,49.0,0.0,40.0,1,1,1
5936,92.0,7.0,19.0,1.0,1,49.0,1.0,40.0,0,1,0
5937,86.0,2.0,21.0,1.0,1,49.0,0.0,40.0,1,1,1
5938,36.0,2.0,19.0,1.0,0,49.0,0.0,40.0,0,1,1
5939,75.0,2.0,16.0,1.0,2,49.0,1.0,40.0,1,1,0
5940,69.0,2.0,21.0,1.0,1,49.0,0.0,40.0,1,1,1
5941,19.0,5.0,19.0,1.0,1,49.0,1.0,40.0,1,1,0
5942,83.0,2.0,21.0,1.0,1,49.0,1.0,40.0,1,1,1
5943,31.0,2.0,12.0,1.0,1,49.0,1.0,40.0,1,1,1
5944,36.0,2.0,16.0,1.0,1,49.0,0.0,40.0,1,1,0
5945,32.0,5.0,16.0,1.0,1,49.0,1.0,30.0,1,1,0
5946,31.0,3.0,16.0,1.0,4,49.0,0.0,40.0,1,0,1
5947,19.0,1.0,19.0,1.0,0,49.0,1.0,40.0,1,1,0
5948,75.0,1.0,21.0,1.0,1,49.0,1.0,40.0,1,1,0
5949,83.0,7.0,21.0,1.0,1,49.0,0.0,40.0,1,1,1
5950,75.0,5.0,19.0,1.0,2,139.0,0.0,40.0,1,1,0
5951,84.0,5.0,19.0,1.0,0,200.0,0.0,40.0,1,1,1
5952,75.0,7.0,19.0,1.0,4,49.0,0.0,40.0,1,1,1
5953,83.0,2.0,19.0,1.0,0,49.0,0.0,40.0,1,1,0
5954,31.0,1.0,19.0,1.0,1,49.0,1.0,40.0,1,1,1
5955,75.0,1.0,16.0,1.0,0,49.0,1.0,40.0,1,1,1
5956,31.0,2.0,16.0,1.0,1,49.0,0.0,40.0,1,1,1
5957,36.0,3.0,19.0,1.0,1,49.0,0.0,40.0,1,1,1
5958,86.0,7.0,16.0,1.0,0,49.0,0.0,40.0,1,1,1
5959,86.0,3.0,16.0,1.0,1,49.0,0.0,40.0,1,0,0
5960,55.0,2.0,19.0,1.0,2,49.0,0.0,40.0,1,0,0
5961,83.0,2.0,19.0,1.0,1,49.0,0.0,40.0,1,1,1
5962,36.0,3.0,16.0,1.0,1,49.0,0.0,40.0,0,1,1
5963,83.0,7.0,19.0,1.0,1,49.0,0.0,40.0,1,0,1
5964,19.0,3.0,19.0,1.0,1,49.0,0.0,23.0,1,1,1
5965,83.0,2.0,16.0,1.0,1,49.0,0.0,40.0,0,1,0
5966,83.0,3.0,22.0,1.0,1,49.0,0.0,40.0,1,1,1
5967,31.0,1.0,16.0,1.0,0,49.0,0.0,40.0,1,1,1
5968,19.0,5.0,16.0,1.0,1,49.0,0.0,40.0,0,1,1
5969,83.0,7.0,21.0,5.0,1,49.0,0.0,40.0,1,1,1
5970,42.0,1.0,16.0,1.0,1,49.0,0.0,40.0,1,1,1
5971,43.0,3.0,19.0,1.0,1,49.0,0.0,40.0,1,0,1
5972,17.0,7.0,16.0,5.0,1,49.0,1.0,40.0,1,1,1
5973,75.0,1.0,21.0,1.0,1,49.0,1.0,40.0,1,1,1
5974,83.0,5.0,21.0,1.0,1,49.0,0.0,40.0,1,0,1
5975,92.0,7.0,21.0,1.0,1,49.0,12.0,40.0,1,1,1
5976,75.0,3.0,16.0,5.0,1,36.0,0.0,40.0,0,0,1
5977,69.0,1.0,16.0,5.0,1,49.0,0.0,40.0,1,1,0
5978,43.0,7.0,19.0,1.0,1,49.0,1.0,40.0,1,1,1
5979,83.0,3.0,5.0,5.0,0,49.0,0.0,40.0,1,1,0
5980,83.0,2.0,21.0,1.0,1,49.0,0.0,40.0,1,0,0
5981,83.0,2.0,21.0,1.0,1,49.0,0.0,40.0,0,1,1
5982,83.0,5.0,21.0,1.0,1,49.0,0.0,40.0,0,1,1
5983,86.0,7.0,22.0,1.0,0,49.0,0.0,40.0,1,0,0
5984,83.0,1.0,16.0,1.0,-1,49.0,0.0,40.0,1,1,1
5985,31.0,3.0,19.0,1.0,1,49.0,0.0,40.0,1,1,0
5986,83.0,1.0,21.0,1.0,1,49.0,0.0,55.0,1,1,0
5987,31.0,3.0,16.0,1.0,2,49.0,0.0,65.0,1,1,0
5988,31.0,7.0,19.0,1.0,1,242.0,1.0,40.0,1,1,1
5989,41.0,1.0,21.0,1.0,1,49.0,0.0,40.0,1,0,1
5990,83.0,3.0,22.0,3.0,1,49.0,0.0,40.0,1,1,0
5991,83.0,6.0,19.0,1.0,1,49.0,0.0,40.0,0,1,0
5992,83.0,2.0,21.0,1.0,1,49.0,1.0,40.0,1,1,1
5993,17.0,2.0,21.0,1.0,1,49.0,1.0,40.0,1,0,0
5994,83.0,1.0,22.0,1.0,1,49.0,1.0,40.0,1,1,1
5995,17.0,7.0,21.0,1.0,2,49.0,0.0,40.0,1,1,0
5996,19.0,6.0,19.0,1.0,1,49.0,0.0,40.0,1,1,1
5997,92.0,3.0,19.0,1.0,0,49.0,0.0,40.0,1,1,1
5998,19.0,1.0,19.0,1.0,1,60.0,0.0,40.0,1,1,1
5999,83.0,3.0,11.0,1.0,-1,49.0,0.0,40.0,1,1,1
6000,31.0,7.0,21.0,1.0,1,49.0,0.0,40.0,0,1,1
6001,36.0,1.0,16.0,1.0,1,49.0,1.0,40.0,0,1,1
6002,60.0,1.0,21.0,1.0,1,49.0,0.0,40.0,1,1,1
6003,17.0,7.0,19.0,4.0,1,49.0,0.0,40.0,1,1,0
6004,69.0,7.0,16.0,1.0,1,49.0,0.0,40.0,0,1,1
6005,60.0,1.0,16.0,1.0,1,49.0,0.0,40.0,1,1,0
6006,75.0,1.0,16.0,1.0,2,49.0,0.0,40.0,1,0,1
6007,43.0,1.0,19.0,1.0,1,49.0,0.0,66.0,0,1,1
6008,83.0,7.0,16.0,1.0,1,49.0,0.0,40.0,0,1,1
6009,38.0,3.0,21.0,1.0,1,49.0,0.0,40.0,1,1,1
6010,32.0,1.0,16.0,1.0,0,49.0,0.0,40.0,1,1,0
6011,86.0,5.0,16.0,1.0,1,49.0,0.0,40.0,1,1,1
6012,43.0,7.0,19.0,5.0,1,49.0,0.0,40.0,1,1,0
6013,86.0,1.0,16.0,1.0,1,49.0,0.0,40.0,1,1,0
6014,31.0,5.0,19.0,1.0,1,49.0,0.0,40.0,1,1,0
6015,86.0,2.0,21.0,1.0,1,49.0,0.0,40.0,1,1,0
6016,83.0,3.0,16.0,1.0,2,49.0,1.0,40.0,0,1,1
6017,43.0,7.0,24.0,5.0,1,49.0,0.0,40.0,0,1,0
6018,19.0,1.0,21.0,1.0,2,49.0,0.0,40.0,1,1,1
6019,83.0,2.0,19.0,1.0,1,49.0,1.0,40.0,1,1,0
6020,86.0,2.0,16.0,1.0,1,49.0,1.0,40.0,1,1,1
6021,43.0,1.0,19.0,1.0,1,49.0,1.0,40.0,1,1,0
6022,83.0,3.0,16.0,1.0,1,49.0,0.0,40.0,1,0,1
6023,43.0,5.0,16.0,1.0,0,49.0,0.0,40.0,1,1,1
6024,43.0,5.0,16.0,1.0,1,49.0,0.0,40.0,1,1,1
6025,31.0,1.0,19.0,1.0,2,49.0,0.0,40.0,0,1,0
6026,83.0,7.0,16.0,5.0,1,49.0,0.0,40.0,1,1,1
6027,31.0,3.0,16.0,1.0,1,49.0,0.0,40.0,1,1,1
6028,31.0,1.0,24.0,1.0,0,49.0,0.0,40.0,1,0,1
6029,83.0,2.0,16.0,1.0,0,49.0,0.0,40.0,1,1,0
6030,60.0,7.0,16.0,1.0,1,49.0,1.0,40.0,1,1,0
6031,31.0,1.0,16.0,1.0,1,49.0,0.0,40.0,1,1,0
6032,17.0,3.0,19.0,1.0,1,49.0,0.0,30.0,1,1,0
6033,75.0,2.0,16.0,1.0,1,49.0,0.0,40.0,1,1,0
6034,32.0,1.0,16.0,1.0,0,49.0,0.0,40.0,1,1,1
6035,31.0,7.0,19.0,1.0,2,49.0,0.0,40.0,0,1,0
6036,83.0,1.0,21.0,1.0,1,49.0,0.0,40.0,1,1,1
6037,36.0,7.0,16.0,1.0,0,49.0,0.0,40.0,1,1,0
6038,50.0,3.0,21.0,1.0,2,49.0,0.0,40.0,0,0,0
6039,69.0,5.0,19.0,1.0,1,49.0,0.0,40.0,1,1,0
6040,19.0,1.0,16.0,1.0,1,49.0,0.0,40.0,1,1,1
6041,36.0,1.0,19.0,1.0,1,49.0,0.0,40.0,1,1,0
6042,83.0,3.0,16.0,1.0,4,49.0,0.0,20.0,0,1,1
6043,86.0,8.0,19.0,1.0,1,49.0,0.0,40.0,0,1,0
6044,86.0,1.0,19.0,1.0,1,49.0,0.0,40.0,1,1,1
6045,86.0,5.0,19.0,1.0,1,49.0,0.0,40.0,1,1,1
6046,31.0,7.0,22.0,1.0,1,49.0,0.0,40.0,1,1,1
6047,19.0,7.0,16.0,1.0,2,49.0,0.0,40.0,1,1,1
6048,43.0,2.0,16.0,1.0,1,49.0,0.0,40.0,1,1,0
6049,31.0,7.0,24.0,1.0,2,49.0,0.0,40.0,1,1,1
6050,83.0,7.0,6.0,1.0,2,49.0,0.0,40.0,1,1,0
6051,36.0,7.0,16.0,1.0,1,49.0,1.0,40.0,1,1,0
6052,83.0,7.0,16.0,1.0,1,49.0,1.0,40.0,1,1,0
6053,31.0,6.0,16.0,1.0,1,49.0,0.0,40.0,0,1,1
6054,92.0,2.0,16.0,1.0,1,49.0,1.0,40.0,1,1,0
6055,19.0,1.0,21.0,1.0,1,49.0,0.0,40.0,1,1,1
6056,76.0,7.0,16.0,1.0,1,49.0,0.0,40.0,1,1,0
6057,19.0,3.0,19.0,1.0,1,49.0,0.0,40.0,0,1,1
6058,75.0,1.0,16.0,1.0,1,49.0,0.0,40.0,1,1,1
6059,83.0,7.0,16.0,1.0,1,49.0,0.0,40.0,0,0,1
6060,92.0,2.0,16.0,1.0,2,49.0,0.0,40.0,1,1,1
6061,83.0,3.0,21.0,1.0,1,49.0,1.0,40.0,1,1,0
6062,31.0,1.0,19.0,1.0,1,49.0,0.0,40.0,0,0,1
6063,86.0,7.0,12.0,1.0,1,49.0,0.0,40.0,1,0,1
6064,83.0,1.0,14.0,1.0,1,49.0,0.0,40.0,1,1,1
6065,83.0,2.0,21.0,1.0,1,49.0,0.0,40.0,1,1,0
6066,69.0,1.0,21.0,1.0,1,49.0,0.0,40.0,1,1,0
6067,31.0,3.0,23.0,1.0,0,49.0,0.0,40.0,1,1,1
6068,86.0,3.0,21.0,1.0,1,49.0,0.0,40.0,0,1,1
6069,19.0,7.0,21.0,1.0,1,49.0,1.0,40.0,1,0,0
6070,36.0,2.0,16.0,1.0,1,49.0,1.0,40.0,1,0,0
6071,64.0,5.0,16.0,1.0,0,49.0,1.0,40.0,0,1,1
6072,83.0,7.0,16.0,1.0,1,49.0,0.0,40.0,1,0,1
6073,86.0,2.0,16.0,1.0,1,49.0,1.0,40.0,1,1,1
6074,29.0,1.0,16.0,1.0,1,49.0,1.0,40.0,0,1,1
6075,86.0,5.0,19.0,1.0,1,49.0,0.0,40.0,1,1,1
6076,31.0,1.0,19.0,1.0,2,49.0,1.0,40.0,1,1,1
6077,75.0,2.0,16.0,1.0,0,49.0,0.0,40.0,1,1,1
6078,31.0,7.0,16.0,1.0,1,368.0,0.0,30.0,0,0,0
6079,92.0,2.0,16.0,1.0,1,49.0,0.0,40.0,0,1,1
6080,75.0,7.0,16.0,1.0,1,49.0,0.0,40.0,1,0,1
6081,36.0,1.0,19.0,1.0,1,49.0,0.0,40.0,1,1,1
6082,92.0,3.0,16.0,5.0,1,49.0,0.0,40.0,1,1,0
6083,60.0,3.0,16.0,1.0,4,49.0,0.0,40.0,1,1,1
6084,40.0,3.0,19.0,1.0,1,49.0,0.0,40.0,1,1,0
6085,43.0,1.0,16.0,1.0,1,49.0,1.0,40.0,1,1,0
6086,83.0,7.0,19.0,1.0,1,116.0,0.0,40.0,0,0,1
6087,43.0,5.0,16.0,1.0,1,49.0,1.0,40.0,1,0,1
6088,31.0,1.0,24.0,1.0,1,49.0,0.0,40.0,1,1,1
6089,83.0,1.0,16.0,1.0,1,49.0,1.0,40.0,1,1,1
6090,83.0,2.0,4.0,1.0,1,49.0,0.0,40.0,0,1,1
6091,31.0,2.0,4.0,1.0,0,49.0,0.0,40.0,1,1,1
6092,43.0,2.0,16.0,1.0,1,49.0,1.0,40.0,1,1,1
6093,83.0,2.0,19.0,5.0,1,49.0,1.0,40.0,1,1,0
6094,36.0,5.0,16.0,1.0,1,49.0,0.0,40.0,1,1,0
6095,83.0,3.0,19.0,1.0,1,49.0,1.0,40.0,1,1,1
6096,83.0,1.0,19.0,1.0,1,49.0,0.0,40.0,1,1,1
6097,69.0,1.0,19.0,1.0,2,49.0,1.0,40.0,1,0,1
6098,83.0,1.0,16.0,1.0,0,49.0,0.0,40.0,1,1,1
6099,36.0,3.0,19.0,1.0,0,49.0,1.0,40.0,1,1,1
6100,43.0,2.0,16.0,1.0,1,49.0,0.0,40.0,1,1,1
6101,17.0,1.0,19.0,1.0,4,49.0,1.0,40.0,1,0,1
6102,83.0,1.0,19.0,1.0,1,49.0,1.0,40.0,1,1,1
6103,60.0,1.0,21.0,1.0,1,49.0,1.0,40.0,0,0,1
6104,31.0,3.0,16.0,1.0,1,49.0,1.0,40.0,1,1,1
6105,83.0,2.0,21.0,1.0,4,49.0,0.0,40.0,1,0,1
6106,86.0,2.0,16.0,1.0,1,49.0,0.0,40.0,1,1,1
6107,83.0,7.0,16.0,1.0,1,49.0,1.0,40.0,1,1,0
6108,31.0,3.0,16.0,1.0,0,49.0,0.0,40.0,1,1,1
6109,83.0,3.0,16.0,1.0,2,49.0,0.0,40.0,1,1,1
6110,83.0,7.0,19.0,1.0,4,49.0,0.0,40.0,1,1,1
6111,37.0,2.0,19.0,1.0,1,49.0,0.0,40.0,1,1,1
6112,43.0,1.0,16.0,1.0,0,49.0,0.0,40.0,1,1,1
6113,43.0,8.0,21.0,1.0,1,49.0,1.0,40.0,0,1,1
6114,19.0,5.0,19.0,1.0,0,49.0,0.0,40.0,1,1,0
6115,69.0,2.0,19.0,1.0,1,49.0,0.0,40.0,1,1,1
6116,19.0,7.0,16.0,1.0,1,49.0,0.0,40.0,0,1,0
6117,42.0,7.0,19.0,1.0,0,49.0,0.0,40.0,1,1,0
6118,83.0,2.0,19.0,1.0,1,49.0,0.0,40.0,1,0,0
6119,60.0,3.0,21.0,1.0,1,49.0,0.0,40.0,1,1,1
6120,83.0,2.0,21.0,1.0,1,49.0,0.0,40.0,1,1,1
6121,86.0,7.0,19.0,1.0,1,49.0,0.0,40.0,1,1,0
6122,83.0,2.0,16.0,1.0,1,49.0,0.0,40.0,1,1,1
6123,36.0,2.0,21.0,1.0,1,49.0,0.0,40.0,0,1,1
6124,83.0,2.0,16.0,1.0,1,49.0,0.0,40.0,0,1,1
6125,75.0,2.0,16.0,1.0,1,49.0,0.0,40.0,1,1,1
6126,36.0,1.0,16.0,1.0,1,49.0,2.0,40.0,1,1,1
6127,83.0,2.0,21.0,1.0,2,49.0,0.0,40.0,1,1,0
6128,31.0,2.0,16.0,1.0,0,49.0,0.0,40.0,1,0,1
6129,19.0,7.0,19.0,1.0,1,49.0,0.0,40.0,1,1,0
6130,19.0,2.0,19.0,1.0,2,49.0,0.0,40.0,1,1,1
6131,20.0,7.0,21.0,1.0,1,49.0,5.0,40.0,1,1,0
6132,83.0,5.0,21.0,1.0,1,49.0,0.0,40.0,1,1,1
6133,17.0,2.0,16.0,1.0,1,49.0,1.0,40.0,1,1,1
6134,19.0,2.0,19.0,1.0,2,49.0,0.0,40.0,1,0,0
6135,64.0,2.0,14.0,1.0,1,49.0,0.0,40.0,1,1,1
6136,77.0,1.0,24.0,1.0,0,49.0,1.0,40.0,1,1,0
6137,31.0,1.0,24.0,1.0,1,49.0,17.0,40.0,1,1,0
6138,31.0,5.0,21.0,1.0,1,49.0,0.0,40.0,1,1,1
6139,75.0,2.0,19.0,1.0,1,49.0,0.0,40.0,1,1,0
6140,86.0,2.0,16.0,1.0,1,49.0,0.0,40.0,1,1,0
6141,31.0,2.0,11.0,1.0,1,49.0,0.0,40.0,0,1,1
6142,69.0,1.0,24.0,1.0,1,49.0,1.0,40.0,1,1,1
6143,17.0,7.0,7.0,1.0,1,49.0,10.0,40.0,1,1,1
6144,31.0,2.0,16.0,1.0,1,49.0,0.0,40.0,1,1,0
6145,34.0,2.0,19.0,1.0,0,49.0,0.0,40.0,1,1,1
6146,43.0,2.0,19.0,1.0,5,49.0,0.0,40.0,1,1,1
6147,75.0,1.0,16.0,1.0,1,49.0,1.0,40.0,1,1,1
6148,34.0,1.0,16.0,1.0,0,49.0,0.0,40.0,1,1,0
6149,43.0,1.0,19.0,5.0,0,49.0,0.0,40.0,0,1,1
6150,43.0,2.0,19.0,1.0,1,49.0,0.0,40.0,0,1,0
6151,74.0,5.0,19.0,1.0,1,49.0,0.0,40.0,1,1,1
6152,71.0,7.0,16.0,1.0,1,49.0,0.0,40.0,1,1,0
6153,43.0,3.0,16.0,1.0,1,49.0,0.0,40.0,1,1,1
6154,43.0,7.0,16.0,1.0,1,49.0,0.0,40.0,1,1,0
6155,32.0,3.0,21.0,1.0,1,49.0,12.0,40.0,1,1,0
6156,64.0,5.0,19.0,1.0,1,49.0,0.0,40.0,0,1,0
6157,69.0,3.0,16.0,1.0,1,49.0,0.0,40.0,1,1,1
6158,83.0,1.0,16.0,1.0,1,49.0,3.0,40.0,0,1,1
6159,31.0,1.0,16.0,1.0,2,49.0,0.0,40.0,1,1,1
6160,86.0,2.0,4.0,1.0,4,49.0,0.0,40.0,1,1,0
6161,83.0,2.0,19.0,5.0,1,49.0,1.0,40.0,1,1,1
6162,31.0,2.0,4.0,1.0,1,49.0,0.0,40.0,1,1,1
6163,17.0,2.0,16.0,1.0,1,49.0,2.0,40.0,0,1,1
6164,75.0,2.0,16.0,1.0,2,49.0,0.0,40.0,1,0,0
6165,83.0,3.0,16.0,1.0,0,49.0,0.0,40.0,1,1,1
6166,19.0,7.0,21.0,1.0,1,49.0,0.0,40.0,1,1,1
6167,86.0,1.0,16.0,3.0,1,49.0,0.0,40.0,1,1,1
6168,43.0,5.0,21.0,5.0,1,49.0,0.0,40.0,1,1,1
6169,75.0,5.0,16.0,1.0,1,49.0,1.0,40.0,1,1,1
6170,43.0,3.0,21.0,1.0,0,49.0,1.0,40.0,1,1,1
6171,83.0,5.0,16.0,1.0,1,49.0,0.0,91.0,1,0,0
6172,43.0,3.0,16.0,1.0,0,49.0,0.0,40.0,0,0,1
6173,31.0,1.0,19.0,1.0,0,49.0,5.0,40.0,1,1,1
6174,36.0,2.0,19.0,1.0,1,49.0,1.0,40.0,1,1,0
6175,83.0,3.0,16.0,1.0,1,49.0,1.0,40.0,1,1,1
6176,31.0,2.0,16.0,1.0,1,49.0,0.0,40.0,1,1,0
6177,31.0,3.0,21.0,1.0,1,49.0,0.0,40.0,0,1,1
6178,86.0,3.0,16.0,1.0,-1,49.0,0.0,40.0,0,1,0
6179,17.0,2.0,16.0,1.0,2,49.0,0.0,40.0,0,1,1
6180,75.0,1.0,16.0,1.0,1,49.0,0.0,40.0,1,1,1
6181,83.0,7.0,19.0,1.0,1,49.0,0.0,40.0,1,1,0
6182,83.0,3.0,19.0,1.0,1,49.0,0.0,40.0,0,1,1
6183,31.0,5.0,12.0,1.0,1,49.0,0.0,40.0,1,1,0
6184,43.0,7.0,14.0,1.0,1,49.0,1.0,40.0,0,1,0
6185,17.0,1.0,19.0,1.0,2,49.0,0.0,40.0,1,1,1
6186,83.0,5.0,19.0,1.0,1,49.0,1.0,40.0,1,1,1
6187,19.0,3.0,16.0,1.0,1,49.0,0.0,40.0,1,1,1
6188,83.0,2.0,19.0,1.0,1,49.0,0.0,40.0,1,1,0
6189,75.0,2.0,16.0,1.0,1,49.0,0.0,40.0,1,1,0
6190,66.0,7.0,16.0,1.0,0,49.0,0.0,40.0,1,1,0
6191,69.0,7.0,19.0,1.0,2,49.0,0.0,40.0,1,1,1
6192,31.0,3.0,16.0,1.0,1,49.0,0.0,40.0,1,0,1
6193,83.0,7.0,19.0,1.0,2,49.0,0.0,40.0,1,1,1
6194,75.0,3.0,16.0,1.0,1,49.0,0.0,40.0,1,1,1
6195,92.0,2.0,16.0,4.0,-1,49.0,0.0,40.0,1,1,1
6196,83.0,2.0,16.0,1.0,1,49.0,1.0,40.0,1,1,0
6197,17.0,3.0,16.0,1.0,0,49.0,0.0,40.0,1,1,1
6198,62.0,3.0,16.0,1.0,1,49.0,0.0,40.0,1,1,1
6199,31.0,1.0,19.0,1.0,0,49.0,0.0,99.0,0,1,1
6200,31.0,1.0,19.0,1.0,0,49.0,0.0,40.0,1,1,1
6201,36.0,1.0,19.0,1.0,1,49.0,0.0,40.0,1,1,0
6202,43.0,1.0,21.0,1.0,1,49.0,0.0,40.0,1,1,1
6203,60.0,5.0,21.0,1.0,1,316.0,0.0,23.0,0,0,1
6204,40.0,2.0,21.0,1.0,1,49.0,0.0,40.0,1,1,0
6205,31.0,5.0,19.0,1.0,1,49.0,0.0,56.0,1,1,0
6206,75.0,7.0,16.0,1.0,4,49.0,0.0,40.0,1,1,1
6207,86.0,1.0,16.0,1.0,0,49.0,0.0,40.0,1,0,1
6208,19.0,2.0,19.0,1.0,-1,49.0,0.0,40.0,1,0,1
6209,75.0,3.0,16.0,1.0,1,49.0,0.0,39.0,1,1,1
6210,60.0,2.0,19.0,1.0,1,49.0,0.0,40.0,1,1,1
6211,31.0,5.0,22.0,1.0,1,49.0,14.0,40.0,1,1,1
6212,75.0,1.0,16.0,1.0,1,49.0,0.0,40.0,1,1,1
6213,60.0,5.0,16.0,5.0,1,49.0,1.0,40.0,1,1,1
6214,31.0,3.0,16.0,1.0,0,49.0,0.0,40.0,1,1,0
6215,32.0,2.0,19.0,1.0,0,49.0,0.0,40.0,1,1,1
6216,83.0,1.0,12.0,1.0,1,49.0,1.0,40.0,1,1,1
6217,32.0,2.0,16.0,1.0,0,49.0,0.0,40.0,1,1,1
6218,43.0,2.0,16.0,1.0,1,49.0,0.0,40.0,1,1,0
6219,71.0,1.0,19.0,1.0,1,49.0,1.0,40.0,1,1,1
6220,83.0,3.0,19.0,1.0,1,49.0,1.0,40.0,1,1,0
6221,31.0,3.0,23.0,1.0,1,49.0,0.0,40.0,1,1,0
6222,43.0,1.0,16.0,1.0,1,49.0,0.0,40.0,1,1,0
6223,43.0,2.0,16.0,1.0,1,49.0,1.0,40.0,1,0,1
6224,17.0,2.0,21.0,1.0,1,49.0,0.0,40.0,1,1,1
6225,32.0,2.0,16.0,1.0,2,49.0,0.0,40.0,1,1,1
6226,43.0,1.0,21.0,1.0,0,49.0,0.0,40.0,1,1,1
6227,19.0,1.0,4.0,1.0,1,49.0,0.0,40.0,1,1,1
6228,31.0,2.0,16.0,1.0,1,49.0,0.0,40.0,1,1,1
6229,31.0,2.0,19.0,1.0,1,49.0,0.0,40.0,1,1,1
6230,19.0,7.0,19.0,1.0,2,49.0,0.0,40.0,0,0,1
6231,83.0,2.0,16.0,1.0,1,49.0,0.0,40.0,1,1,1
6232,57.0,7.0,19.0,1.0,1,49.0,0.0,40.0,1,1,1
6233,83.0,3.0,21.0,3.0,1,49.0,0.0,40.0,1,1,1
6234,75.0,1.0,16.0,1.0,1,49.0,0.0,40.0,1,1,0
6235,43.0,2.0,19.0,1.0,0,49.0,0.0,40.0,0,1,0
6236,31.0,2.0,19.0,1.0,1,49.0,0.0,40.0,1,1,0
6237,19.0,1.0,16.0,1.0,1,49.0,0.0,40.0,1,1,1
6238,43.0,3.0,16.0,1.0,2,49.0,0.0,40.0,0,1,1
6239,43.0,2.0,19.0,1.0,1,49.0,1.0,40.0,1,1,0
6240,43.0,1.0,22.0,1.0,1,49.0,0.0,40.0,1,1,0
6241,43.0,5.0,12.0,1.0,1,49.0,0.0,40.0,0,0,0
6242,60.0,5.0,16.0,1.0,5,49.0,1.0,40.0,1,1,1
6243,43.0,1.0,16.0,1.0,1,49.0,0.0,40.0,1,1,1
6244,83.0,1.0,16.0,1.0,1,49.0,0.0,40.0,1,1,1
6245,43.0,2.0,21.0,1.0,1,49.0,0.0,40.0,1,1,1
6246,83.0,2.0,21.0,1.0,1,49.0,0.0,40.0,1,1,0
6247,64.0,1.0,16.0,1.0,0,49.0,1.0,40.0,1,1,1
6248,60.0,2.0,24.0,1.0,1,49.0,0.0,40.0,1,1,1
6249,19.0,3.0,16.0,1.0,0,49.0,1.0,40.0,1,1,1
6250,31.0,7.0,16.0,1.0,0,49.0,0.0,40.0,0,1,0
6251,36.0,2.0,16.0,1.0,1,49.0,0.0,40.0,1,1,1
6252,83.0,3.0,19.0,1.0,1,49.0,0.0,40.0,1,1,0
6253,83.0,1.0,16.0,1.0,1,49.0,1.0,19.0,0,1,0
6254,31.0,1.0,21.0,1.0,0,49.0,0.0,40.0,1,1,1
6255,92.0,3.0,16.0,1.0,0,49.0,0.0,40.0,1,1,1
6256,64.0,1.0,19.0,1.0,0,49.0,0.0,40.0,1,0,1
6257,30.0,1.0,19.0,1.0,2,49.0,0.0,40.0,0,1,0
6258,86.0,1.0,19.0,1.0,1,49.0,0.0,40.0,1,1,1
6259,43.0,1.0,9.0,1.0,2,49.0,0.0,40.0,1,1,0
6260,83.0,1.0,16.0,1.0,1,49.0,0.0,40.0,1,1,1
6261,43.0,5.0,16.0,1.0,1,49.0,0.0,40.0,0,1,1
6262,83.0,3.0,21.0,1.0,0,49.0,0.0,40.0,1,1,1
6263,83.0,5.0,15.0,1.0,1,49.0,0.0,40.0,1,1,1
6264,31.0,1.0,16.0,1.0,1,49.0,0.0,40.0,1,1,1
6265,19.0,3.0,16.0,1.0,0,49.0,1.0,40.0,1,1,1
6266,86.0,5.0,16.0,1.0,1,49.0,0.0,40.0,1,1,1
6267,75.0,2.0,16.0,1.0,1,49.0,0.0,66.0,1,1,1
6268,92.0,5.0,16.0,1.0,2,49.0,1.0,40.0,1,1,1
6269,31.0,1.0,21.0,1.0,1,49.0,0.0,40.0,0,1,1
6270,19.0,5.0,19.0,1.0,1,49.0,0.0,40.0,1,0,0
6271,86.0,5.0,16.0,1.0,1,49.0,0.0,40.0,1,0,1
6272,36.0,3.0,19.0,1.0,0,49.0,0.0,30.0,1,1,0
6273,83.0,2.0,19.0,1.0,1,49.0,0.0,40.0,1,1,1
6274,29.0,7.0,19.0,1.0,1,49.0,0.0,40.0,1,1,1
6275,86.0,5.0,16.0,1.0,1,49.0,0.0,40.0,0,1,0
6276,86.0,1.0,21.0,1.0,1,49.0,0.0,40.0,1,1,0
6277,75.0,7.0,21.0,1.0,2,49.0,0.0,40.0,1,1,0
6278,83.0,2.0,16.0,1.0,1,49.0,0.0,40.0,1,1,0
6279,83.0,5.0,19.0,1.0,1,49.0,1.0,40.0,1,1,0
6280,75.0,2.0,22.0,1.0,0,49.0,1.0,40.0,1,1,1
6281,31.0,3.0,19.0,5.0,1,49.0,0.0,40.0,1,1,0
6282,83.0,7.0,19.0,1.0,1,49.0,0.0,40.0,1,1,1
6283,83.0,7.0,24.0,1.0,1,49.0,0.0,40.0,1,1,1
6284,92.0,5.0,16.0,1.0,1,49.0,0.0,40.0,1,0,1
6285,83.0,8.0,16.0,1.0,1,49.0,0.0,40.0,1,1,1
6286,43.0,2.0,16.0,1.0,1,49.0,0.0,40.0,0,1,0
6287,31.0,1.0,19.0,1.0,1,49.0,0.0,40.0,1,1,0
6288,43.0,3.0,16.0,1.0,0,49.0,0.0,40.0,1,1,1
6289,36.0,3.0,21.0,1.0,1,49.0,0.0,40.0,1,1,1
6290,31.0,2.0,16.0,1.0,1,49.0,0.0,40.0,1,1,1
6291,83.0,7.0,24.0,1.0,1,49.0,0.0,40.0,1,1,1
6292,75.0,7.0,21.0,1.0,1,49.0,0.0,40.0,0,0,0
6293,83.0,1.0,16.0,1.0,1,49.0,1.0,40.0,1,1,1
6294,75.0,3.0,19.0,1.0,0,49.0,1.0,40.0,1,1,1
6295,86.0,2.0,16.0,1.0,1,49.0,1.0,40.0,1,1,0
6296,92.0,7.0,16.0,1.0,-1,49.0,1.0,40.0,1,1,1
6297,75.0,2.0,19.0,1.0,1,49.0,0.0,40.0,1,1,0
6298,31.0,3.0,19.0,1.0,-1,49.0,0.0,40.0,1,1,0
6299,83.0,1.0,22.0,1.0,1,49.0,0.0,40.0,1,1,1
6300,60.0,2.0,16.0,1.0,0,49.0,0.0,40.0,1,1,1
6301,43.0,2.0,21.0,1.0,2,49.0,0.0,40.0,1,1,1
6302,92.0,3.0,21.0,5.0,1,49.0,0.0,40.0,1,1,0
6303,17.0,3.0,19.0,3.0,1,49.0,0.0,40.0,1,1,1
6304,83.0,1.0,16.0,1.0,1,49.0,0.0,40.0,1,1,0
6305,64.0,1.0,21.0,1.0,4,49.0,0.0,40.0,1,1,1
6306,36.0,3.0,12.0,1.0,1,49.0,0.0,40.0,0,1,1
6307,31.0,2.0,16.0,1.0,1,49.0,0.0,40.0,0,1,1
6308,75.0,1.0,16.0,1.0,1,49.0,0.0,40.0,1,1,1
6309,83.0,1.0,19.0,1.0,1,49.0,0.0,40.0,0,0,1
6310,31.0,2.0,21.0,1.0,0,49.0,0.0,40.0,1,1,1
6311,75.0,3.0,22.0,1.0,0,49.0,1.0,40.0,1,1,1
6312,83.0,1.0,16.0,1.0,1,49.0,0.0,40.0,1,1,1
6313,19.0,7.0,21.0,1.0,1,49.0,0.0,40.0,1,1,1
6314,86.0,5.0,16.0,1.0,1,49.0,0.0,40.0,1,1,0
6315,60.0,2.0,16.0,1.0,1,49.0,0.0,40.0,1,1,0
6316,75.0,2.0,16.0,1.0,1,49.0,0.0,40.0,1,1,0
6317,83.0,2.0,13.0,1.0,1,49.0,1.0,40.0,1,0,1
6318,19.0,1.0,16.0,1.0,1,49.0,0.0,40.0,1,1,0
6319,83.0,1.0,1.0,1.0,0,49.0,0.0,40.0,1,1,0
6320,75.0,7.0,19.0,1.0,1,49.0,1.0,4.0,1,1,1
6321,83.0,3.0,16.0,1.0,1,49.0,0.0,40.0,1,1,1
6322,86.0,2.0,16.0,1.0,2,363.0,0.0,40.0,1,1,1
6323,27.0,3.0,16.0,1.0,1,49.0,0.0,40.0,1,1,1
6324,19.0,1.0,16.0,1.0,-1,49.0,0.0,40.0,1,1,1
6325,92.0,3.0,4.0,1.0,1,49.0,0.0,40.0,0,1,1
6326,75.0,3.0,19.0,1.0,2,49.0,0.0,40.0,1,1,1
6327,75.0,2.0,19.0,1.0,0,49.0,0.0,40.0,1,1,1
6328,83.0,7.0,16.0,1.0,1,49.0,0.0,40.0,1,1,0
6329,75.0,3.0,12.0,5.0,0,49.0,15.0,40.0,1,1,0
6330,58.0,7.0,16.0,1.0,1,49.0,0.0,40.0,1,1,1
6331,43.0,3.0,16.0,1.0,1,49.0,0.0,40.0,1,0,1
6332,30.0,7.0,19.0,1.0,0,49.0,1.0,40.0,0,1,1
6333,31.0,5.0,19.0,1.0,1,49.0,0.0,40.0,1,1,0
6334,75.0,2.0,16.0,1.0,1,49.0,13.0,40.0,1,1,1
6335,83.0,3.0,16.0,1.0,1,49.0,0.0,40.0,1,1,1
6336,31.0,7.0,16.0,1.0,1,49.0,0.0,40.0,1,1,0
6337,75.0,1.0,19.0,1.0,1,49.0,0.0,40.0,1,0,0
6338,31.0,1.0,16.0,5.0,1,49.0,0.0,40.0,0,0,0
6339,83.0,1.0,19.0,1.0,1,49.0,0.0,40.0,1,1,1
6340,36.0,1.0,16.0,1.0,1,49.0,1.0,40.0,1,1,1
6341,31.0,1.0,19.0,1.0,0,49.0,0.0,40.0,1,1,1
6342,31.0,2.0,1.0,1.0,1,49.0,0.0,40.0,1,1,1
6343,31.0,5.0,16.0,1.0,0,49.0,0.0,40.0,1,1,1
6344,83.0,1.0,16.0,5.0,2,119.0,0.0,40.0,1,1,1
6345,19.0,7.0,21.0,1.0,1,49.0,0.0,40.0,1,1,0
6346,75.0,1.0,16.0,1.0,1,49.0,0.0,40.0,1,1,0
6347,32.0,7.0,19.0,1.0,0,49.0,0.0,40.0,1,0,1
6348,43.0,3.0,19.0,1.0,1,49.0,0.0,40.0,1,1,0
6349,43.0,2.0,16.0,1.0,2,49.0,0.0,40.0,1,1,1
6350,64.0,7.0,21.0,1.0,0,49.0,0.0,40.0,1,1,1
6351,31.0,5.0,21.0,1.0,2,49.0,1.0,40.0,0,1,1
6352,83.0,2.0,19.0,1.0,4,49.0,0.0,40.0,1,1,1
6353,83.0,3.0,16.0,1.0,2,49.0,0.0,40.0,0,1,1
6354,19.0,5.0,16.0,1.0,1,49.0,0.0,40.0,1,1,1
6355,36.0,3.0,16.0,1.0,1,49.0,0.0,40.0,1,1,1
6356,31.0,1.0,17.0,1.0,0,49.0,0.0,40.0,1,1,1
6357,17.0,4.0,19.0,1.0,2,49.0,0.0,40.0,0,1,1
6358,83.0,3.0,19.0,1.0,1,49.0,1.0,40.0,1,1,0
6359,19.0,3.0,19.0,1.0,1,49.0,0.0,40.0,1,1,1
6360,43.0,1.0,16.0,1.0,1,49.0,0.0,40.0,1,1,1
6361,17.0,3.0,16.0,1.0,1,49.0,1.0,40.0,1,1,1
6362,86.0,3.0,19.0,1.0,1,49.0,0.0,40.0,1,1,0
6363,17.0,7.0,19.0,1.0,0,49.0,1.0,40.0,1,1,1
6364,43.0,2.0,16.0,1.0,2,49.0,0.0,40.0,1,1,0
6365,83.0,6.0,21.0,1.0,0,49.0,0.0,40.0,1,1,1
6366,19.0,7.0,16.0,1.0,1,49.0,1.0,40.0,1,1,0
6367,60.0,2.0,16.0,5.0,0,49.0,0.0,40.0,1,1,1
6368,43.0,1.0,19.0,1.0,1,49.0,0.0,40.0,1,1,1
6369,86.0,5.0,19.0,1.0,1,49.0,0.0,40.0,0,0,1
6370,75.0,7.0,16.0,1.0,1,49.0,0.0,40.0,1,1,1
6371,92.0,1.0,19.0,1.0,1,49.0,0.0,40.0,1,1,1
6372,83.0,1.0,21.0,1.0,0,49.0,0.0,40.0,1,1,0
6373,50.0,7.0,22.0,1.0,1,49.0,0.0,40.0,1,1,1
6374,31.0,2.0,16.0,1.0,1,49.0,0.0,40.0,0,1,1
6375,86.0,4.0,16.0,1.0,1,49.0,0.0,40.0,1,1,1
6376,83.0,7.0,16.0,1.0,0,49.0,0.0,40.0,1,0,0
6377,83.0,5.0,16.0,1.0,1,49.0,1.0,40.0,1,1,1
6378,69.0,1.0,21.0,1.0,1,49.0,0.0,40.0,1,1,1
6379,31.0,2.0,22.0,1.0,1,49.0,0.0,40.0,1,1,0
6380,19.0,5.0,19.0,1.0,1,49.0,0.0,40.0,1,1,1
6381,32.0,2.0,16.0,1.0,2,49.0,0.0,40.0,1,1,0
6382,43.0,2.0,16.0,1.0,0,49.0,0.0,40.0,1,0,1
6383,17.0,3.0,16.0,1.0,1,49.0,0.0,40.0,1,1,1
6384,31.0,2.0,4.0,1.0,1,49.0,0.0,40.0,1,1,1
6385,83.0,7.0,19.0,1.0,1,49.0,0.0,40.0,1,1,0
6386,43.0,7.0,16.0,1.0,0,49.0,0.0,40.0,1,1,1
6387,75.0,1.0,17.0,1.0,1,49.0,0.0,40.0,1,1,0
6388,19.0,1.0,19.0,1.0,1,49.0,0.0,40.0,1,1,1
6389,34.0,1.0,21.0,1.0,1,49.0,0.0,40.0,1,1,1
6390,83.0,3.0,21.0,1.0,0,49.0,0.0,40.0,1,1,1
6391,31.0,5.0,19.0,1.0,1,49.0,1.0,40.0,1,1,1
6392,19.0,1.0,16.0,1.0,2,49.0,0.0,40.0,1,1,1
6393,36.0,2.0,16.0,1.0,1,49.0,0.0,40.0,0,1,1
6394,43.0,2.0,16.0,1.0,1,49.0,0.0,40.0,1,1,1
6395,36.0,2.0,19.0,1.0,-1,49.0,1.0,40.0,1,1,1
6396,83.0,3.0,19.0,1.0,1,49.0,0.0,40.0,1,1,1
6397,83.0,7.0,21.0,1.0,0,49.0,0.0,40.0,0,1,1
6398,31.0,3.0,16.0,1.0,1,49.0,0.0,40.0,0,0,1
6399,17.0,3.0,19.0,1.0,1,49.0,0.0,40.0,1,1,1
6400,75.0,2.0,19.0,1.0,1,49.0,0.0,40.0,1,1,0
6401,19.0,1.0,19.0,1.0,2,442.0,0.0,40.0,1,1,1
6402,86.0,7.0,22.0,1.0,1,49.0,1.0,40.0,1,1,0
6403,19.0,1.0,19.0,1.0,2,49.0,0.0,40.0,1,1,1
6404,72.0,1.0,16.0,1.0,0,49.0,0.0,40.0,0,1,0
6405,75.0,2.0,19.0,5.0,1,49.0,0.0,40.0,1,1,1
6406,92.0,2.0,21.0,1.0,1,49.0,0.0,40.0,0,1,1
6407,83.0,3.0,16.0,1.0,1,49.0,0.0,40.0,1,0,1
6408,83.0,1.0,19.0,1.0,0,49.0,0.0,40.0,1,1,1
6409,43.0,2.0,19.0,1.0,1,49.0,0.0,40.0,1,1,1
6410,19.0,8.0,16.0,1.0,1,49.0,0.0,40.0,0,1,0
6411,43.0,7.0,21.0,1.0,0,49.0,0.0,40.0,1,0,1
6412,83.0,5.0,16.0,1.0,1,49.0,0.0,40.0,1,1,1
6413,43.0,7.0,16.0,1.0,0,49.0,0.0,40.0,1,1,1
6414,43.0,2.0,23.0,1.0,1,49.0,1.0,40.0,1,1,1
6415,83.0,1.0,19.0,1.0,0,49.0,0.0,40.0,0,1,0
6416,83.0,7.0,16.0,1.0,0,49.0,0.0,40.0,1,0,0
6417,85.0,7.0,16.0,1.0,2,49.0,0.0,40.0,1,1,1
6418,43.0,1.0,16.0,1.0,1,49.0,0.0,40.0,0,1,1
6419,17.0,3.0,19.0,3.0,1,49.0,0.0,40.0,1,1,1
6420,19.0,7.0,16.0,1.0,1,49.0,0.0,40.0,1,1,1
6421,31.0,2.0,19.0,1.0,1,49.0,0.0,40.0,1,1,1
6422,83.0,2.0,19.0,1.0,1,49.0,0.0,40.0,1,1,0
6423,75.0,2.0,16.0,1.0,3,49.0,0.0,40.0,1,1,1
6424,36.0,2.0,14.0,1.0,1,49.0,0.0,40.0,1,0,0
6425,86.0,1.0,22.0,1.0,1,49.0,0.0,40.0,0,1,1
6426,75.0,2.0,16.0,1.0,5,49.0,0.0,40.0,1,1,0
6427,83.0,1.0,21.0,1.0,1,49.0,0.0,40.0,1,0,0
6428,17.0,6.0,16.0,1.0,2,49.0,1.0,40.0,1,1,0
6429,43.0,2.0,19.0,5.0,1,49.0,0.0,40.0,1,1,0
6430,92.0,6.0,21.0,1.0,0,49.0,1.0,40.0,1,1,1
6431,19.0,7.0,16.0,1.0,1,49.0,1.0,40.0,1,1,0
6432,62.0,3.0,21.0,1.0,0,49.0,0.0,40.0,1,1,1
6433,64.0,7.0,19.0,1.0,1,49.0,0.0,40.0,1,1,0
6434,75.0,1.0,19.0,1.0,0,49.0,0.0,40.0,1,1,0
6435,31.0,2.0,21.0,1.0,2,49.0,0.0,40.0,1,1,0
6436,75.0,2.0,19.0,1.0,1,49.0,0.0,40.0,1,1,1
6437,60.0,7.0,19.0,1.0,0,49.0,0.0,40.0,1,1,0
6438,83.0,1.0,19.0,1.0,1,49.0,0.0,40.0,1,1,1
6439,31.0,3.0,16.0,1.0,1,49.0,0.0,40.0,0,1,1
6440,92.0,3.0,19.0,1.0,2,49.0,1.0,14.0,1,1,1
6441,31.0,3.0,24.0,1.0,1,49.0,14.0,40.0,1,1,0
6442,83.0,2.0,16.0,1.0,4,49.0,0.0,40.0,1,1,1
6443,75.0,2.0,16.0,1.0,1,49.0,0.0,40.0,1,1,1
6444,86.0,3.0,16.0,1.0,0,49.0,0.0,40.0,1,1,1
6445,83.0,1.0,16.0,1.0,1,49.0,0.0,40.0,1,1,1
6446,92.0,3.0,21.0,5.0,0,49.0,0.0,40.0,0,1,0
6447,31.0,7.0,19.0,1.0,1,49.0,0.0,40.0,0,1,1
6448,32.0,5.0,16.0,1.0,1,49.0,0.0,40.0,1,1,0
6449,31.0,1.0,16.0,1.0,1,49.0,0.0,40.0,1,1,1
6450,83.0,2.0,16.0,1.0,1,414.0,0.0,40.0,1,1,0
6451,86.0,1.0,21.0,1.0,1,49.0,0.0,40.0,0,1,0
6452,43.0,1.0,16.0,1.0,2,49.0,0.0,40.0,1,1,1
6453,43.0,2.0,16.0,5.0,1,49.0,0.0,40.0,1,0,1
6454,83.0,1.0,21.0,1.0,0,49.0,1.0,40.0,0,1,1
6455,75.0,5.0,16.0,1.0,1,49.0,0.0,40.0,1,1,1
6456,17.0,3.0,19.0,1.0,0,49.0,0.0,40.0,1,1,1
6457,43.0,2.0,16.0,1.0,1,49.0,0.0,40.0,1,1,0
6458,43.0,1.0,16.0,1.0,1,49.0,0.0,40.0,1,1,1
6459,19.0,1.0,19.0,1.0,0,49.0,0.0,40.0,1,1,1
6460,83.0,2.0,16.0,1.0,1,49.0,1.0,40.0,1,1,1
6461,31.0,1.0,16.0,1.0,0,49.0,0.0,40.0,1,1,1
6462,83.0,1.0,19.0,1.0,4,49.0,0.0,40.0,0,1,1
6463,31.0,7.0,16.0,1.0,1,49.0,0.0,40.0,1,1,1
6464,83.0,3.0,16.0,1.0,1,49.0,0.0,40.0,1,1,1
6465,19.0,3.0,21.0,1.0,0,49.0,0.0,40.0,0,1,1
6466,19.0,2.0,21.0,1.0,0,49.0,1.0,40.0,1,0,0
6467,17.0,1.0,19.0,1.0,1,49.0,3.0,40.0,1,1,1
6468,31.0,1.0,19.0,1.0,1,49.0,0.0,40.0,1,1,1
6469,75.0,2.0,19.0,1.0,0,49.0,0.0,40.0,0,1,1
6470,84.0,5.0,16.0,1.0,0,49.0,0.0,40.0,0,1,1
6471,60.0,5.0,16.0,1.0,2,49.0,0.0,30.0,0,1,1
6472,83.0,2.0,19.0,1.0,1,49.0,0.0,40.0,1,1,1
6473,19.0,2.0,16.0,1.0,1,49.0,0.0,40.0,1,1,1
6474,43.0,3.0,19.0,1.0,1,49.0,0.0,40.0,1,1,1
6475,83.0,2.0,16.0,1.0,0,49.0,0.0,40.0,1,1,0
6476,75.0,7.0,24.0,1.0,5,49.0,0.0,40.0,1,1,0
6477,31.0,2.0,16.0,1.0,0,49.0,1.0,40.0,1,1,1
6478,36.0,2.0,19.0,1.0,1,49.0,0.0,40.0,1,1,1
6479,43.0,1.0,12.0,1.0,2,49.0,1.0,40.0,1,1,0
6480,60.0,5.0,14.0,1.0,1,49.0,1.0,40.0,0,1,1
6481,83.0,7.0,19.0,1.0,1,49.0,1.0,40.0,0,0,1
6482,19.0,1.0,19.0,1.0,1,49.0,1.0,40.0,1,1,1
6483,83.0,2.0,21.0,1.0,1,49.0,0.0,55.0,1,1,1
6484,75.0,3.0,16.0,1.0,-1,49.0,0.0,40.0,1,1,1
6485,32.0,1.0,19.0,1.0,1,49.0,6.0,40.0,1,1,0
6486,69.0,2.0,19.0,1.0,1,49.0,0.0,40.0,0,1,1
6487,83.0,3.0,16.0,1.0,1,49.0,0.0,40.0,1,1,1
6488,31.0,2.0,19.0,1.0,1,2.0,1.0,85.0,1,1,0
6489,31.0,7.0,19.0,1.0,1,49.0,0.0,40.0,1,1,1
6490,75.0,2.0,22.0,1.0,0,49.0,0.0,40.0,1,1,1
6491,64.0,1.0,16.0,1.0,1,49.0,1.0,40.0,0,1,1
6492,83.0,3.0,19.0,1.0,1,49.0,0.0,40.0,1,1,1
6493,17.0,2.0,19.0,1.0,0,49.0,1.0,40.0,1,1,1
6494,43.0,2.0,19.0,1.0,2,49.0,0.0,40.0,1,1,1
6495,43.0,1.0,19.0,1.0,1,49.0,1.0,40.0,1,0,1
6496,32.0,7.0,24.0,1.0,4,49.0,0.0,40.0,1,0,1
6497,75.0,5.0,19.0,1.0,1,49.0,0.0,40.0,1,1,0
6498,69.0,2.0,21.0,1.0,1,49.0,0.0,40.0,0,1,1
6499,92.0,7.0,19.0,1.0,1,49.0,0.0,40.0,1,1,1
6500,17.0,2.0,16.0,1.0,1,49.0,0.0,40.0,1,1,1
6501,83.0,5.0,19.0,1.0,1,49.0,0.0,40.0,1,1,1
6502,42.0,1.0,16.0,1.0,1,49.0,1.0,65.0,1,1,1
6503,19.0,1.0,19.0,1.0,1,49.0,1.0,40.0,1,1,1
6504,83.0,3.0,19.0,5.0,1,49.0,0.0,40.0,1,1,0
6505,60.0,2.0,19.0,1.0,1,49.0,0.0,40.0,1,0,1
6506,83.0,7.0,21.0,1.0,1,49.0,0.0,40.0,1,1,0
6507,17.0,1.0,16.0,1.0,2,49.0,0.0,40.0,1,0,0
6508,31.0,2.0,16.0,1.0,1,49.0,0.0,40.0,1,1,1
6509,64.0,3.0,16.0,1.0,1,49.0,1.0,40.0,1,0,1
6510,83.0,7.0,16.0,1.0,4,49.0,0.0,40.0,1,0,1
6511,69.0,6.0,16.0,1.0,1,49.0,0.0,40.0,1,1,1
6512,19.0,7.0,19.0,1.0,1,49.0,0.0,40.0,0,1,1
6513,43.0,1.0,19.0,1.0,2,49.0,0.0,40.0,0,1,0
6514,75.0,2.0,21.0,1.0,1,49.0,0.0,40.0,1,1,1
6515,17.0,3.0,16.0,1.0,0,49.0,1.0,40.0,1,1,1
6516,75.0,5.0,16.0,5.0,1,49.0,0.0,40.0,1,1,0
6517,83.0,2.0,16.0,1.0,1,49.0,1.0,40.0,1,1,1
6518,75.0,1.0,19.0,1.0,0,49.0,0.0,40.0,1,1,1
6519,49.0,7.0,21.0,1.0,1,49.0,0.0,40.0,0,0,1
6520,32.0,2.0,16.0,1.0,1,49.0,0.0,40.0,1,1,1
6521,43.0,7.0,19.0,1.0,1,49.0,0.0,40.0,1,0,1
6522,86.0,7.0,19.0,1.0,2,49.0,0.0,40.0,1,0,0
6523,86.0,1.0,16.0,1.0,0,49.0,0.0,40.0,1,0,1
6524,86.0,4.0,16.0,1.0,1,49.0,0.0,40.0,1,1,1
6525,43.0,7.0,19.0,1.0,3,49.0,1.0,40.0,1,1,0
6526,83.0,5.0,16.0,1.0,1,49.0,1.0,40.0,1,1,1
6527,43.0,1.0,19.0,1.0,1,49.0,0.0,40.0,1,1,0
6528,29.0,2.0,16.0,1.0,1,49.0,0.0,13.0,1,1,1
6529,34.0,2.0,19.0,1.0,1,49.0,0.0,40.0,1,1,1
6530,83.0,7.0,21.0,1.0,1,49.0,0.0,40.0,1,1,0
6531,36.0,7.0,16.0,1.0,2,49.0,0.0,40.0,1,1,1
6532,42.0,5.0,16.0,1.0,1,49.0,0.0,40.0,1,1,0
6533,83.0,5.0,16.0,3.0,1,49.0,0.0,40.0,1,1,1
6534,31.0,2.0,19.0,1.0,1,49.0,0.0,40.0,1,1,1
6535,17.0,1.0,16.0,1.0,1,49.0,0.0,40.0,0,0,1
6536,60.0,3.0,22.0,1.0,1,49.0,0.0,40.0,1,1,0
6537,83.0,7.0,22.0,1.0,-1,49.0,0.0,40.0,1,1,1
6538,83.0,3.0,21.0,1.0,1,49.0,1.0,40.0,1,1,1
6539,83.0,1.0,19.0,1.0,1,49.0,0.0,40.0,1,1,0
6540,43.0,1.0,16.0,1.0,1,49.0,0.0,40.0,1,1,0
6541,31.0,3.0,16.0,1.0,1,49.0,0.0,40.0,1,1,0
6542,83.0,2.0,16.0,1.0,0,49.0,0.0,40.0,0,1,0
6543,83.0,7.0,19.0,1.0,0,49.0,0.0,40.0,1,1,1
6544,86.0,2.0,16.0,1.0,1,49.0,0.0,40.0,1,1,1
6545,36.0,1.0,19.0,1.0,5,49.0,1.0,40.0,0,1,0
6546,19.0,2.0,16.0,1.0,1,49.0,0.0,40.0,1,1,1
6547,75.0,7.0,21.0,5.0,1,49.0,0.0,14.0,0,1,1
6548,17.0,3.0,16.0,1.0,1,49.0,0.0,40.0,1,1,0
6549,69.0,7.0,24.0,1.0,1,49.0,0.0,40.0,1,1,1
6550,83.0,7.0,19.0,1.0,1,49.0,0.0,40.0,1,1,1
6551,19.0,3.0,16.0,1.0,1,49.0,0.0,40.0,1,1,1
6552,64.0,1.0,21.0,1.0,-1,49.0,0.0,40.0,0,1,1
6553,31.0,3.0,21.0,1.0,1,49.0,0.0,40.0,1,1,1
6554,83.0,7.0,11.0,1.0,1,49.0,0.0,40.0,1,1,1
6555,17.0,1.0,16.0,1.0,5,49.0,0.0,40.0,1,1,1
6556,64.0,1.0,24.0,1.0,2,49.0,0.0,40.0,1,1,0
6557,75.0,2.0,16.0,1.0,1,49.0,0.0,40.0,1,1,1
6558,86.0,7.0,22.0,1.0,1,49.0,0.0,40.0,1,1,1
6559,83.0,3.0,19.0,1.0,1,49.0,0.0,40.0,1,1,0
6560,31.0,3.0,19.0,1.0,1,49.0,0.0,30.0,1,1,1
6561,36.0,4.0,21.0,1.0,1,49.0,0.0,6.0,1,1,1
6562,43.0,2.0,19.0,1.0,1,49.0,0.0,40.0,1,1,0
6563,83.0,2.0,17.0,1.0,4,49.0,14.0,40.0,1,1,1
6564,53.0,5.0,19.0,1.0,0,49.0,0.0,40.0,0,1,1
6565,43.0,2.0,21.0,1.0,1,49.0,0.0,40.0,1,1,1
6566,86.0,3.0,19.0,1.0,1,49.0,0.0,14.0,1,1,1
6567,31.0,1.0,16.0,1.0,-1,49.0,0.0,40.0,1,1,1
6568,75.0,7.0,16.0,1.0,0,49.0,1.0,40.0,1,1,1
6569,86.0,1.0,19.0,1.0,1,49.0,1.0,40.0,1,1,0
6570,75.0,1.0,22.0,1.0,2,49.0,0.0,40.0,0,1,0
6571,83.0,7.0,19.0,1.0,1,49.0,0.0,40.0,1,1,0
6572,17.0,3.0,16.0,1.0,1,49.0,0.0,40.0,1,1,1
6573,43.0,1.0,19.0,1.0,1,49.0,0.0,57.0,0,1,1
6574,83.0,5.0,21.0,1.0,1,49.0,0.0,30.0,1,1,1
6575,83.0,1.0,22.0,1.0,2,49.0,0.0,40.0,1,1,1
6576,83.0,3.0,19.0,3.0,1,49.0,0.0,40.0,1,1,1
6577,83.0,2.0,22.0,1.0,1,49.0,0.0,40.0,0,1,1
6578,75.0,7.0,19.0,1.0,1,49.0,0.0,40.0,1,1,0
6579,86.0,1.0,19.0,1.0,0,49.0,0.0,40.0,1,1,1
6580,43.0,7.0,16.0,1.0,1,49.0,1.0,40.0,1,1,0
6581,17.0,2.0,16.0,1.0,0,49.0,0.0,40.0,0,1,1
6582,31.0,1.0,16.0,1.0,1,49.0,0.0,40.0,1,1,1
6583,43.0,1.0,16.0,1.0,1,49.0,0.0,40.0,0,1,1
6584,69.0,2.0,16.0,1.0,1,49.0,0.0,40.0,1,1,0
6585,83.0,3.0,16.0,1.0,0,49.0,1.0,40.0,1,1,1
6586,31.0,3.0,19.0,1.0,1,49.0,0.0,40.0,1,1,0
6587,43.0,1.0,21.0,1.0,1,49.0,1.0,40.0,1,1,1
6588,83.0,2.0,19.0,1.0,0,49.0,1.0,40.0,1,1,1
6589,31.0,2.0,16.0,1.0,1,49.0,1.0,40.0,1,1,0
6590,75.0,2.0,16.0,1.0,1,49.0,0.0,40.0,1,1,0
6591,86.0,2.0,19.0,1.0,2,49.0,1.0,40.0,1,1,0
6592,83.0,7.0,16.0,1.0,-1,49.0,0.0,40.0,1,1,0
6593,86.0,3.0,21.0,1.0,2,49.0,0.0,40.0,1,1,1
6594,75.0,4.0,11.0,5.0,2,49.0,0.0,40.0,1,0,1
6595,83.0,2.0,16.0,1.0,1,49.0,1.0,40.0,1,0,1
6596,75.0,7.0,19.0,1.0,2,49.0,14.0,40.0,1,1,0
6597,83.0,1.0,19.0,1.0,1,49.0,1.0,40.0,1,1,0
6598,75.0,1.0,19.0,1.0,1,49.0,1.0,40.0,1,0,1
6599,31.0,2.0,21.0,1.0,1,49.0,0.0,40.0,1,0,0
6600,60.0,3.0,19.0,3.0,1,49.0,0.0,40.0,0,0,1
6601,43.0,2.0,19.0,1.0,1,49.0,0.0,40.0,0,1,0
6602,92.0,1.0,21.0,1.0,0,49.0,0.0,40.0,0,1,0
6603,31.0,2.0,16.0,1.0,0,49.0,0.0,40.0,0,1,1
6604,31.0,2.0,16.0,1.0,1,49.0,0.0,40.0,1,1,0
6605,92.0,2.0,19.0,1.0,1,49.0,0.0,40.0,1,1,1
6606,83.0,2.0,21.0,1.0,5,49.0,0.0,40.0,1,1,1
6607,31.0,2.0,19.0,1.0,1,49.0,0.0,40.0,1,0,1
6608,70.0,2.0,19.0,1.0,1,49.0,1.0,40.0,1,1,1
6609,31.0,3.0,21.0,1.0,1,49.0,0.0,40.0,1,1,0
6610,86.0,3.0,19.0,5.0,1,49.0,0.0,40.0,1,1,0
6611,64.0,2.0,19.0,1.0,1,49.0,0.0,40.0,1,1,1
6612,32.0,5.0,16.0,1.0,1,49.0,0.0,40.0,0,1,0
6613,92.0,2.0,21.0,1.0,0,49.0,1.0,40.0,1,1,1
6614,43.0,5.0,16.0,1.0,0,49.0,1.0,40.0,1,1,0
6615,75.0,1.0,19.0,1.0,2,49.0,1.0,40.0,1,1,1
6616,60.0,1.0,16.0,1.0,0,49.0,0.0,40.0,0,1,1
6617,19.0,2.0,21.0,1.0,1,49.0,0.0,40.0,1,1,1
6618,86.0,2.0,4.0,1.0,1,49.0,0.0,40.0,1,1,1
6619,36.0,2.0,21.0,1.0,1,49.0,1.0,40.0,1,1,0
6620,86.0,1.0,14.0,1.0,1,49.0,0.0,40.0,0,1,0
6621,83.0,1.0,16.0,1.0,1,49.0,0.0,40.0,1,1,0
6622,83.0,1.0,19.0,1.0,1,49.0,0.0,40.0,0,1,0
6623,31.0,8.0,16.0,1.0,2,49.0,1.0,40.0,0,1,0
6624,60.0,7.0,19.0,1.0,2,49.0,0.0,40.0,1,1,1
6625,31.0,7.0,21.0,1.0,2,49.0,0.0,40.0,1,1,1
6626,83.0,2.0,16.0,1.0,1,49.0,12.0,40.0,1,1,1
6627,75.0,2.0,19.0,1.0,1,49.0,1.0,40.0,1,1,0
6628,83.0,5.0,19.0,1.0,2,49.0,0.0,40.0,1,1,1
6629,31.0,2.0,16.0,1.0,1,49.0,0.0,21.0,0,1,1
6630,19.0,2.0,16.0,1.0,1,109.0,0.0,40.0,0,1,0
6631,83.0,2.0,17.0,1.0,2,49.0,0.0,40.0,1,0,1
6632,83.0,7.0,21.0,1.0,1,49.0,1.0,40.0,1,1,1
6633,19.0,7.0,19.0,1.0,1,49.0,1.0,40.0,1,0,0
6634,86.0,2.0,16.0,1.0,2,49.0,0.0,40.0,1,1,1
6635,92.0,7.0,21.0,1.0,1,49.0,0.0,40.0,0,1,1
6636,43.0,2.0,16.0,1.0,1,49.0,0.0,40.0,1,1,1
6637,75.0,1.0,21.0,1.0,4,49.0,1.0,40.0,1,1,1
6638,43.0,1.0,19.0,1.0,1,49.0,0.0,40.0,1,1,1
6639,31.0,2.0,16.0,1.0,0,49.0,0.0,40.0,0,0,1
6640,60.0,7.0,4.0,1.0,1,49.0,0.0,40.0,1,1,1
6641,83.0,3.0,16.0,1.0,0,49.0,0.0,40.0,1,1,0
6642,43.0,3.0,16.0,1.0,2,49.0,5.0,40.0,1,1,1
6643,43.0,3.0,16.0,1.0,2,49.0,0.0,40.0,1,1,1
6644,43.0,3.0,16.0,1.0,1,49.0,0.0,40.0,1,1,1
6645,43.0,2.0,19.0,1.0,0,49.0,0.0,40.0,1,1,1
6646,86.0,2.0,16.0,1.0,1,49.0,0.0,40.0,1,1,0
6647,83.0,2.0,19.0,1.0,2,49.0,0.0,40.0,1,1,1
6648,85.0,7.0,16.0,1.0,1,49.0,0.0,40.0,1,0,1
6649,86.0,2.0,16.0,1.0,2,49.0,1.0,40.0,1,1,1
6650,19.0,1.0,16.0,1.0,5,49.0,1.0,40.0,1,1,1
6651,17.0,8.0,19.0,1.0,-1,49.0,0.0,40.0,0,1,1
6652,60.0,7.0,16.0,1.0,1,49.0,0.0,40.0,1,1,1
6653,86.0,5.0,16.0,1.0,1,49.0,0.0,40.0,1,1,0
6654,83.0,7.0,16.0,1.0,1,49.0,0.0,40.0,1,1,1
6655,83.0,2.0,19.0,4.0,1,49.0,0.0,40.0,1,1,0
6656,83.0,2.0,16.0,1.0,1,49.0,0.0,40.0,1,1,1
6657,83.0,1.0,16.0,3.0,1,49.0,0.0,40.0,1,1,1
6658,75.0,6.0,22.0,1.0,1,49.0,0.0,40.0,1,1,0
6659,43.0,1.0,16.0,5.0,4,49.0,13.0,40.0,1,1,1
6660,92.0,5.0,16.0,1.0,1,49.0,0.0,40.0,0,1,0
6661,43.0,3.0,19.0,1.0,0,49.0,0.0,40.0,1,1,1
6662,60.0,2.0,21.0,1.0,1,49.0,0.0,40.0,1,1,0
6663,83.0,5.0,19.0,1.0,0,49.0,0.0,40.0,1,0,1
6664,64.0,2.0,19.0,1.0,1,49.0,0.0,40.0,1,1,0
6665,43.0,3.0,19.0,1.0,1,49.0,0.0,40.0,1,1,0
6666,31.0,1.0,16.0,1.0,1,49.0,0.0,40.0,1,1,1
6667,36.0,5.0,16.0,1.0,2,49.0,0.0,40.0,1,1,1
6668,83.0,4.0,16.0,1.0,1,49.0,0.0,40.0,0,0,1
6669,36.0,2.0,22.0,1.0,1,49.0,0.0,40.0,0,1,1
6670,65.0,2.0,19.0,1.0,0,47.0,0.0,40.0,1,1,0
6671,19.0,3.0,21.0,1.0,1,49.0,1.0,40.0,1,1,1
6672,70.0,2.0,22.0,5.0,1,49.0,0.0,40.0,1,0,1
6673,17.0,1.0,16.0,1.0,5,49.0,0.0,40.0,1,0,1
6674,75.0,1.0,16.0,1.0,1,49.0,2.0,40.0,1,1,1
6675,83.0,5.0,19.0,1.0,1,49.0,0.0,40.0,1,1,1
6676,53.0,2.0,16.0,1.0,1,49.0,0.0,40.0,1,1,1
6677,86.0,1.0,16.0,1.0,1,49.0,0.0,40.0,1,1,1
6678,83.0,7.0,19.0,1.0,4,49.0,5.0,40.0,1,1,1
6679,60.0,2.0,21.0,1.0,1,49.0,0.0,40.0,1,1,0
6680,43.0,7.0,19.0,1.0,0,49.0,0.0,40.0,0,1,1
6681,43.0,1.0,19.0,1.0,1,49.0,1.0,40.0,1,1,1
6682,36.0,2.0,16.0,1.0,-1,49.0,0.0,40.0,1,0,1
6683,83.0,5.0,19.0,1.0,0,49.0,1.0,40.0,1,1,1
6684,86.0,7.0,17.0,1.0,1,49.0,1.0,40.0,1,1,1
6685,86.0,2.0,16.0,1.0,1,49.0,0.0,40.0,1,1,1
6686,83.0,3.0,19.0,5.0,0,49.0,0.0,40.0,1,1,1
6687,31.0,2.0,19.0,1.0,1,49.0,1.0,40.0,1,1,0
6688,43.0,1.0,21.0,1.0,2,49.0,0.0,40.0,1,1,1
6689,76.0,7.0,16.0,1.0,1,49.0,0.0,40.0,0,1,0
6690,83.0,3.0,16.0,1.0,1,49.0,0.0,40.0,1,1,0
6691,28.0,8.0,21.0,1.0,1,49.0,0.0,40.0,0,0,0
6692,69.0,3.0,19.0,1.0,0,49.0,0.0,40.0,1,1,1
6693,17.0,2.0,21.0,1.0,1,49.0,0.0,40.0,1,1,1
6694,64.0,2.0,16.0,1.0,1,49.0,0.0,40.0,1,1,1
6695,75.0,7.0,16.0,1.0,2,49.0,0.0,40.0,1,1,0
6696,83.0,7.0,16.0,1.0,1,49.0,0.0,40.0,1,1,1
6697,43.0,4.0,16.0,1.0,2,49.0,0.0,40.0,1,1,0
6698,83.0,1.0,21.0,1.0,1,49.0,0.0,40.0,0,1,0
6699,83.0,5.0,19.0,1.0,1,49.0,0.0,40.0,1,1,1
6700,19.0,3.0,19.0,1.0,1,49.0,0.0,40.0,0,1,1
6701,19.0,1.0,19.0,1.0,1,49.0,0.0,40.0,1,1,1
6702,69.0,7.0,19.0,1.0,-1,49.0,0.0,40.0,1,1,0
6703,27.0,7.0,16.0,1.0,1,49.0,1.0,40.0,0,1,0
6704,32.0,7.0,16.0,1.0,1,49.0,0.0,40.0,1,1,0
6705,60.0,2.0,19.0,1.0,1,49.0,0.0,40.0,0,0,1
6706,31.0,2.0,21.0,1.0,2,49.0,0.0,40.0,1,1,0
6707,36.0,3.0,16.0,1.0,1,49.0,0.0,40.0,1,0,1
6708,19.0,1.0,19.0,5.0,2,49.0,0.0,40.0,1,1,0
6709,83.0,3.0,16.0,1.0,1,49.0,0.0,36.0,1,1,0
6710,19.0,2.0,16.0,1.0,1,49.0,1.0,40.0,1,1,1
6711,36.0,1.0,16.0,1.0,1,49.0,0.0,32.0,0,1,1
6712,83.0,2.0,16.0,1.0,1,49.0,0.0,40.0,0,1,0
6713,83.0,3.0,21.0,1.0,1,49.0,0.0,40.0,0,1,1
6714,31.0,7.0,16.0,1.0,1,49.0,1.0,91.0,1,1,1
6715,43.0,2.0,19.0,1.0,1,49.0,1.0,40.0,1,1,1
6716,31.0,1.0,16.0,1.0,1,110.0,0.0,40.0,0,1,0
6717,83.0,2.0,19.0,1.0,0,49.0,1.0,40.0,0,1,1
6718,75.0,3.0,16.0,1.0,-1,49.0,0.0,40.0,0,0,1
6719,31.0,3.0,16.0,1.0,1,242.0,0.0,40.0,1,1,1
6720,83.0,3.0,16.0,1.0,1,49.0,0.0,40.0,1,1,1
6721,43.0,7.0,16.0,1.0,1,49.0,0.0,40.0,1,1,1
6722,40.0,3.0,16.0,1.0,0,49.0,1.0,40.0,1,1,1
6723,43.0,2.0,19.0,1.0,1,49.0,0.0,40.0,1,1,1
6724,83.0,2.0,16.0,1.0,1,49.0,0.0,40.0,1,1,1
6725,43.0,1.0,19.0,1.0,1,49.0,0.0,40.0,0,1,0
6726,31.0,3.0,16.0,1.0,1,49.0,0.0,40.0,1,1,0
6727,83.0,3.0,19.0,1.0,5,49.0,0.0,40.0,1,1,0
6728,19.0,2.0,16.0,3.0,1,49.0,0.0,40.0,1,0,1
6729,75.0,2.0,16.0,1.0,1,311.0,0.0,40.0,1,1,0
6730,43.0,7.0,19.0,1.0,1,49.0,0.0,40.0,1,0,1
6731,17.0,5.0,16.0,1.0,0,49.0,0.0,40.0,1,1,1
6732,75.0,2.0,16.0,1.0,4,49.0,0.0,40.0,1,1,0
6733,75.0,5.0,16.0,1.0,0,49.0,0.0,40.0,1,1,1
6734,31.0,1.0,16.0,1.0,1,49.0,0.0,40.0,0,1,0
6735,43.0,1.0,16.0,1.0,1,49.0,0.0,40.0,1,1,0
6736,60.0,1.0,16.0,1.0,1,49.0,0.0,40.0,1,1,0
6737,75.0,1.0,16.0,1.0,1,49.0,0.0,40.0,1,1,1
6738,60.0,7.0,19.0,1.0,3,49.0,1.0,40.0,1,1,1
6739,19.0,7.0,19.0,1.0,1,49.0,0.0,40.0,1,1,1
6740,31.0,1.0,16.0,1.0,4,49.0,0.0,40.0,1,1,1
6741,83.0,1.0,19.0,1.0,1,49.0,1.0,40.0,1,1,0
6742,36.0,8.0,16.0,1.0,1,49.0,0.0,40.0,1,1,0
6743,86.0,3.0,16.0,1.0,0,49.0,0.0,40.0,1,1,1
6744,31.0,1.0,16.0,1.0,0,49.0,0.0,40.0,1,0,1
6745,75.0,3.0,16.0,1.0,1,49.0,0.0,40.0,1,1,1
6746,17.0,3.0,19.0,1.0,1,49.0,0.0,40.0,0,1,1
6747,69.0,1.0,19.0,1.0,1,49.0,0.0,40.0,0,1,0
6748,36.0,1.0,21.0,1.0,1,49.0,1.0,40.0,1,1,0
6749,83.0,2.0,16.0,5.0,1,49.0,1.0,40.0,1,1,1
6750,86.0,7.0,16.0,1.0,1,49.0,0.0,40.0,1,1,0
6751,19.0,7.0,19.0,1.0,0,49.0,0.0,40.0,1,1,1
6752,17.0,3.0,21.0,1.0,1,49.0,0.0,40.0,0,1,1
6753,83.0,2.0,19.0,1.0,1,49.0,0.0,40.0,1,1,1
6754,31.0,2.0,21.0,1.0,1,49.0,1.0,40.0,1,1,1
6755,20.0,2.0,16.0,1.0,1,49.0,0.0,40.0,1,1,1
6756,43.0,2.0,19.0,1.0,1,49.0,0.0,40.0,0,1,1
6757,31.0,2.0,21.0,1.0,1,49.0,0.0,40.0,1,1,0
6758,64.0,1.0,19.0,1.0,1,49.0,0.0,40.0,1,1,0
6759,31.0,2.0,16.0,1.0,2,49.0,0.0,40.0,1,1,1
6760,83.0,5.0,19.0,1.0,1,49.0,0.0,40.0,1,1,0
6761,92.0,2.0,16.0,1.0,1,49.0,0.0,40.0,1,1,1
6762,60.0,3.0,16.0,1.0,2,49.0,0.0,40.0,1,1,1
6763,31.0,3.0,16.0,1.0,0,49.0,0.0,40.0,1,1,1
6764,31.0,1.0,21.0,1.0,1,49.0,1.0,40.0,1,1,1
6765,83.0,2.0,19.0,1.0,2,49.0,0.0,40.0,1,1,1
6766,92.0,5.0,22.0,1.0,2,49.0,1.0,40.0,1,1,1
6767,43.0,5.0,16.0,1.0,1,49.0,1.0,40.0,1,1,1
6768,31.0,5.0,16.0,5.0,1,49.0,8.0,40.0,1,1,1
6769,83.0,5.0,19.0,5.0,1,364.0,1.0,40.0,0,1,1
6770,17.0,7.0,19.0,1.0,1,49.0,0.0,40.0,1,1,1
6771,19.0,1.0,16.0,1.0,0,49.0,0.0,40.0,0,1,1
6772,31.0,2.0,16.0,1.0,0,49.0,0.0,40.0,1,1,1
6773,83.0,7.0,16.0,1.0,1,49.0,0.0,40.0,0,0,0
6774,83.0,5.0,19.0,1.0,1,49.0,0.0,40.0,1,1,0
6775,86.0,2.0,16.0,1.0,-1,49.0,0.0,40.0,0,1,1
6776,84.0,2.0,21.0,1.0,1,49.0,0.0,40.0,1,1,1
6777,75.0,2.0,16.0,1.0,0,49.0,1.0,40.0,1,1,1
6778,31.0,2.0,16.0,1.0,1,49.0,0.0,40.0,0,1,1
6779,31.0,7.0,19.0,1.0,1,49.0,0.0,40.0,1,1,0
6780,31.0,2.0,19.0,1.0,1,49.0,0.0,40.0,0,1,1
6781,92.0,2.0,19.0,1.0,1,49.0,0.0,40.0,1,1,1
6782,17.0,1.0,19.0,1.0,1,49.0,0.0,40.0,1,1,0
6783,75.0,1.0,19.0,1.0,0,49.0,0.0,40.0,1,1,1
6784,83.0,1.0,19.0,1.0,1,49.0,0.0,40.0,1,0,1
6785,83.0,2.0,16.0,1.0,1,49.0,0.0,40.0,0,1,0
6786,64.0,7.0,19.0,5.0,0,49.0,0.0,40.0,1,1,1
6787,47.0,2.0,23.0,1.0,0,49.0,1.0,40.0,1,1,0
6788,31.0,3.0,16.0,1.0,2,49.0,0.0,40.0,1,0,1
6789,31.0,1.0,21.0,1.0,1,49.0,0.0,40.0,1,1,1
6790,69.0,1.0,16.0,1.0,2,49.0,0.0,40.0,0,1,1
6791,53.0,3.0,19.0,1.0,0,49.0,0.0,40.0,1,1,1
6792,17.0,3.0,16.0,1.0,0,49.0,0.0,40.0,1,1,0
6793,83.0,1.0,16.0,1.0,1,49.0,1.0,40.0,1,1,1
6794,64.0,2.0,16.0,1.0,1,49.0,16.0,40.0,1,0,1
6795,83.0,3.0,16.0,1.0,1,49.0,0.0,40.0,1,1,1
6796,43.0,2.0,16.0,1.0,0,49.0,0.0,40.0,1,0,1
6797,75.0,2.0,16.0,1.0,1,49.0,0.0,40.0,1,1,1
6798,75.0,1.0,17.0,1.0,1,49.0,0.0,66.0,1,1,1
6799,64.0,7.0,3.0,1.0,1,49.0,1.0,40.0,1,1,0
6800,31.0,2.0,16.0,1.0,2,49.0,0.0,40.0,0,1,0
6801,31.0,6.0,16.0,1.0,1,49.0,0.0,40.0,0,0,1
6802,83.0,3.0,16.0,1.0,0,49.0,0.0,40.0,1,1,0
6803,83.0,2.0,19.0,1.0,1,49.0,1.0,40.0,1,1,1
6804,31.0,3.0,23.0,1.0,1,49.0,0.0,40.0,0,1,0
6805,32.0,7.0,16.0,1.0,1,49.0,13.0,40.0,0,1,1
6806,83.0,2.0,21.0,1.0,0,49.0,0.0,40.0,1,1,1
6807,83.0,2.0,19.0,1.0,1,49.0,0.0,40.0,0,1,1
6808,83.0,1.0,21.0,1.0,1,49.0,0.0,40.0,1,1,1
6809,19.0,5.0,16.0,1.0,2,49.0,0.0,40.0,1,1,1
6810,83.0,7.0,19.0,1.0,1,49.0,0.0,40.0,0,1,1
6811,83.0,7.0,16.0,1.0,0,49.0,0.0,40.0,1,1,1
6812,43.0,3.0,21.0,1.0,1,362.0,0.0,40.0,1,1,1
6813,83.0,7.0,16.0,1.0,1,49.0,0.0,40.0,1,1,1
6814,64.0,7.0,22.0,1.0,2,49.0,1.0,40.0,1,1,0
6815,43.0,1.0,16.0,1.0,0,49.0,1.0,40.0,1,1,0
6816,83.0,3.0,16.0,1.0,0,49.0,0.0,40.0,1,1,1
6817,92.0,7.0,16.0,1.0,1,49.0,0.0,40.0,1,1,1
6818,83.0,7.0,21.0,1.0,1,49.0,0.0,40.0,1,0,1
6819,83.0,3.0,19.0,1.0,0,49.0,0.0,40.0,1,1,1
6820,17.0,1.0,19.0,1.0,1,49.0,1.0,40.0,0,1,1
6821,83.0,2.0,19.0,1.0,1,49.0,0.0,40.0,0,1,1
6822,31.0,2.0,16.0,1.0,4,49.0,0.0,40.0,1,0,0
6823,31.0,7.0,16.0,1.0,0,49.0,0.0,40.0,1,0,0
6824,43.0,2.0,19.0,1.0,0,49.0,0.0,40.0,1,1,0
6825,36.0,4.0,21.0,1.0,1,49.0,0.0,40.0,1,1,1
6826,64.0,1.0,16.0,1.0,1,49.0,0.0,75.0,1,1,1
6827,31.0,1.0,19.0,1.0,1,49.0,0.0,40.0,1,0,1
6828,20.0,3.0,19.0,1.0,1,49.0,0.0,40.0,1,1,0
6829,19.0,2.0,16.0,1.0,0,49.0,0.0,40.0,1,1,1
6830,75.0,3.0,19.0,1.0,1,49.0,0.0,40.0,0,1,0
6831,92.0,2.0,21.0,3.0,0,49.0,1.0,40.0,1,1,1
6832,83.0,2.0,16.0,1.0,1,49.0,1.0,40.0,1,0,0
6833,74.0,3.0,16.0,1.0,1,49.0,0.0,40.0,0,1,1
6834,86.0,3.0,19.0,5.0,1,49.0,1.0,40.0,1,1,1
6835,36.0,1.0,19.0,1.0,2,49.0,1.0,40.0,1,1,1
6836,83.0,1.0,16.0,1.0,1,49.0,0.0,40.0,1,1,0
6837,83.0,1.0,16.0,1.0,1,49.0,1.0,40.0,1,1,0
6838,31.0,7.0,19.0,1.0,1,49.0,0.0,40.0,0,1,1
6839,83.0,1.0,19.0,1.0,1,49.0,0.0,40.0,1,1,1
6840,86.0,5.0,16.0,1.0,1,49.0,0.0,40.0,1,1,0
6841,69.0,2.0,16.0,1.0,0,49.0,0.0,40.0,1,1,1
6842,83.0,6.0,22.0,1.0,1,49.0,0.0,40.0,1,1,0
6843,31.0,2.0,16.0,1.0,1,49.0,0.0,40.0,0,0,1
6844,31.0,1.0,19.0,1.0,1,49.0,1.0,40.0,1,1,1
6845,60.0,7.0,19.0,1.0,1,49.0,0.0,40.0,1,1,0
6846,43.0,4.0,19.0,1.0,1,49.0,1.0,40.0,1,1,0
6847,36.0,1.0,16.0,1.0,1,49.0,0.0,40.0,1,1,0
6848,83.0,2.0,21.0,1.0,1,49.0,1.0,40.0,1,1,1
6849,86.0,1.0,16.0,1.0,1,49.0,0.0,40.0,1,1,0
6850,87.0,5.0,16.0,1.0,1,49.0,0.0,40.0,1,1,0
6851,83.0,5.0,16.0,1.0,1,49.0,0.0,40.0,1,1,1
6852,86.0,1.0,16.0,1.0,1,49.0,0.0,40.0,1,1,1
6853,83.0,2.0,21.0,1.0,1,49.0,0.0,40.0,0,0,0
6854,83.0,2.0,16.0,1.0,1,49.0,0.0,40.0,1,1,1
6855,83.0,2.0,24.0,3.0,1,49.0,0.0,40.0,1,1,1
6856,83.0,2.0,20.0,1.0,4,49.0,0.0,40.0,1,1,1
6857,92.0,1.0,16.0,1.0,0,49.0,0.0,40.0,1,0,0
6858,31.0,7.0,19.0,1.0,1,49.0,0.0,66.0,1,1,1
6859,17.0,2.0,16.0,1.0,1,49.0,0.0,40.0,1,1,1
6860,83.0,5.0,19.0,1.0,1,49.0,0.0,40.0,1,0,0
6861,83.0,3.0,16.0,1.0,1,49.0,1.0,40.0,1,0,1
6862,83.0,1.0,19.0,1.0,0,49.0,0.0,40.0,0,1,1
6863,31.0,5.0,19.0,1.0,0,49.0,0.0,40.0,1,1,1
6864,20.0,2.0,16.0,5.0,1,49.0,0.0,40.0,1,0,0
6865,86.0,3.0,16.0,1.0,1,49.0,1.0,85.0,1,1,1
6866,36.0,2.0,21.0,1.0,1,49.0,0.0,40.0,1,1,1
6867,83.0,1.0,16.0,1.0,1,49.0,1.0,40.0,1,0,1
6868,43.0,3.0,19.0,1.0,0,49.0,0.0,40.0,1,1,1
6869,32.0,7.0,19.0,1.0,1,49.0,0.0,40.0,1,0,1
6870,43.0,1.0,16.0,1.0,1,49.0,0.0,40.0,0,1,0
6871,34.0,2.0,24.0,1.0,-1,49.0,0.0,40.0,0,1,1
6872,75.0,7.0,19.0,1.0,0,49.0,0.0,40.0,1,1,1
6873,17.0,7.0,16.0,1.0,0,49.0,0.0,40.0,1,1,1
6874,31.0,3.0,16.0,1.0,0,49.0,0.0,40.0,1,1,0
6875,43.0,2.0,21.0,1.0,3,49.0,0.0,40.0,0,1,1
6876,75.0,7.0,19.0,1.0,1,49.0,0.0,40.0,1,1,1
6877,32.0,7.0,16.0,1.0,1,49.0,0.0,40.0,1,1,0
6878,31.0,7.0,22.0,1.0,1,49.0,0.0,40.0,1,1,0
6879,19.0,1.0,12.0,1.0,1,49.0,0.0,40.0,1,1,0
6880,75.0,1.0,16.0,1.0,1,49.0,0.0,40.0,1,0,1
6881,31.0,2.0,19.0,1.0,1,49.0,0.0,40.0,1,1,1
6882,75.0,5.0,16.0,1.0,0,49.0,1.0,40.0,1,1,1
6883,17.0,1.0,16.0,1.0,1,49.0,0.0,40.0,1,1,1
6884,86.0,5.0,21.0,1.0,0,49.0,0.0,40.0,1,1,1
6885,92.0,5.0,21.0,1.0,1,49.0,0.0,40.0,1,1,1
6886,17.0,5.0,16.0,1.0,1,49.0,0.0,40.0,1,1,0
6887,83.0,2.0,16.0,1.0,1,49.0,0.0,40.0,1,1,1
6888,40.0,1.0,22.0,1.0,2,49.0,1.0,40.0,0,0,1
6889,75.0,1.0,19.0,1.0,4,49.0,0.0,40.0,1,1,0
6890,64.0,1.0,16.0,1.0,1,49.0,0.0,40.0,1,1,1
6891,43.0,3.0,19.0,1.0,1,49.0,0.0,40.0,1,1,0
6892,83.0,2.0,16.0,1.0,1,49.0,1.0,40.0,0,1,1
6893,86.0,1.0,19.0,1.0,1,49.0,0.0,40.0,1,1,1
6894,75.0,1.0,19.0,1.0,1,49.0,0.0,40.0,1,1,0
6895,86.0,1.0,21.0,1.0,1,49.0,0.0,40.0,0,1,0
6896,86.0,2.0,22.0,1.0,1,49.0,0.0,40.0,1,1,0
6897,83.0,5.0,19.0,1.0,1,49.0,0.0,40.0,1,1,1
6898,36.0,5.0,16.0,1.0,-1,49.0,1.0,40.0,1,1,0
6899,19.0,1.0,19.0,5.0,2,49.0,0.0,40.0,1,1,0
6900,75.0,1.0,21.0,1.0,1,49.0,0.0,40.0,1,1,0
6901,19.0,1.0,19.0,1.0,2,49.0,0.0,17.0,1,1,1
6902,74.0,1.0,21.0,1.0,2,49.0,0.0,40.0,1,0,1
6903,31.0,3.0,21.0,1.0,1,49.0,0.0,40.0,1,1,1
6904,75.0,3.0,21.0,1.0,1,49.0,0.0,40.0,1,1,0
6905,31.0,1.0,21.0,1.0,1,49.0,0.0,40.0,0,1,1
6906,75.0,7.0,16.0,1.0,1,49.0,0.0,40.0,1,1,1
6907,17.0,1.0,19.0,5.0,1,49.0,0.0,40.0,1,1,1
6908,92.0,1.0,19.0,5.0,1,49.0,0.0,40.0,1,1,1
6909,64.0,2.0,19.0,1.0,1,49.0,0.0,40.0,1,1,1
6910,43.0,1.0,16.0,1.0,1,49.0,0.0,40.0,1,1,1
6911,19.0,2.0,16.0,1.0,1,49.0,0.0,40.0,1,0,1
6912,43.0,2.0,16.0,1.0,1,49.0,0.0,40.0,0,0,0
6913,75.0,7.0,19.0,1.0,1,49.0,0.0,40.0,1,1,0
6914,17.0,1.0,3.0,1.0,0,49.0,0.0,40.0,1,1,1
6915,83.0,2.0,22.0,1.0,0,49.0,0.0,40.0,1,1,1
6916,86.0,1.0,21.0,5.0,2,49.0,0.0,40.0,1,1,1
6917,17.0,3.0,22.0,1.0,1,49.0,0.0,40.0,0,1,1
6918,43.0,3.0,21.0,1.0,1,49.0,0.0,40.0,0,1,1
6919,31.0,5.0,19.0,1.0,1,49.0,0.0,40.0,0,0,1
6920,83.0,7.0,21.0,1.0,1,49.0,1.0,40.0,1,1,1
6921,86.0,7.0,16.0,1.0,1,49.0,0.0,40.0,1,0,1
6922,75.0,3.0,16.0,1.0,1,49.0,0.0,40.0,1,1,1
6923,32.0,2.0,19.0,5.0,1,49.0,1.0,40.0,1,1,1
6924,55.0,3.0,16.0,1.0,1,49.0,1.0,40.0,1,1,1
6925,86.0,7.0,21.0,1.0,1,49.0,0.0,40.0,1,0,1
6926,75.0,1.0,16.0,1.0,1,49.0,1.0,40.0,1,1,0
6927,60.0,2.0,19.0,1.0,1,49.0,0.0,40.0,1,1,1
6928,17.0,2.0,16.0,3.0,1,49.0,0.0,40.0,1,1,1
6929,86.0,7.0,21.0,1.0,0,49.0,0.0,40.0,0,0,1
6930,31.0,3.0,19.0,1.0,1,49.0,0.0,40.0,1,1,1
6931,31.0,2.0,16.0,1.0,1,49.0,0.0,40.0,1,1,0
6932,83.0,5.0,19.0,1.0,1,49.0,0.0,40.0,1,1,1
6933,83.0,1.0,16.0,1.0,0,49.0,1.0,40.0,1,1,1
6934,31.0,2.0,16.0,1.0,1,49.0,1.0,40.0,1,1,0
6935,75.0,4.0,21.0,1.0,1,49.0,0.0,40.0,0,1,0
6936,19.0,1.0,19.0,1.0,2,49.0,0.0,40.0,0,1,1
6937,83.0,5.0,16.0,1.0,1,49.0,0.0,40.0,1,1,0
6938,43.0,2.0,21.0,1.0,0,49.0,0.0,40.0,1,1,1
6939,36.0,3.0,19.0,2.0,2,49.0,0.0,40.0,0,1,1
6940,86.0,1.0,16.0,1.0,1,49.0,0.0,40.0,1,1,0
6941,43.0,3.0,21.0,1.0,1,49.0,0.0,40.0,1,1,1
6942,55.0,1.0,19.0,1.0,2,49.0,0.0,40.0,0,1,0
6943,17.0,1.0,21.0,1.0,1,49.0,1.0,40.0,1,1,1
6944,92.0,5.0,19.0,1.0,1,49.0,0.0,40.0,0,1,0
6945,83.0,3.0,19.0,1.0,1,49.0,0.0,40.0,1,1,1
6946,60.0,2.0,21.0,3.0,1,49.0,0.0,40.0,1,1,1
6947,42.0,7.0,19.0,1.0,2,49.0,0.0,40.0,0,1,0
6948,60.0,7.0,19.0,1.0,1,49.0,3.0,40.0,1,1,0
6949,83.0,7.0,16.0,1.0,0,49.0,0.0,40.0,1,1,0
6950,83.0,3.0,21.0,1.0,0,49.0,0.0,40.0,1,1,1
6951,83.0,2.0,16.0,1.0,2,49.0,1.0,40.0,1,1,1
6952,31.0,1.0,21.0,1.0,1,49.0,0.0,40.0,1,1,1
6953,37.0,1.0,8.0,1.0,1,49.0,13.0,40.0,0,1,0
6954,75.0,3.0,19.0,1.0,1,49.0,1.0,40.0,1,1,1
6955,83.0,3.0,16.0,1.0,1,49.0,0.0,40.0,1,1,0
6956,83.0,7.0,16.0,1.0,1,49.0,0.0,40.0,1,1,1
6957,31.0,2.0,19.0,1.0,1,49.0,0.0,40.0,1,1,0
6958,36.0,3.0,19.0,1.0,2,49.0,0.0,40.0,1,1,1
6959,75.0,1.0,16.0,1.0,2,49.0,0.0,40.0,1,1,1
6960,27.0,3.0,21.0,5.0,1,49.0,0.0,40.0,1,0,1
6961,31.0,2.0,16.0,1.0,1,49.0,0.0,40.0,1,1,0
6962,17.0,5.0,16.0,1.0,1,49.0,0.0,40.0,1,1,1
6963,86.0,1.0,19.0,1.0,1,49.0,0.0,40.0,0,1,0
6964,83.0,3.0,19.0,1.0,1,49.0,0.0,40.0,1,0,1
6965,31.0,2.0,19.0,3.0,1,49.0,0.0,40.0,1,1,0
6966,43.0,1.0,16.0,1.0,5,49.0,0.0,40.0,1,1,0
6967,75.0,1.0,21.0,3.0,1,49.0,0.0,40.0,1,0,1
6968,43.0,1.0,19.0,1.0,0,49.0,0.0,66.0,1,1,1
6969,60.0,1.0,19.0,1.0,1,49.0,0.0,40.0,1,1,0
6970,17.0,3.0,16.0,1.0,1,49.0,0.0,40.0,1,1,0
6971,75.0,1.0,16.0,1.0,1,49.0,0.0,40.0,1,1,1
6972,75.0,7.0,16.0,1.0,0,49.0,1.0,40.0,1,1,0
6973,43.0,2.0,21.0,1.0,1,49.0,1.0,40.0,1,1,0
6974,83.0,3.0,16.0,1.0,2,49.0,0.0,40.0,1,1,1
6975,19.0,2.0,24.0,1.0,0,49.0,0.0,40.0,1,1,1
6976,31.0,2.0,16.0,1.0,1,49.0,1.0,40.0,0,1,1
6977,36.0,1.0,16.0,1.0,1,49.0,0.0,40.0,1,1,1
6978,75.0,1.0,19.0,1.0,0,49.0,0.0,40.0,1,1,1
6979,83.0,3.0,16.0,1.0,1,49.0,0.0,40.0,1,1,1
6980,83.0,2.0,16.0,1.0,0,49.0,0.0,40.0,1,1,0
6981,37.0,3.0,16.0,3.0,1,49.0,0.0,40.0,0,1,1
6982,43.0,1.0,16.0,1.0,-1,49.0,0.0,40.0,1,1,1
6983,31.0,2.0,21.0,1.0,0,49.0,0.0,40.0,1,0,1
6984,36.0,5.0,19.0,1.0,1,49.0,0.0,40.0,1,1,0
6985,31.0,2.0,16.0,1.0,1,49.0,0.0,40.0,1,0,0
6986,31.0,1.0,16.0,1.0,0,49.0,1.0,40.0,1,1,1
6987,43.0,2.0,19.0,1.0,1,49.0,1.0,33.0,1,1,1
6988,43.0,5.0,21.0,1.0,1,49.0,0.0,40.0,1,1,0
6989,19.0,1.0,19.0,1.0,1,49.0,1.0,40.0,0,1,1
6990,31.0,2.0,19.0,1.0,1,49.0,1.0,40.0,1,0,1
6991,64.0,1.0,16.0,1.0,1,49.0,1.0,40.0,1,1,1
6992,74.0,2.0,19.0,1.0,1,49.0,0.0,40.0,1,0,0
6993,75.0,1.0,19.0,1.0,0,49.0,1.0,40.0,1,1,1
6994,36.0,4.0,16.0,1.0,-1,49.0,0.0,40.0,1,1,1
6995,83.0,2.0,16.0,1.0,1,49.0,0.0,40.0,1,0,1
6996,72.0,7.0,19.0,1.0,1,49.0,0.0,40.0,1,1,1
6997,69.0,2.0,16.0,1.0,1,49.0,0.0,40.0,1,1,0
6998,31.0,1.0,21.0,1.0,1,49.0,0.0,40.0,1,1,1
6999,30.0,7.0,19.0,1.0,1,49.0,0.0,40.0,1,1,1
7000,31.0,1.0,16.0,1.0,1,49.0,0.0,40.0,0,1,0
7001,31.0,7.0,19.0,1.0,1,49.0,0.0,40.0,1,1,0
7002,83.0,3.0,19.0,1.0,3,49.0,0.0,40.0,1,1,1
7003,31.0,5.0,16.0,1.0,2,49.0,0.0,40.0,1,1,1
7004,83.0,1.0,16.0,1.0,1,49.0,0.0,37.0,1,1,1
7005,83.0,2.0,21.0,1.0,0,49.0,0.0,40.0,0,1,0
7006,83.0,1.0,16.0,1.0,1,49.0,0.0,40.0,1,1,1
7007,31.0,1.0,16.0,1.0,1,49.0,1.0,40.0,1,1,1
7008,17.0,1.0,19.0,1.0,0,49.0,0.0,40.0,1,1,1
7009,58.0,3.0,21.0,1.0,1,49.0,0.0,40.0,1,1,1
7010,43.0,7.0,19.0,1.0,1,49.0,0.0,40.0,0,1,0
7011,69.0,3.0,21.0,1.0,1,49.0,0.0,40.0,1,1,1
7012,31.0,1.0,16.0,1.0,1,49.0,0.0,40.0,1,1,0
7013,75.0,1.0,19.0,1.0,1,49.0,0.0,40.0,1,1,0
7014,83.0,1.0,16.0,1.0,2,49.0,0.0,40.0,1,0,1
7015,31.0,3.0,16.0,1.0,3,49.0,0.0,40.0,1,1,1
7016,19.0,1.0,19.0,1.0,0,49.0,1.0,40.0,1,0,1
7017,43.0,3.0,21.0,2.0,0,49.0,0.0,40.0,1,1,0
7018,83.0,1.0,16.0,1.0,1,49.0,0.0,40.0,0,1,0
7019,17.0,7.0,21.0,5.0,1,49.0,1.0,40.0,1,1,1
7020,43.0,2.0,19.0,1.0,1,49.0,0.0,40.0,1,1,1
7021,83.0,1.0,16.0,1.0,1,49.0,1.0,40.0,1,1,0
7022,31.0,1.0,19.0,1.0,0,49.0,0.0,40.0,1,1,1
7023,83.0,1.0,19.0,1.0,1,49.0,0.0,40.0,1,1,0
7024,19.0,2.0,19.0,1.0,1,49.0,0.0,40.0,1,1,0
7025,75.0,7.0,16.0,1.0,0,49.0,0.0,40.0,1,1,0
7026,75.0,7.0,16.0,1.0,1,49.0,0.0,40.0,0,1,0
7027,83.0,1.0,21.0,1.0,1,49.0,0.0,40.0,0,1,0
7028,92.0,5.0,16.0,1.0,4,49.0,0.0,40.0,0,0,1
7029,31.0,2.0,16.0,1.0,0,49.0,0.0,36.0,1,1,0
7030,31.0,7.0,19.0,1.0,1,49.0,0.0,40.0,1,0,1
7031,75.0,1.0,21.0,1.0,1,49.0,0.0,40.0,1,1,0
7032,31.0,2.0,16.0,1.0,1,49.0,0.0,40.0,1,0,1
7033,17.0,5.0,16.0,1.0,1,49.0,0.0,40.0,0,1,1
7034,83.0,5.0,16.0,3.0,1,49.0,1.0,40.0,0,1,0
7035,83.0,7.0,16.0,1.0,1,49.0,0.0,40.0,1,1,1
7036,83.0,1.0,16.0,1.0,1,49.0,1.0,40.0,0,1,1
7037,43.0,1.0,21.0,1.0,-1,49.0,0.0,40.0,1,1,1
7038,83.0,1.0,16.0,1.0,1,49.0,0.0,40.0,1,1,0
7039,43.0,5.0,16.0,1.0,1,49.0,1.0,40.0,1,0,1
7040,64.0,3.0,19.0,1.0,0,49.0,1.0,40.0,1,1,1
7041,19.0,3.0,16.0,5.0,1,49.0,0.0,40.0,1,1,1
7042,87.0,3.0,19.0,1.0,1,49.0,1.0,40.0,1,1,1
7043,60.0,3.0,22.0,1.0,1,49.0,0.0,40.0,0,1,1
7044,92.0,1.0,19.0,1.0,1,49.0,0.0,40.0,1,1,1
7045,43.0,2.0,16.0,1.0,1,49.0,0.0,40.0,1,1,1
7046,83.0,1.0,19.0,1.0,1,49.0,0.0,40.0,1,1,1
7047,36.0,5.0,21.0,1.0,0,49.0,1.0,30.0,1,1,1
7048,75.0,1.0,22.0,1.0,1,49.0,0.0,40.0,1,1,1
7049,64.0,1.0,19.0,1.0,1,49.0,0.0,40.0,1,1,0
7050,36.0,1.0,16.0,1.0,1,49.0,0.0,40.0,1,1,1
7051,31.0,3.0,19.0,1.0,2,49.0,0.0,40.0,0,1,0
7052,43.0,3.0,21.0,3.0,1,49.0,1.0,40.0,0,1,1
7053,75.0,1.0,16.0,1.0,1,49.0,0.0,40.0,0,1,1
7054,83.0,2.0,24.0,1.0,1,49.0,0.0,40.0,1,0,0
7055,83.0,7.0,19.0,1.0,0,49.0,0.0,40.0,1,1,1
7056,64.0,1.0,16.0,1.0,1,49.0,0.0,40.0,0,0,0
7057,43.0,1.0,8.0,1.0,1,49.0,1.0,40.0,1,1,0
7058,31.0,2.0,16.0,1.0,1,49.0,0.0,40.0,1,1,0
7059,64.0,2.0,21.0,1.0,1,49.0,0.0,40.0,1,1,1
7060,60.0,2.0,19.0,1.0,-1,49.0,0.0,40.0,1,1,1
7061,83.0,3.0,16.0,1.0,1,49.0,0.0,40.0,1,1,1
7062,83.0,7.0,19.0,1.0,3,49.0,0.0,40.0,1,1,1
7063,31.0,3.0,16.0,1.0,1,49.0,0.0,40.0,1,1,1
7064,31.0,1.0,16.0,1.0,1,49.0,0.0,40.0,1,1,1
7065,83.0,5.0,21.0,1.0,1,49.0,0.0,40.0,1,1,0
7066,20.0,1.0,16.0,1.0,0,49.0,1.0,40.0,1,1,1
7067,60.0,3.0,21.0,1.0,1,49.0,1.0,40.0,0,1,0
7068,36.0,1.0,21.0,1.0,1,49.0,0.0,40.0,1,1,0
7069,75.0,6.0,19.0,1.0,0,49.0,0.0,40.0,1,1,0
7070,49.0,3.0,16.0,1.0,0,49.0,0.0,40.0,1,1,0
7071,31.0,7.0,16.0,1.0,0,49.0,0.0,40.0,1,0,1
7072,83.0,1.0,19.0,1.0,1,49.0,0.0,40.0,1,1,0
7073,83.0,1.0,22.0,1.0,1,49.0,0.0,40.0,1,1,1
7074,83.0,5.0,19.0,1.0,0,49.0,0.0,40.0,1,1,0
7075,60.0,1.0,16.0,1.0,1,49.0,0.0,40.0,1,1,0
7076,75.0,1.0,21.0,1.0,1,49.0,13.0,40.0,1,1,1
7077,86.0,1.0,19.0,1.0,1,49.0,0.0,40.0,1,1,1
7078,92.0,1.0,16.0,1.0,1,117.0,0.0,40.0,1,1,1
7079,83.0,2.0,19.0,1.0,1,49.0,1.0,40.0,1,1,0
7080,69.0,2.0,19.0,1.0,2,49.0,0.0,40.0,1,1,1
7081,83.0,4.0,19.0,1.0,1,49.0,0.0,40.0,1,1,1
7082,17.0,1.0,16.0,1.0,1,49.0,0.0,40.0,1,1,1
7083,86.0,3.0,21.0,1.0,0,49.0,0.0,40.0,1,1,0
7084,64.0,7.0,16.0,1.0,1,49.0,1.0,40.0,1,1,0
7085,83.0,2.0,19.0,1.0,1,49.0,0.0,40.0,1,1,1
7086,27.0,1.0,16.0,1.0,1,49.0,0.0,40.0,1,1,0
7087,75.0,1.0,16.0,1.0,1,49.0,0.0,40.0,1,1,0
7088,83.0,1.0,16.0,1.0,0,49.0,0.0,40.0,1,1,0
7089,83.0,7.0,21.0,4.0,1,49.0,0.0,40.0,1,1,0
7090,75.0,2.0,16.0,1.0,1,49.0,0.0,40.0,0,1,0
7091,32.0,7.0,19.0,1.0,0,49.0,0.0,24.0,1,1,1
7092,75.0,1.0,21.0,1.0,1,49.0,1.0,40.0,1,1,1
7093,83.0,3.0,14.0,1.0,2,49.0,0.0,66.0,1,1,1
7094,17.0,1.0,17.0,1.0,1,49.0,0.0,40.0,1,1,0
7095,75.0,2.0,16.0,1.0,1,49.0,1.0,40.0,0,1,1
7096,75.0,2.0,19.0,1.0,1,49.0,0.0,40.0,1,0,1
7097,83.0,1.0,16.0,1.0,5,49.0,0.0,40.0,1,0,1
7098,31.0,3.0,19.0,1.0,1,49.0,1.0,40.0,0,1,0
7099,83.0,2.0,19.0,1.0,2,49.0,0.0,40.0,1,1,1
7100,83.0,3.0,21.0,1.0,1,49.0,9.0,40.0,1,1,1
7101,86.0,2.0,8.0,1.0,0,49.0,0.0,40.0,1,1,0
7102,36.0,5.0,19.0,1.0,1,49.0,1.0,40.0,1,1,0
7103,86.0,1.0,21.0,1.0,3,49.0,0.0,36.0,1,1,1
7104,83.0,3.0,21.0,1.0,1,49.0,0.0,40.0,1,1,1
7105,83.0,5.0,21.0,1.0,1,49.0,0.0,40.0,1,1,0
7106,86.0,1.0,19.0,1.0,0,49.0,0.0,40.0,1,1,1
7107,31.0,5.0,16.0,1.0,0,49.0,0.0,40.0,0,1,1
7108,36.0,1.0,19.0,1.0,1,49.0,0.0,62.0,0,0,1
7109,83.0,2.0,19.0,1.0,1,49.0,0.0,40.0,1,1,1
7110,19.0,2.0,19.0,1.0,0,49.0,0.0,40.0,0,1,0
7111,75.0,7.0,19.0,1.0,1,49.0,1.0,40.0,0,1,0
7112,43.0,1.0,19.0,1.0,0,49.0,0.0,40.0,1,0,1
7113,75.0,1.0,19.0,1.0,1,49.0,1.0,40.0,1,0,1
7114,83.0,3.0,16.0,1.0,1,49.0,0.0,40.0,1,1,0
7115,83.0,1.0,16.0,1.0,1,49.0,0.0,40.0,1,1,1
7116,83.0,7.0,16.0,1.0,1,49.0,0.0,40.0,1,1,1
7117,75.0,1.0,22.0,1.0,2,49.0,0.0,40.0,1,1,1
7118,83.0,5.0,19.0,1.0,1,49.0,0.0,40.0,0,1,1
7119,83.0,1.0,21.0,1.0,1,49.0,0.0,40.0,1,1,1
7120,86.0,1.0,16.0,1.0,1,49.0,1.0,40.0,1,1,1
7121,86.0,2.0,16.0,1.0,1,49.0,0.0,40.0,1,1,1
7122,83.0,5.0,16.0,1.0,2,49.0,2.0,40.0,1,1,1
7123,75.0,2.0,19.0,1.0,1,49.0,0.0,40.0,1,1,1
7124,83.0,8.0,16.0,1.0,1,49.0,1.0,40.0,1,0,0
7125,60.0,7.0,19.0,5.0,1,49.0,1.0,40.0,1,1,0
7126,83.0,3.0,16.0,1.0,1,49.0,0.0,40.0,0,1,1
7127,31.0,1.0,16.0,1.0,1,49.0,0.0,40.0,1,1,1
7128,75.0,7.0,16.0,1.0,0,49.0,0.0,40.0,0,1,1
7129,27.0,1.0,21.0,1.0,0,49.0,0.0,40.0,1,1,0
7130,75.0,7.0,16.0,1.0,0,49.0,1.0,40.0,1,1,0
7131,70.0,2.0,19.0,1.0,1,49.0,0.0,40.0,0,1,0
7132,67.0,1.0,21.0,1.0,1,49.0,0.0,40.0,0,1,1
7133,86.0,1.0,19.0,5.0,1,49.0,0.0,40.0,0,0,0
7134,43.0,7.0,19.0,1.0,1,49.0,0.0,40.0,1,1,1
7135,86.0,3.0,16.0,1.0,1,49.0,0.0,40.0,1,1,1
7136,43.0,1.0,19.0,1.0,0,49.0,0.0,40.0,1,1,1
7137,43.0,2.0,19.0,1.0,2,49.0,0.0,40.0,1,1,1
7138,17.0,1.0,17.0,1.0,1,49.0,1.0,40.0,1,1,0
7139,43.0,2.0,16.0,1.0,1,49.0,0.0,40.0,1,1,1
7140,31.0,3.0,21.0,1.0,0,49.0,0.0,20.0,0,1,1
7141,32.0,2.0,24.0,1.0,0,49.0,0.0,40.0,1,1,1
7142,83.0,1.0,21.0,1.0,1,49.0,0.0,40.0,1,1,1
7143,83.0,1.0,19.0,1.0,1,49.0,0.0,40.0,1,1,1
7144,43.0,4.0,19.0,1.0,1,200.0,1.0,40.0,0,1,1
7145,31.0,2.0,19.0,1.0,1,49.0,0.0,40.0,1,1,1
7146,64.0,1.0,22.0,1.0,1,49.0,0.0,40.0,0,1,0
7147,31.0,3.0,16.0,1.0,0,49.0,0.0,40.0,1,1,1
7148,31.0,3.0,16.0,1.0,0,49.0,0.0,40.0,1,1,1
7149,83.0,3.0,7.0,1.0,0,49.0,1.0,40.0,1,1,1
7150,83.0,2.0,3.0,1.0,1,49.0,0.0,40.0,1,1,1
7151,31.0,5.0,19.0,1.0,1,49.0,1.0,40.0,1,1,1
7152,69.0,5.0,16.0,1.0,1,49.0,0.0,40.0,1,0,1
7153,64.0,7.0,16.0,1.0,0,49.0,9.0,40.0,1,1,1
7154,83.0,8.0,19.0,1.0,0,49.0,0.0,40.0,1,1,0
7155,17.0,3.0,21.0,1.0,1,49.0,0.0,40.0,1,1,0
7156,36.0,1.0,21.0,1.0,0,49.0,0.0,40.0,1,1,0
7157,83.0,2.0,16.0,1.0,1,49.0,0.0,66.0,1,0,0
7158,43.0,5.0,19.0,1.0,1,49.0,1.0,40.0,1,1,0
7159,83.0,2.0,16.0,1.0,5,49.0,0.0,40.0,1,1,1
7160,75.0,8.0,16.0,1.0,1,49.0,0.0,40.0,1,1,1
7161,92.0,1.0,16.0,1.0,1,49.0,0.0,40.0,0,1,1
7162,86.0,5.0,16.0,1.0,1,49.0,0.0,40.0,1,1,1
7163,60.0,2.0,19.0,1.0,1,49.0,0.0,40.0,1,1,1
7164,36.0,7.0,23.0,1.0,2,49.0,0.0,40.0,0,1,0
7165,31.0,3.0,16.0,1.0,1,49.0,0.0,40.0,1,1,1
7166,83.0,2.0,16.0,1.0,1,49.0,0.0,40.0,1,1,1
7167,83.0,7.0,19.0,1.0,2,49.0,0.0,40.0,0,1,0
7168,92.0,2.0,16.0,1.0,2,49.0,0.0,40.0,1,1,1
7169,19.0,2.0,16.0,2.0,0,49.0,0.0,40.0,1,1,0
7170,75.0,8.0,19.0,1.0,1,49.0,0.0,40.0,1,1,1
7171,75.0,3.0,16.0,1.0,0,49.0,2.0,40.0,1,1,0
7172,43.0,2.0,21.0,1.0,1,49.0,0.0,40.0,1,1,1
7173,83.0,7.0,19.0,1.0,1,49.0,0.0,40.0,1,1,1
7174,75.0,2.0,19.0,1.0,1,49.0,0.0,40.0,1,1,1
7175,31.0,2.0,16.0,1.0,1,49.0,1.0,40.0,1,1,1
7176,17.0,8.0,19.0,1.0,2,49.0,1.0,40.0,1,0,1
7177,75.0,7.0,19.0,1.0,0,49.0,0.0,40.0,1,1,1
7178,74.0,2.0,24.0,1.0,2,364.0,1.0,40.0,1,0,1
7179,69.0,2.0,21.0,1.0,1,49.0,1.0,40.0,1,1,0
7180,75.0,1.0,19.0,1.0,1,49.0,0.0,40.0,1,1,1
7181,75.0,2.0,19.0,1.0,1,49.0,1.0,40.0,1,1,1
7182,83.0,7.0,19.0,1.0,0,49.0,0.0,40.0,1,0,1
7183,43.0,2.0,21.0,1.0,1,49.0,1.0,40.0,1,1,0
7184,36.0,7.0,16.0,1.0,1,49.0,0.0,40.0,1,1,1
7185,75.0,2.0,16.0,1.0,2,49.0,0.0,40.0,1,1,1
7186,43.0,7.0,22.0,1.0,1,49.0,0.0,40.0,1,1,0
7187,83.0,7.0,19.0,1.0,1,49.0,0.0,40.0,1,1,1
7188,75.0,2.0,19.0,1.0,1,49.0,0.0,40.0,0,1,1
7189,31.0,2.0,16.0,1.0,1,49.0,14.0,40.0,0,1,1
7190,75.0,2.0,21.0,1.0,0,49.0,0.0,40.0,1,0,0
7191,19.0,1.0,16.0,1.0,1,49.0,0.0,40.0,1,1,0
7192,43.0,3.0,16.0,1.0,1,49.0,0.0,40.0,1,1,0
7193,19.0,2.0,19.0,5.0,0,427.0,1.0,40.0,1,1,1
7194,43.0,7.0,16.0,1.0,1,49.0,0.0,40.0,1,1,1
7195,31.0,7.0,16.0,1.0,0,49.0,0.0,40.0,1,1,1
7196,19.0,3.0,21.0,5.0,0,49.0,0.0,30.0,0,1,1
7197,92.0,5.0,16.0,1.0,0,49.0,0.0,40.0,1,1,1
7198,69.0,2.0,16.0,1.0,1,49.0,0.0,40.0,1,1,1
7199,43.0,7.0,21.0,1.0,1,49.0,0.0,40.0,1,1,1
7200,75.0,2.0,19.0,3.0,1,49.0,1.0,40.0,1,1,0
7201,83.0,3.0,19.0,3.0,1,49.0,0.0,40.0,0,1,1
7202,36.0,7.0,16.0,1.0,1,49.0,0.0,40.0,1,1,0
7203,83.0,5.0,16.0,1.0,1,49.0,0.0,40.0,1,0,1
7204,43.0,1.0,21.0,1.0,1,49.0,0.0,40.0,1,1,1
7205,31.0,2.0,16.0,1.0,1,49.0,0.0,40.0,1,1,1
7206,31.0,1.0,21.0,1.0,1,49.0,0.0,40.0,0,1,0
7207,19.0,2.0,19.0,1.0,1,49.0,0.0,40.0,0,1,1
7208,17.0,2.0,21.0,1.0,1,49.0,0.0,40.0,1,1,0
7209,43.0,2.0,19.0,1.0,2,49.0,0.0,40.0,0,1,1
7210,86.0,7.0,24.0,1.0,0,49.0,0.0,40.0,0,0,0
7211,60.0,3.0,16.0,1.0,1,49.0,0.0,40.0,1,1,1
7212,32.0,2.0,21.0,1.0,1,49.0,0.0,40.0,0,1,0
7213,64.0,4.0,16.0,1.0,-1,49.0,0.0,40.0,1,1,0
7214,32.0,8.0,16.0,1.0,1,49.0,0.0,40.0,1,1,1
7215,69.0,5.0,16.0,1.0,1,49.0,0.0,40.0,0,1,0
7216,83.0,2.0,21.0,1.0,0,49.0,0.0,40.0,1,1,1
7217,19.0,1.0,19.0,1.0,1,49.0,0.0,40.0,1,1,0
7218,36.0,2.0,16.0,1.0,1,49.0,0.0,40.0,1,1,1
7219,75.0,2.0,16.0,1.0,1,49.0,0.0,40.0,1,1,1
7220,19.0,2.0,16.0,1.0,1,49.0,0.0,40.0,0,0,0
7221,86.0,3.0,19.0,1.0,1,49.0,0.0,40.0,1,1,1
7222,43.0,3.0,16.0,1.0,1,49.0,0.0,40.0,1,1,1
7223,43.0,7.0,16.0,1.0,1,49.0,0.0,30.0,0,1,1
7224,83.0,1.0,17.0,1.0,1,49.0,0.0,40.0,1,1,1
7225,42.0,7.0,16.0,1.0,1,49.0,0.0,40.0,1,0,0
7226,36.0,7.0,21.0,1.0,1,49.0,0.0,40.0,1,1,0
7227,83.0,3.0,19.0,1.0,1,49.0,1.0,40.0,0,1,1
7228,83.0,3.0,19.0,3.0,2,49.0,0.0,40.0,1,1,1
7229,31.0,5.0,16.0,1.0,1,49.0,0.0,40.0,1,1,0
7230,19.0,3.0,19.0,1.0,1,49.0,1.0,40.0,1,1,0
7231,19.0,2.0,16.0,1.0,1,49.0,0.0,40.0,1,1,1
7232,19.0,7.0,16.0,1.0,1,49.0,0.0,40.0,0,1,1
7233,83.0,1.0,19.0,1.0,0,49.0,0.0,40.0,1,1,0
7234,64.0,7.0,19.0,1.0,1,49.0,1.0,40.0,1,1,1
7235,75.0,5.0,16.0,1.0,1,49.0,1.0,40.0,1,1,1
7236,17.0,3.0,19.0,1.0,1,49.0,1.0,13.0,1,1,1
7237,43.0,2.0,16.0,1.0,1,49.0,0.0,40.0,1,1,1
7238,61.0,7.0,19.0,1.0,0,49.0,0.0,40.0,1,1,1
7239,19.0,3.0,19.0,1.0,1,49.0,0.0,40.0,0,1,1
7240,64.0,2.0,4.0,1.0,1,49.0,0.0,40.0,1,1,1
7241,83.0,5.0,16.0,1.0,1,49.0,0.0,40.0,1,1,1
7242,83.0,1.0,16.0,5.0,2,49.0,0.0,40.0,1,1,0
7243,69.0,7.0,16.0,1.0,2,49.0,0.0,40.0,1,1,1
7244,83.0,3.0,22.0,1.0,1,49.0,0.0,40.0,1,1,1
7245,31.0,2.0,16.0,1.0,1,49.0,0.0,3.0,1,1,1
7246,69.0,1.0,21.0,1.0,2,49.0,0.0,40.0,1,1,1
7247,19.0,2.0,16.0,1.0,1,49.0,1.0,40.0,1,1,0
7248,75.0,5.0,18.0,1.0,1,49.0,0.0,40.0,1,1,0
7249,83.0,1.0,4.0,4.0,1,49.0,1.0,40.0,1,0,1
7250,69.0,1.0,16.0,1.0,1,49.0,1.0,40.0,1,1,1
7251,60.0,7.0,19.0,1.0,1,49.0,1.0,40.0,1,1,0
7252,83.0,7.0,19.0,1.0,1,49.0,0.0,40.0,1,0,0
7253,31.0,1.0,16.0,1.0,1,49.0,0.0,40.0,1,1,1
7254,75.0,2.0,16.0,1.0,1,49.0,0.0,40.0,1,1,1
7255,43.0,7.0,21.0,1.0,4,49.0,1.0,40.0,1,1,0
7256,86.0,2.0,21.0,1.0,1,49.0,0.0,40.0,1,0,0
7257,31.0,2.0,16.0,1.0,1,49.0,1.0,40.0,1,0,1
7258,83.0,2.0,16.0,1.0,0,49.0,1.0,40.0,0,1,1
7259,75.0,7.0,19.0,1.0,4,49.0,0.0,40.0,1,1,1
7260,43.0,3.0,12.0,1.0,0,49.0,1.0,40.0,0,1,0
7261,17.0,7.0,19.0,1.0,1,49.0,0.0,40.0,1,1,1
7262,31.0,7.0,16.0,1.0,1,49.0,1.0,40.0,1,1,1
7263,83.0,1.0,16.0,1.0,1,49.0,0.0,40.0,1,1,1
7264,86.0,7.0,19.0,1.0,1,49.0,1.0,40.0,0,1,1
7265,31.0,3.0,16.0,1.0,0,49.0,0.0,40.0,0,1,1
7266,83.0,5.0,19.0,1.0,1,49.0,0.0,40.0,1,1,1
7267,86.0,7.0,19.0,1.0,1,49.0,0.0,40.0,0,1,1
7268,83.0,2.0,16.0,1.0,0,49.0,0.0,40.0,1,1,1
7269,83.0,2.0,19.0,1.0,0,49.0,0.0,40.0,1,1,1
7270,83.0,5.0,16.0,2.0,0,49.0,0.0,40.0,1,1,1
7271,83.0,7.0,16.0,1.0,0,49.0,1.0,40.0,0,1,0
7272,92.0,5.0,19.0,1.0,0,49.0,12.0,40.0,1,1,1
7273,19.0,2.0,17.0,1.0,1,49.0,0.0,40.0,1,0,1
7274,31.0,7.0,19.0,1.0,0,49.0,0.0,40.0,1,0,0
7275,31.0,1.0,19.0,1.0,1,49.0,0.0,40.0,1,1,0
7276,83.0,2.0,19.0,1.0,0,49.0,1.0,40.0,1,1,0
7277,36.0,1.0,19.0,1.0,1,49.0,0.0,40.0,1,1,1
7278,17.0,4.0,16.0,5.0,1,49.0,1.0,40.0,1,1,0
7279,86.0,1.0,16.0,1.0,2,49.0,2.0,40.0,1,1,1
7280,31.0,2.0,19.0,2.0,1,49.0,1.0,40.0,1,1,0
7281,64.0,2.0,16.0,1.0,2,49.0,0.0,40.0,1,0,1
7282,83.0,3.0,19.0,5.0,1,49.0,0.0,40.0,0,1,1
7283,36.0,7.0,21.0,1.0,1,49.0,0.0,40.0,1,1,1
7284,19.0,5.0,16.0,1.0,2,49.0,0.0,40.0,1,1,0
7285,64.0,1.0,16.0,1.0,2,49.0,0.0,40.0,1,1,0
7286,31.0,2.0,19.0,1.0,1,49.0,1.0,40.0,0,0,0
7287,75.0,6.0,15.0,1.0,0,49.0,1.0,40.0,1,1,0
7288,83.0,1.0,22.0,1.0,1,49.0,1.0,40.0,1,1,0
7289,83.0,1.0,16.0,1.0,0,49.0,0.0,40.0,0,1,0
7290,86.0,3.0,16.0,1.0,1,49.0,1.0,40.0,1,1,1
7291,19.0,7.0,21.0,1.0,1,554.0,0.0,40.0,1,1,1
7292,75.0,2.0,16.0,1.0,2,49.0,1.0,40.0,1,1,0
7293,83.0,5.0,16.0,1.0,2,49.0,0.0,40.0,0,1,1
7294,83.0,1.0,21.0,1.0,2,49.0,2.0,40.0,1,1,1
7295,31.0,2.0,16.0,1.0,0,49.0,1.0,40.0,1,1,1
7296,83.0,2.0,21.0,1.0,1,49.0,0.0,40.0,1,1,1
7297,19.0,3.0,16.0,1.0,1,49.0,0.0,40.0,0,1,0
7298,86.0,4.0,16.0,1.0,1,49.0,0.0,40.0,1,0,1
7299,64.0,2.0,19.0,1.0,0,49.0,0.0,40.0,1,0,1
7300,17.0,1.0,19.0,1.0,1,49.0,0.0,40.0,1,1,0
7301,83.0,2.0,21.0,1.0,0,49.0,0.0,40.0,0,1,0
7302,31.0,2.0,21.0,1.0,1,49.0,1.0,40.0,1,1,0
7303,75.0,2.0,16.0,1.0,1,49.0,1.0,40.0,1,1,1
7304,36.0,2.0,16.0,1.0,1,49.0,0.0,8.0,0,1,1
7305,31.0,2.0,16.0,1.0,1,49.0,0.0,40.0,0,1,0
7306,75.0,1.0,16.0,1.0,1,49.0,0.0,40.0,1,1,1
7307,31.0,3.0,21.0,1.0,0,49.0,0.0,40.0,1,1,1
7308,43.0,2.0,19.0,1.0,0,49.0,0.0,40.0,1,1,1
7309,31.0,1.0,16.0,1.0,1,49.0,0.0,40.0,1,1,1
7310,86.0,1.0,16.0,3.0,1,49.0,0.0,66.0,1,1,1
7311,31.0,3.0,19.0,1.0,1,49.0,0.0,40.0,1,1,0
7312,43.0,5.0,16.0,1.0,1,49.0,0.0,40.0,1,1,1
7313,27.0,1.0,21.0,1.0,0,49.0,0.0,40.0,1,1,1
7314,31.0,7.0,21.0,3.0,1,49.0,0.0,40.0,1,1,1
7315,64.0,5.0,19.0,1.0,0,49.0,0.0,40.0,1,1,0
7316,43.0,5.0,16.0,1.0,1,49.0,0.0,40.0,1,1,1
7317,43.0,2.0,19.0,1.0,0,49.0,0.0,40.0,1,1,0
7318,19.0,1.0,19.0,1.0,1,49.0,0.0,40.0,1,0,1
7319,19.0,3.0,21.0,1.0,2,49.0,0.0,40.0,1,1,1
7320,53.0,2.0,16.0,1.0,0,49.0,0.0,40.0,0,1,1
7321,31.0,7.0,19.0,1.0,1,49.0,1.0,40.0,0,1,0
7322,42.0,1.0,19.0,1.0,2,49.0,0.0,40.0,1,1,1
7323,17.0,7.0,16.0,1.0,1,49.0,0.0,40.0,1,1,0
7324,64.0,7.0,16.0,1.0,1,49.0,0.0,40.0,1,1,0
7325,75.0,7.0,21.0,1.0,4,49.0,0.0,40.0,1,1,1
7326,75.0,1.0,19.0,1.0,1,49.0,0.0,40.0,0,1,1
7327,83.0,2.0,16.0,1.0,2,49.0,0.0,40.0,1,1,1
7328,83.0,7.0,16.0,1.0,0,49.0,0.0,40.0,1,1,1
7329,64.0,5.0,22.0,1.0,2,49.0,0.0,40.0,1,1,1
7330,31.0,1.0,16.0,1.0,1,49.0,0.0,40.0,1,1,1
7331,83.0,2.0,16.0,1.0,0,49.0,1.0,40.0,1,1,1
7332,31.0,1.0,24.0,1.0,1,49.0,0.0,40.0,1,1,0
7333,86.0,2.0,19.0,1.0,1,49.0,0.0,40.0,1,1,0
7334,83.0,1.0,16.0,1.0,1,49.0,1.0,40.0,1,1,0
7335,17.0,1.0,16.0,1.0,1,49.0,0.0,40.0,0,1,1
7336,75.0,3.0,16.0,1.0,1,49.0,1.0,40.0,1,1,1
7337,85.0,7.0,12.0,1.0,1,49.0,0.0,40.0,1,1,0
7338,64.0,2.0,22.0,1.0,1,49.0,0.0,40.0,1,1,0
7339,34.0,1.0,13.0,2.0,0,49.0,0.0,40.0,1,1,1
7340,31.0,3.0,16.0,1.0,1,49.0,0.0,40.0,1,1,1
7341,31.0,2.0,19.0,1.0,1,49.0,0.0,99.0,1,1,1
7342,83.0,3.0,22.0,1.0,1,49.0,0.0,40.0,1,1,0
7343,75.0,1.0,16.0,1.0,1,49.0,0.0,40.0,1,1,1
7344,83.0,2.0,19.0,1.0,0,49.0,0.0,40.0,1,1,1
7345,83.0,5.0,21.0,1.0,-1,49.0,0.0,40.0,0,1,1
7346,31.0,2.0,21.0,1.0,1,49.0,1.0,40.0,0,0,1
7347,83.0,1.0,16.0,1.0,1,49.0,0.0,40.0,1,1,1
7348,83.0,2.0,19.0,1.0,-1,49.0,0.0,40.0,1,0,1
7349,32.0,7.0,16.0,1.0,1,49.0,0.0,40.0,1,1,1
7350,60.0,1.0,21.0,1.0,1,49.0,1.0,40.0,1,1,1
7351,31.0,3.0,19.0,1.0,1,49.0,1.0,40.0,1,1,1
7352,83.0,5.0,22.0,1.0,1,49.0,0.0,40.0,0,1,0
7353,83.0,3.0,19.0,1.0,1,49.0,13.0,40.0,1,1,1
7354,75.0,7.0,19.0,1.0,1,49.0,1.0,40.0,1,0,0
7355,75.0,1.0,16.0,1.0,1,49.0,0.0,40.0,1,0,0
7356,83.0,2.0,19.0,1.0,0,49.0,0.0,40.0,1,1,0
7357,52.0,5.0,16.0,1.0,0,49.0,0.0,40.0,1,1,1
7358,75.0,2.0,21.0,5.0,1,49.0,1.0,40.0,0,1,1
7359,17.0,1.0,16.0,1.0,0,49.0,0.0,40.0,0,1,1
7360,75.0,2.0,19.0,1.0,2,49.0,0.0,14.0,1,1,1
7361,31.0,2.0,19.0,1.0,0,49.0,1.0,40.0,1,1,1
7362,75.0,7.0,16.0,1.0,1,49.0,1.0,40.0,1,1,0
7363,42.0,2.0,19.0,1.0,1,49.0,0.0,91.0,1,1,0
7364,86.0,7.0,24.0,1.0,0,312.0,0.0,40.0,1,1,1
7365,36.0,2.0,16.0,1.0,1,49.0,0.0,40.0,1,1,1
7366,83.0,7.0,19.0,1.0,2,49.0,0.0,40.0,1,1,0
7367,83.0,1.0,21.0,3.0,1,49.0,0.0,40.0,1,1,1
7368,17.0,1.0,19.0,1.0,0,49.0,0.0,66.0,1,1,1
7369,69.0,5.0,16.0,1.0,0,49.0,0.0,40.0,1,1,0
7370,83.0,2.0,21.0,1.0,1,49.0,0.0,40.0,1,1,1
7371,17.0,5.0,19.0,1.0,1,49.0,0.0,40.0,0,1,0
7372,86.0,7.0,16.0,1.0,0,49.0,0.0,40.0,1,1,1
7373,83.0,1.0,21.0,1.0,1,49.0,0.0,40.0,1,1,1
7374,19.0,2.0,19.0,1.0,1,49.0,1.0,40.0,1,1,1
7375,86.0,2.0,16.0,1.0,1,49.0,0.0,40.0,1,1,1
7376,92.0,2.0,22.0,1.0,1,49.0,0.0,40.0,1,1,1
7377,43.0,1.0,16.0,1.0,0,49.0,0.0,40.0,1,1,1
7378,92.0,7.0,16.0,1.0,1,49.0,0.0,40.0,1,1,1
7379,75.0,2.0,16.0,5.0,1,49.0,0.0,40.0,1,1,0
7380,43.0,1.0,19.0,1.0,4,49.0,0.0,40.0,0,1,0
7381,83.0,7.0,16.0,1.0,1,49.0,0.0,40.0,1,1,0
7382,83.0,5.0,16.0,4.0,1,49.0,1.0,30.0,1,1,0
7383,83.0,2.0,16.0,1.0,1,49.0,0.0,40.0,0,1,0
7384,83.0,3.0,4.0,1.0,0,49.0,0.0,40.0,1,1,1
7385,19.0,2.0,16.0,1.0,1,49.0,1.0,40.0,1,1,1
7386,83.0,3.0,16.0,1.0,1,49.0,0.0,40.0,1,1,0
7387,83.0,2.0,19.0,1.0,3,49.0,0.0,40.0,1,1,0
7388,52.0,7.0,19.0,1.0,1,49.0,0.0,40.0,1,1,1
7389,34.0,2.0,19.0,1.0,4,49.0,1.0,40.0,1,1,1
7390,75.0,3.0,16.0,1.0,1,49.0,0.0,40.0,1,1,1
7391,17.0,1.0,12.0,1.0,1,49.0,0.0,40.0,1,1,1
7392,19.0,1.0,19.0,1.0,1,49.0,0.0,40.0,1,1,1
7393,83.0,1.0,21.0,1.0,0,49.0,0.0,40.0,1,1,1
7394,86.0,2.0,19.0,1.0,0,49.0,0.0,40.0,1,0,1
7395,32.0,5.0,21.0,1.0,2,49.0,0.0,19.0,1,1,1
7396,19.0,7.0,19.0,1.0,0,49.0,0.0,40.0,0,1,1
7397,60.0,2.0,16.0,1.0,1,49.0,0.0,40.0,1,1,1
7398,83.0,2.0,16.0,1.0,1,49.0,0.0,40.0,1,1,1
7399,75.0,2.0,19.0,1.0,1,49.0,0.0,40.0,0,1,0
7400,36.0,5.0,16.0,1.0,1,49.0,0.0,72.0,1,1,0
7401,17.0,5.0,19.0,1.0,1,49.0,0.0,40.0,1,1,1
7402,83.0,1.0,21.0,1.0,1,49.0,0.0,40.0,1,0,0
7403,75.0,3.0,16.0,1.0,1,49.0,0.0,40.0,0,1,1
7404,19.0,3.0,21.0,1.0,1,49.0,0.0,40.0,1,1,0
7405,83.0,1.0,19.0,1.0,1,49.0,0.0,66.0,1,1,1
7406,31.0,2.0,19.0,1.0,1,49.0,0.0,40.0,0,1,1
7407,43.0,2.0,19.0,1.0,3,49.0,0.0,40.0,1,1,1
7408,43.0,3.0,16.0,1.0,1,49.0,1.0,40.0,1,1,1
7409,33.0,2.0,21.0,1.0,1,49.0,0.0,40.0,1,1,1
7410,83.0,7.0,19.0,1.0,1,49.0,0.0,40.0,1,0,0
7411,86.0,7.0,16.0,1.0,1,49.0,0.0,40.0,1,1,0
7412,31.0,2.0,16.0,3.0,4,49.0,0.0,40.0,1,1,0
7413,19.0,1.0,22.0,3.0,2,49.0,0.0,40.0,1,1,1
7414,19.0,4.0,16.0,1.0,1,49.0,0.0,40.0,0,0,1
7415,32.0,2.0,16.0,1.0,1,49.0,0.0,40.0,1,1,0
7416,36.0,2.0,16.0,1.0,1,49.0,0.0,40.0,1,1,1
7417,31.0,7.0,19.0,1.0,2,49.0,0.0,40.0,1,1,1
7418,31.0,1.0,19.0,1.0,1,49.0,0.0,40.0,1,0,1
7419,19.0,5.0,19.0,1.0,0,49.0,0.0,40.0,1,1,1
7420,75.0,3.0,16.0,1.0,1,49.0,1.0,40.0,1,1,0
7421,83.0,2.0,16.0,1.0,1,49.0,0.0,40.0,1,1,0
7422,69.0,3.0,16.0,1.0,0,2.0,0.0,40.0,1,1,1
7423,83.0,1.0,16.0,1.0,1,49.0,1.0,40.0,1,1,0
7424,92.0,2.0,21.0,1.0,1,49.0,0.0,40.0,1,1,1
7425,83.0,3.0,16.0,1.0,1,49.0,0.0,40.0,1,1,1
7426,86.0,1.0,16.0,1.0,1,49.0,0.0,40.0,1,1,0
7427,31.0,7.0,19.0,1.0,0,49.0,0.0,40.0,1,1,1
7428,17.0,3.0,16.0,5.0,0,49.0,0.0,40.0,1,1,1
7429,31.0,3.0,16.0,1.0,1,49.0,0.0,40.0,0,1,0
7430,19.0,1.0,21.0,1.0,1,49.0,0.0,40.0,1,1,0
7431,75.0,2.0,21.0,1.0,1,49.0,0.0,40.0,1,1,1
7432,31.0,7.0,19.0,1.0,1,49.0,0.0,40.0,1,1,0
7433,43.0,3.0,16.0,1.0,0,49.0,0.0,40.0,1,1,1
7434,92.0,3.0,16.0,1.0,1,49.0,0.0,40.0,1,1,1
7435,83.0,3.0,16.0,1.0,1,49.0,1.0,40.0,1,0,1
7436,86.0,7.0,19.0,1.0,0,49.0,0.0,40.0,1,1,0
7437,19.0,3.0,16.0,1.0,0,49.0,1.0,40.0,1,0,0
7438,92.0,1.0,16.0,1.0,1,49.0,0.0,40.0,1,1,0
7439,83.0,1.0,19.0,1.0,1,49.0,0.0,40.0,1,1,1
7440,86.0,3.0,19.0,5.0,0,49.0,1.0,40.0,0,1,0
7441,32.0,1.0,16.0,1.0,1,49.0,0.0,40.0,1,1,0
7442,19.0,3.0,21.0,1.0,1,49.0,1.0,66.0,1,1,0
7443,75.0,2.0,16.0,1.0,0,49.0,0.0,40.0,1,1,1
7444,83.0,1.0,16.0,1.0,2,49.0,13.0,40.0,1,1,1
7445,83.0,1.0,13.0,1.0,1,49.0,0.0,40.0,1,1,0
7446,53.0,2.0,16.0,1.0,1,49.0,0.0,40.0,0,1,1
7447,86.0,2.0,16.0,1.0,0,49.0,0.0,40.0,1,1,1
7448,31.0,1.0,16.0,1.0,0,49.0,0.0,40.0,1,1,1
7449,75.0,1.0,16.0,1.0,1,49.0,0.0,40.0,1,1,0
7450,43.0,5.0,16.0,1.0,1,49.0,0.0,40.0,1,1,0
7451,75.0,3.0,16.0,1.0,1,49.0,0.0,40.0,0,1,0
7452,86.0,1.0,16.0,1.0,2,49.0,0.0,40.0,0,1,0
7453,75.0,3.0,6.0,1.0,1,49.0,0.0,40.0,0,0,0
7454,31.0,2.0,19.0,1.0,4,49.0,0.0,40.0,1,0,1
7455,75.0,1.0,16.0,1.0,0,49.0,0.0,40.0,1,1,0
7456,83.0,3.0,16.0,1.0,0,49.0,0.0,40.0,1,1,0
7457,83.0,1.0,16.0,1.0,1,49.0,0.0,40.0,0,1,1
7458,75.0,1.0,21.0,1.0,1,49.0,0.0,40.0,1,1,0
7459,36.0,3.0,14.0,1.0,2,49.0,0.0,40.0,0,0,1
7460,31.0,3.0,19.0,1.0,1,49.0,1.0,40.0,1,0,1
7461,43.0,3.0,19.0,1.0,3,49.0,1.0,40.0,1,1,1
7462,83.0,1.0,19.0,1.0,2,49.0,1.0,40.0,1,0,1
7463,60.0,3.0,16.0,1.0,0,49.0,0.0,40.0,1,0,0
7464,26.0,2.0,16.0,1.0,1,49.0,1.0,40.0,1,0,1
7465,43.0,5.0,19.0,1.0,2,49.0,0.0,40.0,1,1,1
7466,75.0,7.0,21.0,1.0,1,49.0,0.0,40.0,1,1,0
7467,83.0,2.0,6.0,1.0,4,49.0,0.0,40.0,1,1,1
7468,75.0,2.0,16.0,1.0,1,49.0,0.0,40.0,1,1,1
7469,75.0,2.0,16.0,1.0,0,49.0,1.0,40.0,0,1,0
7470,17.0,1.0,19.0,1.0,1,49.0,1.0,40.0,1,1,0
7471,64.0,1.0,19.0,1.0,0,49.0,1.0,40.0,1,0,1
7472,19.0,2.0,16.0,1.0,1,49.0,0.0,40.0,1,1,1
7473,31.0,7.0,16.0,1.0,1,49.0,1.0,40.0,1,1,1
7474,83.0,2.0,21.0,1.0,1,49.0,0.0,40.0,1,1,1
7475,75.0,2.0,19.0,1.0,1,49.0,1.0,40.0,1,1,1
7476,27.0,7.0,19.0,1.0,1,49.0,0.0,40.0,1,1,1
7477,83.0,3.0,21.0,1.0,1,49.0,0.0,40.0,1,1,1
7478,75.0,7.0,16.0,1.0,1,49.0,0.0,40.0,1,0,1
7479,69.0,2.0,22.0,1.0,0,49.0,0.0,40.0,1,1,0
7480,83.0,2.0,16.0,1.0,0,49.0,0.0,40.0,1,1,1
7481,31.0,3.0,16.0,1.0,1,49.0,0.0,40.0,1,1,0
7482,69.0,1.0,21.0,1.0,1,49.0,0.0,40.0,0,0,1
7483,36.0,2.0,19.0,1.0,1,49.0,0.0,40.0,1,1,0
7484,83.0,5.0,16.0,1.0,1,49.0,0.0,40.0,1,1,0
7485,19.0,7.0,19.0,1.0,2,49.0,0.0,40.0,1,1,1
7486,92.0,5.0,24.0,1.0,1,49.0,1.0,40.0,1,1,1
7487,43.0,1.0,16.0,1.0,4,49.0,0.0,40.0,1,1,1
7488,83.0,5.0,16.0,1.0,2,49.0,0.0,40.0,1,1,1
7489,83.0,2.0,16.0,1.0,1,49.0,0.0,40.0,1,1,1
7490,36.0,3.0,16.0,1.0,1,49.0,0.0,40.0,1,1,1
7491,57.0,2.0,19.0,1.0,0,49.0,1.0,40.0,1,1,0
7492,30.0,2.0,21.0,1.0,1,49.0,0.0,40.0,1,1,1
7493,19.0,2.0,16.0,1.0,1,49.0,0.0,40.0,1,1,0
7494,83.0,3.0,16.0,1.0,1,49.0,0.0,40.0,1,1,0
7495,85.0,3.0,19.0,1.0,0,49.0,0.0,40.0,1,1,1
7496,31.0,2.0,19.0,1.0,2,49.0,0.0,40.0,1,1,1
7497,60.0,7.0,19.0,1.0,1,49.0,0.0,40.0,1,1,1
7498,19.0,5.0,19.0,1.0,1,49.0,0.0,40.0,1,1,1
7499,55.0,7.0,16.0,1.0,0,49.0,0.0,40.0,1,0,1
7500,43.0,5.0,16.0,1.0,2,49.0,0.0,40.0,0,1,1
7501,70.0,5.0,19.0,1.0,1,49.0,9.0,40.0,1,0,0
7502,19.0,2.0,19.0,1.0,0,49.0,1.0,40.0,1,1,0
7503,75.0,2.0,21.0,1.0,1,49.0,0.0,40.0,0,1,0
7504,83.0,7.0,19.0,1.0,1,49.0,0.0,40.0,0,1,0
7505,31.0,1.0,16.0,1.0,0,49.0,0.0,40.0,1,1,1
7506,83.0,1.0,16.0,1.0,1,49.0,0.0,40.0,1,1,0
7507,75.0,5.0,19.0,1.0,1,49.0,0.0,40.0,1,1,0
7508,83.0,1.0,19.0,1.0,1,49.0,0.0,40.0,1,1,1
7509,43.0,3.0,16.0,1.0,1,49.0,0.0,40.0,1,1,1
7510,31.0,2.0,19.0,1.0,1,49.0,0.0,40.0,1,0,0
7511,60.0,2.0,19.0,1.0,1,49.0,2.0,40.0,1,1,1
7512,31.0,1.0,19.0,1.0,1,49.0,0.0,40.0,1,1,0
7513,43.0,1.0,16.0,1.0,1,49.0,1.0,40.0,1,1,1
7514,19.0,3.0,4.0,1.0,1,49.0,1.0,40.0,1,1,1
7515,83.0,2.0,19.0,1.0,1,49.0,0.0,40.0,1,1,1
7516,86.0,7.0,19.0,1.0,1,49.0,0.0,40.0,0,0,1
7517,83.0,2.0,19.0,5.0,1,49.0,0.0,40.0,1,1,1
7518,36.0,3.0,21.0,1.0,1,49.0,0.0,40.0,1,1,1
7519,83.0,2.0,19.0,1.0,0,49.0,0.0,40.0,1,1,0
7520,83.0,1.0,11.0,5.0,0,49.0,0.0,40.0,0,1,1
7521,31.0,5.0,19.0,1.0,0,49.0,0.0,40.0,0,1,0
7522,83.0,2.0,21.0,1.0,1,49.0,0.0,40.0,1,1,1
7523,64.0,3.0,19.0,1.0,1,49.0,0.0,40.0,1,1,0
7524,75.0,3.0,21.0,1.0,4,49.0,0.0,40.0,1,1,1
7525,60.0,3.0,16.0,1.0,1,49.0,0.0,14.0,0,1,1
7526,83.0,2.0,19.0,1.0,1,49.0,0.0,40.0,1,1,0
7527,75.0,5.0,16.0,1.0,1,49.0,0.0,40.0,0,1,0
7528,31.0,7.0,16.0,1.0,1,49.0,0.0,40.0,1,1,1
7529,31.0,5.0,16.0,1.0,1,49.0,0.0,40.0,1,1,1
7530,83.0,1.0,19.0,1.0,1,49.0,0.0,40.0,1,1,0
7531,37.0,2.0,19.0,1.0,0,49.0,0.0,40.0,1,1,1
7532,43.0,4.0,19.0,1.0,1,49.0,0.0,40.0,1,1,0
7533,17.0,2.0,16.0,1.0,1,49.0,1.0,40.0,1,0,1
7534,43.0,5.0,19.0,1.0,1,49.0,0.0,40.0,1,1,1
7535,31.0,5.0,1.0,1.0,1,49.0,0.0,40.0,1,1,1
7536,19.0,2.0,19.0,1.0,0,49.0,0.0,40.0,1,1,0
7537,17.0,1.0,19.0,1.0,1,49.0,0.0,40.0,1,1,1
7538,83.0,2.0,19.0,1.0,1,49.0,1.0,40.0,0,1,0
7539,31.0,1.0,19.0,1.0,1,49.0,0.0,40.0,1,1,1
7540,31.0,2.0,21.0,1.0,1,49.0,0.0,4.0,1,1,1
7541,92.0,3.0,16.0,1.0,1,49.0,0.0,40.0,1,1,0
7542,83.0,2.0,16.0,1.0,1,49.0,0.0,40.0,0,1,0
7543,83.0,2.0,17.0,1.0,1,49.0,1.0,40.0,1,1,1
7544,40.0,1.0,21.0,1.0,1,49.0,0.0,40.0,1,1,1
7545,19.0,1.0,16.0,5.0,1,49.0,0.0,40.0,1,1,1
7546,75.0,1.0,16.0,1.0,1,49.0,1.0,40.0,1,1,0
7547,31.0,7.0,21.0,1.0,1,49.0,0.0,40.0,1,1,0
7548,42.0,2.0,19.0,1.0,2,49.0,0.0,40.0,1,0,1
7549,19.0,1.0,16.0,1.0,-1,49.0,1.0,40.0,1,1,1
7550,17.0,2.0,19.0,1.0,1,49.0,0.0,14.0,1,1,1
7551,19.0,5.0,16.0,1.0,1,49.0,0.0,40.0,1,1,0
7552,83.0,2.0,12.0,1.0,1,49.0,0.0,40.0,1,1,1
7553,31.0,6.0,8.0,5.0,2,49.0,1.0,40.0,0,1,0
7554,31.0,3.0,16.0,1.0,1,49.0,0.0,40.0,1,0,0
7555,75.0,5.0,16.0,1.0,0,49.0,1.0,40.0,1,1,1
7556,31.0,1.0,16.0,1.0,1,49.0,1.0,40.0,1,1,0
7557,32.0,7.0,19.0,1.0,1,49.0,0.0,40.0,1,1,1
7558,43.0,7.0,17.0,1.0,1,49.0,0.0,40.0,1,1,1
7559,83.0,2.0,16.0,1.0,1,49.0,0.0,40.0,1,1,0
7560,32.0,3.0,16.0,1.0,1,49.0,0.0,40.0,1,1,1
7561,17.0,7.0,19.0,1.0,1,49.0,0.0,40.0,1,1,1
7562,92.0,3.0,16.0,1.0,2,49.0,0.0,40.0,1,1,0
7563,64.0,2.0,16.0,1.0,2,49.0,0.0,19.0,0,1,0
7564,92.0,2.0,19.0,1.0,2,49.0,0.0,40.0,1,1,1
7565,86.0,7.0,16.0,1.0,1,49.0,0.0,40.0,1,1,0
7566,92.0,7.0,19.0,1.0,1,49.0,1.0,40.0,1,1,1
7567,83.0,3.0,19.0,4.0,1,49.0,0.0,40.0,1,1,0
7568,19.0,3.0,16.0,1.0,1,49.0,0.0,40.0,1,1,1
7569,54.0,2.0,17.0,1.0,1,49.0,0.0,40.0,0,1,0
7570,19.0,1.0,16.0,5.0,1,49.0,0.0,40.0,1,1,0
7571,31.0,1.0,16.0,1.0,1,49.0,1.0,40.0,1,1,1
7572,19.0,7.0,19.0,1.0,0,49.0,0.0,40.0,1,1,1
7573,26.0,3.0,16.0,1.0,0,49.0,0.0,40.0,0,1,1
7574,60.0,1.0,16.0,1.0,3,49.0,0.0,40.0,1,1,1
7575,83.0,2.0,19.0,1.0,2,49.0,1.0,40.0,1,1,0
7576,17.0,1.0,19.0,1.0,1,49.0,0.0,40.0,1,1,0
7577,83.0,3.0,16.0,1.0,1,49.0,0.0,40.0,1,1,0
7578,43.0,3.0,12.0,1.0,1,49.0,0.0,40.0,1,1,0
7579,75.0,3.0,19.0,1.0,2,49.0,1.0,40.0,1,1,1
7580,83.0,3.0,21.0,1.0,1,49.0,0.0,40.0,0,1,0
7581,31.0,7.0,16.0,1.0,0,49.0,0.0,40.0,1,1,1
7582,86.0,2.0,19.0,1.0,1,49.0,1.0,40.0,1,1,0
7583,83.0,1.0,24.0,1.0,1,49.0,1.0,40.0,1,1,1
7584,83.0,7.0,16.0,1.0,1,49.0,1.0,40.0,1,1,1
7585,43.0,1.0,21.0,1.0,1,49.0,0.0,40.0,1,0,1
7586,31.0,2.0,16.0,1.0,1,49.0,0.0,40.0,1,0,0
7587,75.0,1.0,19.0,1.0,0,49.0,0.0,40.0,1,1,1
7588,83.0,2.0,19.0,1.0,1,49.0,0.0,40.0,1,1,0
7589,60.0,1.0,16.0,1.0,0,49.0,0.0,40.0,1,1,0
7590,86.0,2.0,16.0,1.0,2,49.0,0.0,40.0,1,1,0
7591,43.0,2.0,21.0,1.0,-1,29.0,0.0,40.0,1,1,1
7592,83.0,2.0,19.0,1.0,5,49.0,0.0,40.0,1,1,1
7593,86.0,2.0,16.0,1.0,-1,49.0,0.0,40.0,1,1,1
7594,83.0,7.0,21.0,1.0,1,49.0,1.0,40.0,1,1,1
7595,83.0,2.0,19.0,5.0,4,49.0,1.0,40.0,0,1,1
7596,75.0,2.0,12.0,1.0,1,49.0,1.0,40.0,1,0,1
7597,17.0,2.0,21.0,1.0,1,49.0,0.0,40.0,0,1,0
7598,75.0,7.0,16.0,1.0,0,49.0,1.0,40.0,1,1,1
7599,43.0,3.0,19.0,1.0,1,49.0,1.0,40.0,0,1,1
7600,31.0,5.0,21.0,1.0,1,49.0,0.0,40.0,0,1,0
7601,92.0,2.0,19.0,1.0,-1,235.0,0.0,40.0,1,1,1
7602,31.0,2.0,24.0,1.0,1,49.0,1.0,40.0,1,1,1
7603,43.0,7.0,19.0,1.0,1,49.0,0.0,40.0,1,1,1
7604,83.0,2.0,16.0,1.0,1,49.0,0.0,40.0,1,1,0
7605,43.0,2.0,24.0,1.0,1,49.0,0.0,40.0,1,1,1
7606,92.0,3.0,17.0,1.0,1,49.0,0.0,40.0,1,1,0
7607,75.0,5.0,16.0,1.0,1,49.0,1.0,40.0,1,1,1
7608,17.0,1.0,21.0,1.0,1,49.0,0.0,40.0,1,1,0
7609,31.0,1.0,16.0,1.0,0,49.0,1.0,40.0,1,1,1
7610,43.0,1.0,19.0,1.0,1,49.0,15.0,40.0,0,0,0
7611,31.0,2.0,19.0,1.0,0,49.0,0.0,40.0,1,1,1
7612,17.0,2.0,16.0,1.0,1,49.0,0.0,40.0,1,1,1
7613,40.0,2.0,19.0,1.0,1,49.0,5.0,40.0,1,1,1
7614,86.0,2.0,19.0,1.0,1,49.0,0.0,40.0,0,1,0
7615,43.0,7.0,16.0,1.0,1,364.0,0.0,40.0,1,1,0
7616,75.0,3.0,16.0,1.0,2,49.0,0.0,40.0,1,0,0
7617,33.0,8.0,19.0,1.0,2,49.0,0.0,40.0,1,1,0
7618,83.0,2.0,16.0,1.0,0,49.0,1.0,40.0,1,1,0
7619,60.0,7.0,19.0,1.0,1,49.0,0.0,40.0,1,1,1
7620,31.0,3.0,21.0,1.0,1,49.0,1.0,40.0,1,1,0
7621,31.0,3.0,19.0,1.0,1,49.0,0.0,40.0,1,0,1
7622,31.0,6.0,19.0,1.0,1,49.0,1.0,40.0,1,1,1
7623,83.0,5.0,19.0,1.0,1,49.0,1.0,40.0,1,1,1
7624,75.0,3.0,16.0,1.0,1,49.0,1.0,40.0,1,1,1
7625,69.0,7.0,16.0,1.0,1,49.0,0.0,40.0,0,1,0
7626,55.0,3.0,16.0,1.0,1,49.0,1.0,40.0,1,1,1
7627,31.0,3.0,22.0,1.0,2,49.0,0.0,40.0,1,1,1
7628,83.0,3.0,4.0,1.0,2,49.0,0.0,40.0,1,1,0
7629,83.0,8.0,16.0,1.0,4,49.0,0.0,40.0,1,1,0
7630,83.0,2.0,19.0,1.0,2,49.0,1.0,40.0,1,1,0
7631,31.0,7.0,16.0,1.0,2,49.0,0.0,40.0,0,1,0
7632,43.0,2.0,16.0,1.0,1,49.0,1.0,40.0,1,1,1
7633,83.0,1.0,16.0,1.0,1,49.0,0.0,40.0,0,1,0
7634,19.0,5.0,21.0,1.0,0,49.0,0.0,40.0,1,1,0
7635,46.0,1.0,16.0,1.0,1,49.0,0.0,40.0,1,1,1
7636,43.0,3.0,16.0,1.0,1,49.0,0.0,40.0,0,1,1
7637,43.0,7.0,16.0,1.0,1,49.0,0.0,40.0,1,1,1
7638,64.0,7.0,16.0,1.0,1,49.0,0.0,40.0,1,1,0
7639,64.0,1.0,16.0,1.0,1,49.0,9.0,40.0,1,1,0
7640,75.0,1.0,19.0,1.0,0,49.0,0.0,40.0,1,0,0
7641,43.0,3.0,16.0,1.0,5,49.0,1.0,40.0,1,1,1
7642,32.0,1.0,22.0,1.0,1,49.0,0.0,40.0,1,1,0
7643,75.0,5.0,16.0,1.0,2,49.0,1.0,40.0,0,0,0
7644,83.0,5.0,21.0,1.0,0,49.0,0.0,40.0,1,1,1
7645,64.0,3.0,21.0,1.0,2,49.0,0.0,40.0,1,1,1
7646,92.0,7.0,19.0,1.0,1,49.0,0.0,40.0,1,1,0
7647,64.0,3.0,19.0,1.0,1,49.0,0.0,40.0,1,1,0
7648,86.0,7.0,16.0,1.0,5,49.0,0.0,40.0,1,1,1
7649,75.0,1.0,13.0,1.0,1,49.0,0.0,40.0,1,1,1
7650,75.0,5.0,19.0,1.0,2,49.0,0.0,29.0,1,1,0
7651,75.0,3.0,16.0,1.0,0,49.0,0.0,40.0,1,1,1
7652,43.0,7.0,16.0,1.0,1,49.0,1.0,40.0,1,1,0
7653,43.0,7.0,19.0,1.0,1,49.0,0.0,40.0,1,1,0
7654,19.0,7.0,16.0,1.0,1,49.0,1.0,40.0,0,1,1
7655,75.0,7.0,16.0,1.0,1,49.0,0.0,40.0,1,0,1
7656,43.0,2.0,16.0,1.0,1,49.0,0.0,40.0,1,1,1
7657,17.0,7.0,19.0,1.0,1,49.0,0.0,40.0,0,1,1
7658,83.0,8.0,19.0,1.0,1,49.0,0.0,66.0,1,1,0
7659,31.0,3.0,16.0,1.0,1,49.0,0.0,40.0,1,1,1
7660,17.0,1.0,16.0,1.0,1,49.0,0.0,40.0,1,1,1
7661,83.0,7.0,16.0,1.0,1,49.0,0.0,40.0,1,1,1
7662,36.0,1.0,16.0,1.0,1,49.0,0.0,40.0,1,1,1
7663,83.0,7.0,21.0,1.0,1,49.0,0.0,40.0,1,1,1
7664,83.0,2.0,19.0,1.0,1,49.0,0.0,40.0,1,1,1
7665,83.0,2.0,21.0,1.0,0,49.0,0.0,40.0,1,1,0
7666,83.0,1.0,16.0,1.0,1,49.0,0.0,40.0,1,1,1
7667,83.0,2.0,16.0,1.0,1,49.0,0.0,40.0,1,1,0
7668,83.0,2.0,16.0,1.0,-1,49.0,0.0,40.0,1,1,1
7669,86.0,3.0,16.0,1.0,1,49.0,0.0,40.0,1,1,1
7670,75.0,2.0,12.0,1.0,1,49.0,0.0,40.0,1,1,1
7671,34.0,1.0,16.0,1.0,2,49.0,0.0,90.0,1,1,0
7672,17.0,2.0,19.0,1.0,2,49.0,0.0,40.0,1,1,1
7673,31.0,7.0,4.0,1.0,1,49.0,1.0,40.0,1,1,1
7674,69.0,2.0,18.0,1.0,2,49.0,0.0,34.0,1,1,0
7675,83.0,2.0,16.0,1.0,0,49.0,0.0,40.0,0,1,1
7676,83.0,5.0,19.0,1.0,1,49.0,0.0,40.0,1,1,0
7677,83.0,3.0,16.0,1.0,1,49.0,0.0,40.0,1,1,1
7678,75.0,3.0,19.0,1.0,1,49.0,0.0,40.0,1,1,0
7679,83.0,2.0,19.0,1.0,1,49.0,0.0,40.0,1,1,1
7680,86.0,2.0,16.0,1.0,1,49.0,1.0,40.0,1,1,1
7681,60.0,7.0,19.0,1.0,4,49.0,1.0,40.0,1,1,1
7682,35.0,2.0,19.0,1.0,1,49.0,0.0,40.0,0,1,0
7683,60.0,1.0,16.0,1.0,0,49.0,1.0,40.0,1,1,0
7684,75.0,2.0,16.0,1.0,1,49.0,0.0,40.0,1,1,1
7685,83.0,1.0,16.0,1.0,1,49.0,0.0,40.0,0,1,0
7686,43.0,2.0,24.0,1.0,1,49.0,0.0,40.0,1,1,1
7687,83.0,5.0,21.0,1.0,1,49.0,1.0,40.0,1,1,1
7688,83.0,1.0,16.0,1.0,1,49.0,1.0,40.0,1,1,0
7689,83.0,1.0,16.0,1.0,1,49.0,1.0,40.0,1,0,1
7690,86.0,2.0,19.0,1.0,1,49.0,0.0,40.0,1,0,1
7691,31.0,1.0,16.0,1.0,1,49.0,0.0,40.0,1,0,1
7692,19.0,1.0,19.0,1.0,4,49.0,0.0,40.0,0,1,1
7693,19.0,2.0,19.0,1.0,1,49.0,1.0,40.0,1,1,0
7694,86.0,2.0,16.0,1.0,1,49.0,1.0,40.0,1,1,1
7695,86.0,2.0,16.0,1.0,1,49.0,0.0,40.0,1,1,1
7696,43.0,1.0,21.0,1.0,1,49.0,0.0,40.0,1,1,1
7697,83.0,7.0,21.0,1.0,0,49.0,0.0,40.0,1,1,1
7698,83.0,5.0,16.0,1.0,2,49.0,0.0,40.0,1,0,1
7699,75.0,7.0,4.0,1.0,1,49.0,0.0,40.0,1,1,1
7700,32.0,3.0,16.0,1.0,1,49.0,0.0,40.0,1,1,1
7701,75.0,2.0,21.0,1.0,1,49.0,0.0,40.0,1,1,0
7702,43.0,2.0,16.0,1.0,1,49.0,0.0,40.0,1,1,1
7703,83.0,3.0,16.0,4.0,1,49.0,0.0,40.0,1,1,0
7704,83.0,2.0,19.0,1.0,1,49.0,1.0,40.0,1,1,1
7705,86.0,4.0,21.0,1.0,-1,49.0,0.0,40.0,1,1,1
7706,31.0,7.0,21.0,1.0,4,49.0,0.0,14.0,0,1,1
7707,86.0,2.0,19.0,1.0,0,49.0,0.0,40.0,1,1,1
7708,19.0,2.0,19.0,1.0,1,49.0,1.0,40.0,1,1,1
7709,17.0,3.0,19.0,1.0,0,49.0,0.0,40.0,1,1,0
7710,75.0,3.0,21.0,1.0,1,49.0,0.0,40.0,1,1,1
7711,83.0,7.0,19.0,5.0,1,49.0,0.0,40.0,1,0,1
7712,75.0,2.0,19.0,1.0,1,49.0,0.0,40.0,1,1,1
7713,43.0,2.0,22.0,5.0,1,49.0,1.0,40.0,1,1,0
7714,75.0,2.0,19.0,1.0,2,49.0,1.0,40.0,1,1,1
7715,60.0,2.0,16.0,1.0,0,49.0,0.0,40.0,0,1,1
7716,86.0,7.0,16.0,1.0,4,49.0,1.0,40.0,1,1,1
7717,75.0,7.0,16.0,1.0,0,49.0,0.0,40.0,1,1,1
7718,43.0,3.0,19.0,1.0,0,49.0,0.0,40.0,1,1,0
7719,83.0,1.0,19.0,1.0,0,49.0,0.0,40.0,1,1,0
7720,75.0,5.0,4.0,1.0,0,49.0,0.0,40.0,1,1,0
7721,86.0,1.0,19.0,1.0,0,49.0,0.0,40.0,0,1,1
7722,75.0,3.0,21.0,1.0,1,49.0,0.0,40.0,1,1,0
7723,32.0,3.0,21.0,5.0,0,49.0,0.0,40.0,1,1,1
7724,83.0,2.0,16.0,1.0,0,49.0,0.0,40.0,0,1,1
7725,84.0,1.0,16.0,1.0,2,49.0,0.0,40.0,1,0,1
7726,31.0,5.0,19.0,1.0,-1,49.0,0.0,40.0,1,1,0
7727,85.0,7.0,19.0,1.0,0,49.0,0.0,40.0,1,1,1
7728,43.0,3.0,19.0,1.0,1,49.0,0.0,40.0,1,1,1
7729,86.0,1.0,16.0,1.0,0,214.0,0.0,40.0,0,1,1
7730,31.0,1.0,19.0,1.0,2,49.0,0.0,40.0,1,0,0
7731,19.0,2.0,16.0,1.0,1,49.0,0.0,40.0,1,1,1
7732,75.0,7.0,19.0,1.0,2,49.0,1.0,40.0,0,1,1
7733,43.0,3.0,19.0,1.0,2,49.0,1.0,40.0,1,1,0
7734,75.0,2.0,19.0,1.0,1,49.0,1.0,40.0,1,1,1
7735,75.0,2.0,19.0,1.0,2,49.0,0.0,40.0,1,1,1
7736,32.0,2.0,16.0,1.0,1,49.0,1.0,40.0,1,1,1
7737,70.0,7.0,19.0,1.0,1,110.0,0.0,40.0,1,1,1
7738,19.0,2.0,16.0,1.0,1,49.0,0.0,40.0,0,1,1
7739,19.0,7.0,17.0,1.0,1,49.0,0.0,40.0,0,1,0
7740,19.0,7.0,19.0,1.0,1,49.0,1.0,40.0,0,1,1
7741,92.0,1.0,16.0,1.0,1,49.0,1.0,40.0,1,0,1
7742,75.0,7.0,16.0,1.0,4,49.0,1.0,40.0,1,1,0
7743,83.0,3.0,19.0,1.0,1,49.0,0.0,40.0,1,1,0
7744,36.0,7.0,22.0,1.0,1,49.0,0.0,40.0,1,1,1
7745,31.0,5.0,16.0,1.0,1,49.0,1.0,66.0,1,1,1
7746,43.0,7.0,16.0,1.0,1,49.0,1.0,40.0,1,0,0
7747,19.0,1.0,19.0,1.0,1,49.0,0.0,40.0,1,1,1
7748,32.0,7.0,8.0,1.0,1,49.0,1.0,40.0,1,1,1
7749,43.0,2.0,19.0,5.0,4,56.0,0.0,40.0,1,1,0
7750,64.0,7.0,19.0,1.0,1,49.0,0.0,40.0,1,1,0
7751,31.0,2.0,16.0,1.0,1,49.0,0.0,40.0,1,1,1
7752,83.0,1.0,16.0,1.0,2,49.0,0.0,40.0,1,1,1
7753,31.0,3.0,19.0,1.0,1,49.0,0.0,40.0,1,1,0
7754,31.0,1.0,16.0,1.0,1,49.0,0.0,40.0,1,1,1
7755,84.0,1.0,16.0,1.0,1,49.0,0.0,40.0,1,1,0
7756,83.0,2.0,16.0,1.0,1,49.0,0.0,40.0,1,1,0
7757,43.0,3.0,16.0,1.0,0,49.0,0.0,40.0,0,0,1
7758,17.0,1.0,19.0,1.0,0,49.0,1.0,40.0,1,1,1
7759,31.0,5.0,19.0,1.0,1,49.0,0.0,40.0,0,1,0
7760,75.0,2.0,19.0,1.0,1,49.0,1.0,40.0,1,1,1
7761,69.0,3.0,16.0,1.0,1,49.0,1.0,40.0,1,1,0
7762,36.0,1.0,21.0,1.0,1,49.0,0.0,40.0,1,1,0
7763,83.0,7.0,15.0,1.0,0,49.0,0.0,40.0,0,1,1
7764,19.0,5.0,19.0,1.0,1,49.0,1.0,40.0,1,0,1
7765,83.0,1.0,21.0,1.0,0,49.0,0.0,40.0,1,1,0
7766,17.0,1.0,16.0,1.0,0,49.0,0.0,40.0,1,1,0
7767,86.0,1.0,21.0,5.0,1,49.0,1.0,40.0,0,1,1
7768,19.0,5.0,19.0,1.0,4,49.0,0.0,40.0,1,1,0
7769,86.0,2.0,16.0,5.0,2,49.0,0.0,40.0,1,1,1
7770,83.0,2.0,16.0,1.0,4,49.0,0.0,40.0,1,0,0
7771,17.0,2.0,17.0,1.0,1,49.0,1.0,40.0,1,0,0
7772,19.0,7.0,19.0,1.0,1,49.0,0.0,40.0,1,1,1
7773,86.0,1.0,16.0,1.0,1,49.0,1.0,40.0,1,1,0
7774,86.0,3.0,24.0,1.0,2,49.0,0.0,40.0,0,1,1
7775,83.0,1.0,19.0,1.0,0,49.0,0.0,40.0,1,1,1
7776,43.0,3.0,16.0,1.0,4,49.0,0.0,40.0,0,1,1
7777,83.0,2.0,16.0,1.0,1,49.0,0.0,66.0,0,0,0
7778,19.0,3.0,21.0,1.0,1,49.0,1.0,19.0,1,1,1
7779,31.0,3.0,16.0,1.0,1,49.0,1.0,40.0,1,1,1
7780,55.0,5.0,16.0,1.0,1,49.0,0.0,40.0,1,1,1
7781,83.0,7.0,16.0,1.0,0,49.0,0.0,40.0,1,1,0
7782,19.0,5.0,16.0,1.0,1,49.0,0.0,40.0,1,1,1
7783,31.0,1.0,16.0,5.0,1,49.0,0.0,40.0,1,1,0
7784,83.0,3.0,19.0,1.0,1,49.0,1.0,40.0,1,1,1
7785,83.0,3.0,16.0,1.0,2,49.0,1.0,40.0,1,1,0
7786,69.0,1.0,16.0,1.0,0,49.0,0.0,40.0,1,1,0
7787,83.0,1.0,16.0,1.0,0,49.0,0.0,40.0,1,1,1
7788,64.0,1.0,23.0,1.0,1,49.0,0.0,40.0,1,1,0
7789,86.0,1.0,16.0,1.0,0,49.0,2.0,40.0,1,1,1
7790,64.0,2.0,16.0,1.0,1,49.0,0.0,40.0,1,1,1
7791,31.0,2.0,22.0,1.0,1,49.0,0.0,40.0,1,1,1
7792,75.0,7.0,19.0,1.0,1,49.0,0.0,40.0,1,1,1
7793,63.0,2.0,21.0,5.0,1,49.0,0.0,40.0,0,1,1
7794,92.0,5.0,21.0,1.0,1,49.0,0.0,40.0,0,1,0
7795,43.0,1.0,16.0,1.0,1,49.0,0.0,40.0,1,1,0
7796,31.0,3.0,19.0,1.0,0,49.0,0.0,40.0,1,1,1
7797,83.0,1.0,16.0,1.0,2,49.0,0.0,40.0,1,1,1
7798,63.0,1.0,19.0,1.0,1,49.0,0.0,40.0,1,1,1
7799,83.0,2.0,4.0,1.0,1,49.0,0.0,40.0,1,1,0
7800,92.0,3.0,16.0,1.0,2,49.0,0.0,30.0,1,1,1
7801,19.0,7.0,19.0,1.0,1,49.0,0.0,40.0,1,1,0
7802,83.0,1.0,16.0,1.0,1,49.0,0.0,40.0,1,1,0
7803,17.0,3.0,16.0,1.0,1,49.0,0.0,40.0,1,1,1
7804,84.0,2.0,19.0,1.0,1,49.0,0.0,40.0,1,0,1
7805,31.0,1.0,19.0,1.0,1,49.0,0.0,40.0,1,1,0
7806,87.0,3.0,19.0,1.0,1,49.0,0.0,40.0,1,1,1
7807,17.0,2.0,16.0,1.0,0,49.0,0.0,40.0,1,1,1
7808,75.0,2.0,24.0,1.0,0,49.0,0.0,40.0,1,1,1
7809,17.0,1.0,16.0,1.0,1,49.0,0.0,40.0,1,1,1
7810,31.0,5.0,16.0,3.0,0,49.0,0.0,40.0,1,1,0
7811,43.0,7.0,19.0,1.0,1,49.0,0.0,40.0,1,1,1
7812,19.0,4.0,19.0,1.0,1,49.0,0.0,40.0,1,1,1
7813,75.0,5.0,16.0,1.0,1,49.0,1.0,40.0,1,1,0
7814,36.0,2.0,19.0,1.0,2,49.0,0.0,40.0,1,1,1
7815,31.0,1.0,16.0,1.0,1,49.0,0.0,40.0,1,1,0
7816,75.0,1.0,21.0,1.0,1,49.0,0.0,40.0,1,1,1
7817,75.0,1.0,16.0,1.0,2,49.0,1.0,40.0,1,1,1
7818,83.0,1.0,16.0,1.0,1,49.0,0.0,40.0,1,1,1
7819,69.0,3.0,16.0,1.0,0,49.0,0.0,40.0,1,1,0
7820,27.0,1.0,19.0,1.0,1,49.0,0.0,40.0,1,1,1
7821,86.0,2.0,21.0,1.0,1,49.0,0.0,40.0,1,1,1
7822,31.0,7.0,16.0,1.0,1,49.0,0.0,40.0,1,1,1
7823,83.0,2.0,16.0,1.0,4,49.0,0.0,40.0,1,1,1
7824,19.0,2.0,16.0,1.0,1,49.0,0.0,40.0,1,1,1
7825,43.0,2.0,16.0,1.0,1,49.0,0.0,40.0,1,0,1
7826,19.0,1.0,21.0,1.0,1,49.0,0.0,40.0,1,1,1
7827,75.0,2.0,19.0,1.0,1,49.0,1.0,40.0,1,1,1
7828,43.0,2.0,19.0,1.0,1,49.0,1.0,40.0,1,1,1
7829,72.0,2.0,16.0,1.0,1,49.0,1.0,40.0,1,1,1
7830,83.0,3.0,16.0,1.0,0,49.0,0.0,40.0,1,1,1
7831,43.0,1.0,19.0,5.0,1,49.0,0.0,40.0,1,1,1
7832,31.0,2.0,19.0,1.0,1,49.0,0.0,40.0,1,0,1
7833,64.0,5.0,19.0,1.0,4,49.0,0.0,40.0,1,0,1
7834,86.0,1.0,16.0,1.0,0,49.0,0.0,40.0,1,0,0
7835,86.0,5.0,21.0,1.0,1,49.0,0.0,40.0,1,1,0
7836,19.0,5.0,16.0,1.0,1,49.0,0.0,66.0,1,0,1
7837,86.0,8.0,19.0,1.0,1,49.0,0.0,40.0,1,1,0
7838,75.0,7.0,16.0,1.0,1,49.0,0.0,40.0,1,1,0
7839,83.0,2.0,16.0,5.0,1,49.0,0.0,40.0,1,1,1
7840,83.0,3.0,16.0,1.0,1,49.0,1.0,40.0,1,1,0
7841,31.0,7.0,21.0,1.0,1,49.0,0.0,40.0,1,1,1
7842,83.0,1.0,22.0,1.0,4,49.0,0.0,40.0,1,1,0
7843,31.0,1.0,19.0,2.0,1,49.0,0.0,40.0,1,1,1
7844,86.0,2.0,19.0,1.0,0,49.0,1.0,40.0,1,1,1
7845,83.0,3.0,16.0,1.0,1,49.0,0.0,40.0,0,1,1
7846,43.0,7.0,16.0,1.0,-1,49.0,0.0,40.0,0,1,0
7847,83.0,7.0,23.0,1.0,1,49.0,0.0,40.0,1,1,0
7848,69.0,1.0,24.0,1.0,0,49.0,0.0,40.0,0,1,0
7849,31.0,2.0,16.0,1.0,2,49.0,0.0,40.0,1,1,1
7850,83.0,2.0,16.0,1.0,1,49.0,0.0,40.0,1,0,0
7851,69.0,2.0,6.0,1.0,0,49.0,0.0,40.0,1,1,1
7852,64.0,7.0,19.0,1.0,1,49.0,0.0,40.0,0,0,1
7853,43.0,1.0,17.0,1.0,1,49.0,0.0,40.0,1,1,1
7854,64.0,1.0,21.0,1.0,1,49.0,0.0,40.0,0,1,1
7855,43.0,2.0,16.0,1.0,2,49.0,0.0,40.0,1,1,1
7856,43.0,7.0,19.0,5.0,1,49.0,0.0,40.0,0,1,1
7857,19.0,7.0,22.0,1.0,1,49.0,0.0,40.0,0,1,1
7858,86.0,2.0,16.0,1.0,0,49.0,0.0,40.0,1,1,0
7859,34.0,2.0,21.0,1.0,0,49.0,0.0,40.0,1,1,0
7860,75.0,7.0,16.0,1.0,0,49.0,0.0,40.0,1,0,0
7861,83.0,3.0,19.0,1.0,1,136.0,0.0,40.0,1,1,1
7862,31.0,1.0,23.0,1.0,1,49.0,0.0,40.0,1,1,1
7863,17.0,2.0,21.0,1.0,1,49.0,0.0,40.0,1,1,0
7864,83.0,2.0,14.0,1.0,2,49.0,0.0,40.0,1,1,1
7865,83.0,2.0,16.0,1.0,1,49.0,1.0,40.0,0,1,0
7866,36.0,7.0,19.0,1.0,0,49.0,0.0,40.0,0,1,0
7867,92.0,1.0,16.0,1.0,1,49.0,0.0,14.0,1,1,1
7868,86.0,7.0,19.0,1.0,2,49.0,0.0,40.0,1,1,0
7869,83.0,1.0,19.0,1.0,1,49.0,0.0,52.0,1,1,0
7870,48.0,3.0,19.0,1.0,1,49.0,0.0,40.0,0,1,0
7871,83.0,1.0,16.0,1.0,2,49.0,0.0,40.0,1,1,1
7872,60.0,5.0,21.0,1.0,1,49.0,0.0,40.0,1,1,0
7873,83.0,2.0,19.0,1.0,1,49.0,0.0,40.0,1,1,1
7874,60.0,5.0,16.0,1.0,1,49.0,1.0,66.0,1,1,1
7875,17.0,3.0,16.0,1.0,1,49.0,0.0,30.0,1,1,1
7876,83.0,7.0,16.0,1.0,0,49.0,0.0,40.0,1,1,1
7877,83.0,1.0,19.0,1.0,1,49.0,0.0,40.0,1,1,1
7878,74.0,3.0,16.0,1.0,1,49.0,1.0,40.0,1,0,0
7879,31.0,1.0,19.0,1.0,1,49.0,0.0,40.0,1,1,1
7880,75.0,1.0,16.0,1.0,1,49.0,0.0,40.0,1,1,0
7881,92.0,4.0,24.0,1.0,1,49.0,0.0,40.0,1,1,1
7882,83.0,2.0,19.0,1.0,2,49.0,0.0,40.0,0,1,0
7883,19.0,2.0,16.0,1.0,0,49.0,0.0,40.0,1,1,1
7884,31.0,1.0,16.0,1.0,1,49.0,0.0,40.0,1,1,0
7885,86.0,5.0,21.0,1.0,1,49.0,0.0,40.0,1,1,1
7886,74.0,1.0,16.0,1.0,1,49.0,1.0,40.0,1,1,1
7887,43.0,2.0,19.0,5.0,1,49.0,0.0,40.0,1,1,1
7888,33.0,3.0,21.0,1.0,1,49.0,0.0,40.0,1,1,1
7889,83.0,3.0,22.0,1.0,1,49.0,0.0,40.0,1,0,0
7890,43.0,1.0,16.0,1.0,1,49.0,1.0,40.0,0,1,1
7891,64.0,1.0,16.0,1.0,1,49.0,0.0,40.0,0,1,1
7892,86.0,2.0,19.0,1.0,1,49.0,0.0,40.0,0,1,1
7893,69.0,3.0,16.0,1.0,1,49.0,0.0,40.0,0,1,1
7894,31.0,2.0,23.0,1.0,1,49.0,0.0,66.0,1,0,0
7895,17.0,7.0,19.0,1.0,3,49.0,0.0,40.0,1,1,0
7896,43.0,5.0,23.0,1.0,0,49.0,0.0,40.0,1,1,1
7897,31.0,2.0,21.0,1.0,1,49.0,0.0,40.0,1,1,0
7898,43.0,2.0,16.0,1.0,0,49.0,1.0,40.0,1,1,1
7899,64.0,3.0,16.0,1.0,1,49.0,0.0,40.0,0,1,1
7900,31.0,7.0,16.0,1.0,1,49.0,0.0,40.0,1,1,0
7901,75.0,5.0,16.0,1.0,0,49.0,0.0,40.0,1,1,1
7902,60.0,3.0,19.0,1.0,1,49.0,0.0,40.0,1,1,0
7903,83.0,7.0,16.0,1.0,0,49.0,0.0,40.0,1,1,1
7904,75.0,2.0,21.0,1.0,1,49.0,0.0,40.0,0,1,0
7905,83.0,6.0,19.0,1.0,4,49.0,1.0,40.0,1,1,0
7906,70.0,2.0,16.0,1.0,1,49.0,0.0,40.0,0,1,1
7907,92.0,2.0,21.0,1.0,1,49.0,0.0,40.0,1,1,1
7908,43.0,1.0,16.0,1.0,0,49.0,0.0,40.0,1,1,0
7909,75.0,3.0,19.0,1.0,0,49.0,1.0,40.0,1,1,1
7910,31.0,1.0,19.0,1.0,2,49.0,0.0,40.0,1,1,1
7911,74.0,1.0,16.0,1.0,1,49.0,0.0,40.0,1,1,1
7912,19.0,1.0,16.0,1.0,1,49.0,1.0,40.0,1,1,1
7913,83.0,2.0,16.0,1.0,4,49.0,0.0,40.0,1,1,0
7914,75.0,7.0,24.0,1.0,1,49.0,0.0,40.0,0,1,1
7915,83.0,1.0,16.0,1.0,1,49.0,0.0,40.0,0,1,1
7916,31.0,1.0,19.0,1.0,2,49.0,0.0,40.0,1,1,1
7917,92.0,3.0,19.0,1.0,0,49.0,0.0,40.0,1,1,0
7918,52.0,3.0,16.0,1.0,1,49.0,0.0,40.0,1,1,0
7919,83.0,2.0,21.0,1.0,1,49.0,0.0,40.0,1,1,0
7920,31.0,2.0,16.0,1.0,1,49.0,12.0,40.0,1,1,1
7921,19.0,7.0,19.0,1.0,2,49.0,1.0,40.0,1,1,0
7922,30.0,3.0,16.0,1.0,0,49.0,0.0,40.0,1,1,1
7923,86.0,1.0,16.0,1.0,1,49.0,0.0,40.0,1,1,1
7924,83.0,2.0,16.0,1.0,2,49.0,0.0,40.0,1,1,0
7925,21.0,7.0,19.0,1.0,-1,49.0,1.0,40.0,1,1,1
7926,75.0,2.0,11.0,1.0,1,49.0,1.0,40.0,1,0,1
7927,64.0,5.0,16.0,1.0,0,49.0,0.0,40.0,1,1,1
7928,69.0,5.0,19.0,1.0,1,49.0,1.0,40.0,1,1,1
7929,31.0,2.0,16.0,1.0,1,49.0,0.0,40.0,0,1,1
7930,43.0,2.0,14.0,1.0,1,49.0,0.0,40.0,1,0,1
7931,83.0,3.0,16.0,1.0,1,49.0,0.0,40.0,1,1,1
7932,83.0,3.0,22.0,1.0,1,49.0,1.0,40.0,1,1,1
7933,43.0,3.0,16.0,1.0,0,49.0,0.0,40.0,1,1,0
7934,31.0,3.0,19.0,1.0,2,49.0,0.0,40.0,1,1,1
7935,84.0,7.0,19.0,1.0,1,49.0,0.0,40.0,0,1,1
7936,19.0,1.0,16.0,1.0,2,49.0,1.0,40.0,1,1,0
7937,43.0,2.0,7.0,1.0,1,49.0,0.0,40.0,1,0,1
7938,43.0,2.0,7.0,1.0,2,49.0,1.0,40.0,1,1,1
7939,31.0,3.0,16.0,1.0,1,49.0,0.0,40.0,1,1,1
7940,83.0,3.0,16.0,1.0,1,49.0,0.0,40.0,1,1,1
7941,83.0,3.0,16.0,1.0,0,49.0,0.0,40.0,1,1,1
7942,75.0,1.0,19.0,1.0,1,49.0,0.0,40.0,1,1,1
7943,86.0,2.0,19.0,1.0,1,49.0,0.0,40.0,1,1,1
7944,31.0,1.0,19.0,1.0,1,49.0,0.0,40.0,1,1,1
7945,60.0,5.0,16.0,1.0,1,49.0,0.0,40.0,1,1,1
7946,36.0,2.0,24.0,1.0,0,49.0,0.0,40.0,1,1,1
7947,83.0,3.0,19.0,1.0,1,49.0,0.0,40.0,1,1,0
7948,75.0,7.0,19.0,1.0,1,49.0,0.0,40.0,1,1,1
7949,64.0,2.0,21.0,1.0,1,49.0,0.0,40.0,1,1,0
7950,83.0,5.0,16.0,1.0,2,49.0,1.0,40.0,1,1,0
7951,83.0,1.0,16.0,1.0,2,49.0,0.0,40.0,1,1,0
7952,75.0,3.0,21.0,1.0,4,49.0,0.0,40.0,1,1,1
7953,83.0,2.0,16.0,1.0,3,49.0,0.0,40.0,1,1,0
7954,19.0,3.0,19.0,1.0,1,49.0,0.0,40.0,0,1,0
7955,83.0,7.0,16.0,1.0,0,49.0,0.0,40.0,1,1,1
7956,83.0,5.0,19.0,1.0,0,49.0,0.0,40.0,0,1,1
7957,75.0,7.0,16.0,1.0,2,49.0,0.0,40.0,1,1,0
7958,86.0,2.0,21.0,1.0,1,49.0,0.0,40.0,1,1,0
7959,75.0,1.0,21.0,1.0,1,49.0,3.0,40.0,1,1,1
7960,86.0,7.0,16.0,1.0,1,49.0,1.0,40.0,0,1,1
7961,64.0,3.0,21.0,1.0,1,49.0,0.0,48.0,1,1,0
7962,83.0,7.0,19.0,1.0,1,49.0,0.0,40.0,1,1,0
7963,83.0,2.0,19.0,1.0,1,49.0,0.0,40.0,1,1,1
7964,31.0,7.0,16.0,1.0,1,49.0,0.0,40.0,1,0,1
7965,43.0,2.0,17.0,1.0,1,49.0,0.0,40.0,1,1,1
7966,31.0,3.0,21.0,1.0,2,49.0,1.0,40.0,1,1,1
7967,17.0,1.0,16.0,1.0,0,49.0,0.0,40.0,1,1,0
7968,83.0,1.0,16.0,1.0,2,49.0,1.0,40.0,1,1,1
7969,69.0,1.0,21.0,1.0,1,49.0,0.0,40.0,1,1,0
7970,83.0,2.0,19.0,1.0,-1,49.0,0.0,40.0,0,1,0
7971,66.0,3.0,16.0,1.0,0,49.0,1.0,40.0,0,1,1
7972,31.0,1.0,16.0,1.0,1,49.0,0.0,40.0,1,1,0
7973,83.0,2.0,16.0,1.0,1,49.0,0.0,40.0,1,0,0
7974,31.0,3.0,19.0,1.0,1,66.0,1.0,40.0,1,1,1
7975,83.0,4.0,21.0,1.0,1,49.0,0.0,40.0,0,0,1
7976,43.0,2.0,21.0,1.0,1,49.0,0.0,40.0,1,0,0
7977,17.0,7.0,21.0,1.0,2,49.0,0.0,40.0,0,0,1
7978,83.0,1.0,16.0,1.0,0,49.0,0.0,40.0,1,1,1
7979,83.0,1.0,16.0,1.0,0,49.0,1.0,40.0,1,1,0
7980,86.0,5.0,19.0,1.0,2,49.0,0.0,40.0,1,1,1
7981,75.0,7.0,24.0,1.0,1,49.0,0.0,40.0,1,1,1
7982,83.0,5.0,19.0,1.0,1,26.0,0.0,40.0,1,1,1
7983,60.0,5.0,16.0,1.0,2,49.0,0.0,40.0,1,0,1
7984,60.0,3.0,16.0,1.0,2,49.0,0.0,40.0,1,1,0
7985,42.0,2.0,16.0,1.0,1,49.0,0.0,40.0,1,1,1
7986,17.0,5.0,16.0,1.0,0,49.0,0.0,40.0,0,1,1
7987,32.0,7.0,19.0,1.0,1,49.0,1.0,40.0,1,1,1
7988,19.0,5.0,16.0,1.0,0,49.0,0.0,40.0,0,0,1
7989,32.0,7.0,19.0,1.0,1,49.0,0.0,40.0,1,1,1
7990,31.0,3.0,19.0,1.0,1,49.0,0.0,40.0,1,1,1
7991,83.0,2.0,22.0,5.0,1,49.0,0.0,40.0,1,1,0
7992,43.0,5.0,21.0,1.0,-1,49.0,0.0,14.0,1,1,1
7993,43.0,2.0,16.0,1.0,1,49.0,1.0,40.0,1,1,0
7994,48.0,1.0,16.0,1.0,0,49.0,0.0,40.0,1,0,1
7995,31.0,1.0,16.0,1.0,0,49.0,1.0,40.0,0,1,1
7996,86.0,1.0,19.0,1.0,4,49.0,0.0,40.0,0,1,0
7997,83.0,3.0,21.0,1.0,0,49.0,0.0,40.0,1,1,0
7998,83.0,3.0,16.0,1.0,1,49.0,0.0,40.0,1,1,0
7999,36.0,7.0,19.0,1.0,2,49.0,0.0,40.0,1,1,0
8000,75.0,1.0,16.0,1.0,-1,49.0,1.0,40.0,1,1,0
8001,83.0,1.0,21.0,3.0,2,49.0,1.0,40.0,1,1,0
8002,19.0,7.0,21.0,3.0,1,49.0,0.0,40.0,1,1,1
8003,17.0,2.0,16.0,1.0,1,49.0,0.0,40.0,1,1,0
8004,31.0,1.0,16.0,1.0,1,49.0,0.0,40.0,1,1,0
8005,19.0,7.0,16.0,1.0,5,49.0,0.0,40.0,1,1,1
8006,43.0,7.0,16.0,1.0,1,49.0,0.0,40.0,1,1,0
8007,31.0,1.0,22.0,1.0,0,49.0,0.0,40.0,1,1,1
8008,43.0,2.0,16.0,1.0,1,49.0,9.0,40.0,1,1,1
8009,43.0,5.0,19.0,1.0,4,49.0,0.0,40.0,1,1,0
8010,86.0,2.0,21.0,1.0,1,49.0,0.0,40.0,1,1,1
8011,83.0,2.0,19.0,1.0,1,49.0,0.0,40.0,1,1,1
8012,75.0,7.0,16.0,1.0,1,49.0,0.0,40.0,1,1,1
8013,75.0,3.0,19.0,1.0,0,49.0,0.0,40.0,0,1,1
8014,75.0,5.0,12.0,1.0,2,49.0,1.0,40.0,1,1,0
8015,75.0,1.0,19.0,1.0,1,49.0,0.0,40.0,1,1,0
8016,83.0,7.0,16.0,1.0,1,49.0,1.0,40.0,1,1,1
8017,19.0,1.0,19.0,1.0,1,49.0,0.0,40.0,0,1,1
8018,43.0,2.0,16.0,1.0,1,49.0,0.0,40.0,1,1,0
8019,75.0,2.0,19.0,1.0,2,49.0,0.0,40.0,0,1,1
8020,64.0,7.0,16.0,3.0,1,49.0,0.0,40.0,1,1,1
8021,31.0,2.0,16.0,1.0,1,49.0,0.0,40.0,1,1,1
8022,75.0,3.0,16.0,1.0,1,49.0,0.0,40.0,1,1,0
8023,83.0,2.0,19.0,1.0,1,49.0,0.0,40.0,1,1,1
8024,31.0,2.0,8.0,1.0,1,49.0,0.0,20.0,1,1,1
8025,77.0,1.0,19.0,1.0,5,49.0,0.0,40.0,1,1,0
8026,83.0,2.0,19.0,3.0,1,49.0,0.0,40.0,1,1,0
8027,83.0,2.0,19.0,1.0,1,49.0,0.0,40.0,1,1,0
8028,83.0,1.0,16.0,1.0,1,49.0,5.0,40.0,1,1,1
8029,19.0,1.0,16.0,1.0,0,49.0,0.0,40.0,1,1,1
8030,43.0,7.0,12.0,1.0,1,49.0,0.0,40.0,1,0,0
8031,49.0,7.0,16.0,1.0,1,49.0,0.0,40.0,1,1,1
8032,43.0,5.0,16.0,3.0,4,49.0,0.0,40.0,1,1,1
8033,43.0,2.0,16.0,1.0,1,49.0,0.0,14.0,1,1,1
8034,19.0,1.0,16.0,1.0,1,49.0,0.0,40.0,1,1,1
8035,75.0,2.0,19.0,1.0,1,49.0,0.0,40.0,1,0,1
8036,36.0,1.0,19.0,1.0,0,49.0,0.0,40.0,1,1,1
8037,31.0,1.0,19.0,1.0,-1,49.0,0.0,40.0,0,1,1
8038,92.0,2.0,21.0,1.0,1,49.0,0.0,40.0,0,1,1
8039,34.0,1.0,12.0,1.0,0,49.0,0.0,40.0,0,1,0
8040,83.0,1.0,16.0,1.0,1,49.0,0.0,40.0,1,0,1
8041,83.0,3.0,16.0,1.0,1,49.0,0.0,40.0,1,1,1
8042,83.0,3.0,16.0,1.0,1,49.0,0.0,40.0,1,1,1
8043,75.0,2.0,19.0,3.0,1,49.0,0.0,40.0,1,1,1
8044,31.0,2.0,16.0,1.0,0,49.0,1.0,40.0,1,0,1
8045,31.0,3.0,19.0,5.0,1,49.0,1.0,40.0,1,0,0
8046,75.0,2.0,6.0,1.0,2,49.0,0.0,40.0,1,1,1
8047,43.0,5.0,16.0,1.0,1,49.0,0.0,40.0,0,1,1
8048,31.0,7.0,16.0,1.0,1,49.0,0.0,40.0,1,1,1
8049,43.0,1.0,12.0,1.0,5,49.0,0.0,40.0,1,1,0
8050,19.0,2.0,19.0,1.0,1,49.0,0.0,40.0,0,1,1
8051,86.0,5.0,19.0,1.0,1,49.0,0.0,40.0,1,1,0
8052,19.0,3.0,21.0,1.0,1,49.0,0.0,40.0,1,1,1
8053,36.0,2.0,19.0,1.0,1,49.0,0.0,40.0,0,1,0
8054,31.0,7.0,21.0,1.0,1,49.0,0.0,40.0,1,1,0
8055,92.0,7.0,16.0,1.0,1,49.0,0.0,40.0,1,1,1
8056,83.0,1.0,19.0,1.0,-1,49.0,0.0,40.0,1,1,1
8057,43.0,7.0,19.0,3.0,1,49.0,0.0,40.0,0,1,0
8058,75.0,5.0,22.0,1.0,1,49.0,0.0,40.0,1,1,1
8059,43.0,7.0,19.0,1.0,1,49.0,0.0,40.0,1,1,0
8060,31.0,3.0,22.0,1.0,1,49.0,0.0,40.0,0,1,0
8061,83.0,5.0,16.0,1.0,1,49.0,0.0,40.0,1,1,0
8062,40.0,2.0,19.0,1.0,-1,49.0,0.0,40.0,1,1,1
8063,83.0,2.0,19.0,1.0,1,49.0,0.0,40.0,1,1,0
8064,75.0,5.0,16.0,1.0,0,49.0,0.0,40.0,1,0,1
8065,75.0,2.0,16.0,1.0,1,49.0,0.0,40.0,1,1,1
8066,75.0,5.0,19.0,1.0,1,49.0,0.0,40.0,0,0,0
8067,83.0,7.0,16.0,1.0,1,49.0,0.0,40.0,1,1,1
8068,83.0,1.0,19.0,1.0,2,49.0,1.0,40.0,1,1,1
8069,86.0,2.0,16.0,1.0,4,49.0,0.0,40.0,1,1,0
8070,83.0,1.0,16.0,1.0,1,49.0,0.0,40.0,1,1,1
8071,83.0,7.0,21.0,1.0,1,49.0,0.0,25.0,1,1,0
8072,75.0,1.0,19.0,1.0,1,49.0,0.0,40.0,1,1,1
8073,31.0,3.0,19.0,1.0,1,49.0,0.0,40.0,0,0,1
8074,83.0,1.0,16.0,1.0,0,49.0,0.0,40.0,1,1,1
8075,69.0,2.0,16.0,1.0,1,49.0,0.0,40.0,1,1,0
8076,19.0,5.0,19.0,1.0,0,49.0,0.0,40.0,0,1,0
8077,31.0,2.0,21.0,1.0,0,49.0,1.0,40.0,1,1,1
8078,36.0,7.0,16.0,1.0,1,49.0,0.0,40.0,1,1,1
8079,31.0,2.0,19.0,1.0,0,49.0,0.0,40.0,1,0,1
8080,31.0,1.0,24.0,1.0,1,49.0,0.0,40.0,1,1,1
8081,43.0,6.0,24.0,1.0,0,49.0,0.0,40.0,1,1,1
8082,31.0,2.0,19.0,1.0,1,49.0,0.0,40.0,1,1,1
8083,60.0,5.0,4.0,1.0,4,49.0,0.0,40.0,1,1,1
8084,31.0,7.0,19.0,1.0,1,49.0,0.0,32.0,0,1,1
8085,75.0,2.0,21.0,2.0,1,49.0,0.0,40.0,1,1,1
8086,83.0,3.0,16.0,1.0,2,49.0,0.0,40.0,1,1,1
8087,86.0,1.0,16.0,1.0,1,49.0,1.0,40.0,1,1,1
8088,92.0,1.0,21.0,1.0,1,49.0,0.0,40.0,1,1,0
8089,36.0,2.0,16.0,1.0,1,49.0,0.0,15.0,0,1,1
8090,83.0,4.0,16.0,1.0,1,49.0,0.0,40.0,0,1,1
8091,19.0,2.0,16.0,1.0,0,49.0,0.0,40.0,1,1,0
8092,83.0,1.0,19.0,1.0,1,49.0,0.0,40.0,1,1,0
8093,75.0,2.0,16.0,1.0,1,49.0,0.0,40.0,1,1,1
8094,36.0,8.0,19.0,1.0,1,49.0,1.0,40.0,1,1,0
8095,83.0,3.0,19.0,1.0,1,49.0,0.0,40.0,1,1,1
8096,83.0,5.0,16.0,1.0,1,49.0,1.0,40.0,1,1,0
8097,31.0,7.0,16.0,1.0,1,49.0,0.0,40.0,1,1,1
8098,43.0,7.0,16.0,1.0,1,49.0,0.0,40.0,1,1,0
8099,83.0,3.0,19.0,1.0,1,49.0,0.0,40.0,1,1,1
8100,17.0,2.0,24.0,1.0,1,49.0,0.0,40.0,1,1,1
8101,83.0,7.0,11.0,1.0,2,49.0,14.0,40.0,1,1,0
8102,86.0,2.0,16.0,1.0,1,49.0,0.0,40.0,0,1,1
8103,69.0,3.0,16.0,1.0,1,49.0,0.0,40.0,1,1,0
8104,69.0,2.0,21.0,1.0,0,49.0,0.0,40.0,1,1,1
8105,64.0,3.0,19.0,1.0,1,49.0,0.0,40.0,1,1,0
8106,83.0,1.0,16.0,1.0,-1,49.0,0.0,40.0,1,0,0
8107,31.0,1.0,12.0,1.0,0,49.0,0.0,40.0,0,1,1
8108,43.0,1.0,16.0,1.0,1,49.0,0.0,40.0,1,1,1
8109,43.0,7.0,19.0,1.0,1,49.0,0.0,66.0,1,1,0
8110,31.0,2.0,16.0,1.0,0,49.0,0.0,40.0,1,1,1
8111,83.0,2.0,16.0,1.0,1,49.0,0.0,40.0,1,1,0
8112,86.0,2.0,21.0,1.0,0,49.0,0.0,40.0,1,1,1
8113,43.0,7.0,19.0,1.0,1,49.0,1.0,40.0,1,1,1
8114,83.0,2.0,19.0,5.0,1,49.0,0.0,40.0,1,1,1
8115,83.0,1.0,16.0,1.0,3,49.0,0.0,40.0,1,1,1
8116,19.0,2.0,16.0,1.0,0,49.0,0.0,40.0,1,1,1
8117,43.0,1.0,19.0,1.0,1,49.0,1.0,40.0,0,1,0
8118,83.0,1.0,16.0,1.0,1,49.0,0.0,40.0,1,1,1
8119,34.0,2.0,19.0,1.0,1,49.0,0.0,40.0,1,0,0
8120,60.0,7.0,16.0,1.0,0,49.0,0.0,40.0,1,0,1
8121,32.0,2.0,21.0,1.0,1,49.0,14.0,40.0,1,1,0
8122,17.0,1.0,19.0,1.0,1,49.0,0.0,40.0,1,1,1
8123,44.0,3.0,19.0,1.0,3,49.0,0.0,40.0,1,1,0
8124,83.0,1.0,21.0,1.0,1,49.0,0.0,40.0,1,1,1
8125,64.0,5.0,16.0,1.0,1,49.0,0.0,40.0,1,1,1
8126,60.0,3.0,16.0,1.0,1,49.0,0.0,40.0,1,1,1
8127,83.0,7.0,21.0,1.0,1,49.0,0.0,40.0,0,1,1
8128,83.0,3.0,19.0,1.0,1,49.0,1.0,40.0,1,1,1
8129,20.0,5.0,19.0,1.0,1,49.0,10.0,40.0,1,1,1
8130,92.0,1.0,16.0,1.0,4,49.0,1.0,40.0,1,1,0
8131,64.0,2.0,16.0,1.0,1,49.0,0.0,40.0,1,0,0
8132,75.0,5.0,19.0,1.0,1,49.0,0.0,40.0,1,0,1
8133,31.0,5.0,16.0,1.0,1,49.0,0.0,40.0,1,1,1
8134,86.0,2.0,21.0,1.0,1,49.0,0.0,40.0,0,1,0
8135,64.0,2.0,16.0,1.0,1,49.0,0.0,40.0,1,1,1
8136,17.0,3.0,19.0,1.0,1,49.0,14.0,40.0,1,0,1
8137,17.0,1.0,21.0,1.0,0,49.0,0.0,40.0,0,1,1
8138,92.0,7.0,19.0,1.0,0,49.0,0.0,40.0,0,1,0
8139,75.0,7.0,16.0,1.0,0,49.0,1.0,40.0,1,1,0
8140,83.0,2.0,21.0,1.0,1,49.0,0.0,40.0,1,1,1
8141,86.0,2.0,22.0,1.0,1,49.0,0.0,20.0,0,1,0
8142,83.0,1.0,19.0,1.0,1,49.0,1.0,40.0,1,1,0
8143,34.0,5.0,16.0,1.0,1,49.0,0.0,40.0,1,1,0
8144,31.0,3.0,19.0,1.0,1,49.0,0.0,40.0,1,1,0
8145,87.0,7.0,21.0,1.0,1,49.0,0.0,40.0,0,1,0
8146,69.0,7.0,22.0,1.0,0,49.0,0.0,40.0,1,1,1
8147,31.0,2.0,19.0,1.0,1,49.0,0.0,40.0,0,1,0
8148,75.0,5.0,19.0,1.0,1,49.0,0.0,40.0,1,1,0
8149,74.0,3.0,16.0,1.0,1,49.0,0.0,40.0,1,1,0
8150,83.0,2.0,21.0,1.0,0,49.0,0.0,40.0,1,1,0
8151,31.0,2.0,19.0,1.0,2,49.0,0.0,40.0,1,1,1
8152,31.0,3.0,16.0,1.0,1,49.0,1.0,40.0,0,1,1
8153,43.0,7.0,16.0,1.0,0,49.0,3.0,48.0,1,1,1
8154,43.0,3.0,19.0,1.0,1,49.0,0.0,40.0,0,1,0
8155,75.0,2.0,19.0,1.0,0,34.0,1.0,40.0,1,1,0
8156,75.0,3.0,16.0,1.0,0,49.0,1.0,40.0,1,1,1
8157,43.0,1.0,19.0,5.0,1,49.0,0.0,40.0,0,0,0
8158,17.0,3.0,16.0,1.0,0,49.0,0.0,40.0,1,1,0
8159,86.0,7.0,4.0,1.0,2,49.0,0.0,40.0,1,1,1
8160,83.0,3.0,16.0,1.0,1,49.0,1.0,40.0,1,1,1
8161,83.0,5.0,21.0,1.0,1,469.0,0.0,40.0,1,1,1
8162,17.0,5.0,19.0,1.0,1,49.0,0.0,40.0,1,1,1
8163,83.0,2.0,19.0,1.0,1,49.0,0.0,40.0,0,1,1
8164,43.0,1.0,22.0,1.0,1,49.0,0.0,40.0,1,0,0
8165,19.0,5.0,19.0,1.0,1,49.0,1.0,40.0,1,1,1
8166,43.0,1.0,19.0,1.0,1,49.0,0.0,40.0,0,1,1
8167,83.0,2.0,16.0,1.0,1,49.0,0.0,40.0,1,1,1
8168,83.0,7.0,16.0,1.0,1,49.0,0.0,40.0,1,1,1
8169,31.0,1.0,16.0,1.0,1,49.0,0.0,40.0,1,1,0
8170,86.0,7.0,19.0,5.0,1,49.0,0.0,40.0,1,1,1
8171,31.0,7.0,19.0,1.0,1,49.0,1.0,40.0,1,1,1
8172,36.0,7.0,16.0,1.0,1,49.0,0.0,40.0,1,1,1
8173,31.0,5.0,16.0,1.0,0,49.0,0.0,40.0,1,1,1
8174,86.0,3.0,16.0,1.0,1,49.0,0.0,40.0,1,1,0
8175,83.0,7.0,19.0,1.0,0,49.0,1.0,40.0,1,1,1
8176,86.0,7.0,16.0,1.0,1,25.0,0.0,40.0,1,0,1
8177,83.0,5.0,19.0,1.0,1,49.0,0.0,40.0,0,0,1
8178,83.0,7.0,19.0,5.0,1,49.0,1.0,40.0,1,1,1
8179,83.0,1.0,12.0,1.0,0,49.0,0.0,40.0,1,1,1
8180,43.0,2.0,19.0,1.0,1,49.0,0.0,40.0,1,1,1
8181,83.0,2.0,16.0,1.0,1,49.0,0.0,40.0,1,1,1
8182,19.0,1.0,19.0,1.0,0,49.0,1.0,40.0,0,1,0
8183,86.0,1.0,24.0,1.0,1,49.0,0.0,40.0,1,1,0
8184,17.0,5.0,16.0,1.0,1,49.0,1.0,40.0,1,1,1
8185,33.0,1.0,16.0,1.0,0,49.0,0.0,40.0,1,1,1
8186,83.0,2.0,16.0,1.0,-1,49.0,0.0,40.0,0,1,1
8187,74.0,7.0,16.0,1.0,0,49.0,0.0,40.0,1,1,1
8188,31.0,1.0,16.0,1.0,1,49.0,1.0,40.0,0,1,1
8189,31.0,2.0,19.0,1.0,0,49.0,8.0,40.0,1,1,1
8190,17.0,7.0,19.0,5.0,1,49.0,0.0,40.0,1,1,0
8191,83.0,2.0,19.0,5.0,0,49.0,0.0,40.0,1,1,1
8192,43.0,5.0,19.0,1.0,2,49.0,0.0,40.0,1,1,1
8193,75.0,2.0,16.0,1.0,1,49.0,0.0,40.0,1,1,1
8194,34.0,5.0,19.0,1.0,0,49.0,0.0,40.0,1,1,0
8195,31.0,1.0,16.0,1.0,1,49.0,0.0,40.0,1,1,1
8196,36.0,3.0,19.0,1.0,1,49.0,1.0,40.0,1,1,1
8197,75.0,2.0,19.0,1.0,1,49.0,0.0,40.0,0,1,0
8198,86.0,1.0,19.0,1.0,2,49.0,0.0,40.0,1,0,1
8199,32.0,2.0,16.0,1.0,1,49.0,0.0,40.0,1,1,1
8200,83.0,5.0,16.0,1.0,1,49.0,0.0,30.0,1,0,1
8201,31.0,3.0,19.0,1.0,1,49.0,1.0,40.0,1,1,0
8202,69.0,7.0,19.0,1.0,1,49.0,1.0,40.0,1,1,1
8203,43.0,3.0,16.0,1.0,1,49.0,0.0,40.0,1,1,1
8204,60.0,3.0,19.0,1.0,1,49.0,0.0,40.0,1,1,1
8205,17.0,2.0,16.0,1.0,1,49.0,0.0,40.0,1,1,1
8206,31.0,2.0,21.0,1.0,2,49.0,0.0,40.0,0,0,1
8207,55.0,1.0,19.0,1.0,1,49.0,0.0,40.0,1,1,1
8208,31.0,5.0,19.0,1.0,1,49.0,0.0,30.0,1,1,0
8209,86.0,3.0,16.0,1.0,1,49.0,0.0,40.0,0,1,1
8210,58.0,3.0,19.0,1.0,2,49.0,0.0,40.0,1,1,1
8211,75.0,3.0,19.0,1.0,1,49.0,0.0,40.0,1,1,1
8212,75.0,1.0,16.0,1.0,1,49.0,0.0,40.0,1,1,1
8213,32.0,3.0,19.0,1.0,1,49.0,0.0,40.0,0,1,0
8214,36.0,3.0,19.0,1.0,2,49.0,1.0,40.0,1,1,1
8215,43.0,2.0,19.0,1.0,1,226.0,0.0,40.0,1,1,0
8216,83.0,2.0,19.0,1.0,0,49.0,0.0,40.0,1,1,1
8217,31.0,3.0,16.0,1.0,0,49.0,0.0,40.0,1,1,1
8218,75.0,3.0,16.0,1.0,1,49.0,0.0,40.0,1,1,1
8219,75.0,7.0,16.0,1.0,1,49.0,0.0,40.0,1,0,1
8220,60.0,5.0,21.0,1.0,1,49.0,0.0,40.0,1,1,0
8221,31.0,7.0,16.0,1.0,0,49.0,0.0,40.0,1,1,1
8222,43.0,7.0,19.0,1.0,1,49.0,0.0,40.0,1,1,1
8223,31.0,2.0,16.0,1.0,1,49.0,0.0,40.0,1,1,1
8224,60.0,2.0,21.0,1.0,2,49.0,0.0,40.0,1,1,1
8225,19.0,2.0,21.0,1.0,1,49.0,0.0,40.0,1,1,1
8226,34.0,2.0,19.0,1.0,1,49.0,0.0,40.0,1,1,1
8227,19.0,7.0,19.0,2.0,1,49.0,0.0,40.0,1,1,1
8228,75.0,2.0,16.0,1.0,2,49.0,0.0,40.0,1,1,1
8229,75.0,3.0,21.0,5.0,2,49.0,0.0,40.0,1,1,1
8230,32.0,3.0,16.0,1.0,1,49.0,0.0,40.0,1,1,1
8231,83.0,2.0,19.0,1.0,0,49.0,0.0,40.0,1,1,1
8232,75.0,2.0,16.0,1.0,1,49.0,0.0,40.0,0,1,1
8233,83.0,1.0,16.0,1.0,1,49.0,0.0,40.0,1,1,0
8234,17.0,5.0,21.0,1.0,1,49.0,0.0,40.0,0,1,0
8235,31.0,5.0,16.0,1.0,0,49.0,0.0,40.0,1,1,0
8236,83.0,3.0,16.0,1.0,1,49.0,13.0,40.0,1,1,1
8237,64.0,3.0,16.0,1.0,1,49.0,0.0,40.0,1,1,1
8238,83.0,1.0,19.0,1.0,0,49.0,0.0,40.0,1,1,1
8239,36.0,3.0,19.0,1.0,-1,49.0,0.0,40.0,1,1,1
8240,83.0,7.0,24.0,1.0,1,49.0,0.0,40.0,0,1,1
8241,75.0,3.0,24.0,1.0,1,49.0,0.0,40.0,1,1,1
8242,31.0,1.0,19.0,1.0,0,49.0,0.0,91.0,1,1,1
8243,36.0,3.0,19.0,1.0,1,49.0,0.0,40.0,1,1,1
8244,31.0,3.0,19.0,1.0,0,49.0,0.0,40.0,1,1,1
8245,36.0,1.0,16.0,1.0,1,49.0,0.0,40.0,0,1,1
8246,43.0,2.0,19.0,1.0,1,49.0,0.0,40.0,1,1,1
8247,75.0,1.0,19.0,1.0,1,49.0,1.0,40.0,1,1,1
8248,83.0,2.0,19.0,1.0,3,49.0,2.0,40.0,1,1,1
8249,64.0,2.0,24.0,1.0,1,49.0,0.0,40.0,1,1,1
8250,43.0,7.0,22.0,1.0,1,49.0,0.0,40.0,1,1,1
8251,43.0,2.0,16.0,1.0,1,49.0,0.0,40.0,1,0,0
8252,83.0,1.0,19.0,1.0,1,49.0,1.0,40.0,1,1,0
8253,61.0,7.0,19.0,1.0,1,49.0,0.0,40.0,1,1,1
8254,31.0,5.0,16.0,1.0,1,49.0,0.0,40.0,1,1,1
8255,86.0,5.0,16.0,1.0,1,49.0,0.0,40.0,1,1,1
8256,36.0,1.0,21.0,1.0,1,49.0,0.0,40.0,1,1,1
8257,43.0,7.0,8.0,3.0,1,49.0,0.0,40.0,1,1,1
8258,43.0,5.0,16.0,1.0,2,49.0,0.0,40.0,1,1,0
8259,43.0,1.0,21.0,1.0,2,49.0,1.0,40.0,0,0,1
8260,31.0,7.0,16.0,1.0,1,49.0,0.0,40.0,1,1,1
8261,83.0,2.0,21.0,1.0,1,49.0,0.0,40.0,1,1,1
8262,92.0,3.0,22.0,1.0,0,49.0,0.0,40.0,1,1,1
8263,83.0,1.0,19.0,1.0,0,49.0,0.0,40.0,1,1,1
8264,17.0,1.0,16.0,3.0,1,49.0,0.0,40.0,1,1,1
8265,36.0,7.0,16.0,1.0,4,49.0,1.0,40.0,1,1,1
8266,31.0,7.0,16.0,1.0,0,49.0,1.0,40.0,1,1,0
8267,83.0,3.0,19.0,1.0,1,49.0,0.0,40.0,1,1,1
8268,31.0,1.0,16.0,1.0,1,49.0,0.0,40.0,1,0,1
8269,83.0,7.0,21.0,1.0,1,49.0,0.0,40.0,1,1,0
8270,19.0,2.0,19.0,1.0,1,49.0,0.0,40.0,1,1,1
8271,83.0,5.0,16.0,1.0,1,49.0,0.0,40.0,1,1,0
8272,83.0,3.0,16.0,1.0,1,49.0,1.0,40.0,1,1,1
8273,17.0,2.0,19.0,1.0,1,49.0,1.0,40.0,1,1,0
8274,75.0,3.0,16.0,1.0,1,49.0,1.0,40.0,1,1,0
8275,19.0,5.0,19.0,1.0,0,49.0,0.0,40.0,0,1,1
8276,69.0,1.0,16.0,1.0,1,49.0,1.0,40.0,1,1,1
8277,36.0,3.0,16.0,1.0,1,49.0,0.0,40.0,0,1,0
8278,31.0,2.0,16.0,1.0,1,49.0,0.0,40.0,1,1,1
8279,45.0,3.0,16.0,1.0,1,49.0,0.0,40.0,1,1,1
8280,31.0,1.0,19.0,1.0,1,49.0,1.0,40.0,1,0,0
8281,75.0,7.0,16.0,1.0,1,49.0,0.0,40.0,1,0,1
8282,83.0,3.0,24.0,1.0,1,49.0,0.0,40.0,1,0,1
8283,83.0,1.0,19.0,1.0,1,49.0,0.0,40.0,1,1,0
8284,75.0,1.0,16.0,1.0,0,49.0,1.0,40.0,1,1,0
8285,43.0,1.0,16.0,1.0,2,49.0,0.0,40.0,1,0,1
8286,69.0,1.0,19.0,1.0,0,49.0,0.0,40.0,1,1,1
8287,83.0,5.0,16.0,3.0,1,49.0,0.0,40.0,1,1,1
8288,83.0,7.0,19.0,2.0,2,49.0,0.0,40.0,0,1,0
8289,75.0,5.0,19.0,1.0,0,49.0,1.0,40.0,1,0,1
8290,83.0,1.0,19.0,1.0,2,49.0,0.0,40.0,0,1,1
8291,83.0,7.0,19.0,1.0,0,49.0,0.0,40.0,1,1,1
8292,75.0,7.0,19.0,1.0,1,49.0,0.0,40.0,1,1,1
8293,75.0,1.0,16.0,1.0,0,49.0,1.0,40.0,0,1,1
8294,83.0,1.0,19.0,1.0,0,49.0,0.0,40.0,1,1,1
8295,43.0,3.0,19.0,1.0,1,49.0,0.0,40.0,0,1,1
8296,37.0,1.0,21.0,1.0,1,49.0,0.0,40.0,1,1,0
8297,86.0,2.0,16.0,1.0,0,49.0,0.0,40.0,1,1,0
8298,69.0,8.0,19.0,1.0,5,49.0,0.0,40.0,1,1,1
8299,59.0,7.0,21.0,1.0,0,49.0,0.0,40.0,1,1,1
8300,19.0,2.0,21.0,1.0,1,49.0,0.0,40.0,1,1,1
8301,83.0,7.0,19.0,1.0,2,49.0,0.0,40.0,1,1,1
8302,69.0,2.0,16.0,1.0,1,49.0,1.0,40.0,0,1,1
8303,31.0,2.0,21.0,1.0,0,49.0,0.0,33.0,1,1,0
8304,27.0,2.0,14.0,1.0,0,49.0,0.0,40.0,1,1,0
8305,83.0,2.0,16.0,1.0,5,49.0,1.0,40.0,1,1,1
8306,19.0,1.0,19.0,1.0,1,49.0,0.0,40.0,1,1,1
8307,75.0,7.0,16.0,1.0,1,49.0,0.0,40.0,1,1,1
8308,31.0,1.0,21.0,1.0,1,49.0,0.0,40.0,0,1,1
8309,83.0,2.0,16.0,1.0,0,49.0,0.0,40.0,1,1,0
8310,83.0,3.0,16.0,1.0,3,49.0,0.0,40.0,1,1,1
8311,92.0,2.0,16.0,1.0,1,49.0,0.0,40.0,1,1,1
8312,19.0,2.0,16.0,1.0,1,49.0,0.0,40.0,1,1,1
8313,43.0,2.0,16.0,1.0,1,49.0,0.0,40.0,1,1,0
8314,43.0,2.0,21.0,1.0,0,49.0,0.0,40.0,1,0,0
8315,64.0,5.0,19.0,5.0,1,49.0,0.0,40.0,1,1,1
8316,83.0,2.0,16.0,1.0,1,49.0,0.0,40.0,1,1,1
8317,43.0,3.0,24.0,1.0,4,49.0,0.0,40.0,1,1,1
8318,83.0,5.0,16.0,1.0,2,49.0,0.0,40.0,1,1,0
8319,31.0,2.0,16.0,1.0,1,49.0,0.0,40.0,1,0,1
8320,60.0,5.0,19.0,1.0,1,49.0,0.0,40.0,1,1,1
8321,43.0,1.0,12.0,1.0,4,49.0,0.0,40.0,1,1,1
8322,60.0,7.0,16.0,1.0,1,49.0,1.0,40.0,1,1,0
8323,40.0,7.0,22.0,1.0,1,49.0,0.0,40.0,1,1,0
8324,17.0,3.0,16.0,1.0,0,49.0,1.0,40.0,1,1,1
8325,69.0,7.0,21.0,1.0,0,49.0,1.0,40.0,1,1,1
8326,27.0,1.0,16.0,1.0,1,49.0,1.0,40.0,1,0,1
8327,31.0,8.0,16.0,1.0,2,49.0,0.0,40.0,1,1,1
8328,83.0,5.0,16.0,1.0,1,49.0,1.0,40.0,1,1,1
8329,92.0,1.0,19.0,1.0,1,49.0,0.0,40.0,1,1,1
8330,34.0,1.0,16.0,3.0,2,49.0,0.0,40.0,1,1,0
8331,75.0,5.0,16.0,1.0,1,49.0,0.0,33.0,1,0,1
8332,43.0,3.0,16.0,5.0,1,49.0,1.0,40.0,1,1,1
8333,83.0,3.0,16.0,1.0,1,49.0,1.0,40.0,1,1,0
8334,83.0,1.0,19.0,1.0,1,49.0,0.0,40.0,0,1,1
8335,86.0,1.0,19.0,1.0,1,49.0,1.0,30.0,0,1,1
8336,19.0,2.0,16.0,1.0,1,49.0,0.0,40.0,0,0,0
8337,31.0,2.0,16.0,1.0,1,49.0,0.0,40.0,1,1,0
8338,64.0,3.0,16.0,1.0,1,49.0,0.0,40.0,1,1,0
8339,19.0,2.0,16.0,1.0,0,49.0,0.0,40.0,1,1,1
8340,50.0,1.0,19.0,1.0,1,49.0,0.0,40.0,0,1,0
8341,83.0,1.0,19.0,1.0,1,49.0,0.0,40.0,1,0,1
8342,31.0,5.0,19.0,1.0,1,49.0,0.0,40.0,1,1,1
8343,17.0,1.0,16.0,1.0,1,49.0,0.0,40.0,0,1,0
8344,83.0,1.0,19.0,1.0,1,49.0,14.0,78.0,1,0,1
8345,19.0,2.0,19.0,1.0,2,49.0,0.0,40.0,0,1,0
8346,31.0,7.0,16.0,1.0,1,17.0,0.0,40.0,1,1,0
8347,31.0,3.0,19.0,1.0,1,242.0,0.0,40.0,0,1,1
8348,75.0,5.0,16.0,1.0,2,49.0,0.0,40.0,1,1,1
8349,31.0,7.0,19.0,2.0,1,49.0,0.0,40.0,0,1,1
8350,83.0,3.0,16.0,5.0,1,49.0,0.0,40.0,1,1,1
8351,31.0,2.0,19.0,1.0,0,49.0,0.0,40.0,1,1,1
8352,64.0,5.0,12.0,1.0,0,49.0,0.0,40.0,1,1,1
8353,64.0,3.0,16.0,1.0,0,49.0,0.0,40.0,1,1,1
8354,31.0,1.0,19.0,3.0,1,49.0,13.0,40.0,1,0,1
8355,19.0,2.0,16.0,1.0,1,49.0,0.0,40.0,0,1,1
8356,31.0,7.0,21.0,1.0,0,49.0,0.0,40.0,1,1,1
8357,43.0,1.0,16.0,1.0,1,49.0,0.0,40.0,1,1,1
8358,27.0,2.0,21.0,1.0,1,49.0,1.0,40.0,1,1,1
8359,31.0,3.0,16.0,5.0,1,49.0,0.0,40.0,1,1,1
8360,60.0,3.0,16.0,1.0,0,49.0,1.0,40.0,1,0,1
8361,92.0,7.0,21.0,1.0,1,49.0,0.0,40.0,1,1,1
8362,36.0,1.0,16.0,1.0,1,49.0,0.0,40.0,1,0,0
8363,31.0,2.0,16.0,1.0,1,49.0,1.0,40.0,1,1,0
8364,60.0,7.0,16.0,1.0,1,49.0,0.0,40.0,1,1,1
8365,17.0,7.0,19.0,1.0,1,49.0,0.0,40.0,0,1,1
8366,58.0,3.0,19.0,1.0,1,49.0,0.0,40.0,0,1,1
8367,83.0,7.0,19.0,1.0,1,49.0,0.0,40.0,1,1,0
8368,83.0,2.0,16.0,3.0,1,49.0,1.0,40.0,1,0,0
8369,31.0,1.0,16.0,1.0,0,49.0,0.0,40.0,1,1,1
8370,92.0,7.0,19.0,1.0,1,49.0,0.0,40.0,0,1,0
8371,86.0,1.0,19.0,1.0,1,49.0,0.0,40.0,0,1,1
8372,83.0,5.0,16.0,1.0,1,49.0,0.0,40.0,1,1,1
8373,43.0,5.0,19.0,1.0,2,49.0,0.0,40.0,0,1,0
8374,83.0,7.0,16.0,1.0,2,49.0,1.0,40.0,1,1,0
8375,83.0,2.0,16.0,1.0,1,49.0,0.0,40.0,1,0,1
8376,60.0,2.0,19.0,1.0,-1,49.0,0.0,40.0,1,1,1
8377,23.0,1.0,21.0,3.0,1,49.0,1.0,40.0,1,1,1
8378,69.0,1.0,19.0,1.0,0,49.0,1.0,40.0,1,1,0
8379,83.0,1.0,19.0,1.0,0,49.0,0.0,40.0,1,1,1
8380,86.0,2.0,19.0,1.0,1,49.0,0.0,40.0,1,1,1
8381,19.0,1.0,19.0,1.0,1,49.0,1.0,40.0,1,1,1
8382,43.0,1.0,21.0,1.0,0,49.0,0.0,40.0,0,1,1
8383,31.0,7.0,19.0,1.0,2,49.0,0.0,40.0,1,1,1
8384,64.0,7.0,19.0,1.0,1,49.0,1.0,40.0,1,1,1
8385,31.0,1.0,19.0,1.0,1,49.0,1.0,40.0,1,1,0
8386,43.0,7.0,19.0,1.0,0,49.0,1.0,40.0,1,1,1
8387,70.0,3.0,14.0,1.0,1,49.0,0.0,40.0,1,1,1
8388,36.0,7.0,16.0,1.0,0,49.0,0.0,40.0,0,1,0
8389,83.0,1.0,19.0,1.0,1,49.0,1.0,25.0,1,1,1
8390,60.0,5.0,19.0,1.0,1,49.0,0.0,40.0,1,1,0
8391,17.0,2.0,22.0,1.0,1,49.0,0.0,40.0,0,1,1
8392,83.0,7.0,4.0,1.0,1,49.0,0.0,40.0,0,1,1
8393,83.0,2.0,21.0,1.0,1,49.0,0.0,40.0,1,1,1
8394,34.0,1.0,21.0,1.0,1,49.0,0.0,40.0,1,1,1
8395,43.0,1.0,16.0,1.0,1,49.0,0.0,40.0,0,1,1
8396,83.0,7.0,23.0,1.0,1,49.0,1.0,40.0,1,1,1
8397,83.0,7.0,16.0,1.0,1,49.0,0.0,40.0,1,1,1
8398,31.0,3.0,16.0,1.0,0,49.0,0.0,40.0,1,1,1
8399,31.0,1.0,16.0,1.0,2,49.0,0.0,40.0,1,1,1
8400,31.0,3.0,7.0,1.0,0,49.0,0.0,40.0,1,1,1
8401,31.0,2.0,16.0,1.0,0,49.0,0.0,40.0,1,1,0
8402,31.0,1.0,19.0,1.0,0,213.0,0.0,40.0,1,1,1
8403,32.0,7.0,16.0,1.0,1,49.0,0.0,40.0,1,1,1
8404,83.0,3.0,16.0,5.0,0,49.0,0.0,40.0,1,1,1
8405,17.0,2.0,16.0,1.0,1,49.0,0.0,40.0,1,1,1
8406,86.0,1.0,16.0,1.0,2,49.0,1.0,40.0,1,1,1
8407,83.0,1.0,16.0,1.0,1,49.0,0.0,40.0,1,1,1
8408,31.0,2.0,19.0,1.0,1,49.0,0.0,40.0,1,1,0
8409,75.0,2.0,16.0,1.0,1,49.0,0.0,40.0,1,1,1
8410,64.0,1.0,16.0,1.0,1,49.0,0.0,40.0,1,0,0
8411,83.0,7.0,19.0,1.0,1,49.0,1.0,40.0,1,1,1
8412,43.0,7.0,21.0,1.0,4,49.0,3.0,40.0,1,1,1
8413,83.0,7.0,19.0,1.0,1,49.0,0.0,40.0,1,1,1
8414,31.0,1.0,16.0,1.0,0,49.0,1.0,40.0,1,1,1
8415,31.0,3.0,17.0,1.0,4,49.0,1.0,40.0,1,1,0
8416,83.0,1.0,19.0,1.0,1,49.0,0.0,40.0,1,1,1
8417,40.0,2.0,19.0,1.0,1,49.0,1.0,40.0,1,1,1
8418,43.0,3.0,19.0,1.0,1,49.0,0.0,40.0,1,0,1
8419,43.0,2.0,16.0,1.0,2,49.0,0.0,40.0,1,1,1
8420,83.0,7.0,16.0,1.0,3,49.0,0.0,40.0,1,1,0
8421,83.0,3.0,19.0,1.0,4,49.0,1.0,40.0,1,1,0
8422,43.0,2.0,16.0,1.0,1,49.0,1.0,40.0,1,1,1
8423,83.0,3.0,19.0,1.0,1,49.0,1.0,40.0,1,1,1
8424,31.0,2.0,16.0,1.0,0,49.0,0.0,40.0,1,1,1
8425,83.0,1.0,21.0,1.0,1,49.0,0.0,40.0,1,1,1
8426,83.0,2.0,19.0,1.0,0,49.0,0.0,40.0,1,1,0
8427,83.0,3.0,16.0,1.0,1,49.0,0.0,40.0,1,1,1
8428,31.0,2.0,6.0,1.0,1,49.0,0.0,40.0,1,1,1
8429,75.0,1.0,19.0,1.0,3,49.0,0.0,40.0,1,1,1
8430,31.0,1.0,19.0,1.0,0,49.0,0.0,40.0,1,1,1
8431,86.0,3.0,19.0,1.0,0,49.0,2.0,40.0,1,1,1
8432,86.0,2.0,19.0,1.0,1,49.0,0.0,40.0,1,0,1
8433,17.0,3.0,19.0,1.0,1,49.0,0.0,40.0,0,1,1
8434,34.0,7.0,19.0,1.0,1,49.0,0.0,40.0,1,1,1
8435,83.0,2.0,21.0,1.0,1,49.0,0.0,40.0,1,1,1
8436,19.0,3.0,19.0,3.0,4,49.0,0.0,40.0,1,0,0
8437,83.0,2.0,21.0,1.0,0,49.0,1.0,40.0,1,1,1
8438,69.0,3.0,16.0,1.0,1,49.0,1.0,40.0,1,1,1
8439,17.0,1.0,21.0,1.0,1,49.0,0.0,40.0,1,1,1
8440,43.0,2.0,16.0,1.0,1,49.0,0.0,40.0,1,1,0
8441,83.0,7.0,22.0,1.0,2,49.0,0.0,40.0,1,0,1
8442,83.0,1.0,16.0,1.0,5,49.0,0.0,40.0,1,1,1
8443,19.0,1.0,16.0,5.0,1,49.0,0.0,40.0,1,1,1
8444,36.0,7.0,19.0,1.0,1,49.0,0.0,40.0,1,1,0
8445,83.0,1.0,23.0,1.0,1,49.0,0.0,40.0,1,0,1
8446,17.0,2.0,19.0,1.0,1,49.0,0.0,40.0,1,1,1
8447,83.0,3.0,19.0,1.0,1,49.0,0.0,40.0,1,1,0
8448,43.0,7.0,19.0,5.0,1,49.0,0.0,40.0,1,1,1
8449,32.0,3.0,16.0,1.0,-1,49.0,0.0,40.0,0,0,1
8450,83.0,7.0,19.0,1.0,1,49.0,0.0,40.0,1,1,0
8451,83.0,5.0,21.0,1.0,1,49.0,0.0,40.0,1,1,1
8452,31.0,7.0,16.0,1.0,1,49.0,0.0,40.0,1,1,1
8453,92.0,3.0,19.0,1.0,0,49.0,0.0,33.0,0,1,1
8454,83.0,1.0,16.0,1.0,2,223.0,1.0,40.0,0,1,1
8455,19.0,3.0,16.0,1.0,1,49.0,0.0,40.0,1,1,0
8456,64.0,1.0,21.0,1.0,0,49.0,0.0,40.0,1,1,0
8457,83.0,1.0,19.0,1.0,0,49.0,0.0,40.0,1,1,1
8458,75.0,2.0,16.0,1.0,1,49.0,1.0,40.0,1,1,0
8459,19.0,2.0,14.0,1.0,1,49.0,0.0,40.0,1,1,0
8460,64.0,1.0,21.0,1.0,0,49.0,0.0,40.0,1,1,1
8461,19.0,1.0,16.0,1.0,1,49.0,0.0,40.0,1,1,0
8462,86.0,2.0,16.0,1.0,1,245.0,0.0,40.0,1,1,1
8463,19.0,3.0,19.0,1.0,1,49.0,0.0,40.0,1,0,1
8464,19.0,1.0,19.0,1.0,1,49.0,0.0,40.0,1,1,0
8465,83.0,3.0,16.0,1.0,1,49.0,0.0,40.0,1,1,0
8466,83.0,2.0,16.0,1.0,0,49.0,0.0,40.0,1,1,0
8467,75.0,1.0,16.0,1.0,0,49.0,1.0,40.0,1,1,0
8468,64.0,2.0,21.0,1.0,1,49.0,0.0,40.0,1,1,0
8469,58.0,2.0,19.0,5.0,1,49.0,3.0,40.0,1,1,1
8470,19.0,2.0,16.0,1.0,2,49.0,0.0,40.0,1,1,1
8471,17.0,5.0,16.0,5.0,1,49.0,1.0,40.0,1,1,1
8472,83.0,1.0,16.0,1.0,1,49.0,0.0,40.0,1,1,0
8473,83.0,1.0,16.0,1.0,2,49.0,0.0,40.0,1,1,1
8474,43.0,1.0,16.0,1.0,1,49.0,0.0,40.0,1,1,1
8475,69.0,3.0,19.0,1.0,0,49.0,0.0,40.0,1,1,1
8476,83.0,7.0,19.0,1.0,1,49.0,0.0,40.0,1,1,0
8477,83.0,1.0,16.0,1.0,1,49.0,1.0,40.0,1,1,1
8478,83.0,1.0,16.0,1.0,1,49.0,0.0,40.0,1,1,1
8479,83.0,1.0,16.0,1.0,1,49.0,0.0,40.0,1,1,0
8480,19.0,3.0,16.0,1.0,1,49.0,0.0,40.0,1,1,1
8481,19.0,5.0,19.0,1.0,1,49.0,0.0,40.0,1,1,1
8482,33.0,2.0,16.0,1.0,1,49.0,1.0,40.0,1,0,1
8483,31.0,2.0,16.0,1.0,2,49.0,0.0,40.0,1,0,1
8484,83.0,7.0,9.0,1.0,0,49.0,0.0,40.0,1,1,1
8485,43.0,1.0,19.0,1.0,1,49.0,0.0,40.0,1,1,0
8486,83.0,5.0,16.0,5.0,1,49.0,1.0,40.0,0,1,1
8487,83.0,1.0,19.0,1.0,5,49.0,0.0,40.0,1,1,1
8488,36.0,1.0,19.0,1.0,1,49.0,0.0,40.0,1,1,0
8489,83.0,1.0,23.0,1.0,1,49.0,0.0,40.0,1,1,0
8490,19.0,1.0,21.0,1.0,0,49.0,0.0,40.0,1,1,1
8491,69.0,1.0,19.0,1.0,0,49.0,0.0,40.0,1,1,1
8492,83.0,7.0,24.0,1.0,1,49.0,0.0,40.0,1,1,1
8493,86.0,1.0,16.0,1.0,1,49.0,0.0,40.0,1,1,0
8494,17.0,5.0,16.0,1.0,1,49.0,0.0,40.0,1,1,0
8495,34.0,7.0,19.0,1.0,1,49.0,9.0,40.0,1,1,0
8496,75.0,1.0,16.0,1.0,1,49.0,0.0,40.0,1,1,1
8497,75.0,7.0,16.0,1.0,1,49.0,0.0,40.0,1,1,1
8498,83.0,7.0,16.0,1.0,1,49.0,0.0,40.0,1,1,1
8499,75.0,2.0,23.0,4.0,1,49.0,1.0,40.0,1,0,0
8500,75.0,2.0,19.0,1.0,1,49.0,0.0,40.0,1,1,1
8501,92.0,3.0,19.0,5.0,1,49.0,0.0,40.0,1,0,1
8502,43.0,1.0,16.0,1.0,1,49.0,0.0,40.0,0,1,1
8503,83.0,1.0,19.0,1.0,1,49.0,0.0,40.0,1,0,1
8504,86.0,3.0,19.0,1.0,1,49.0,1.0,40.0,1,1,0
8505,83.0,2.0,19.0,1.0,0,49.0,0.0,40.0,1,1,1
8506,69.0,5.0,16.0,1.0,1,49.0,0.0,40.0,1,1,1
8507,75.0,1.0,19.0,1.0,1,49.0,1.0,40.0,1,1,0
8508,60.0,3.0,19.0,1.0,0,49.0,0.0,40.0,1,1,0
8509,83.0,3.0,12.0,1.0,1,49.0,1.0,40.0,1,1,0
8510,36.0,3.0,19.0,1.0,1,49.0,0.0,40.0,1,1,1
8511,17.0,7.0,16.0,1.0,1,49.0,1.0,40.0,0,1,1
8512,19.0,1.0,19.0,1.0,1,49.0,0.0,40.0,0,1,1
8513,31.0,5.0,16.0,5.0,1,49.0,0.0,40.0,1,1,0
8514,31.0,7.0,19.0,1.0,0,49.0,0.0,40.0,1,0,1
8515,83.0,1.0,19.0,1.0,1,49.0,0.0,40.0,1,1,1
8516,31.0,2.0,16.0,1.0,1,49.0,0.0,40.0,0,1,1
8517,43.0,7.0,19.0,1.0,1,49.0,1.0,40.0,0,1,1
8518,83.0,5.0,21.0,1.0,0,49.0,0.0,40.0,1,1,1
8519,86.0,3.0,21.0,5.0,1,49.0,0.0,40.0,1,1,0
8520,31.0,3.0,19.0,1.0,5,49.0,13.0,40.0,1,1,1
8521,36.0,1.0,16.0,1.0,1,49.0,0.0,40.0,1,1,1
8522,36.0,2.0,21.0,1.0,1,49.0,1.0,40.0,1,1,1
8523,19.0,2.0,19.0,1.0,1,49.0,0.0,40.0,1,1,1
8524,31.0,2.0,17.0,1.0,1,49.0,0.0,40.0,0,1,0
8525,31.0,3.0,19.0,2.0,1,49.0,0.0,40.0,0,1,0
8526,19.0,7.0,16.0,1.0,1,49.0,0.0,40.0,1,1,1
8527,75.0,7.0,21.0,1.0,1,49.0,0.0,40.0,0,1,1
8528,31.0,1.0,16.0,1.0,1,49.0,1.0,40.0,1,1,1
8529,32.0,7.0,19.0,1.0,1,49.0,0.0,40.0,1,1,0
8530,69.0,1.0,19.0,1.0,0,49.0,0.0,40.0,1,1,0
8531,83.0,1.0,16.0,1.0,0,49.0,0.0,40.0,1,1,0
8532,19.0,1.0,21.0,1.0,0,49.0,0.0,14.0,1,1,1
8533,19.0,3.0,16.0,1.0,0,49.0,0.0,40.0,1,1,1
8534,31.0,1.0,19.0,1.0,0,49.0,0.0,40.0,0,1,0
8535,31.0,7.0,19.0,1.0,1,49.0,0.0,40.0,1,1,1
8536,83.0,2.0,21.0,1.0,1,49.0,1.0,40.0,1,1,0
8537,60.0,7.0,19.0,1.0,5,49.0,0.0,40.0,1,1,0
8538,75.0,3.0,14.0,1.0,0,49.0,0.0,40.0,0,1,1
8539,56.0,7.0,19.0,1.0,0,49.0,0.0,40.0,0,1,0
8540,86.0,1.0,22.0,1.0,1,49.0,0.0,40.0,0,1,0
8541,83.0,2.0,11.0,1.0,1,49.0,0.0,40.0,1,0,1
8542,75.0,1.0,12.0,1.0,0,49.0,0.0,40.0,1,0,1
8543,75.0,2.0,16.0,4.0,2,49.0,0.0,40.0,1,1,1
8544,60.0,2.0,16.0,1.0,1,49.0,1.0,40.0,1,1,0
8545,83.0,3.0,19.0,1.0,0,49.0,0.0,40.0,1,1,0
8546,43.0,1.0,16.0,1.0,1,49.0,0.0,40.0,1,1,1
8547,19.0,1.0,21.0,1.0,2,49.0,0.0,40.0,1,1,1
8548,43.0,2.0,16.0,1.0,1,49.0,0.0,40.0,1,0,1
8549,83.0,7.0,16.0,1.0,1,49.0,1.0,40.0,1,1,1
8550,65.0,3.0,16.0,1.0,1,49.0,1.0,40.0,1,1,1
8551,32.0,5.0,19.0,1.0,0,49.0,1.0,40.0,0,0,0
8552,17.0,3.0,19.0,1.0,1,49.0,0.0,40.0,1,1,1
8553,83.0,2.0,16.0,1.0,1,49.0,0.0,40.0,1,1,0
8554,75.0,1.0,16.0,1.0,0,49.0,1.0,40.0,1,1,1
8555,64.0,1.0,16.0,1.0,1,49.0,0.0,40.0,1,1,1
8556,75.0,2.0,16.0,1.0,1,49.0,0.0,40.0,1,1,0
8557,83.0,2.0,19.0,1.0,0,49.0,1.0,40.0,1,1,0
8558,64.0,3.0,14.0,1.0,2,49.0,1.0,40.0,1,1,0
8559,83.0,7.0,22.0,1.0,1,49.0,1.0,40.0,0,1,1
8560,31.0,2.0,12.0,1.0,1,49.0,13.0,40.0,1,1,1
8561,83.0,1.0,19.0,1.0,1,49.0,0.0,40.0,1,1,0
8562,31.0,4.0,19.0,1.0,1,49.0,0.0,40.0,1,1,1
8563,60.0,1.0,16.0,5.0,1,49.0,0.0,40.0,1,1,1
8564,83.0,2.0,19.0,1.0,1,49.0,0.0,40.0,0,0,1
8565,31.0,1.0,16.0,1.0,1,49.0,0.0,40.0,1,1,0
8566,31.0,3.0,19.0,1.0,1,49.0,0.0,40.0,1,1,0
8567,17.0,3.0,16.0,1.0,1,49.0,0.0,40.0,1,1,1
8568,74.0,1.0,16.0,1.0,0,49.0,0.0,40.0,1,1,1
8569,31.0,1.0,19.0,1.0,0,49.0,0.0,40.0,1,1,1
8570,86.0,1.0,19.0,1.0,1,49.0,0.0,40.0,1,1,1
8571,31.0,7.0,16.0,1.0,0,49.0,14.0,40.0,1,1,1
8572,40.0,3.0,19.0,1.0,1,49.0,0.0,40.0,1,1,1
8573,31.0,5.0,14.0,1.0,1,49.0,5.0,40.0,1,1,1
8574,83.0,2.0,19.0,1.0,1,49.0,1.0,40.0,1,1,1
8575,43.0,5.0,16.0,1.0,1,49.0,0.0,40.0,1,1,0
8576,43.0,2.0,19.0,1.0,1,49.0,0.0,40.0,1,1,0
8577,43.0,2.0,19.0,1.0,4,49.0,0.0,40.0,1,1,0
8578,43.0,3.0,19.0,1.0,0,49.0,1.0,40.0,1,1,1
8579,36.0,1.0,19.0,1.0,1,49.0,0.0,40.0,1,1,1
8580,36.0,7.0,21.0,1.0,0,49.0,0.0,40.0,1,0,1
8581,43.0,5.0,16.0,1.0,1,49.0,0.0,40.0,1,1,0
8582,83.0,3.0,16.0,1.0,1,49.0,0.0,40.0,1,1,0
8583,31.0,1.0,24.0,1.0,1,49.0,0.0,40.0,0,1,0
8584,31.0,1.0,16.0,1.0,1,49.0,1.0,40.0,0,0,1
8585,75.0,3.0,16.0,1.0,1,49.0,0.0,40.0,1,1,1
8586,43.0,5.0,16.0,1.0,1,49.0,10.0,40.0,1,1,1
8587,83.0,1.0,21.0,5.0,0,49.0,1.0,40.0,1,1,1
8588,83.0,7.0,21.0,1.0,1,49.0,0.0,40.0,1,1,0
8589,83.0,1.0,19.0,1.0,1,49.0,0.0,40.0,1,1,1
8590,75.0,3.0,19.0,1.0,1,49.0,0.0,40.0,1,1,0
8591,43.0,1.0,24.0,1.0,1,49.0,0.0,40.0,1,1,1
8592,83.0,2.0,21.0,1.0,1,49.0,0.0,40.0,1,1,0
8593,64.0,3.0,16.0,1.0,2,49.0,0.0,40.0,1,1,1
8594,59.0,7.0,16.0,5.0,0,49.0,0.0,40.0,1,1,1
8595,43.0,5.0,16.0,1.0,1,49.0,0.0,40.0,1,0,1
8596,83.0,7.0,19.0,1.0,2,49.0,1.0,14.0,1,1,1
8597,43.0,1.0,21.0,1.0,0,49.0,0.0,40.0,1,1,1
8598,43.0,3.0,16.0,1.0,1,49.0,0.0,40.0,1,1,0
8599,83.0,2.0,16.0,1.0,1,49.0,0.0,40.0,1,1,1
8600,75.0,2.0,16.0,1.0,1,49.0,0.0,40.0,1,1,1
8601,86.0,2.0,21.0,1.0,1,49.0,1.0,40.0,1,1,1
8602,92.0,2.0,16.0,1.0,1,49.0,0.0,40.0,1,1,1
8603,75.0,7.0,16.0,1.0,1,49.0,0.0,40.0,1,1,1
8604,69.0,3.0,19.0,1.0,1,49.0,0.0,40.0,1,1,1
8605,43.0,1.0,16.0,1.0,1,49.0,0.0,40.0,1,0,1
8606,43.0,7.0,16.0,1.0,1,49.0,1.0,40.0,1,1,1
8607,17.0,3.0,16.0,1.0,0,49.0,0.0,40.0,1,1,1
8608,92.0,2.0,19.0,1.0,-1,49.0,0.0,40.0,1,1,1
8609,83.0,5.0,21.0,1.0,0,49.0,1.0,40.0,0,1,0
8610,75.0,1.0,19.0,1.0,1,49.0,0.0,40.0,0,1,1
8611,17.0,1.0,16.0,1.0,1,49.0,0.0,40.0,1,1,1
8612,31.0,1.0,16.0,1.0,1,49.0,1.0,40.0,1,1,0
8613,27.0,5.0,19.0,1.0,0,49.0,1.0,40.0,1,1,0
8614,75.0,7.0,19.0,3.0,1,49.0,0.0,40.0,0,1,0
8615,36.0,2.0,19.0,1.0,-1,49.0,1.0,40.0,1,1,0
8616,31.0,3.0,19.0,1.0,1,49.0,0.0,40.0,1,1,0
8617,19.0,2.0,16.0,1.0,1,49.0,0.0,40.0,1,1,1
8618,32.0,3.0,16.0,1.0,1,49.0,1.0,40.0,0,1,0
8619,19.0,1.0,19.0,1.0,1,49.0,0.0,40.0,0,1,1
8620,64.0,2.0,24.0,1.0,1,49.0,1.0,40.0,1,1,1
8621,43.0,3.0,19.0,1.0,1,49.0,1.0,40.0,1,1,1
8622,83.0,3.0,21.0,1.0,1,49.0,0.0,40.0,1,1,1
8623,31.0,1.0,16.0,1.0,1,49.0,1.0,40.0,1,1,1
8624,31.0,1.0,16.0,1.0,1,442.0,0.0,40.0,1,0,0
8625,43.0,2.0,19.0,3.0,2,49.0,1.0,40.0,1,1,1
8626,36.0,2.0,19.0,1.0,1,49.0,0.0,40.0,1,1,0
8627,75.0,3.0,16.0,1.0,1,49.0,0.0,40.0,1,1,1
8628,66.0,3.0,16.0,1.0,1,49.0,0.0,40.0,1,0,0
8629,83.0,1.0,16.0,1.0,1,49.0,0.0,40.0,0,1,1
8630,75.0,3.0,21.0,1.0,1,49.0,1.0,40.0,1,1,0
8631,83.0,2.0,16.0,1.0,1,49.0,1.0,40.0,1,1,1
8632,75.0,4.0,19.0,1.0,1,49.0,0.0,40.0,0,1,1
8633,54.0,1.0,19.0,1.0,1,49.0,0.0,40.0,1,1,0
8634,31.0,1.0,22.0,1.0,1,49.0,0.0,40.0,0,1,1
8635,86.0,2.0,19.0,1.0,1,49.0,0.0,40.0,1,1,1
8636,86.0,2.0,19.0,1.0,1,49.0,0.0,40.0,1,1,1
8637,31.0,2.0,16.0,1.0,1,49.0,0.0,40.0,1,1,1
8638,83.0,3.0,16.0,1.0,0,49.0,0.0,40.0,1,1,1
8639,86.0,7.0,21.0,1.0,0,49.0,0.0,40.0,1,1,0
8640,83.0,3.0,12.0,1.0,1,49.0,0.0,40.0,1,1,0
8641,92.0,7.0,21.0,5.0,1,49.0,0.0,40.0,0,1,1
8642,43.0,1.0,16.0,1.0,0,49.0,0.0,40.0,1,1,1
8643,86.0,1.0,16.0,1.0,1,49.0,0.0,40.0,1,1,0
8644,83.0,7.0,19.0,1.0,1,242.0,0.0,40.0,1,1,1
8645,83.0,3.0,19.0,1.0,1,49.0,0.0,40.0,1,1,1
8646,83.0,7.0,22.0,1.0,1,49.0,1.0,33.0,1,1,1
8647,43.0,2.0,16.0,1.0,1,49.0,0.0,40.0,1,1,1
8648,31.0,1.0,19.0,1.0,1,49.0,1.0,40.0,1,1,1
8649,83.0,7.0,16.0,1.0,0,49.0,0.0,40.0,1,1,1
8650,83.0,7.0,19.0,1.0,1,49.0,0.0,40.0,1,1,1
8651,86.0,7.0,16.0,1.0,1,49.0,0.0,40.0,0,1,0
8652,43.0,1.0,4.0,1.0,0,49.0,0.0,40.0,1,1,0
8653,69.0,1.0,19.0,1.0,1,49.0,1.0,40.0,1,1,0
8654,76.0,2.0,19.0,1.0,1,49.0,0.0,40.0,1,1,0
8655,19.0,3.0,21.0,1.0,1,49.0,0.0,40.0,1,1,1
8656,83.0,6.0,21.0,5.0,1,49.0,14.0,40.0,1,1,1
8657,75.0,7.0,21.0,1.0,0,49.0,0.0,40.0,0,1,1
8658,43.0,7.0,19.0,1.0,1,49.0,1.0,40.0,0,1,0
8659,43.0,1.0,19.0,1.0,0,49.0,0.0,40.0,1,1,0
8660,19.0,2.0,16.0,1.0,0,49.0,0.0,40.0,1,1,0
8661,75.0,7.0,21.0,1.0,0,49.0,0.0,40.0,1,1,1
8662,75.0,2.0,19.0,1.0,-1,49.0,0.0,33.0,1,1,1
8663,36.0,7.0,16.0,1.0,1,49.0,0.0,40.0,1,1,0
8664,75.0,7.0,16.0,1.0,0,49.0,1.0,40.0,1,0,0
8665,86.0,2.0,19.0,5.0,1,49.0,0.0,40.0,1,1,0
8666,83.0,7.0,19.0,1.0,1,49.0,0.0,40.0,1,1,0
8667,43.0,5.0,21.0,1.0,1,49.0,0.0,40.0,1,1,1
8668,31.0,3.0,21.0,1.0,2,242.0,4.0,40.0,1,0,1
8669,75.0,1.0,16.0,1.0,1,49.0,0.0,30.0,1,1,1
8670,86.0,2.0,16.0,5.0,1,49.0,0.0,40.0,0,1,0
8671,31.0,7.0,21.0,1.0,1,200.0,0.0,40.0,1,1,0
8672,92.0,1.0,21.0,1.0,0,49.0,0.0,40.0,0,1,0
8673,75.0,3.0,16.0,1.0,1,49.0,0.0,40.0,1,1,1
8674,64.0,3.0,19.0,1.0,1,49.0,0.0,40.0,1,1,1
8675,31.0,7.0,4.0,1.0,1,49.0,1.0,40.0,1,1,1
8676,75.0,2.0,19.0,1.0,1,49.0,1.0,40.0,1,1,1
8677,83.0,7.0,16.0,1.0,1,242.0,0.0,40.0,1,1,0
8678,83.0,3.0,19.0,1.0,0,49.0,0.0,40.0,1,0,0
8679,75.0,5.0,16.0,1.0,1,49.0,0.0,40.0,0,1,1
8680,83.0,3.0,19.0,1.0,1,49.0,0.0,40.0,0,0,1
8681,86.0,1.0,24.0,1.0,0,49.0,0.0,40.0,1,1,1
8682,40.0,3.0,19.0,5.0,0,49.0,0.0,40.0,1,1,1
8683,75.0,3.0,12.0,1.0,1,49.0,1.0,40.0,1,1,1
8684,83.0,5.0,21.0,5.0,1,136.0,1.0,66.0,1,1,1
8685,31.0,3.0,16.0,1.0,1,49.0,1.0,40.0,1,1,1
8686,75.0,3.0,24.0,1.0,2,49.0,1.0,40.0,1,1,1
8687,31.0,2.0,16.0,1.0,2,49.0,1.0,40.0,1,1,1
8688,92.0,2.0,4.0,1.0,1,49.0,0.0,40.0,1,1,0
8689,86.0,2.0,19.0,1.0,2,49.0,0.0,40.0,1,1,0
8690,60.0,5.0,19.0,1.0,3,49.0,0.0,40.0,1,1,1
8691,86.0,5.0,19.0,1.0,1,49.0,0.0,40.0,0,1,0
8692,31.0,1.0,16.0,1.0,1,49.0,0.0,40.0,1,1,0
8693,75.0,2.0,19.0,1.0,1,49.0,1.0,40.0,1,1,1
8694,75.0,2.0,16.0,1.0,0,49.0,0.0,40.0,1,1,1
8695,32.0,3.0,16.0,1.0,4,49.0,0.0,40.0,1,1,1
8696,17.0,2.0,21.0,1.0,0,49.0,1.0,40.0,1,1,1
8697,69.0,2.0,21.0,1.0,1,49.0,0.0,40.0,1,0,0
8698,17.0,1.0,16.0,1.0,1,49.0,0.0,40.0,0,1,1
8699,31.0,7.0,20.0,1.0,1,49.0,0.0,40.0,1,1,1
8700,75.0,2.0,12.0,1.0,1,49.0,1.0,40.0,1,1,0
8701,75.0,2.0,19.0,1.0,1,49.0,1.0,40.0,1,1,0
8702,31.0,3.0,19.0,1.0,1,49.0,0.0,40.0,0,1,1
8703,64.0,3.0,19.0,1.0,1,49.0,0.0,40.0,0,1,1
8704,75.0,1.0,19.0,1.0,4,49.0,0.0,40.0,1,1,1
8705,32.0,3.0,13.0,1.0,1,49.0,0.0,40.0,1,1,1
8706,19.0,1.0,16.0,1.0,1,49.0,0.0,40.0,0,1,1
8707,31.0,6.0,19.0,1.0,1,49.0,0.0,40.0,1,1,1
8708,31.0,1.0,19.0,1.0,1,49.0,1.0,40.0,1,1,1
8709,31.0,1.0,19.0,1.0,1,49.0,0.0,40.0,1,1,0
8710,83.0,2.0,16.0,1.0,0,49.0,0.0,40.0,1,1,0
8711,83.0,1.0,22.0,1.0,1,49.0,0.0,40.0,1,0,1
8712,31.0,1.0,21.0,1.0,1,49.0,0.0,40.0,1,1,0
8713,83.0,5.0,16.0,1.0,0,49.0,1.0,40.0,1,1,0
8714,83.0,5.0,16.0,1.0,1,49.0,0.0,40.0,1,1,1
8715,64.0,3.0,16.0,1.0,1,49.0,0.0,40.0,1,1,1
8716,83.0,2.0,16.0,1.0,1,49.0,0.0,40.0,1,1,0
8717,75.0,5.0,19.0,1.0,2,49.0,0.0,40.0,1,1,0
8718,31.0,2.0,16.0,1.0,0,49.0,1.0,40.0,0,1,0
8719,83.0,7.0,19.0,1.0,1,49.0,0.0,14.0,0,1,0
8720,31.0,3.0,21.0,1.0,1,49.0,0.0,40.0,1,1,1
8721,83.0,5.0,19.0,1.0,1,49.0,1.0,40.0,1,0,1
8722,31.0,5.0,16.0,1.0,1,49.0,0.0,40.0,1,1,0
8723,36.0,3.0,16.0,1.0,1,49.0,0.0,40.0,0,1,1
8724,83.0,2.0,21.0,1.0,1,49.0,0.0,40.0,1,0,1
8725,31.0,2.0,16.0,1.0,1,49.0,1.0,40.0,1,1,1
8726,17.0,3.0,19.0,1.0,1,49.0,0.0,40.0,1,1,1
8727,31.0,2.0,16.0,1.0,1,49.0,1.0,40.0,1,1,1
8728,75.0,1.0,19.0,1.0,1,49.0,0.0,40.0,1,1,1
8729,75.0,2.0,22.0,1.0,1,49.0,0.0,40.0,1,1,1
8730,75.0,1.0,21.0,1.0,0,49.0,0.0,40.0,0,1,0
8731,17.0,1.0,16.0,1.0,1,49.0,0.0,40.0,1,1,0
8732,83.0,2.0,19.0,5.0,0,49.0,0.0,40.0,1,1,0
8733,31.0,3.0,16.0,1.0,0,49.0,0.0,40.0,1,1,1
8734,36.0,2.0,19.0,1.0,1,49.0,0.0,40.0,1,1,0
8735,36.0,1.0,21.0,5.0,1,49.0,0.0,40.0,1,0,1
8736,83.0,5.0,19.0,1.0,-1,49.0,0.0,40.0,1,1,0
8737,36.0,2.0,16.0,1.0,1,49.0,0.0,40.0,1,1,0
8738,43.0,2.0,19.0,1.0,1,49.0,0.0,40.0,1,1,1
8739,19.0,2.0,21.0,1.0,1,49.0,1.0,40.0,0,1,1
8740,62.0,5.0,6.0,1.0,1,49.0,0.0,40.0,1,1,1
8741,36.0,7.0,22.0,1.0,1,49.0,0.0,40.0,1,1,0
8742,19.0,3.0,21.0,1.0,1,49.0,0.0,40.0,1,1,1
8743,83.0,5.0,19.0,1.0,1,49.0,0.0,40.0,1,1,0
8744,36.0,3.0,19.0,1.0,2,49.0,0.0,40.0,0,1,0
8745,43.0,6.0,16.0,1.0,1,49.0,0.0,40.0,1,1,1
8746,83.0,5.0,19.0,1.0,0,49.0,0.0,40.0,1,1,1
8747,32.0,2.0,16.0,5.0,1,49.0,0.0,40.0,1,1,1
8748,60.0,2.0,21.0,1.0,4,49.0,0.0,40.0,1,1,1
8749,75.0,2.0,21.0,1.0,1,49.0,0.0,40.0,1,1,1
8750,31.0,3.0,16.0,1.0,0,49.0,0.0,40.0,1,1,1
8751,92.0,5.0,21.0,1.0,0,49.0,0.0,40.0,1,1,1
8752,31.0,7.0,4.0,1.0,1,49.0,0.0,40.0,1,1,1
8753,83.0,3.0,19.0,1.0,5,49.0,0.0,40.0,1,1,0
8754,31.0,1.0,21.0,1.0,1,49.0,0.0,40.0,1,1,1
8755,31.0,1.0,21.0,1.0,1,49.0,0.0,40.0,1,1,1
8756,60.0,1.0,19.0,1.0,1,49.0,0.0,40.0,1,1,0
8757,83.0,2.0,16.0,1.0,1,364.0,1.0,40.0,1,0,1
8758,32.0,5.0,19.0,1.0,1,49.0,0.0,40.0,1,1,0
8759,75.0,2.0,11.0,5.0,2,49.0,0.0,40.0,0,1,0
8760,69.0,5.0,16.0,1.0,2,49.0,0.0,40.0,1,0,0
8761,83.0,3.0,19.0,1.0,1,49.0,0.0,40.0,1,0,1
8762,36.0,3.0,19.0,1.0,1,49.0,1.0,40.0,0,1,1
8763,83.0,7.0,16.0,1.0,1,49.0,0.0,40.0,0,1,1
8764,75.0,3.0,19.0,1.0,1,49.0,1.0,40.0,1,1,0
8765,69.0,2.0,19.0,1.0,4,49.0,0.0,40.0,1,1,1
8766,43.0,2.0,19.0,1.0,1,49.0,0.0,40.0,0,1,1
8767,64.0,1.0,16.0,1.0,2,49.0,0.0,40.0,1,1,0
8768,19.0,5.0,16.0,1.0,1,49.0,0.0,40.0,1,1,0
8769,31.0,1.0,19.0,1.0,1,49.0,0.0,40.0,1,0,0
8770,19.0,2.0,19.0,1.0,0,49.0,0.0,40.0,1,1,0
8771,60.0,7.0,16.0,5.0,0,49.0,0.0,40.0,1,1,0
8772,31.0,7.0,16.0,1.0,1,49.0,0.0,40.0,0,1,1
8773,83.0,5.0,19.0,1.0,1,49.0,0.0,40.0,1,1,1
8774,36.0,5.0,16.0,1.0,1,49.0,0.0,40.0,1,1,0
8775,19.0,2.0,16.0,1.0,1,49.0,0.0,40.0,1,1,1
8776,75.0,1.0,16.0,1.0,1,49.0,0.0,40.0,1,1,0
8777,32.0,3.0,16.0,1.0,0,49.0,0.0,40.0,1,1,1
8778,64.0,2.0,19.0,1.0,0,49.0,0.0,40.0,0,1,1
8779,83.0,7.0,16.0,1.0,1,49.0,0.0,40.0,1,1,1
8780,43.0,7.0,19.0,1.0,1,49.0,0.0,40.0,1,0,0
8781,83.0,1.0,21.0,1.0,1,49.0,2.0,40.0,0,1,0
8782,64.0,7.0,19.0,1.0,2,49.0,0.0,40.0,1,1,0
8783,83.0,3.0,16.0,1.0,2,49.0,1.0,40.0,1,1,0
8784,83.0,1.0,19.0,1.0,1,49.0,0.0,40.0,0,1,0
8785,86.0,1.0,22.0,1.0,1,49.0,0.0,40.0,1,1,0
8786,31.0,1.0,16.0,1.0,1,49.0,0.0,40.0,0,1,1
8787,19.0,7.0,16.0,1.0,2,49.0,0.0,40.0,0,1,1
8788,43.0,1.0,21.0,1.0,1,49.0,0.0,51.0,1,1,0
8789,43.0,1.0,19.0,1.0,1,49.0,0.0,40.0,1,1,1
8790,74.0,7.0,16.0,1.0,1,49.0,1.0,40.0,1,1,1
8791,43.0,5.0,19.0,1.0,0,49.0,0.0,40.0,1,1,0
8792,17.0,2.0,24.0,1.0,0,49.0,0.0,40.0,1,1,1
8793,43.0,3.0,4.0,1.0,1,49.0,1.0,40.0,0,1,1
8794,83.0,1.0,21.0,1.0,-1,49.0,0.0,40.0,0,1,1
8795,31.0,3.0,4.0,1.0,1,49.0,0.0,40.0,1,1,1
8796,31.0,3.0,21.0,1.0,0,49.0,0.0,40.0,1,1,1
8797,83.0,1.0,19.0,1.0,1,49.0,1.0,40.0,1,1,1
8798,27.0,1.0,16.0,1.0,0,49.0,0.0,40.0,1,1,1
8799,83.0,1.0,16.0,1.0,2,49.0,0.0,40.0,0,0,1
8800,31.0,7.0,16.0,1.0,0,49.0,0.0,40.0,1,1,1
8801,43.0,2.0,16.0,1.0,1,49.0,1.0,40.0,1,1,1
8802,19.0,3.0,16.0,1.0,1,49.0,0.0,40.0,1,1,1
8803,69.0,2.0,19.0,1.0,1,49.0,0.0,40.0,1,1,1
8804,75.0,5.0,16.0,1.0,2,49.0,0.0,40.0,0,1,0
8805,83.0,3.0,16.0,1.0,1,49.0,0.0,40.0,0,1,1
8806,60.0,1.0,19.0,1.0,1,49.0,0.0,40.0,1,1,1
8807,31.0,5.0,19.0,1.0,1,49.0,0.0,40.0,0,1,0
8808,83.0,5.0,19.0,1.0,1,49.0,0.0,40.0,1,1,1
8809,83.0,2.0,16.0,1.0,0,49.0,0.0,40.0,0,1,1
8810,31.0,5.0,19.0,1.0,1,49.0,0.0,40.0,0,1,0
8811,19.0,5.0,16.0,1.0,4,49.0,0.0,40.0,1,1,0
8812,83.0,1.0,16.0,1.0,1,49.0,0.0,40.0,1,1,0
8813,43.0,1.0,16.0,1.0,1,49.0,0.0,40.0,1,1,1
8814,60.0,2.0,16.0,1.0,1,49.0,0.0,40.0,1,1,1
8815,31.0,7.0,16.0,1.0,0,49.0,0.0,40.0,1,1,1
8816,60.0,2.0,21.0,1.0,1,49.0,0.0,40.0,1,1,1
8817,36.0,3.0,21.0,1.0,0,49.0,0.0,40.0,1,1,1
8818,83.0,2.0,21.0,1.0,2,26.0,0.0,70.0,1,1,1
8819,31.0,1.0,16.0,1.0,1,49.0,0.0,40.0,1,1,0
8820,83.0,2.0,19.0,1.0,1,49.0,0.0,40.0,1,1,1
8821,75.0,3.0,16.0,1.0,0,49.0,14.0,40.0,1,1,1
8822,84.0,1.0,19.0,1.0,2,49.0,1.0,40.0,1,0,1
8823,74.0,3.0,21.0,1.0,0,49.0,0.0,40.0,1,1,1
8824,17.0,2.0,19.0,5.0,1,49.0,0.0,40.0,1,1,1
8825,79.0,7.0,16.0,1.0,2,49.0,1.0,40.0,1,1,1
8826,17.0,1.0,19.0,1.0,1,49.0,5.0,40.0,0,1,1
8827,83.0,1.0,21.0,1.0,2,49.0,0.0,40.0,1,1,0
8828,69.0,4.0,16.0,1.0,4,49.0,1.0,40.0,1,1,1
8829,19.0,5.0,16.0,1.0,0,49.0,0.0,40.0,1,1,1
8830,43.0,5.0,19.0,1.0,0,49.0,0.0,40.0,1,1,1
8831,19.0,2.0,16.0,1.0,1,49.0,0.0,40.0,1,0,1
8832,17.0,1.0,19.0,1.0,1,49.0,0.0,40.0,1,1,1
8833,83.0,5.0,16.0,1.0,-1,49.0,0.0,40.0,1,1,1
8834,83.0,1.0,21.0,1.0,1,49.0,0.0,40.0,1,1,0
8835,19.0,7.0,19.0,1.0,1,49.0,1.0,40.0,0,1,1
8836,83.0,1.0,24.0,1.0,1,49.0,0.0,40.0,1,1,1
8837,31.0,2.0,21.0,1.0,1,49.0,1.0,40.0,1,1,1
8838,83.0,7.0,19.0,1.0,1,49.0,0.0,40.0,1,1,0
8839,83.0,2.0,16.0,1.0,1,49.0,2.0,40.0,1,0,0
8840,43.0,2.0,16.0,1.0,1,49.0,0.0,40.0,1,1,1
8841,43.0,7.0,19.0,1.0,1,49.0,0.0,40.0,1,1,1
8842,28.0,1.0,21.0,1.0,0,49.0,1.0,40.0,1,1,1
8843,43.0,1.0,19.0,1.0,0,49.0,0.0,40.0,1,1,1
8844,17.0,2.0,24.0,1.0,1,49.0,0.0,40.0,1,1,0
8845,86.0,1.0,24.0,1.0,1,49.0,0.0,40.0,1,1,1
8846,83.0,7.0,16.0,1.0,1,49.0,0.0,40.0,1,1,1
8847,19.0,2.0,21.0,1.0,2,49.0,0.0,40.0,1,1,0
8848,43.0,1.0,16.0,1.0,1,49.0,1.0,40.0,0,1,1
8849,43.0,7.0,19.0,1.0,1,49.0,1.0,40.0,1,1,1
8850,43.0,4.0,16.0,1.0,1,49.0,0.0,40.0,1,1,0
8851,31.0,2.0,16.0,1.0,-1,49.0,0.0,40.0,1,1,1
8852,19.0,2.0,19.0,1.0,1,49.0,0.0,40.0,1,1,0
8853,36.0,2.0,16.0,1.0,1,49.0,1.0,40.0,1,0,0
8854,75.0,5.0,16.0,1.0,1,49.0,0.0,40.0,1,1,1
8855,43.0,2.0,19.0,1.0,1,149.0,1.0,40.0,1,1,0
8856,60.0,3.0,19.0,1.0,1,49.0,0.0,40.0,0,1,0
8857,75.0,1.0,21.0,1.0,1,49.0,1.0,40.0,0,1,1
8858,43.0,3.0,16.0,1.0,1,49.0,0.0,40.0,0,1,1
8859,36.0,6.0,24.0,5.0,2,49.0,0.0,40.0,1,1,1
8860,64.0,1.0,21.0,1.0,1,49.0,1.0,40.0,0,1,1
8861,43.0,7.0,19.0,1.0,0,49.0,0.0,40.0,1,1,0
8862,64.0,2.0,21.0,1.0,4,49.0,0.0,40.0,1,1,1
8863,36.0,7.0,21.0,1.0,1,49.0,0.0,40.0,1,1,0
8864,19.0,5.0,16.0,5.0,1,49.0,0.0,40.0,0,1,0
8865,86.0,1.0,19.0,1.0,1,49.0,0.0,40.0,1,1,1
8866,60.0,3.0,16.0,1.0,1,49.0,0.0,40.0,1,1,1
8867,19.0,3.0,21.0,1.0,5,49.0,0.0,40.0,1,1,1
8868,17.0,7.0,16.0,1.0,1,49.0,1.0,40.0,1,1,0
8869,19.0,7.0,21.0,1.0,0,49.0,0.0,40.0,1,1,1
8870,31.0,1.0,16.0,3.0,1,49.0,0.0,40.0,0,1,0
8871,31.0,3.0,19.0,5.0,1,49.0,13.0,40.0,1,1,1
8872,83.0,1.0,19.0,1.0,1,49.0,0.0,40.0,1,1,1
8873,17.0,1.0,21.0,1.0,0,49.0,0.0,40.0,0,1,1
8874,83.0,3.0,19.0,1.0,1,49.0,1.0,40.0,1,0,1
8875,92.0,2.0,21.0,1.0,1,49.0,0.0,40.0,1,1,0
8876,83.0,1.0,16.0,1.0,1,49.0,0.0,40.0,1,1,1
8877,17.0,2.0,16.0,1.0,1,49.0,0.0,40.0,1,1,1
8878,83.0,1.0,21.0,1.0,1,49.0,14.0,40.0,1,1,1
8879,36.0,5.0,21.0,1.0,4,49.0,0.0,40.0,0,1,0
8880,75.0,5.0,19.0,1.0,1,49.0,0.0,40.0,1,0,1
8881,31.0,4.0,19.0,1.0,1,49.0,0.0,40.0,1,1,1
8882,83.0,7.0,16.0,1.0,1,49.0,0.0,40.0,1,1,0
8883,43.0,3.0,19.0,5.0,1,49.0,0.0,40.0,1,0,1
8884,83.0,2.0,19.0,1.0,1,49.0,0.0,40.0,1,1,0
8885,83.0,2.0,19.0,1.0,0,49.0,0.0,40.0,1,0,0
8886,75.0,2.0,16.0,1.0,0,49.0,0.0,40.0,0,1,0
8887,31.0,3.0,16.0,1.0,1,49.0,1.0,40.0,1,1,1
8888,86.0,7.0,21.0,1.0,2,49.0,1.0,40.0,1,0,1
8889,57.0,7.0,19.0,1.0,2,49.0,0.0,40.0,1,1,1
8890,75.0,2.0,16.0,1.0,1,49.0,0.0,40.0,1,1,1
8891,86.0,2.0,16.0,1.0,1,49.0,0.0,40.0,1,0,1
8892,19.0,1.0,16.0,1.0,1,49.0,0.0,40.0,1,1,1
8893,31.0,1.0,23.0,4.0,0,49.0,0.0,40.0,1,1,1
8894,36.0,5.0,19.0,1.0,1,49.0,0.0,14.0,1,1,0
8895,31.0,2.0,16.0,1.0,1,49.0,0.0,40.0,0,1,0
8896,32.0,1.0,12.0,1.0,0,49.0,0.0,40.0,0,1,1
8897,43.0,2.0,16.0,1.0,1,49.0,0.0,40.0,1,1,0
8898,31.0,7.0,16.0,1.0,0,49.0,0.0,40.0,0,1,1
8899,83.0,3.0,12.0,1.0,1,49.0,0.0,40.0,1,1,1
8900,83.0,2.0,16.0,1.0,1,49.0,0.0,40.0,1,1,1
8901,83.0,3.0,16.0,1.0,0,49.0,0.0,40.0,1,1,0
8902,92.0,3.0,16.0,1.0,1,49.0,0.0,40.0,0,1,1
8903,31.0,2.0,19.0,1.0,0,49.0,0.0,40.0,0,1,0
8904,69.0,1.0,16.0,1.0,1,49.0,0.0,40.0,1,1,0
8905,83.0,7.0,16.0,1.0,1,49.0,0.0,40.0,0,1,1
8906,83.0,1.0,19.0,1.0,0,49.0,0.0,40.0,1,1,0
8907,83.0,3.0,16.0,1.0,1,49.0,0.0,40.0,1,1,0
8908,19.0,1.0,16.0,1.0,1,49.0,0.0,40.0,1,1,1
8909,31.0,1.0,16.0,1.0,4,49.0,0.0,40.0,1,1,1
8910,43.0,1.0,19.0,1.0,4,49.0,0.0,40.0,1,1,1
8911,60.0,2.0,16.0,1.0,1,49.0,0.0,40.0,1,1,0
8912,43.0,3.0,16.0,1.0,1,49.0,0.0,40.0,0,1,0
8913,31.0,2.0,16.0,1.0,4,49.0,0.0,40.0,1,1,1
8914,17.0,2.0,16.0,1.0,0,49.0,0.0,40.0,1,0,1
8915,83.0,3.0,16.0,1.0,1,49.0,0.0,40.0,1,1,0
8916,60.0,1.0,14.0,1.0,1,49.0,0.0,40.0,0,1,1
8917,31.0,5.0,16.0,1.0,0,49.0,0.0,40.0,1,1,1
8918,31.0,1.0,19.0,1.0,0,49.0,1.0,40.0,1,1,1
8919,36.0,1.0,19.0,1.0,1,49.0,0.0,40.0,1,1,1
8920,31.0,7.0,16.0,1.0,1,49.0,0.0,40.0,1,1,1
8921,86.0,7.0,16.0,1.0,1,49.0,0.0,40.0,1,1,1
8922,75.0,7.0,21.0,1.0,1,49.0,0.0,40.0,1,1,0
8923,31.0,7.0,16.0,1.0,1,49.0,0.0,30.0,0,1,1
8924,83.0,1.0,19.0,1.0,1,49.0,0.0,40.0,1,1,1
8925,19.0,5.0,21.0,5.0,2,49.0,1.0,40.0,1,1,1
8926,31.0,7.0,19.0,1.0,1,49.0,0.0,40.0,1,1,1
8927,43.0,2.0,16.0,1.0,1,49.0,5.0,40.0,1,0,1
8928,83.0,1.0,21.0,1.0,2,49.0,0.0,40.0,1,1,0
8929,75.0,5.0,23.0,1.0,1,49.0,0.0,40.0,0,1,1
8930,83.0,7.0,21.0,1.0,1,49.0,0.0,40.0,1,1,0
8931,19.0,1.0,16.0,1.0,1,49.0,0.0,40.0,1,1,1
8932,75.0,5.0,16.0,1.0,0,49.0,13.0,72.0,1,1,0
8933,19.0,1.0,16.0,1.0,0,49.0,0.0,65.0,1,1,1
8934,86.0,2.0,16.0,1.0,2,49.0,0.0,40.0,1,1,1
8935,60.0,1.0,21.0,1.0,1,49.0,0.0,40.0,1,1,0
8936,31.0,1.0,21.0,1.0,1,49.0,0.0,40.0,1,1,1
8937,31.0,7.0,19.0,1.0,1,49.0,0.0,40.0,0,1,1
8938,64.0,1.0,19.0,1.0,2,49.0,0.0,40.0,0,0,0
8939,52.0,1.0,16.0,1.0,0,49.0,0.0,40.0,1,0,1
8940,75.0,2.0,16.0,1.0,1,49.0,0.0,40.0,0,0,1
8941,75.0,7.0,16.0,1.0,1,49.0,0.0,40.0,1,1,1
8942,32.0,1.0,16.0,5.0,1,49.0,0.0,40.0,1,1,1
8943,74.0,7.0,16.0,1.0,2,49.0,0.0,40.0,1,1,1
8944,83.0,1.0,16.0,1.0,2,49.0,0.0,40.0,1,1,1
8945,43.0,3.0,19.0,1.0,1,49.0,0.0,40.0,1,1,0
8946,75.0,1.0,19.0,1.0,1,49.0,0.0,40.0,0,0,1
8947,69.0,1.0,16.0,1.0,1,49.0,0.0,40.0,0,1,1
8948,31.0,2.0,21.0,1.0,1,49.0,0.0,40.0,1,1,0
8949,83.0,2.0,12.0,1.0,0,49.0,0.0,40.0,1,1,1
8950,31.0,2.0,19.0,1.0,2,49.0,0.0,40.0,1,1,1
8951,31.0,4.0,22.0,1.0,0,49.0,0.0,40.0,0,1,0
8952,31.0,3.0,4.0,1.0,1,49.0,1.0,40.0,0,0,0
8953,43.0,2.0,16.0,1.0,1,60.0,0.0,2.0,1,0,1
8954,69.0,3.0,21.0,1.0,1,49.0,0.0,40.0,1,0,0
8955,83.0,4.0,19.0,1.0,0,49.0,1.0,40.0,1,1,0
8956,19.0,2.0,19.0,1.0,3,49.0,0.0,40.0,1,1,0
8957,84.0,1.0,21.0,1.0,1,49.0,0.0,40.0,1,1,1
8958,83.0,5.0,16.0,1.0,2,49.0,0.0,40.0,1,0,0
8959,60.0,5.0,24.0,1.0,1,49.0,0.0,40.0,1,1,1
8960,83.0,3.0,21.0,1.0,1,49.0,1.0,40.0,1,1,1
8961,83.0,5.0,16.0,1.0,0,49.0,0.0,40.0,0,1,1
8962,75.0,2.0,16.0,1.0,1,49.0,1.0,14.0,1,1,1
8963,31.0,2.0,19.0,1.0,1,49.0,0.0,40.0,1,1,0
8964,83.0,8.0,19.0,1.0,0,49.0,0.0,40.0,1,1,0
8965,86.0,1.0,19.0,1.0,1,49.0,0.0,40.0,1,1,1
8966,83.0,2.0,16.0,1.0,1,49.0,0.0,40.0,0,1,0
8967,64.0,1.0,21.0,1.0,0,49.0,0.0,40.0,1,1,1
8968,83.0,3.0,16.0,1.0,1,49.0,0.0,40.0,0,0,1
8969,86.0,1.0,16.0,1.0,1,49.0,0.0,14.0,1,1,1
8970,43.0,2.0,19.0,1.0,1,49.0,0.0,40.0,1,1,0
8971,31.0,7.0,16.0,1.0,4,49.0,0.0,40.0,1,1,1
8972,75.0,7.0,16.0,1.0,1,49.0,0.0,40.0,1,1,1
8973,83.0,3.0,16.0,1.0,0,49.0,0.0,40.0,0,1,1
8974,75.0,2.0,19.0,5.0,1,49.0,0.0,40.0,0,1,0
8975,92.0,2.0,16.0,1.0,1,49.0,0.0,40.0,1,1,0
8976,36.0,3.0,19.0,1.0,0,49.0,0.0,40.0,1,1,1
8977,31.0,5.0,16.0,1.0,1,49.0,0.0,40.0,1,1,1
8978,86.0,1.0,16.0,1.0,1,49.0,0.0,40.0,1,0,0
8979,83.0,2.0,19.0,1.0,4,49.0,0.0,40.0,1,1,1
8980,83.0,7.0,19.0,1.0,0,49.0,0.0,40.0,1,1,0
8981,83.0,2.0,19.0,1.0,1,49.0,1.0,40.0,1,0,1
8982,83.0,3.0,21.0,1.0,0,49.0,2.0,40.0,0,1,1
8983,83.0,1.0,21.0,5.0,1,49.0,0.0,40.0,1,1,0
8984,32.0,3.0,19.0,3.0,1,49.0,0.0,40.0,1,1,0
8985,34.0,5.0,16.0,1.0,1,49.0,0.0,40.0,1,1,0
8986,43.0,2.0,16.0,1.0,1,49.0,0.0,40.0,0,1,0
8987,17.0,7.0,21.0,1.0,1,49.0,0.0,40.0,1,1,1
8988,22.0,2.0,19.0,1.0,1,49.0,0.0,40.0,1,1,1
8989,75.0,7.0,21.0,1.0,1,49.0,0.0,40.0,1,1,0
8990,31.0,3.0,16.0,3.0,1,49.0,0.0,40.0,0,0,0
8991,92.0,5.0,19.0,1.0,1,49.0,0.0,40.0,1,1,1
8992,64.0,7.0,16.0,1.0,5,49.0,0.0,40.0,0,1,1
8993,83.0,7.0,21.0,1.0,0,49.0,0.0,40.0,0,1,0
8994,64.0,3.0,16.0,1.0,1,49.0,0.0,40.0,0,1,1
8995,64.0,3.0,19.0,1.0,1,49.0,0.0,40.0,1,1,0
8996,17.0,1.0,16.0,1.0,1,49.0,0.0,40.0,1,0,1
8997,83.0,5.0,19.0,1.0,0,49.0,0.0,40.0,1,1,0
8998,31.0,2.0,16.0,3.0,0,49.0,0.0,40.0,1,0,1
8999,31.0,2.0,16.0,1.0,1,49.0,1.0,40.0,1,0,1
9000,75.0,1.0,16.0,1.0,1,49.0,0.0,40.0,1,0,1
9001,43.0,1.0,19.0,1.0,0,49.0,1.0,40.0,0,1,1
9002,83.0,7.0,16.0,1.0,1,49.0,0.0,40.0,0,1,0
9003,75.0,2.0,19.0,1.0,1,49.0,0.0,40.0,1,1,0
9004,31.0,3.0,16.0,1.0,1,49.0,1.0,40.0,1,1,1
9005,83.0,7.0,16.0,1.0,1,49.0,0.0,40.0,1,1,1
9006,86.0,3.0,19.0,1.0,3,49.0,0.0,40.0,1,1,1
9007,23.0,7.0,21.0,1.0,1,49.0,2.0,40.0,1,1,1
9008,31.0,7.0,21.0,1.0,1,49.0,0.0,40.0,0,0,1
9009,86.0,1.0,19.0,1.0,1,49.0,0.0,40.0,1,0,0
9010,75.0,2.0,19.0,3.0,1,49.0,1.0,40.0,1,1,0
9011,36.0,1.0,16.0,1.0,1,49.0,0.0,40.0,1,1,0
9012,31.0,7.0,16.0,1.0,2,49.0,1.0,40.0,1,0,1
9013,27.0,3.0,19.0,1.0,1,49.0,0.0,40.0,1,1,1
9014,60.0,2.0,16.0,1.0,0,49.0,0.0,40.0,1,1,0
9015,92.0,2.0,19.0,1.0,1,49.0,0.0,40.0,0,1,1
9016,31.0,7.0,16.0,1.0,1,49.0,0.0,40.0,1,1,0
9017,43.0,2.0,16.0,1.0,1,49.0,1.0,40.0,1,1,1
9018,31.0,2.0,19.0,1.0,1,49.0,0.0,14.0,1,1,1
9019,43.0,1.0,21.0,1.0,2,49.0,0.0,40.0,1,1,1
9020,75.0,2.0,21.0,1.0,1,49.0,13.0,40.0,1,1,0
9021,86.0,1.0,19.0,1.0,-1,49.0,0.0,40.0,1,0,1
9022,31.0,1.0,21.0,3.0,1,49.0,0.0,40.0,1,1,0
9023,75.0,7.0,16.0,1.0,1,49.0,0.0,40.0,1,1,1
9024,17.0,1.0,19.0,4.0,1,49.0,0.0,40.0,1,0,1
9025,83.0,5.0,22.0,1.0,1,49.0,2.0,40.0,1,1,1
9026,27.0,5.0,16.0,1.0,2,49.0,5.0,40.0,1,1,0
9027,64.0,3.0,16.0,1.0,1,49.0,0.0,40.0,1,1,0
9028,31.0,2.0,19.0,1.0,2,49.0,0.0,40.0,1,1,1
9029,83.0,7.0,19.0,1.0,0,49.0,0.0,40.0,1,1,1
9030,86.0,3.0,16.0,1.0,0,49.0,0.0,40.0,1,1,1
9031,69.0,1.0,23.0,1.0,1,49.0,0.0,40.0,1,1,1
9032,31.0,2.0,16.0,1.0,0,49.0,0.0,40.0,1,1,0
9033,75.0,3.0,16.0,1.0,1,49.0,0.0,40.0,0,1,1
9034,86.0,3.0,16.0,1.0,2,49.0,0.0,40.0,1,1,0
9035,92.0,1.0,19.0,5.0,1,49.0,0.0,40.0,1,0,1
9036,43.0,3.0,16.0,1.0,1,49.0,0.0,40.0,1,1,1
9037,17.0,1.0,19.0,1.0,1,49.0,0.0,40.0,1,1,0
9038,19.0,2.0,16.0,1.0,1,49.0,0.0,40.0,1,1,1
9039,75.0,7.0,16.0,1.0,1,49.0,1.0,40.0,1,1,1
9040,83.0,1.0,19.0,1.0,1,49.0,0.0,40.0,1,1,1
9041,63.0,2.0,16.0,1.0,1,49.0,1.0,40.0,1,0,1
9042,83.0,7.0,16.0,1.0,4,49.0,13.0,40.0,1,1,1
9043,75.0,3.0,16.0,1.0,1,49.0,0.0,40.0,1,1,0
9044,43.0,3.0,19.0,1.0,1,49.0,1.0,40.0,1,1,0
9045,17.0,1.0,19.0,1.0,1,49.0,0.0,40.0,1,1,1
9046,55.0,2.0,19.0,1.0,1,49.0,0.0,40.0,1,1,0
9047,43.0,3.0,14.0,1.0,1,49.0,0.0,40.0,1,1,1
9048,75.0,3.0,19.0,1.0,1,49.0,0.0,30.0,1,1,0
9049,92.0,2.0,19.0,1.0,1,49.0,1.0,40.0,1,1,0
9050,43.0,2.0,21.0,1.0,0,49.0,0.0,40.0,1,1,0
9051,36.0,2.0,21.0,1.0,1,49.0,0.0,40.0,1,1,1
9052,31.0,3.0,16.0,1.0,1,49.0,0.0,66.0,1,1,1
9053,31.0,1.0,16.0,3.0,2,49.0,0.0,40.0,0,1,0
9054,60.0,2.0,16.0,1.0,2,49.0,0.0,40.0,1,0,0
9055,83.0,7.0,16.0,1.0,1,49.0,0.0,40.0,1,1,1
9056,19.0,7.0,19.0,1.0,1,49.0,1.0,40.0,1,1,0
9057,31.0,7.0,21.0,1.0,4,49.0,0.0,40.0,1,1,1
9058,83.0,2.0,19.0,1.0,0,49.0,0.0,40.0,1,1,1
9059,64.0,2.0,21.0,1.0,1,49.0,0.0,40.0,0,1,0
9060,43.0,1.0,16.0,1.0,1,49.0,0.0,40.0,1,1,1
9061,83.0,1.0,19.0,1.0,1,49.0,0.0,40.0,1,0,1
9062,43.0,5.0,19.0,1.0,1,49.0,0.0,40.0,1,1,1
9063,75.0,3.0,19.0,1.0,1,49.0,1.0,40.0,1,1,0
9064,64.0,1.0,19.0,1.0,0,49.0,0.0,40.0,1,1,1
9065,31.0,1.0,16.0,1.0,1,49.0,0.0,40.0,1,1,1
9066,43.0,1.0,19.0,1.0,1,49.0,0.0,40.0,1,1,0
9067,60.0,7.0,16.0,1.0,1,49.0,11.0,40.0,1,1,0
9068,31.0,2.0,19.0,1.0,-1,49.0,0.0,40.0,1,0,1
9069,83.0,7.0,16.0,1.0,1,49.0,1.0,40.0,1,1,1
9070,75.0,5.0,16.0,1.0,1,49.0,1.0,40.0,1,1,0
9071,86.0,5.0,16.0,1.0,1,49.0,0.0,51.0,1,1,1
9072,60.0,1.0,19.0,1.0,1,49.0,0.0,40.0,1,0,1
9073,86.0,3.0,19.0,1.0,1,49.0,0.0,40.0,1,1,0
9074,83.0,3.0,19.0,1.0,1,49.0,0.0,40.0,1,1,1
9075,83.0,3.0,16.0,1.0,1,49.0,1.0,40.0,1,0,1
9076,19.0,1.0,19.0,1.0,1,49.0,0.0,40.0,1,0,1
9077,31.0,1.0,19.0,1.0,1,49.0,1.0,40.0,1,1,0
9078,75.0,2.0,19.0,1.0,1,49.0,0.0,40.0,0,1,1
9079,55.0,7.0,21.0,1.0,1,49.0,0.0,40.0,0,1,1
9080,36.0,1.0,16.0,1.0,1,49.0,0.0,40.0,1,1,1
9081,31.0,3.0,21.0,1.0,1,49.0,0.0,40.0,1,1,1
9082,83.0,3.0,16.0,1.0,1,49.0,0.0,40.0,1,1,1
9083,19.0,1.0,16.0,1.0,1,49.0,0.0,66.0,0,1,0
9084,83.0,3.0,12.0,1.0,1,49.0,0.0,40.0,1,1,1
9085,31.0,3.0,16.0,1.0,0,49.0,0.0,40.0,1,1,1
9086,34.0,1.0,24.0,1.0,0,49.0,0.0,40.0,0,1,0
9087,83.0,5.0,16.0,1.0,2,49.0,0.0,40.0,1,1,1
9088,43.0,7.0,16.0,1.0,1,49.0,0.0,40.0,0,1,0
9089,83.0,2.0,21.0,1.0,1,49.0,0.0,40.0,1,1,1
9090,92.0,5.0,16.0,1.0,2,49.0,1.0,40.0,1,1,1
9091,17.0,2.0,16.0,1.0,1,49.0,0.0,39.0,1,1,0
9092,32.0,1.0,21.0,1.0,1,49.0,0.0,40.0,1,1,0
9093,19.0,2.0,21.0,3.0,0,49.0,0.0,40.0,1,1,1
9094,43.0,5.0,19.0,1.0,1,22.0,0.0,40.0,1,0,1
9095,17.0,5.0,19.0,1.0,1,49.0,1.0,40.0,1,1,1
9096,69.0,4.0,19.0,1.0,1,49.0,0.0,40.0,1,1,1
9097,75.0,7.0,16.0,1.0,1,49.0,1.0,40.0,1,1,1
9098,75.0,3.0,16.0,1.0,2,49.0,0.0,40.0,1,1,0
9099,43.0,2.0,16.0,1.0,1,49.0,0.0,40.0,1,1,1
9100,83.0,1.0,16.0,1.0,0,49.0,0.0,40.0,1,1,1
9101,83.0,2.0,16.0,5.0,2,49.0,0.0,40.0,1,1,1
9102,17.0,2.0,19.0,1.0,1,49.0,0.0,40.0,1,1,1
9103,75.0,2.0,17.0,1.0,0,49.0,2.0,40.0,1,1,0
9104,83.0,3.0,21.0,1.0,1,49.0,0.0,40.0,1,1,1
9105,31.0,1.0,19.0,1.0,0,49.0,0.0,40.0,1,1,0
9106,17.0,2.0,16.0,1.0,4,49.0,0.0,40.0,1,1,1
9107,31.0,1.0,21.0,1.0,1,49.0,0.0,40.0,1,1,1
9108,19.0,8.0,16.0,1.0,1,49.0,0.0,40.0,0,1,1
9109,86.0,7.0,16.0,3.0,1,49.0,0.0,40.0,1,1,0
9110,31.0,2.0,19.0,1.0,1,49.0,0.0,40.0,1,1,1
9111,17.0,7.0,16.0,1.0,2,49.0,0.0,40.0,1,1,1
9112,86.0,1.0,19.0,1.0,1,49.0,1.0,40.0,1,1,1
9113,20.0,7.0,19.0,1.0,1,49.0,1.0,40.0,1,1,0
9114,31.0,2.0,19.0,3.0,1,49.0,0.0,40.0,1,1,1
9115,31.0,7.0,16.0,1.0,1,49.0,0.0,40.0,1,1,1
9116,83.0,1.0,16.0,1.0,1,49.0,1.0,40.0,1,1,1
9117,17.0,5.0,19.0,1.0,0,242.0,1.0,40.0,1,0,1
9118,78.0,7.0,16.0,1.0,2,49.0,0.0,40.0,0,1,0
9119,83.0,3.0,7.0,1.0,1,49.0,0.0,40.0,1,0,1
9120,83.0,2.0,16.0,1.0,1,49.0,0.0,40.0,0,1,0
9121,83.0,5.0,21.0,1.0,2,49.0,1.0,40.0,1,1,1
9122,92.0,5.0,16.0,1.0,1,49.0,0.0,40.0,1,1,1
9123,83.0,1.0,22.0,1.0,1,49.0,0.0,40.0,1,1,1
9124,26.0,5.0,21.0,1.0,1,49.0,0.0,40.0,1,1,0
9125,86.0,1.0,16.0,1.0,1,49.0,0.0,40.0,1,1,0
9126,19.0,2.0,16.0,1.0,1,49.0,0.0,40.0,1,1,0
9127,87.0,1.0,24.0,1.0,4,49.0,0.0,40.0,1,1,1
9128,43.0,1.0,19.0,1.0,2,49.0,0.0,40.0,0,1,1
9129,43.0,3.0,16.0,1.0,1,49.0,0.0,40.0,1,1,1
9130,92.0,1.0,14.0,1.0,1,49.0,0.0,40.0,1,1,1
9131,75.0,2.0,16.0,1.0,1,49.0,0.0,40.0,1,1,0
9132,83.0,5.0,19.0,1.0,1,49.0,0.0,40.0,1,1,1
9133,83.0,2.0,19.0,1.0,0,49.0,0.0,40.0,1,1,1
9134,19.0,1.0,16.0,1.0,1,49.0,0.0,40.0,1,1,0
9135,83.0,2.0,16.0,1.0,1,49.0,0.0,40.0,1,1,1
9136,83.0,7.0,21.0,1.0,1,49.0,2.0,40.0,1,1,1
9137,83.0,1.0,16.0,5.0,0,49.0,0.0,40.0,1,1,1
9138,31.0,7.0,23.0,1.0,3,49.0,0.0,40.0,1,1,0
9139,64.0,2.0,16.0,1.0,5,49.0,1.0,40.0,1,1,1
9140,86.0,1.0,19.0,1.0,1,49.0,0.0,40.0,0,1,1
9141,75.0,1.0,16.0,1.0,1,49.0,1.0,40.0,1,1,1
9142,31.0,7.0,21.0,1.0,1,49.0,0.0,40.0,1,1,1
9143,17.0,2.0,16.0,1.0,2,49.0,0.0,40.0,1,1,1
9144,43.0,5.0,19.0,5.0,1,49.0,0.0,40.0,1,1,1
9145,19.0,1.0,19.0,1.0,-1,49.0,0.0,40.0,1,1,0
9146,31.0,2.0,19.0,1.0,0,49.0,0.0,40.0,1,1,1
9147,19.0,4.0,16.0,1.0,0,49.0,0.0,40.0,1,1,1
9148,83.0,3.0,19.0,1.0,1,49.0,0.0,40.0,1,1,1
9149,43.0,1.0,19.0,1.0,1,49.0,0.0,40.0,1,1,1
9150,38.0,3.0,19.0,1.0,0,49.0,1.0,40.0,1,1,1
9151,45.0,1.0,19.0,1.0,2,49.0,2.0,40.0,1,1,1
9152,31.0,1.0,8.0,1.0,-1,49.0,0.0,40.0,1,1,1
9153,75.0,5.0,19.0,1.0,1,49.0,0.0,40.0,0,0,1
9154,43.0,1.0,19.0,1.0,0,49.0,1.0,40.0,1,1,1
9155,83.0,1.0,19.0,1.0,1,49.0,0.0,40.0,1,1,1
9156,83.0,5.0,19.0,1.0,1,49.0,0.0,40.0,1,1,1
9157,64.0,3.0,4.0,1.0,1,49.0,0.0,40.0,1,1,0
9158,86.0,1.0,19.0,1.0,1,49.0,0.0,26.0,1,0,1
9159,19.0,3.0,19.0,1.0,1,49.0,0.0,40.0,1,1,1
9160,60.0,3.0,24.0,1.0,1,49.0,0.0,40.0,0,1,1
9161,83.0,3.0,19.0,1.0,2,49.0,1.0,40.0,1,1,1
9162,31.0,2.0,19.0,1.0,0,49.0,0.0,40.0,1,1,0
9163,86.0,7.0,20.0,1.0,1,49.0,0.0,40.0,0,1,1
9164,55.0,5.0,16.0,1.0,1,49.0,0.0,40.0,1,1,1
9165,42.0,5.0,16.0,1.0,1,49.0,0.0,40.0,1,1,0
9166,38.0,7.0,19.0,1.0,1,49.0,0.0,40.0,1,1,0
9167,27.0,1.0,19.0,1.0,1,49.0,0.0,40.0,1,1,1
9168,83.0,3.0,19.0,1.0,2,49.0,0.0,40.0,1,1,0
9169,38.0,1.0,16.0,1.0,2,49.0,0.0,40.0,1,1,0
9170,64.0,4.0,19.0,1.0,1,49.0,0.0,40.0,1,1,1
9171,17.0,5.0,19.0,2.0,1,49.0,0.0,19.0,1,1,1
9172,83.0,2.0,16.0,1.0,1,49.0,0.0,40.0,1,1,1
9173,17.0,7.0,16.0,1.0,1,49.0,0.0,40.0,1,0,0
9174,43.0,2.0,19.0,1.0,1,49.0,0.0,40.0,1,1,1
9175,43.0,3.0,16.0,1.0,1,203.0,0.0,40.0,1,1,1
9176,31.0,7.0,19.0,1.0,1,49.0,1.0,40.0,1,1,1
9177,43.0,5.0,19.0,1.0,1,49.0,1.0,40.0,1,1,0
9178,17.0,2.0,16.0,1.0,1,49.0,0.0,40.0,0,1,1
9179,43.0,5.0,19.0,1.0,1,49.0,0.0,40.0,1,0,1
9180,64.0,2.0,21.0,1.0,2,49.0,0.0,40.0,1,1,1
9181,28.0,2.0,16.0,1.0,1,49.0,0.0,40.0,1,1,1
9182,75.0,2.0,19.0,1.0,1,49.0,0.0,40.0,1,1,1
9183,75.0,2.0,16.0,1.0,1,49.0,1.0,40.0,0,1,1
9184,75.0,7.0,21.0,1.0,1,49.0,1.0,40.0,1,1,1
9185,75.0,1.0,16.0,1.0,2,49.0,0.0,40.0,1,0,0
9186,60.0,1.0,19.0,1.0,1,49.0,1.0,40.0,1,0,0
9187,86.0,1.0,16.0,1.0,1,49.0,0.0,40.0,1,1,1
9188,75.0,3.0,21.0,5.0,2,49.0,0.0,40.0,1,1,1
9189,75.0,7.0,19.0,1.0,2,49.0,0.0,40.0,1,1,1
9190,75.0,7.0,16.0,1.0,1,49.0,1.0,40.0,1,1,1
9191,92.0,1.0,19.0,1.0,0,49.0,0.0,40.0,0,1,0
9192,83.0,2.0,21.0,1.0,0,49.0,0.0,40.0,1,1,1
9193,31.0,1.0,16.0,5.0,0,49.0,0.0,40.0,1,1,1
9194,19.0,7.0,24.0,1.0,0,49.0,0.0,40.0,1,1,1
9195,75.0,3.0,16.0,1.0,1,49.0,0.0,40.0,1,1,1
9196,38.0,2.0,19.0,1.0,3,49.0,0.0,40.0,1,1,1
9197,83.0,7.0,19.0,1.0,1,49.0,13.0,40.0,1,1,1
9198,43.0,7.0,16.0,1.0,1,49.0,0.0,40.0,1,1,1
9199,75.0,7.0,16.0,1.0,0,49.0,0.0,40.0,1,1,1
9200,32.0,1.0,19.0,1.0,1,49.0,0.0,40.0,1,0,1
9201,43.0,3.0,19.0,1.0,1,49.0,1.0,40.0,1,1,0
9202,83.0,3.0,19.0,1.0,0,49.0,0.0,40.0,1,1,1
9203,19.0,1.0,16.0,1.0,1,49.0,0.0,40.0,1,0,1
9204,43.0,2.0,16.0,1.0,0,49.0,0.0,40.0,1,1,0
9205,75.0,2.0,16.0,1.0,1,49.0,0.0,40.0,1,1,1
9206,31.0,2.0,16.0,1.0,1,49.0,0.0,40.0,1,1,1
9207,75.0,2.0,19.0,1.0,0,49.0,12.0,30.0,1,1,1
9208,32.0,2.0,16.0,1.0,1,49.0,0.0,40.0,1,0,1
9209,20.0,3.0,16.0,1.0,1,49.0,0.0,40.0,1,1,0
9210,36.0,2.0,16.0,1.0,1,49.0,1.0,40.0,1,1,1
9211,83.0,3.0,21.0,1.0,1,49.0,0.0,40.0,0,1,1
9212,43.0,1.0,19.0,1.0,2,49.0,0.0,40.0,0,1,1
9213,19.0,1.0,19.0,1.0,0,49.0,0.0,40.0,1,1,0
9214,17.0,2.0,19.0,1.0,1,49.0,1.0,40.0,1,1,1
9215,17.0,5.0,24.0,1.0,1,49.0,0.0,40.0,1,1,0
9216,31.0,1.0,19.0,1.0,5,49.0,0.0,40.0,1,1,1
9217,32.0,7.0,16.0,1.0,0,49.0,0.0,40.0,1,0,1
9218,64.0,7.0,16.0,1.0,1,49.0,0.0,40.0,1,1,0
9219,32.0,2.0,16.0,1.0,0,49.0,14.0,40.0,1,1,1
9220,83.0,1.0,16.0,1.0,4,49.0,1.0,40.0,1,0,0
9221,83.0,2.0,19.0,1.0,1,49.0,0.0,51.0,1,1,0
9222,43.0,2.0,24.0,1.0,1,49.0,0.0,40.0,1,1,1
9223,60.0,1.0,21.0,1.0,1,49.0,1.0,40.0,1,1,0
9224,75.0,3.0,4.0,1.0,0,49.0,1.0,40.0,0,1,1
9225,43.0,3.0,16.0,1.0,1,49.0,1.0,40.0,1,1,0
9226,60.0,3.0,16.0,1.0,3,49.0,0.0,40.0,1,1,1
9227,43.0,3.0,16.0,1.0,1,49.0,0.0,40.0,1,0,1
9228,83.0,2.0,16.0,1.0,1,49.0,0.0,40.0,1,1,1
9229,83.0,3.0,16.0,1.0,1,49.0,0.0,40.0,1,1,1
9230,86.0,3.0,19.0,1.0,1,49.0,0.0,40.0,1,1,1
9231,75.0,2.0,19.0,1.0,1,49.0,1.0,40.0,0,0,0
9232,75.0,1.0,12.0,1.0,1,49.0,0.0,40.0,1,1,1
9233,17.0,1.0,16.0,1.0,2,49.0,0.0,40.0,1,1,0
9234,31.0,2.0,16.0,1.0,1,49.0,0.0,40.0,0,1,1
9235,43.0,1.0,16.0,1.0,1,49.0,0.0,40.0,1,1,1
9236,83.0,2.0,16.0,1.0,1,49.0,0.0,40.0,1,1,0
9237,60.0,2.0,19.0,1.0,1,49.0,1.0,40.0,1,1,1
9238,19.0,2.0,16.0,1.0,5,49.0,0.0,40.0,0,0,1
9239,69.0,4.0,19.0,1.0,0,49.0,1.0,40.0,0,1,1
9240,19.0,5.0,16.0,1.0,1,49.0,1.0,66.0,1,1,0
9241,31.0,7.0,19.0,1.0,1,49.0,0.0,40.0,1,1,0
9242,19.0,3.0,24.0,1.0,1,49.0,0.0,40.0,1,0,0
9243,21.0,7.0,19.0,1.0,0,49.0,0.0,40.0,0,1,1
9244,92.0,3.0,19.0,5.0,1,49.0,0.0,40.0,1,1,1
9245,83.0,3.0,16.0,1.0,1,49.0,0.0,40.0,1,1,1
9246,83.0,2.0,21.0,1.0,0,49.0,1.0,40.0,1,0,1
9247,19.0,1.0,16.0,1.0,2,49.0,0.0,40.0,0,1,1
9248,19.0,7.0,19.0,1.0,3,49.0,0.0,40.0,1,1,1
9249,64.0,1.0,16.0,1.0,0,49.0,0.0,40.0,1,1,1
9250,17.0,2.0,16.0,1.0,1,49.0,1.0,40.0,1,1,0
9251,83.0,3.0,16.0,1.0,1,49.0,0.0,40.0,1,1,0
9252,64.0,1.0,19.0,1.0,1,49.0,0.0,40.0,1,0,1
9253,83.0,3.0,24.0,1.0,1,49.0,0.0,40.0,1,1,1
9254,19.0,5.0,19.0,3.0,0,49.0,0.0,40.0,1,1,1
9255,83.0,2.0,16.0,1.0,1,49.0,0.0,40.0,1,1,0
9256,32.0,2.0,19.0,5.0,1,49.0,1.0,40.0,1,1,1
9257,43.0,2.0,21.0,1.0,0,49.0,0.0,40.0,1,1,1
9258,60.0,2.0,19.0,1.0,0,49.0,0.0,40.0,1,1,0
9259,60.0,2.0,16.0,1.0,2,49.0,0.0,40.0,1,1,1
9260,83.0,1.0,19.0,1.0,-1,49.0,0.0,40.0,1,1,0
9261,36.0,7.0,10.0,1.0,-1,49.0,0.0,40.0,0,1,0
9262,43.0,3.0,21.0,1.0,1,49.0,0.0,40.0,1,1,1
9263,75.0,5.0,16.0,1.0,0,49.0,0.0,40.0,1,1,1
9264,60.0,7.0,19.0,1.0,0,49.0,0.0,40.0,1,1,1
9265,31.0,7.0,19.0,1.0,2,49.0,0.0,40.0,1,1,0
9266,69.0,7.0,19.0,1.0,1,49.0,0.0,40.0,1,0,1
9267,31.0,6.0,16.0,1.0,0,49.0,0.0,40.0,1,1,0
9268,84.0,3.0,16.0,1.0,1,49.0,0.0,40.0,1,1,1
9269,43.0,2.0,16.0,1.0,0,49.0,0.0,40.0,1,1,0
9270,83.0,1.0,16.0,1.0,-1,49.0,1.0,40.0,1,1,1
9271,31.0,1.0,19.0,4.0,1,49.0,0.0,40.0,1,1,1
9272,83.0,2.0,16.0,1.0,1,49.0,0.0,40.0,0,1,0
9273,92.0,3.0,16.0,1.0,1,49.0,0.0,40.0,0,1,0
9274,31.0,1.0,19.0,1.0,1,49.0,0.0,40.0,0,1,0
9275,75.0,2.0,16.0,5.0,1,49.0,0.0,40.0,1,1,1
9276,83.0,1.0,19.0,1.0,1,49.0,0.0,40.0,1,1,1
9277,19.0,2.0,22.0,1.0,1,49.0,1.0,40.0,1,1,0
9278,83.0,5.0,19.0,1.0,4,49.0,0.0,40.0,1,1,1
9279,17.0,1.0,21.0,5.0,1,49.0,0.0,40.0,1,0,1
9280,81.0,2.0,21.0,1.0,1,49.0,1.0,40.0,1,1,0
9281,83.0,1.0,16.0,1.0,2,49.0,0.0,40.0,0,1,1
9282,40.0,2.0,12.0,5.0,1,49.0,0.0,40.0,0,1,0
9283,92.0,7.0,16.0,5.0,2,49.0,0.0,40.0,1,1,1
9284,83.0,6.0,19.0,1.0,3,226.0,0.0,40.0,1,1,0
9285,43.0,1.0,19.0,1.0,2,49.0,0.0,40.0,1,1,1
9286,86.0,1.0,18.0,1.0,1,49.0,0.0,40.0,1,1,0
9287,60.0,7.0,21.0,1.0,1,49.0,1.0,40.0,0,0,0
9288,36.0,8.0,21.0,1.0,4,49.0,0.0,40.0,1,1,1
9289,75.0,3.0,16.0,1.0,1,49.0,1.0,40.0,1,1,0
9290,19.0,7.0,16.0,1.0,1,49.0,0.0,40.0,1,1,1
9291,74.0,3.0,17.0,1.0,1,49.0,1.0,40.0,1,1,0
9292,17.0,2.0,19.0,1.0,1,49.0,0.0,40.0,1,1,0
9293,83.0,3.0,19.0,1.0,5,49.0,0.0,40.0,1,1,0
9294,83.0,3.0,21.0,1.0,1,49.0,1.0,40.0,1,1,1
9295,60.0,2.0,16.0,1.0,2,49.0,1.0,40.0,1,1,1
9296,64.0,1.0,16.0,1.0,1,49.0,0.0,40.0,1,0,0
9297,42.0,3.0,21.0,1.0,1,49.0,0.0,40.0,1,1,0
9298,75.0,1.0,16.0,5.0,1,49.0,0.0,40.0,1,1,0
9299,86.0,1.0,21.0,1.0,2,49.0,0.0,40.0,1,1,1
9300,83.0,3.0,19.0,5.0,1,49.0,0.0,40.0,1,1,1
9301,31.0,5.0,19.0,1.0,1,49.0,0.0,40.0,0,1,1
9302,83.0,1.0,24.0,1.0,1,49.0,1.0,40.0,1,1,0
9303,75.0,5.0,16.0,1.0,1,49.0,0.0,40.0,1,0,1
9304,43.0,5.0,21.0,1.0,4,49.0,0.0,40.0,0,1,1
9305,75.0,1.0,21.0,1.0,0,49.0,0.0,40.0,1,1,1
9306,75.0,3.0,16.0,1.0,1,49.0,0.0,40.0,1,1,1
9307,75.0,2.0,19.0,1.0,0,49.0,1.0,40.0,1,1,1
9308,86.0,2.0,16.0,1.0,1,49.0,0.0,40.0,1,1,1
9309,69.0,2.0,16.0,1.0,1,49.0,0.0,40.0,1,1,1
9310,43.0,7.0,16.0,1.0,1,49.0,1.0,40.0,1,0,0
9311,19.0,7.0,16.0,1.0,1,49.0,1.0,40.0,1,1,0
9312,31.0,3.0,21.0,1.0,0,49.0,1.0,40.0,1,1,1
9313,36.0,2.0,16.0,1.0,1,49.0,1.0,40.0,1,1,1
9314,36.0,3.0,16.0,1.0,0,49.0,1.0,40.0,1,0,1
9315,70.0,7.0,19.0,1.0,1,49.0,0.0,40.0,1,1,0
9316,43.0,1.0,16.0,3.0,1,49.0,1.0,40.0,1,0,0
9317,60.0,7.0,16.0,1.0,1,49.0,0.0,40.0,1,0,1
9318,83.0,2.0,16.0,5.0,1,49.0,0.0,40.0,1,1,1
9319,92.0,1.0,21.0,1.0,1,49.0,0.0,40.0,0,1,1
9320,83.0,3.0,16.0,1.0,1,49.0,0.0,40.0,1,1,1
9321,43.0,7.0,19.0,1.0,0,49.0,1.0,40.0,1,1,1
9322,83.0,2.0,16.0,1.0,5,49.0,0.0,40.0,1,1,0
9323,64.0,2.0,19.0,1.0,1,49.0,0.0,40.0,1,1,1
9324,83.0,2.0,19.0,1.0,1,49.0,0.0,40.0,1,1,1
9325,43.0,7.0,19.0,1.0,1,49.0,0.0,40.0,1,1,1
9326,92.0,3.0,16.0,1.0,1,49.0,0.0,40.0,0,1,0
9327,92.0,2.0,19.0,1.0,1,49.0,10.0,40.0,1,1,1
9328,42.0,2.0,16.0,1.0,1,49.0,0.0,30.0,1,1,1
9329,31.0,3.0,16.0,1.0,2,49.0,0.0,40.0,1,1,0
9330,83.0,1.0,16.0,1.0,5,49.0,1.0,40.0,0,1,0
9331,31.0,8.0,24.0,1.0,1,49.0,0.0,40.0,1,1,1
9332,43.0,5.0,16.0,3.0,1,49.0,0.0,40.0,1,1,0
9333,43.0,3.0,16.0,3.0,1,49.0,12.0,40.0,1,1,0
9334,69.0,3.0,19.0,1.0,1,49.0,0.0,40.0,1,1,1
9335,31.0,5.0,19.0,1.0,1,49.0,0.0,40.0,1,1,1
9336,19.0,2.0,19.0,1.0,0,49.0,1.0,40.0,1,1,1
9337,43.0,2.0,16.0,1.0,1,49.0,1.0,40.0,1,0,0
9338,31.0,7.0,16.0,1.0,1,49.0,1.0,40.0,1,1,1
9339,83.0,7.0,16.0,1.0,1,49.0,0.0,40.0,1,1,0
9340,92.0,5.0,16.0,1.0,2,49.0,0.0,38.0,1,1,1
9341,31.0,7.0,16.0,1.0,2,49.0,0.0,40.0,1,1,0
9342,75.0,2.0,19.0,1.0,1,49.0,0.0,40.0,1,0,1
9343,43.0,3.0,19.0,3.0,1,49.0,0.0,40.0,1,1,1
9344,69.0,1.0,16.0,1.0,1,49.0,0.0,40.0,1,1,1
9345,69.0,7.0,14.0,1.0,1,49.0,0.0,40.0,1,1,0
9346,19.0,7.0,16.0,1.0,1,49.0,0.0,40.0,1,1,0
9347,86.0,7.0,19.0,1.0,1,49.0,0.0,40.0,1,1,1
9348,43.0,3.0,19.0,1.0,1,49.0,0.0,40.0,1,1,1
9349,69.0,1.0,16.0,1.0,0,49.0,1.0,40.0,1,1,1
9350,43.0,7.0,16.0,1.0,1,49.0,0.0,40.0,1,1,1
9351,83.0,2.0,16.0,5.0,1,49.0,0.0,40.0,1,0,1
9352,19.0,2.0,21.0,5.0,0,49.0,0.0,40.0,1,1,1
9353,31.0,2.0,21.0,1.0,1,49.0,5.0,40.0,1,1,0
9354,31.0,7.0,19.0,1.0,0,49.0,0.0,40.0,0,0,1
9355,64.0,6.0,14.0,1.0,3,49.0,1.0,40.0,1,1,0
9356,60.0,2.0,21.0,1.0,1,49.0,0.0,40.0,1,1,1
9357,92.0,7.0,21.0,1.0,1,49.0,0.0,40.0,0,1,0
9358,43.0,3.0,21.0,1.0,1,49.0,0.0,40.0,1,1,1
9359,86.0,3.0,16.0,1.0,0,49.0,0.0,40.0,1,1,1
9360,83.0,3.0,16.0,1.0,2,49.0,0.0,40.0,1,1,0
9361,83.0,1.0,19.0,1.0,1,49.0,0.0,40.0,1,1,0
9362,86.0,5.0,19.0,1.0,1,49.0,0.0,40.0,1,1,1
9363,32.0,1.0,16.0,1.0,0,49.0,0.0,40.0,1,1,1
9364,86.0,7.0,19.0,1.0,0,49.0,0.0,40.0,1,1,0
9365,19.0,1.0,16.0,1.0,1,49.0,0.0,40.0,1,1,1
9366,83.0,2.0,19.0,1.0,1,49.0,1.0,40.0,1,0,1
9367,31.0,5.0,16.0,1.0,1,49.0,0.0,40.0,1,1,1
9368,75.0,2.0,16.0,1.0,2,49.0,0.0,40.0,1,1,1
9369,40.0,1.0,16.0,5.0,2,49.0,0.0,40.0,1,1,0
9370,60.0,2.0,16.0,1.0,1,49.0,0.0,40.0,1,0,1
9371,92.0,1.0,19.0,1.0,1,49.0,0.0,40.0,1,1,0
9372,92.0,7.0,16.0,1.0,4,238.0,1.0,40.0,1,1,1
9373,43.0,3.0,16.0,1.0,1,49.0,0.0,40.0,1,1,1
9374,92.0,3.0,16.0,1.0,1,49.0,0.0,40.0,1,1,0
9375,83.0,2.0,16.0,1.0,1,242.0,0.0,40.0,0,0,1
9376,32.0,3.0,19.0,1.0,1,49.0,0.0,40.0,0,1,1
9377,43.0,1.0,16.0,1.0,1,49.0,0.0,40.0,1,1,1
9378,55.0,2.0,21.0,1.0,2,49.0,1.0,40.0,1,1,1
9379,83.0,7.0,16.0,1.0,1,49.0,0.0,40.0,1,1,1
9380,31.0,7.0,16.0,1.0,0,49.0,1.0,91.0,1,0,1
9381,86.0,3.0,21.0,1.0,1,49.0,0.0,40.0,1,1,1
9382,43.0,3.0,16.0,1.0,5,49.0,0.0,40.0,1,1,1
9383,92.0,3.0,16.0,1.0,1,49.0,0.0,40.0,1,1,0
9384,31.0,5.0,19.0,1.0,1,49.0,0.0,40.0,0,1,1
9385,81.0,7.0,21.0,1.0,1,49.0,0.0,40.0,1,1,1
9386,32.0,2.0,16.0,1.0,1,49.0,0.0,50.0,1,0,0
9387,83.0,1.0,19.0,1.0,1,49.0,1.0,40.0,1,1,1
9388,83.0,1.0,19.0,5.0,1,49.0,1.0,40.0,1,1,1
9389,83.0,1.0,16.0,5.0,1,49.0,1.0,40.0,1,1,1
9390,75.0,3.0,19.0,1.0,1,49.0,0.0,40.0,1,1,0
9391,83.0,2.0,21.0,1.0,1,49.0,1.0,40.0,1,1,0
9392,19.0,2.0,22.0,1.0,0,49.0,0.0,40.0,1,1,0
9393,43.0,7.0,16.0,1.0,1,49.0,0.0,40.0,1,1,1
9394,83.0,2.0,16.0,1.0,1,49.0,0.0,40.0,0,1,0
9395,32.0,3.0,16.0,5.0,1,49.0,0.0,40.0,1,1,0
9396,19.0,3.0,16.0,1.0,1,49.0,0.0,40.0,1,1,1
9397,83.0,2.0,22.0,1.0,1,49.0,0.0,40.0,1,1,0
9398,83.0,4.0,8.0,1.0,1,49.0,0.0,40.0,1,1,0
9399,75.0,3.0,9.0,1.0,1,49.0,1.0,40.0,1,1,1
9400,32.0,1.0,16.0,1.0,1,49.0,0.0,40.0,1,1,1
9401,43.0,7.0,16.0,1.0,1,49.0,0.0,40.0,0,1,1
9402,75.0,5.0,16.0,1.0,1,49.0,0.0,40.0,1,0,1
9403,36.0,5.0,16.0,1.0,1,49.0,0.0,40.0,1,1,1
9404,31.0,5.0,16.0,1.0,0,49.0,1.0,40.0,1,1,1
9405,83.0,8.0,24.0,1.0,1,49.0,1.0,66.0,1,1,1
9406,83.0,1.0,19.0,1.0,2,49.0,0.0,40.0,1,0,0
9407,83.0,2.0,16.0,1.0,0,49.0,0.0,40.0,0,0,0
9408,43.0,2.0,16.0,1.0,4,49.0,0.0,40.0,1,1,1
9409,83.0,2.0,19.0,1.0,2,49.0,0.0,40.0,1,1,1
9410,75.0,5.0,19.0,1.0,1,49.0,0.0,40.0,1,0,1
9411,17.0,5.0,21.0,1.0,1,49.0,0.0,40.0,1,1,1
9412,42.0,1.0,16.0,1.0,1,49.0,0.0,40.0,1,1,0
9413,83.0,7.0,19.0,1.0,1,49.0,0.0,40.0,1,1,0
9414,75.0,3.0,19.0,1.0,1,49.0,0.0,40.0,1,1,1
9415,64.0,3.0,16.0,1.0,1,49.0,1.0,40.0,0,1,1
9416,83.0,3.0,16.0,1.0,1,49.0,0.0,14.0,1,1,1
9417,43.0,3.0,21.0,1.0,1,49.0,0.0,40.0,1,0,0
9418,83.0,7.0,19.0,1.0,0,49.0,0.0,40.0,1,1,0
9419,79.0,1.0,19.0,1.0,1,49.0,0.0,40.0,1,1,0
9420,75.0,2.0,16.0,1.0,1,49.0,0.0,40.0,1,1,1
9421,64.0,1.0,16.0,1.0,0,49.0,0.0,40.0,1,1,1
9422,75.0,2.0,19.0,1.0,1,49.0,0.0,40.0,1,1,1
9423,38.0,7.0,19.0,1.0,1,49.0,0.0,40.0,1,1,1
9424,83.0,2.0,21.0,1.0,0,49.0,0.0,40.0,1,1,1
9425,43.0,2.0,16.0,1.0,1,49.0,0.0,40.0,1,1,0
9426,49.0,3.0,16.0,1.0,0,49.0,0.0,30.0,1,1,1
9427,64.0,3.0,19.0,5.0,1,49.0,0.0,40.0,0,0,1
9428,31.0,1.0,16.0,1.0,2,49.0,0.0,40.0,1,1,1
9429,83.0,3.0,16.0,1.0,3,49.0,1.0,40.0,0,1,0
9430,31.0,3.0,15.0,1.0,1,49.0,0.0,40.0,1,0,1
9431,31.0,2.0,16.0,1.0,2,49.0,0.0,40.0,1,0,0
9432,43.0,7.0,16.0,1.0,0,49.0,1.0,40.0,1,1,0
9433,75.0,1.0,19.0,1.0,1,49.0,1.0,40.0,1,1,1
9434,83.0,1.0,23.0,1.0,0,49.0,0.0,40.0,0,1,0
9435,17.0,1.0,19.0,1.0,1,49.0,1.0,40.0,1,1,1
9436,75.0,7.0,19.0,1.0,1,49.0,1.0,40.0,1,1,0
9437,32.0,2.0,21.0,1.0,-1,49.0,0.0,40.0,1,1,0
9438,31.0,2.0,24.0,1.0,1,49.0,0.0,40.0,1,1,1
9439,64.0,2.0,19.0,1.0,1,49.0,0.0,40.0,1,1,0
9440,70.0,1.0,19.0,3.0,0,49.0,1.0,40.0,1,1,0
9441,36.0,7.0,16.0,1.0,1,136.0,0.0,40.0,1,1,0
9442,75.0,7.0,19.0,1.0,1,49.0,0.0,40.0,0,1,1
9443,75.0,1.0,19.0,1.0,1,49.0,0.0,40.0,1,1,1
9444,60.0,8.0,19.0,1.0,1,49.0,0.0,40.0,1,1,1
9445,75.0,5.0,16.0,1.0,1,49.0,1.0,40.0,1,1,0
9446,75.0,3.0,4.0,1.0,0,49.0,1.0,40.0,1,1,0
9447,31.0,1.0,21.0,1.0,1,49.0,8.0,40.0,1,1,1
9448,83.0,2.0,19.0,1.0,1,49.0,1.0,40.0,0,0,1
9449,64.0,2.0,19.0,1.0,0,49.0,0.0,40.0,1,1,1
9450,83.0,1.0,19.0,1.0,1,49.0,0.0,40.0,1,1,1
9451,31.0,5.0,16.0,1.0,0,49.0,0.0,40.0,1,1,1
9452,31.0,2.0,16.0,1.0,1,49.0,0.0,40.0,0,1,1
9453,83.0,7.0,19.0,1.0,1,49.0,0.0,40.0,1,1,1
9454,75.0,5.0,19.0,1.0,2,49.0,0.0,40.0,1,1,1
9455,64.0,1.0,16.0,1.0,1,49.0,0.0,40.0,1,1,1
9456,83.0,7.0,16.0,1.0,1,49.0,5.0,40.0,1,0,0
9457,92.0,2.0,16.0,1.0,0,49.0,0.0,40.0,1,1,0
9458,17.0,5.0,19.0,1.0,3,49.0,2.0,40.0,1,1,0
9459,82.0,7.0,16.0,1.0,0,49.0,0.0,40.0,1,1,0
9460,75.0,1.0,21.0,1.0,1,49.0,1.0,40.0,1,1,1
9461,31.0,5.0,19.0,1.0,0,49.0,0.0,40.0,1,1,0
9462,83.0,3.0,16.0,1.0,0,49.0,0.0,40.0,1,1,1
9463,43.0,7.0,21.0,1.0,1,49.0,0.0,40.0,1,1,1
9464,43.0,3.0,16.0,1.0,2,49.0,0.0,40.0,1,1,1
9465,17.0,3.0,19.0,1.0,1,49.0,16.0,40.0,1,1,1
9466,75.0,3.0,19.0,1.0,1,49.0,1.0,40.0,1,1,1
9467,36.0,5.0,16.0,1.0,0,49.0,2.0,40.0,0,1,1
9468,83.0,1.0,16.0,1.0,2,49.0,1.0,40.0,1,1,0
9469,17.0,1.0,16.0,1.0,1,49.0,1.0,30.0,1,1,1
9470,64.0,7.0,19.0,1.0,1,49.0,0.0,40.0,0,1,1
9471,86.0,1.0,16.0,1.0,2,49.0,0.0,40.0,0,1,1
9472,75.0,2.0,16.0,1.0,1,49.0,0.0,40.0,0,1,0
9473,17.0,2.0,16.0,1.0,1,49.0,0.0,40.0,1,1,0
9474,19.0,2.0,16.0,1.0,1,49.0,0.0,40.0,1,1,0
9475,75.0,7.0,19.0,1.0,-1,49.0,0.0,40.0,1,1,1
9476,19.0,7.0,21.0,1.0,3,49.0,0.0,51.0,1,1,1
9477,75.0,1.0,19.0,1.0,1,49.0,0.0,40.0,1,1,1
9478,72.0,2.0,16.0,1.0,0,49.0,0.0,40.0,1,1,1
9479,43.0,1.0,19.0,1.0,1,49.0,0.0,40.0,1,1,1
9480,83.0,1.0,16.0,1.0,1,49.0,0.0,40.0,1,1,1
9481,52.0,1.0,19.0,1.0,1,49.0,0.0,66.0,1,1,1
9482,83.0,7.0,16.0,1.0,1,49.0,1.0,40.0,1,1,1
9483,86.0,1.0,19.0,1.0,2,49.0,0.0,40.0,1,1,0
9484,23.0,3.0,19.0,1.0,1,49.0,0.0,40.0,1,1,1
9485,19.0,7.0,16.0,1.0,1,49.0,0.0,40.0,1,1,1
9486,75.0,1.0,16.0,1.0,0,49.0,0.0,40.0,0,0,0
9487,83.0,1.0,16.0,1.0,3,49.0,0.0,40.0,1,1,1
9488,83.0,1.0,16.0,1.0,1,49.0,1.0,40.0,1,1,1
9489,32.0,7.0,21.0,1.0,1,49.0,0.0,40.0,1,1,1
9490,83.0,2.0,16.0,1.0,1,49.0,1.0,40.0,1,1,1
9491,43.0,1.0,14.0,1.0,1,49.0,0.0,40.0,0,1,1
9492,31.0,3.0,16.0,1.0,0,49.0,0.0,40.0,1,1,0
9493,83.0,7.0,21.0,1.0,1,49.0,1.0,40.0,0,1,1
9494,43.0,1.0,19.0,1.0,1,49.0,0.0,40.0,1,0,0
9495,83.0,7.0,21.0,1.0,1,49.0,0.0,40.0,0,1,1
9496,75.0,2.0,5.0,1.0,1,49.0,1.0,40.0,1,0,0
9497,31.0,1.0,19.0,1.0,1,49.0,0.0,40.0,0,0,1
9498,19.0,3.0,16.0,1.0,4,49.0,0.0,40.0,1,1,0
9499,83.0,1.0,19.0,1.0,0,49.0,0.0,40.0,1,1,1
9500,60.0,5.0,16.0,1.0,1,49.0,0.0,40.0,1,1,1
9501,31.0,7.0,16.0,1.0,1,49.0,0.0,40.0,1,1,1
9502,31.0,7.0,16.0,1.0,0,49.0,0.0,40.0,1,1,1
9503,31.0,5.0,19.0,1.0,1,49.0,0.0,40.0,1,1,0
9504,19.0,5.0,19.0,1.0,1,49.0,0.0,40.0,1,1,1
9505,86.0,7.0,21.0,1.0,1,49.0,0.0,40.0,0,1,1
9506,31.0,1.0,16.0,1.0,1,49.0,0.0,40.0,1,1,1
9507,86.0,1.0,19.0,1.0,1,49.0,1.0,40.0,1,1,1
9508,19.0,3.0,16.0,1.0,1,49.0,0.0,40.0,1,0,1
9509,43.0,5.0,21.0,1.0,0,49.0,0.0,40.0,1,1,1
9510,83.0,1.0,16.0,1.0,1,49.0,0.0,40.0,1,1,1
9511,75.0,2.0,21.0,1.0,0,49.0,1.0,40.0,1,1,0
9512,86.0,2.0,16.0,1.0,1,49.0,0.0,40.0,1,1,1
9513,92.0,3.0,19.0,1.0,1,49.0,12.0,40.0,0,1,0
9514,83.0,7.0,21.0,5.0,1,49.0,1.0,40.0,1,1,1
9515,83.0,1.0,16.0,1.0,0,49.0,0.0,40.0,0,1,0
9516,75.0,2.0,13.0,1.0,1,49.0,1.0,40.0,1,1,1
9517,83.0,7.0,19.0,1.0,1,49.0,0.0,40.0,1,1,0
9518,83.0,3.0,16.0,1.0,1,49.0,0.0,40.0,1,1,1
9519,83.0,2.0,16.0,1.0,1,49.0,0.0,40.0,1,1,0
9520,43.0,7.0,19.0,1.0,1,49.0,0.0,40.0,0,1,1
9521,43.0,7.0,16.0,1.0,1,49.0,0.0,40.0,1,1,1
9522,64.0,1.0,16.0,1.0,1,49.0,0.0,40.0,1,1,1
9523,60.0,3.0,22.0,1.0,1,49.0,0.0,40.0,0,1,1
9524,19.0,5.0,16.0,1.0,0,327.0,0.0,40.0,0,1,0
9525,43.0,2.0,16.0,1.0,4,49.0,0.0,40.0,1,1,1
9526,92.0,7.0,16.0,1.0,1,49.0,0.0,40.0,1,1,0
9527,43.0,5.0,16.0,1.0,1,49.0,8.0,40.0,1,1,0
9528,64.0,2.0,16.0,1.0,2,49.0,0.0,40.0,1,1,1
9529,86.0,1.0,19.0,1.0,1,49.0,1.0,40.0,1,1,1
9530,83.0,3.0,16.0,1.0,-1,49.0,0.0,40.0,1,1,1
9531,36.0,7.0,16.0,1.0,1,49.0,1.0,40.0,1,1,1
9532,75.0,2.0,19.0,1.0,1,49.0,0.0,40.0,1,1,1
9533,49.0,3.0,16.0,1.0,5,49.0,0.0,40.0,1,0,0
9534,64.0,2.0,16.0,1.0,2,49.0,1.0,40.0,0,1,0
9535,69.0,2.0,16.0,5.0,4,49.0,0.0,32.0,1,1,1
9536,75.0,7.0,21.0,1.0,3,49.0,0.0,40.0,1,1,0
9537,69.0,2.0,19.0,1.0,1,49.0,0.0,40.0,1,1,0
9538,41.0,8.0,22.0,1.0,1,49.0,0.0,30.0,1,1,1
9539,86.0,1.0,19.0,1.0,1,49.0,0.0,40.0,1,1,0
9540,31.0,7.0,16.0,3.0,1,49.0,0.0,40.0,1,1,1
9541,31.0,7.0,19.0,1.0,1,49.0,0.0,40.0,1,1,1
9542,17.0,2.0,4.0,1.0,1,49.0,0.0,40.0,1,1,0
9543,75.0,3.0,19.0,1.0,1,49.0,0.0,58.0,0,1,1
9544,36.0,3.0,4.0,1.0,2,49.0,0.0,40.0,1,1,0
9545,92.0,2.0,16.0,1.0,0,49.0,0.0,40.0,0,1,0
9546,36.0,1.0,16.0,5.0,1,49.0,17.0,40.0,1,1,1
9547,83.0,3.0,21.0,1.0,1,49.0,0.0,40.0,1,1,1
9548,83.0,3.0,19.0,1.0,1,49.0,0.0,40.0,1,1,1
9549,92.0,7.0,21.0,1.0,0,49.0,0.0,40.0,1,1,0
9550,83.0,2.0,16.0,1.0,1,49.0,0.0,40.0,0,1,0
9551,49.0,7.0,19.0,1.0,1,49.0,0.0,40.0,1,1,1
9552,19.0,1.0,21.0,1.0,-1,49.0,0.0,40.0,1,1,0
9553,69.0,1.0,19.0,1.0,1,49.0,0.0,40.0,1,1,1
9554,32.0,7.0,19.0,1.0,0,49.0,1.0,40.0,0,1,0
9555,83.0,1.0,16.0,1.0,0,49.0,0.0,40.0,1,1,0
9556,64.0,7.0,19.0,1.0,0,49.0,0.0,40.0,1,1,1
9557,60.0,3.0,21.0,1.0,2,49.0,0.0,40.0,1,1,1
9558,60.0,1.0,19.0,1.0,1,49.0,1.0,40.0,1,1,1
9559,31.0,7.0,16.0,1.0,1,448.0,0.0,40.0,1,1,1
9560,83.0,6.0,21.0,3.0,0,49.0,1.0,40.0,1,1,1
9561,75.0,5.0,21.0,1.0,1,49.0,1.0,40.0,1,1,1
9562,31.0,3.0,16.0,1.0,1,49.0,0.0,40.0,1,1,1
9563,83.0,1.0,19.0,1.0,1,49.0,0.0,40.0,1,1,1
9564,43.0,5.0,19.0,1.0,1,49.0,0.0,40.0,1,1,0
9565,31.0,3.0,16.0,1.0,1,49.0,0.0,40.0,1,1,0
9566,31.0,8.0,4.0,1.0,0,49.0,0.0,40.0,1,0,1
9567,83.0,7.0,19.0,1.0,1,49.0,0.0,40.0,0,1,1
9568,31.0,2.0,16.0,1.0,1,49.0,0.0,40.0,1,1,1
9569,31.0,7.0,16.0,1.0,1,49.0,0.0,40.0,1,1,1
9570,43.0,3.0,16.0,1.0,1,49.0,0.0,40.0,1,1,1
9571,92.0,7.0,19.0,5.0,4,49.0,0.0,40.0,1,1,1
9572,75.0,3.0,21.0,1.0,1,49.0,0.0,66.0,1,0,0
9573,83.0,2.0,19.0,1.0,1,49.0,0.0,40.0,1,1,1
9574,17.0,2.0,16.0,1.0,1,49.0,0.0,40.0,0,1,1
9575,83.0,1.0,21.0,1.0,2,49.0,0.0,40.0,1,0,1
9576,75.0,7.0,16.0,1.0,4,527.0,0.0,40.0,1,0,1
9577,31.0,5.0,16.0,1.0,1,49.0,0.0,40.0,0,0,1
9578,43.0,2.0,16.0,1.0,1,49.0,0.0,40.0,1,1,1
9579,31.0,3.0,16.0,1.0,1,49.0,0.0,40.0,1,1,1
9580,75.0,1.0,19.0,1.0,1,49.0,0.0,40.0,1,1,0
9581,31.0,2.0,19.0,1.0,1,49.0,17.0,40.0,1,1,1
9582,31.0,7.0,16.0,1.0,3,49.0,0.0,40.0,1,1,1
9583,83.0,3.0,19.0,1.0,0,49.0,0.0,40.0,1,1,1
9584,75.0,2.0,21.0,1.0,1,49.0,0.0,40.0,1,0,1
9585,17.0,7.0,19.0,1.0,0,49.0,0.0,40.0,1,1,1
9586,64.0,5.0,12.0,1.0,1,49.0,0.0,40.0,0,1,0
9587,83.0,3.0,21.0,1.0,1,49.0,0.0,40.0,1,1,1
9588,75.0,3.0,16.0,1.0,0,49.0,13.0,40.0,0,1,1
9589,83.0,7.0,21.0,1.0,4,49.0,0.0,40.0,0,1,0
9590,17.0,1.0,19.0,1.0,1,49.0,0.0,40.0,1,1,1
9591,43.0,2.0,16.0,1.0,1,49.0,1.0,40.0,1,1,1
9592,83.0,2.0,21.0,1.0,1,49.0,0.0,32.0,1,1,1
9593,75.0,3.0,16.0,1.0,4,110.0,0.0,40.0,0,1,1
9594,31.0,7.0,21.0,1.0,1,49.0,1.0,40.0,0,1,1
9595,83.0,7.0,19.0,1.0,5,49.0,0.0,40.0,1,1,1
9596,75.0,3.0,16.0,1.0,0,49.0,1.0,40.0,1,1,1
9597,53.0,8.0,16.0,1.0,-1,49.0,0.0,40.0,1,1,1
9598,86.0,1.0,19.0,1.0,0,49.0,0.0,40.0,1,1,0
9599,75.0,5.0,19.0,1.0,1,49.0,0.0,40.0,1,1,1
9600,92.0,7.0,16.0,1.0,0,49.0,0.0,40.0,1,1,1
9601,36.0,7.0,16.0,1.0,1,49.0,0.0,40.0,1,1,1
9602,75.0,7.0,19.0,1.0,1,49.0,1.0,40.0,1,1,1
9603,83.0,5.0,21.0,1.0,2,49.0,1.0,40.0,1,1,0
9604,83.0,3.0,19.0,1.0,0,49.0,0.0,40.0,0,1,1
9605,60.0,1.0,16.0,1.0,2,49.0,0.0,40.0,1,1,1
9606,83.0,7.0,21.0,1.0,0,49.0,0.0,40.0,1,1,1
9607,92.0,2.0,19.0,1.0,1,49.0,0.0,40.0,1,0,1
9608,31.0,1.0,21.0,1.0,2,49.0,13.0,40.0,1,1,1
9609,75.0,3.0,16.0,1.0,1,49.0,0.0,40.0,1,1,1
9610,64.0,3.0,21.0,1.0,4,49.0,0.0,40.0,1,1,0
9611,75.0,1.0,21.0,1.0,1,49.0,0.0,40.0,1,1,1
9612,17.0,3.0,19.0,1.0,1,49.0,0.0,40.0,1,1,0
9613,31.0,1.0,16.0,1.0,0,38.0,0.0,40.0,1,0,0
9614,83.0,1.0,16.0,1.0,0,49.0,0.0,40.0,1,1,0
9615,43.0,2.0,16.0,1.0,0,49.0,0.0,40.0,1,1,1
9616,17.0,3.0,16.0,1.0,1,49.0,0.0,40.0,1,1,1
9617,60.0,5.0,16.0,1.0,2,49.0,0.0,40.0,1,1,1
9618,19.0,3.0,19.0,5.0,0,49.0,0.0,40.0,1,0,1
9619,75.0,5.0,19.0,1.0,0,49.0,0.0,40.0,1,1,1
9620,64.0,3.0,19.0,5.0,1,49.0,0.0,40.0,1,1,0
9621,86.0,3.0,16.0,1.0,1,49.0,0.0,40.0,0,1,1
9622,31.0,1.0,19.0,5.0,1,49.0,0.0,40.0,0,1,1
9623,83.0,7.0,7.0,5.0,1,49.0,0.0,40.0,0,1,1
9624,75.0,3.0,16.0,1.0,1,49.0,0.0,40.0,1,1,1
9625,31.0,7.0,19.0,1.0,1,49.0,0.0,40.0,0,1,1
9626,83.0,5.0,16.0,1.0,1,49.0,0.0,40.0,0,1,0
9627,86.0,1.0,21.0,1.0,0,49.0,0.0,40.0,1,1,1
9628,83.0,3.0,19.0,1.0,1,49.0,0.0,40.0,0,1,0
9629,19.0,2.0,22.0,1.0,0,49.0,1.0,40.0,1,1,1
9630,19.0,3.0,16.0,1.0,1,49.0,0.0,40.0,1,1,1
9631,19.0,7.0,19.0,1.0,1,49.0,0.0,40.0,1,1,0
9632,92.0,2.0,19.0,1.0,2,49.0,0.0,40.0,0,1,1
9633,83.0,1.0,16.0,1.0,1,49.0,0.0,40.0,0,1,0
9634,17.0,1.0,19.0,1.0,0,49.0,0.0,40.0,0,1,1
9635,36.0,7.0,16.0,1.0,1,49.0,0.0,40.0,0,1,0
9636,31.0,1.0,16.0,1.0,1,49.0,0.0,40.0,1,1,0
9637,86.0,2.0,16.0,1.0,0,49.0,1.0,40.0,1,1,0
9638,75.0,2.0,19.0,1.0,0,49.0,0.0,40.0,1,0,0
9639,75.0,7.0,16.0,1.0,0,49.0,0.0,40.0,1,1,0
9640,86.0,1.0,21.0,1.0,1,49.0,0.0,40.0,1,1,1
9641,75.0,3.0,19.0,1.0,2,49.0,0.0,40.0,0,1,0
9642,43.0,1.0,24.0,1.0,1,49.0,1.0,40.0,1,1,1
9643,75.0,5.0,16.0,1.0,1,49.0,0.0,40.0,1,1,0
9644,43.0,2.0,16.0,1.0,1,49.0,0.0,40.0,1,1,0
9645,31.0,1.0,21.0,1.0,1,49.0,0.0,40.0,1,1,1
9646,31.0,3.0,21.0,1.0,1,49.0,0.0,40.0,1,1,0
9647,83.0,2.0,16.0,1.0,2,49.0,0.0,40.0,1,1,1
9648,19.0,1.0,19.0,1.0,1,49.0,1.0,40.0,1,1,1
9649,75.0,1.0,16.0,3.0,1,49.0,1.0,40.0,1,1,1
9650,92.0,7.0,21.0,1.0,1,49.0,0.0,40.0,1,1,1
9651,27.0,1.0,19.0,5.0,1,49.0,1.0,40.0,1,1,0
9652,69.0,2.0,19.0,1.0,1,49.0,0.0,40.0,1,1,1
9653,31.0,1.0,21.0,1.0,0,49.0,0.0,40.0,1,0,1
9654,83.0,2.0,16.0,3.0,1,49.0,0.0,40.0,0,1,1
9655,75.0,1.0,19.0,1.0,0,49.0,0.0,40.0,1,1,1
9656,17.0,5.0,19.0,1.0,1,49.0,1.0,40.0,1,1,1
9657,31.0,5.0,16.0,1.0,2,49.0,0.0,40.0,1,1,1
9658,64.0,2.0,19.0,1.0,1,49.0,0.0,40.0,1,1,0
9659,75.0,2.0,19.0,1.0,1,49.0,0.0,40.0,1,1,1
9660,52.0,1.0,19.0,1.0,0,49.0,0.0,40.0,1,1,1
9661,43.0,1.0,19.0,1.0,4,49.0,0.0,40.0,1,1,1
9662,19.0,5.0,24.0,1.0,1,49.0,1.0,40.0,1,0,0
9663,17.0,2.0,16.0,1.0,-1,49.0,0.0,40.0,1,1,1
9664,75.0,1.0,16.0,1.0,2,49.0,1.0,40.0,1,1,1
9665,83.0,1.0,19.0,1.0,1,49.0,14.0,40.0,1,1,1
9666,83.0,3.0,21.0,1.0,1,49.0,0.0,40.0,1,0,0
9667,19.0,7.0,16.0,1.0,-1,49.0,1.0,40.0,1,0,1
9668,75.0,5.0,19.0,1.0,1,49.0,1.0,40.0,1,1,0
9669,17.0,2.0,21.0,1.0,1,49.0,1.0,40.0,1,0,0
9670,36.0,2.0,16.0,1.0,1,49.0,0.0,40.0,1,1,0
9671,31.0,3.0,4.0,1.0,1,49.0,0.0,40.0,1,1,1
9672,43.0,1.0,17.0,1.0,1,49.0,0.0,40.0,1,1,1
9673,75.0,7.0,16.0,1.0,0,49.0,0.0,40.0,1,1,0
9674,75.0,2.0,16.0,1.0,1,49.0,0.0,40.0,1,1,0
9675,83.0,2.0,16.0,1.0,2,49.0,0.0,40.0,0,1,0
9676,34.0,2.0,24.0,1.0,0,49.0,0.0,40.0,1,1,1
9677,74.0,1.0,19.0,1.0,1,49.0,0.0,40.0,1,1,1
9678,83.0,7.0,16.0,1.0,1,49.0,0.0,40.0,1,1,0
9679,83.0,5.0,16.0,1.0,0,49.0,1.0,40.0,1,1,1
9680,83.0,7.0,17.0,1.0,0,49.0,0.0,40.0,1,1,1
9681,43.0,1.0,16.0,1.0,0,49.0,1.0,11.0,1,1,1
9682,31.0,3.0,16.0,1.0,1,49.0,0.0,40.0,1,1,0
9683,43.0,1.0,19.0,1.0,2,49.0,0.0,40.0,0,1,0
9684,86.0,7.0,19.0,1.0,1,49.0,0.0,40.0,1,0,0
9685,75.0,5.0,4.0,1.0,1,49.0,1.0,40.0,1,1,1
9686,75.0,7.0,4.0,1.0,1,49.0,1.0,40.0,1,1,0
9687,92.0,3.0,16.0,1.0,1,49.0,0.0,40.0,1,1,0
9688,31.0,5.0,19.0,1.0,1,49.0,0.0,40.0,1,1,1
9689,83.0,4.0,20.0,1.0,2,49.0,0.0,40.0,1,1,1
9690,64.0,5.0,19.0,1.0,1,49.0,0.0,40.0,1,1,1
9691,64.0,7.0,16.0,1.0,0,49.0,0.0,40.0,1,1,0
9692,60.0,2.0,16.0,1.0,5,49.0,0.0,40.0,0,1,0
9693,86.0,3.0,16.0,1.0,2,49.0,0.0,40.0,1,1,1
9694,34.0,7.0,10.0,1.0,1,49.0,0.0,40.0,0,1,1
9695,75.0,3.0,19.0,1.0,1,49.0,1.0,40.0,1,1,1
9696,75.0,1.0,21.0,1.0,1,49.0,0.0,40.0,1,1,1
9697,43.0,7.0,16.0,1.0,1,49.0,0.0,40.0,1,0,1
9698,19.0,6.0,16.0,1.0,0,554.0,0.0,40.0,1,1,1
9699,17.0,7.0,21.0,1.0,0,49.0,0.0,40.0,1,1,0
9700,32.0,2.0,16.0,1.0,1,49.0,0.0,40.0,1,1,1
9701,32.0,7.0,16.0,1.0,1,49.0,0.0,40.0,1,1,1
9702,83.0,1.0,19.0,1.0,1,49.0,0.0,40.0,1,1,1
9703,75.0,1.0,19.0,1.0,1,49.0,1.0,40.0,1,1,1
9704,83.0,1.0,16.0,1.0,0,49.0,0.0,40.0,1,1,1
9705,83.0,7.0,16.0,1.0,1,49.0,0.0,40.0,1,1,0
9706,83.0,7.0,16.0,1.0,0,49.0,0.0,40.0,1,1,1
9707,83.0,1.0,21.0,1.0,1,49.0,0.0,40.0,1,1,0
9708,60.0,2.0,24.0,1.0,2,49.0,0.0,11.0,1,1,1
9709,32.0,1.0,21.0,1.0,1,49.0,0.0,40.0,1,0,1
9710,43.0,1.0,19.0,1.0,1,49.0,1.0,40.0,1,1,0
9711,53.0,2.0,19.0,1.0,1,49.0,0.0,40.0,1,1,1
9712,83.0,3.0,16.0,1.0,1,49.0,0.0,40.0,1,1,0
9713,83.0,3.0,19.0,1.0,1,49.0,0.0,40.0,0,1,1
9714,17.0,2.0,24.0,1.0,2,49.0,0.0,66.0,1,1,1
9715,31.0,7.0,19.0,1.0,1,49.0,0.0,40.0,1,1,0
9716,43.0,3.0,19.0,1.0,1,49.0,0.0,40.0,1,1,0
9717,17.0,3.0,16.0,1.0,1,49.0,0.0,40.0,1,1,1
9718,19.0,7.0,19.0,1.0,1,49.0,1.0,40.0,0,1,1
9719,83.0,3.0,16.0,1.0,1,60.0,0.0,40.0,0,1,1
9720,43.0,7.0,16.0,1.0,1,49.0,1.0,40.0,1,0,1
9721,43.0,3.0,19.0,1.0,1,49.0,1.0,40.0,1,1,0
9722,86.0,1.0,16.0,1.0,2,49.0,0.0,40.0,1,1,0
9723,75.0,7.0,19.0,1.0,1,49.0,0.0,40.0,1,1,0
9724,86.0,7.0,19.0,1.0,0,49.0,0.0,40.0,0,1,1
9725,19.0,2.0,16.0,1.0,1,49.0,1.0,40.0,1,0,1
9726,86.0,4.0,16.0,1.0,1,2.0,0.0,40.0,1,1,1
9727,64.0,2.0,19.0,1.0,1,49.0,0.0,40.0,0,1,1
9728,83.0,2.0,4.0,1.0,1,49.0,1.0,40.0,0,1,1
9729,83.0,3.0,21.0,1.0,1,49.0,0.0,40.0,1,1,1
9730,60.0,5.0,16.0,5.0,1,49.0,0.0,40.0,1,1,1
9731,43.0,7.0,16.0,1.0,5,49.0,0.0,40.0,0,1,1
9732,31.0,7.0,19.0,1.0,3,49.0,0.0,40.0,1,1,1
9733,83.0,5.0,16.0,1.0,0,49.0,0.0,40.0,1,1,0
9734,31.0,5.0,16.0,1.0,1,49.0,1.0,40.0,1,1,1
9735,69.0,1.0,16.0,1.0,0,49.0,0.0,40.0,1,1,1
9736,17.0,2.0,21.0,1.0,-1,49.0,1.0,40.0,1,1,1
9737,75.0,2.0,16.0,1.0,1,49.0,0.0,40.0,0,1,0
9738,60.0,1.0,19.0,1.0,1,49.0,0.0,40.0,1,1,1
9739,31.0,7.0,16.0,1.0,0,49.0,0.0,40.0,1,1,1
9740,32.0,3.0,19.0,1.0,1,49.0,0.0,40.0,1,1,1
9741,83.0,1.0,16.0,1.0,1,49.0,0.0,40.0,1,1,1
9742,31.0,2.0,19.0,1.0,1,49.0,0.0,40.0,1,1,1
9743,83.0,2.0,16.0,1.0,0,49.0,0.0,40.0,0,1,0
9744,41.0,2.0,16.0,1.0,1,49.0,0.0,40.0,1,1,0
9745,43.0,2.0,19.0,1.0,0,49.0,1.0,40.0,1,1,1
9746,86.0,1.0,4.0,5.0,1,49.0,0.0,40.0,1,0,1
9747,31.0,2.0,16.0,1.0,0,49.0,10.0,40.0,1,1,0
9748,43.0,2.0,16.0,1.0,0,49.0,0.0,40.0,0,1,1
9749,31.0,6.0,16.0,5.0,2,49.0,0.0,40.0,1,1,1
9750,17.0,1.0,16.0,1.0,1,49.0,0.0,40.0,1,1,0
9751,69.0,7.0,19.0,1.0,1,49.0,0.0,40.0,1,1,1
9752,64.0,1.0,16.0,1.0,2,49.0,0.0,40.0,1,0,1
9753,17.0,2.0,16.0,5.0,1,49.0,0.0,40.0,1,1,1
9754,83.0,1.0,16.0,1.0,1,49.0,5.0,40.0,1,1,1
9755,75.0,7.0,21.0,1.0,1,49.0,0.0,40.0,1,1,0
9756,83.0,6.0,16.0,1.0,-1,49.0,0.0,40.0,1,1,1
9757,83.0,2.0,19.0,3.0,0,49.0,0.0,40.0,0,1,1
9758,44.0,5.0,16.0,1.0,1,49.0,0.0,40.0,1,1,1
9759,75.0,2.0,21.0,1.0,1,49.0,0.0,40.0,1,1,0
9760,31.0,2.0,16.0,1.0,1,49.0,0.0,40.0,0,1,1
9761,60.0,4.0,16.0,1.0,1,49.0,0.0,40.0,0,1,0
9762,17.0,5.0,16.0,1.0,0,49.0,0.0,40.0,0,1,1
9763,64.0,7.0,19.0,1.0,1,49.0,1.0,40.0,1,1,1
9764,83.0,7.0,16.0,1.0,1,49.0,1.0,40.0,1,1,0
9765,83.0,2.0,16.0,1.0,1,49.0,0.0,40.0,1,1,1
9766,75.0,1.0,21.0,1.0,2,49.0,0.0,40.0,1,1,0
9767,31.0,3.0,22.0,1.0,1,49.0,1.0,40.0,1,0,1
9768,83.0,7.0,16.0,1.0,1,49.0,0.0,40.0,1,1,1
9769,86.0,5.0,19.0,3.0,1,49.0,0.0,40.0,0,1,0
9770,83.0,2.0,19.0,1.0,1,49.0,0.0,40.0,1,1,1
9771,83.0,3.0,19.0,5.0,0,49.0,0.0,40.0,1,1,1
9772,48.0,2.0,16.0,1.0,0,49.0,1.0,40.0,1,0,1
9773,31.0,4.0,19.0,1.0,1,49.0,1.0,40.0,1,1,0
9774,83.0,1.0,16.0,1.0,1,242.0,0.0,40.0,1,1,1
9775,83.0,5.0,16.0,5.0,0,49.0,0.0,40.0,1,1,1
9776,86.0,2.0,16.0,4.0,0,49.0,1.0,40.0,1,1,1
9777,31.0,7.0,16.0,1.0,1,49.0,0.0,40.0,1,1,0
9778,17.0,2.0,16.0,1.0,1,49.0,0.0,40.0,1,1,1
9779,92.0,2.0,19.0,1.0,1,49.0,0.0,40.0,1,1,1
9780,83.0,1.0,19.0,1.0,1,49.0,0.0,40.0,1,1,0
9781,64.0,1.0,19.0,1.0,1,49.0,13.0,40.0,1,1,1
9782,83.0,7.0,16.0,1.0,0,138.0,0.0,40.0,1,0,1
9783,36.0,2.0,21.0,1.0,1,49.0,0.0,40.0,1,1,1
9784,31.0,1.0,16.0,1.0,-1,49.0,9.0,40.0,1,1,1
9785,75.0,2.0,19.0,1.0,0,49.0,0.0,40.0,1,1,1
9786,83.0,2.0,16.0,1.0,1,49.0,0.0,40.0,0,1,0
9787,31.0,1.0,21.0,1.0,1,49.0,1.0,40.0,0,1,1
9788,31.0,7.0,19.0,1.0,0,49.0,0.0,40.0,1,1,1
9789,83.0,3.0,16.0,1.0,1,49.0,0.0,40.0,1,0,1
9790,87.0,1.0,21.0,2.0,1,49.0,0.0,40.0,1,1,1
9791,83.0,5.0,16.0,1.0,1,49.0,0.0,40.0,1,1,0
9792,31.0,2.0,21.0,1.0,1,49.0,3.0,40.0,1,1,1
9793,83.0,2.0,24.0,1.0,2,49.0,1.0,40.0,0,1,1
9794,19.0,5.0,21.0,5.0,2,49.0,0.0,40.0,1,0,1
9795,83.0,1.0,19.0,1.0,1,49.0,0.0,40.0,1,1,1
9796,24.0,2.0,16.0,1.0,1,49.0,0.0,40.0,1,1,1
9797,86.0,5.0,16.0,1.0,-1,49.0,0.0,40.0,1,1,0
9798,35.0,1.0,16.0,1.0,2,49.0,0.0,40.0,1,1,1
9799,17.0,3.0,17.0,1.0,0,49.0,0.0,40.0,1,1,1
9800,64.0,3.0,16.0,1.0,1,49.0,1.0,40.0,1,1,1
9801,43.0,2.0,19.0,1.0,0,49.0,0.0,40.0,1,0,1
