,age,workclass,education,marital-status,occupation,relationship,race,sex,hours-per-week,native-country,income
0,3,2,7,4,12,1,0,0,2,2,0
1,4,4,11,4,7,3,0,1,2,2,0
2,13,4,6,2,3,0,1,1,2,2,1
3,4,4,9,4,10,1,1,1,2,2,0
4,9,4,12,0,5,1,1,1,2,2,0
5,7,4,8,2,10,0,1,1,2,2,1
6,5,4,9,4,12,3,1,0,2,2,0
7,6,6,9,2,12,0,1,1,1,2,1
8,5,4,9,4,8,3,1,1,2,2,0
9,13,4,11,2,12,0,1,1,1,2,1
10,4,4,13,2,14,0,1,1,2,2,0
11,4,4,9,4,10,1,1,0,2,2,0
12,15,2,12,6,10,3,0,0,2,2,0
13,7,5,9,2,4,0,1,1,3,2,1
14,7,4,1,2,3,0,1,1,2,2,0
15,3,4,11,4,4,3,1,0,3,2,0
16,7,4,11,2,8,3,1,1,2,2,0
17,9,4,11,0,8,1,0,0,2,2,0
18,12,6,11,2,3,0,1,1,2,2,1
19,17,4,15,2,1,0,0,1,2,2,0
20,6,4,11,3,12,1,1,1,3,2,0
21,8,4,11,2,3,0,1,1,1,2,0
22,5,5,12,2,4,5,1,0,2,2,1
23,10,2,9,2,10,0,1,1,2,2,1
24,8,4,10,0,10,1,1,1,1,2,0
25,8,4,9,4,10,1,1,0,1,2,0
26,11,4,15,2,4,0,0,1,2,2,1
27,10,2,14,2,14,0,0,1,2,2,0
28,8,4,15,3,4,1,1,1,2,2,0
29,4,4,11,4,8,1,1,1,1,2,0
30,5,4,11,4,3,1,1,1,2,2,0
31,8,6,8,2,10,0,1,1,2,2,1
32,5,4,11,2,12,0,1,1,2,2,0
33,7,4,14,2,10,5,1,0,2,0,1
34,9,4,8,5,12,1,1,1,2,2,0
35,7,4,11,4,7,3,0,0,2,2,0
36,4,4,8,4,4,1,1,0,2,2,0
37,8,4,11,0,8,1,1,1,2,2,0
38,5,4,11,2,7,0,0,1,2,2,1
39,7,6,15,2,4,0,1,1,2,2,1
40,3,7,9,4,10,1,1,0,2,2,0
41,9,4,11,2,3,0,1,1,1,2,0
42,5,4,9,2,4,0,0,1,2,2,0
43,7,4,14,2,10,0,1,1,2,2,1
44,5,4,7,4,4,1,1,0,2,2,0
45,9,5,9,2,10,0,1,1,2,2,1
46,12,4,15,2,12,1,0,0,1,2,0
47,10,4,14,6,3,1,1,1,2,2,0
48,4,4,9,4,10,3,1,1,2,2,0
49,5,6,12,6,12,4,1,0,2,2,0
50,9,4,6,5,3,4,1,1,1,2,0
51,4,4,11,4,1,1,1,0,2,2,0
52,11,4,8,4,12,1,1,1,2,2,0
53,6,4,15,2,14,0,0,1,2,2,0
54,6,7,11,2,1,0,1,1,2,2,0
55,11,4,15,2,8,0,1,1,1,2,1
56,8,2,9,0,4,4,1,1,2,2,0
57,12,4,11,2,1,0,1,1,2,2,0
58,7,4,5,2,3,0,1,1,2,2,0
59,4,4,15,4,5,2,1,1,3,2,0
60,5,7,12,6,1,1,1,1,2,2,0
61,5,2,8,4,4,3,1,0,2,2,0
62,10,4,11,2,3,5,1,0,2,2,1
63,8,6,1,2,8,0,1,1,2,0,1
64,7,4,15,2,6,0,0,1,3,2,0
65,7,4,11,2,3,0,1,1,2,2,1
66,4,1,11,4,12,2,0,1,2,2,0
67,4,2,11,4,1,1,1,0,2,2,0
68,11,4,9,2,4,0,0,1,2,2,0
69,9,4,0,0,13,3,1,1,2,0,0
70,8,4,11,0,8,1,1,1,2,2,0
71,7,0,11,2,6,0,1,1,1,2,1
72,8,7,11,2,11,0,0,1,2,0,1
73,5,4,12,2,10,0,0,1,1,2,0
74,10,4,15,2,3,0,1,1,2,2,1
75,7,2,7,5,11,1,1,1,2,2,0
76,9,4,0,4,7,3,1,0,2,2,0
77,9,2,8,0,11,1,1,1,2,2,0
78,6,4,5,2,3,0,1,1,2,2,1
79,6,2,10,2,10,0,1,1,2,2,1
80,6,4,11,2,7,2,1,0,4,2,0
81,4,4,15,0,1,1,1,1,2,2,0
82,3,4,15,4,8,1,1,0,2,2,0
83,7,4,15,4,4,3,1,1,2,0,0
84,12,2,15,2,10,5,1,0,2,2,0
85,6,4,11,4,8,1,1,0,2,2,0
86,10,6,10,2,10,0,0,1,2,2,0
87,4,6,11,4,3,3,1,1,2,2,1
88,5,4,12,4,1,3,1,0,2,2,0
89,3,4,1,4,12,4,1,1,2,2,0
90,9,4,15,4,4,3,1,1,2,2,0
91,4,2,15,4,11,1,1,1,2,1,0
92,7,4,11,2,3,0,1,1,2,2,0
93,4,4,0,2,3,0,1,1,2,2,0
94,9,4,11,2,3,0,1,1,2,2,0
95,8,4,11,0,1,1,1,0,2,2,0
96,7,4,11,6,4,4,1,0,2,2,0
97,6,6,15,3,4,4,1,0,3,4,0
98,5,6,15,4,4,3,1,1,3,2,0
99,7,4,15,2,4,0,1,1,2,4,0
100,8,4,11,2,1,5,0,0,4,2,1
101,6,1,11,2,10,0,1,1,3,2,1
102,8,4,9,2,12,1,1,1,2,2,0
103,6,4,11,2,7,0,1,1,4,2,1
104,5,4,8,4,3,1,1,1,2,2,0
105,4,4,11,2,12,0,1,1,2,2,1
106,5,4,1,2,3,0,1,1,2,2,0
107,4,4,9,4,12,1,1,0,2,2,0
108,6,4,9,4,12,3,1,0,3,2,0
109,9,4,3,4,8,3,1,0,0,2,0
110,8,6,15,2,1,5,1,0,2,2,1
111,4,1,11,4,12,3,1,1,1,2,0
112,5,4,11,4,6,4,1,1,2,2,0
113,9,4,11,2,1,0,1,1,1,2,0
114,7,2,9,6,10,1,1,0,2,2,0
115,8,4,1,2,12,0,1,1,2,2,1
116,5,5,1,4,5,1,1,1,2,2,0
117,9,4,9,0,12,1,1,1,3,2,0
118,6,4,11,2,4,0,1,1,2,2,0
119,7,4,11,2,1,5,1,0,2,2,1
120,10,4,15,2,8,0,0,1,2,2,0
121,4,4,9,4,8,3,1,1,0,2,0
122,9,4,9,0,1,1,1,0,2,2,0
123,4,4,11,4,4,1,1,0,4,2,0
124,8,4,15,0,13,1,1,0,2,2,0
125,9,0,11,0,0,1,1,1,2,2,0
126,11,4,11,2,6,0,1,1,2,2,0
127,8,6,11,4,8,1,1,0,0,2,0
128,5,4,11,4,11,1,1,1,2,2,0
129,9,4,11,0,3,1,1,1,2,2,0
130,9,4,9,2,10,0,1,1,2,2,0
131,7,6,9,0,12,1,1,1,2,2,1
132,12,4,8,2,3,0,1,1,2,2,1
133,7,4,10,2,10,0,1,1,1,2,0
134,8,4,11,3,6,1,0,0,2,2,1
135,10,4,12,2,10,0,1,1,2,2,0
136,10,4,14,2,3,0,1,1,2,2,0
137,12,4,14,2,10,5,0,0,1,2,1
138,9,4,5,2,9,0,1,1,2,2,0
139,8,4,15,2,3,0,0,1,2,2,0
140,6,4,0,0,7,1,1,0,2,2,0
141,7,4,9,0,12,4,0,0,2,2,0
142,6,4,15,2,8,0,1,1,2,2,0
143,4,4,9,4,4,1,1,1,2,2,0
144,12,4,15,6,12,4,1,0,3,2,0
145,3,4,0,4,7,1,1,1,2,2,0
146,10,4,11,2,3,0,1,1,2,2,0
147,3,4,9,4,4,3,1,1,2,3,0
148,5,4,11,4,7,2,1,1,2,1,0
149,7,4,15,1,7,4,1,1,2,2,0
150,6,4,9,4,4,3,1,1,2,2,0
151,5,1,12,4,4,1,1,1,2,3,0
152,6,4,11,2,6,0,1,1,2,2,1
153,5,4,0,4,13,1,1,0,2,2,0
154,6,6,1,4,12,1,1,1,2,2,0
155,11,2,8,2,11,0,1,1,2,2,0
156,10,6,1,2,3,0,1,1,2,2,1
157,10,4,9,0,10,1,1,0,0,2,0
158,9,6,11,4,3,3,1,1,2,2,0
159,10,4,11,2,1,5,0,0,2,2,0
160,9,4,9,2,7,0,1,1,2,2,1
161,8,7,5,2,11,0,0,1,1,2,1
162,9,4,11,4,6,3,1,1,2,2,0
163,10,4,9,2,4,0,1,1,2,2,0
164,4,4,11,4,14,1,1,1,2,2,0
165,4,4,9,4,1,1,1,1,2,2,0
166,7,4,15,2,4,0,1,1,3,2,1
167,12,4,11,2,8,3,1,0,1,2,1
168,8,4,15,2,4,0,1,1,2,2,1
169,7,5,0,5,7,4,1,0,2,2,0
170,10,4,12,2,5,0,1,1,2,2,1
171,12,2,12,2,4,0,1,1,3,2,0
172,9,2,11,2,4,0,1,1,3,2,0
173,7,4,12,4,1,3,1,1,2,2,0
174,7,6,1,6,12,1,1,0,1,2,0
175,4,4,11,4,7,3,1,0,2,2,0
176,7,4,15,2,4,0,1,1,2,2,0
177,9,6,6,2,5,0,1,1,1,2,1
178,11,6,6,2,5,0,1,1,2,2,1
179,8,4,15,4,12,3,1,1,2,2,0
180,12,4,9,2,12,0,1,1,2,2,0
181,3,4,15,4,10,4,1,0,2,2,0
182,9,4,1,4,12,1,1,1,2,2,0
183,7,2,9,4,11,1,0,1,1,2,0
184,11,5,11,2,7,0,1,1,4,2,1
185,11,6,11,1,5,4,1,0,1,2,1
186,9,4,11,4,14,1,1,1,2,0,1
187,3,4,12,4,14,3,1,1,1,2,0
188,10,4,15,2,6,0,1,1,2,2,1
189,6,7,15,4,8,3,1,0,1,2,0
190,8,4,15,4,4,3,1,1,2,2,0
191,5,4,15,4,1,1,1,0,2,2,0
192,8,6,11,2,10,0,1,1,1,2,0
193,6,4,11,2,8,5,1,0,1,2,1
194,3,7,15,4,10,3,1,1,1,2,0
195,5,4,9,2,4,0,1,1,2,2,0
196,4,4,15,5,7,4,1,0,2,2,0
197,7,4,8,2,1,5,0,0,1,2,0
198,11,6,4,2,12,5,1,0,2,2,1
199,6,4,11,4,8,1,1,1,2,2,0
200,3,4,9,0,10,4,1,0,3,2,0
201,4,4,14,4,10,4,1,0,1,2,0
202,7,5,15,5,4,0,1,1,2,2,0
203,9,4,9,2,4,5,1,0,2,2,1
204,4,4,11,4,4,1,1,1,1,2,0
205,7,4,1,6,3,1,0,1,2,2,0
206,5,4,11,4,1,3,0,1,2,2,0
207,11,2,15,2,11,0,1,1,1,2,1
208,5,4,11,2,3,0,0,1,2,2,1
209,3,4,15,4,1,3,1,1,2,2,0
210,4,4,1,4,12,3,1,1,2,2,0
211,5,4,11,2,11,0,1,1,1,2,0
212,5,4,9,4,6,4,1,1,2,2,0
213,5,4,12,4,4,1,1,0,4,2,0
214,10,4,9,6,1,1,1,0,2,2,0
215,5,4,8,4,13,4,1,0,2,2,0
216,7,4,11,1,14,1,1,1,2,2,0
217,12,4,15,5,1,4,1,0,2,2,0
218,8,2,11,2,3,0,1,1,2,2,0
219,7,4,10,4,10,3,1,1,2,2,0
220,6,4,0,4,7,2,1,0,4,2,0
221,6,4,15,2,4,0,1,1,2,2,0
222,12,5,11,2,5,5,1,0,1,2,0
223,3,4,3,4,8,1,1,0,2,2,0
224,9,4,15,2,11,0,1,1,2,2,0
225,3,4,9,4,10,1,0,0,0,2,0
226,13,4,9,2,10,0,1,1,2,2,0
227,9,4,9,5,1,1,1,0,2,2,0
228,3,0,7,4,0,3,1,1,2,2,1
229,11,4,11,2,3,0,1,1,2,2,1
230,4,1,5,0,3,1,1,1,2,2,0
231,3,4,11,4,1,4,1,0,2,2,0
232,6,4,1,2,14,0,1,1,2,2,1
233,8,0,9,0,0,1,1,1,0,2,0
234,5,6,12,4,10,1,1,0,2,2,0
235,11,4,15,6,8,3,1,0,0,2,0
236,11,4,15,6,6,1,1,0,2,2,0
237,6,4,11,4,1,3,1,0,2,0,0
238,10,4,11,2,1,0,1,1,2,2,0
239,8,4,11,2,3,0,1,1,2,2,0
240,7,5,11,0,3,4,1,0,2,2,0
241,4,4,15,4,1,1,1,0,2,2,1
242,6,4,9,4,13,3,1,0,2,2,0
243,3,6,7,4,12,3,1,1,2,2,0
244,6,4,6,2,5,0,1,1,1,2,1
245,6,4,11,0,8,2,1,0,1,2,0
246,8,6,9,2,13,0,1,1,2,2,0
247,5,4,15,4,1,1,0,0,2,2,0
248,8,4,15,0,7,4,1,0,2,2,0
249,10,6,6,2,5,0,1,1,2,2,1
250,6,4,15,6,4,1,1,0,2,2,0
251,11,4,11,2,6,0,1,1,1,2,0
252,8,4,11,2,7,0,0,1,2,2,0
253,10,1,9,2,4,0,1,1,2,2,1
254,5,4,0,4,13,3,1,1,0,2,0
255,11,4,7,2,12,0,1,1,2,2,0
256,11,2,15,0,3,1,1,1,1,2,0
257,6,5,9,2,4,0,1,1,1,2,1
258,4,0,5,4,0,3,1,0,1,2,0
259,8,4,1,4,13,3,0,1,2,2,0
260,3,4,7,4,1,1,0,1,2,2,0
261,8,4,7,0,7,1,1,0,2,2,0
262,5,4,7,4,1,1,1,0,1,2,0
263,7,2,12,4,10,3,1,1,2,2,0
264,6,4,14,4,1,4,1,0,2,2,0
265,8,4,9,2,10,0,1,1,2,2,0
266,12,4,11,2,3,0,1,1,2,2,0
267,7,0,1,2,0,0,1,1,0,2,1
268,6,1,15,4,12,1,1,0,3,3,0
269,6,4,15,4,11,3,1,1,2,2,0
270,4,4,11,4,8,4,1,0,1,2,0
271,11,4,9,2,12,0,1,1,2,2,1
272,4,4,12,4,14,1,1,1,2,2,1
273,9,4,10,2,10,0,1,1,1,2,0
274,9,6,15,2,10,0,1,1,2,2,1
275,12,4,7,0,1,4,1,0,2,2,0
276,7,4,11,2,1,5,0,0,2,2,0
277,3,6,8,4,13,1,1,1,2,2,0
278,13,4,8,2,3,0,1,1,2,2,0
279,4,4,15,4,10,3,0,0,1,2,0
280,16,2,15,0,4,4,1,0,2,2,0
281,11,4,9,2,12,5,0,0,4,3,1
282,10,4,12,4,4,3,1,1,2,2,0
283,9,7,9,2,10,0,1,1,3,2,0
284,9,4,11,4,3,2,1,1,2,2,0
285,8,4,15,2,10,0,1,1,0,2,0
286,6,2,12,4,4,1,1,1,2,2,0
287,11,4,11,2,12,0,0,1,2,2,0
288,11,4,11,6,4,1,1,0,2,2,0
289,5,4,11,4,3,1,1,1,2,2,0
290,10,4,11,2,8,0,1,1,2,2,0
291,8,6,15,0,3,1,1,0,2,2,0
292,6,0,15,4,0,3,1,1,1,2,1
293,10,4,11,2,1,5,1,0,1,2,0
294,7,4,15,0,14,1,1,1,2,2,0
295,7,4,11,2,6,0,1,1,3,0,1
296,3,4,9,4,4,3,1,1,1,2,0
297,17,4,1,2,3,0,1,1,2,2,0
298,6,4,11,2,7,0,1,1,2,2,1
299,10,4,11,4,12,3,1,1,2,2,0
300,9,6,15,5,3,1,1,1,2,2,0
301,6,4,5,2,3,0,1,1,2,2,0
302,5,2,5,2,11,0,0,1,2,2,1
303,4,4,9,4,11,4,1,0,2,2,0
304,8,4,8,2,12,0,1,1,4,2,0
305,5,1,12,4,10,1,0,0,2,2,0
306,4,4,15,4,8,3,1,1,2,2,0
307,7,4,11,2,7,0,1,1,2,2,0
308,8,4,15,2,3,0,1,1,2,0,0
309,10,4,7,0,1,4,1,0,0,2,0
310,3,2,7,4,11,3,0,1,2,2,0
311,8,4,9,2,12,0,1,1,2,2,1
312,9,4,15,2,5,0,1,1,3,2,0
313,10,4,9,2,4,0,1,1,2,2,1
314,10,4,5,2,10,0,0,1,2,4,0
315,4,4,15,6,10,1,1,0,1,2,0
316,6,4,5,4,1,1,1,0,2,2,0
317,7,4,11,2,14,0,1,1,3,2,0
318,8,4,15,2,4,0,1,1,3,2,0
319,12,6,7,5,4,0,1,1,2,2,0
320,9,4,12,4,4,1,1,1,2,2,0
321,3,4,11,4,3,1,0,1,2,4,0
322,8,4,4,4,6,2,0,1,2,2,0
323,4,4,9,4,10,1,1,1,3,2,0
324,8,4,11,2,12,0,1,1,2,2,0
325,4,6,6,2,5,0,1,1,2,2,0
326,5,6,11,2,4,0,1,1,2,2,1
327,5,4,11,4,3,3,1,1,2,2,0
328,7,4,15,0,8,2,1,0,2,2,0
329,10,4,0,2,6,0,1,1,2,2,0
330,3,1,15,4,10,1,1,1,1,2,0
331,9,4,10,2,10,0,1,1,2,2,0
332,5,4,0,4,7,3,1,1,2,2,0
333,7,4,11,2,1,0,1,1,2,2,1
334,6,4,11,2,8,0,1,1,2,2,1
335,7,2,15,0,10,4,1,1,2,2,0
336,4,2,15,0,10,1,1,1,2,2,0
337,10,0,15,2,0,0,0,1,1,2,0
338,7,4,11,5,12,4,1,0,2,2,0
339,10,4,12,2,10,0,1,1,2,2,1
340,3,7,15,4,8,3,1,0,2,2,0
341,7,4,11,0,8,1,1,0,2,2,1
342,9,4,9,2,12,0,1,1,2,2,1
343,18,4,9,6,4,4,1,1,2,2,0
344,12,4,11,2,3,0,0,1,2,2,0
345,6,2,1,2,2,5,1,0,2,2,0
346,11,4,11,2,14,0,1,1,3,2,0
347,10,4,15,2,12,0,1,1,3,2,1
348,5,5,11,4,4,3,1,1,3,2,0
349,7,7,11,0,10,2,1,0,1,2,0
350,8,4,9,0,1,4,1,0,2,2,0
351,9,2,15,4,6,1,0,1,2,2,0
352,8,1,15,2,4,0,1,1,1,2,0
353,8,4,15,2,3,0,1,1,2,2,0
354,7,4,15,2,6,0,1,1,2,2,0
355,4,4,3,4,13,1,0,0,2,2,0
356,5,4,9,2,10,0,1,1,2,2,0
357,4,4,11,4,3,3,1,1,2,2,0
358,6,4,11,4,7,3,1,0,2,2,0
359,5,4,7,4,1,4,1,0,2,2,0
360,10,6,11,2,4,0,1,1,2,2,0
361,6,4,9,0,12,4,1,0,1,2,0
362,12,4,8,0,14,1,1,1,2,2,0
363,8,0,5,5,0,4,1,0,2,2,0
364,11,7,4,2,12,0,0,1,1,2,1
365,9,4,8,2,10,0,1,1,2,0,1
366,12,2,9,2,11,0,1,1,2,2,1
367,7,6,15,2,8,0,1,1,2,2,1
368,5,4,11,4,7,1,0,1,2,2,0
369,3,4,9,4,1,3,1,0,2,2,0
370,9,4,8,4,3,4,1,0,2,2,0
371,6,4,11,2,3,4,1,1,2,2,0
372,6,4,11,4,12,1,1,0,2,2,1
373,10,4,9,2,10,0,1,1,2,2,0
374,4,4,7,0,12,4,1,1,4,2,0
375,7,4,11,5,8,1,1,0,1,2,0
376,4,0,11,4,0,3,0,1,0,2,0
377,8,4,9,0,4,1,1,0,2,2,1
378,5,6,15,4,1,3,1,0,2,2,0
379,9,4,6,2,5,0,1,1,3,2,0
380,5,6,8,2,3,0,1,1,2,1,1
381,12,2,11,2,12,0,1,1,1,2,0
382,8,5,11,2,4,2,1,1,2,2,1
383,5,2,9,2,11,0,1,1,1,2,0
384,10,6,15,2,1,0,1,1,4,2,1
385,5,2,9,6,10,1,1,1,1,2,0
386,3,7,9,4,1,2,1,1,1,2,0
387,8,4,11,0,7,1,1,0,2,2,0
388,8,4,11,4,13,3,1,0,2,2,0
389,9,4,15,2,12,0,1,1,2,2,0
390,8,2,9,2,11,0,1,1,2,2,0
391,15,6,11,0,3,4,1,0,2,2,0
392,10,0,11,2,4,0,1,1,2,2,0
393,8,2,11,5,11,4,1,0,2,2,0
394,5,4,15,4,3,4,1,1,2,2,0
395,7,7,11,2,8,0,1,1,1,2,0
396,7,7,9,2,10,0,1,1,1,2,1
397,4,4,15,0,12,2,1,1,2,2,0
398,8,4,15,4,12,3,1,1,2,2,0
399,8,1,11,2,12,0,0,1,2,0,0
400,8,4,12,2,10,2,1,1,0,2,0
401,9,1,9,0,4,4,1,1,2,2,0
402,7,4,9,5,4,4,1,0,2,2,0
403,6,7,5,0,11,1,0,1,2,2,0
404,7,4,11,5,1,1,1,0,0,2,0
405,5,4,11,4,3,2,1,1,2,2,0
406,18,4,13,6,14,0,1,1,3,2,0
407,4,4,5,4,3,1,1,1,2,2,0
408,3,4,7,4,4,3,1,0,0,2,0
409,6,2,8,2,12,0,1,1,2,2,1
410,5,0,9,4,0,1,1,1,1,2,0
411,5,4,7,4,4,1,1,1,2,2,0
412,8,4,9,0,1,1,1,0,2,2,0
413,3,4,15,4,12,4,1,0,2,2,0
414,12,4,11,2,12,0,1,1,1,2,0
415,4,4,1,4,8,2,1,0,2,2,0
416,6,4,12,2,10,0,1,1,3,2,1
417,8,4,11,5,1,1,1,0,4,2,0
418,4,0,9,2,0,0,1,1,0,2,1
419,5,0,1,2,0,0,1,1,1,2,0
420,12,4,9,2,10,0,1,1,2,2,0
421,6,4,12,4,10,1,1,0,2,2,0
422,6,4,14,2,10,0,1,1,3,2,0
423,9,4,12,2,10,0,1,1,2,2,0
424,8,4,11,0,3,1,1,1,2,2,0
425,12,7,15,0,10,1,1,1,1,2,0
426,8,4,9,2,4,0,1,1,2,2,0
427,9,6,7,0,12,4,1,0,2,2,0
428,5,4,7,4,1,1,1,0,2,2,0
429,9,0,11,2,0,0,1,1,2,2,1
430,6,4,5,4,3,2,1,1,2,2,1
431,3,4,15,4,12,3,1,1,2,2,0
432,9,5,9,0,0,1,0,0,1,2,0
433,6,4,0,4,8,1,0,1,2,0,1
434,5,4,9,4,13,1,1,1,2,2,0
435,7,4,11,6,8,1,1,0,2,2,0
436,8,4,9,2,4,0,1,1,1,2,0
437,7,4,10,0,7,1,0,1,2,2,0
438,5,4,1,4,12,3,1,1,2,2,1
439,8,4,11,2,7,0,1,1,2,0,0
440,7,4,14,4,3,1,1,1,2,2,0
441,11,0,15,2,6,0,1,1,3,2,1
442,4,4,14,4,3,3,1,1,2,2,0
443,8,6,15,5,12,2,1,1,2,2,0
444,8,4,7,5,4,4,1,1,1,2,0
445,6,4,0,2,8,0,1,1,2,1,1
446,10,4,9,2,8,0,0,1,0,2,1
447,9,4,11,0,8,4,1,0,1,0,0
448,6,4,9,4,6,1,1,1,1,2,0
449,8,2,12,0,10,4,1,1,2,0,0
450,9,4,5,2,3,0,1,1,2,2,0
451,11,4,7,2,12,0,1,1,2,2,0
452,6,4,14,3,1,5,1,0,2,2,0
453,13,4,15,0,13,1,1,0,2,2,0
454,6,6,11,2,12,0,1,1,3,3,1
455,8,4,1,2,3,0,1,1,2,2,1
456,12,4,14,2,14,0,1,1,3,2,0
457,7,2,15,0,8,1,1,0,1,2,0
458,8,4,0,0,7,1,1,0,2,2,0
459,10,2,6,2,5,0,1,1,2,2,0
460,7,4,5,4,3,1,1,1,1,2,0
461,5,6,11,4,3,3,1,1,2,2,0
462,12,4,12,2,10,0,1,1,2,2,0
463,9,4,15,0,8,1,1,1,2,2,0
464,10,1,0,4,3,1,1,1,2,2,0
465,7,8,11,2,8,0,1,1,2,2,1
466,9,7,1,2,8,0,1,1,2,2,0
467,6,4,9,4,1,3,1,0,1,2,0
468,8,4,8,4,12,2,1,0,1,2,0
469,3,4,11,4,12,3,0,1,2,2,0
470,7,4,9,0,4,4,0,0,2,2,0
471,4,4,15,6,8,4,1,0,2,2,0
472,11,4,9,4,10,1,1,0,2,2,0
473,7,4,9,4,12,3,1,1,3,2,0
474,8,4,11,0,12,1,1,1,2,2,1
475,6,4,9,0,4,4,1,0,2,2,0
476,4,6,11,4,3,4,1,1,2,2,0
477,6,4,5,2,6,0,1,1,1,2,1
478,4,6,12,4,10,4,1,0,1,2,0
479,7,4,15,2,3,0,1,1,1,2,1
480,10,4,9,2,10,0,1,1,2,2,1
481,9,4,11,2,1,0,1,1,2,2,1
482,5,4,9,2,6,5,1,0,3,2,0
483,12,6,12,0,4,1,1,1,2,2,0
484,8,6,11,4,12,1,1,1,3,2,0
485,7,4,11,2,12,5,1,0,4,2,1
486,5,4,1,4,7,1,1,1,4,2,0
487,7,4,15,4,1,3,0,0,2,2,0
488,6,4,11,4,1,1,1,0,2,2,0
489,8,0,15,0,0,1,1,1,0,2,0
490,10,4,14,2,10,0,1,1,2,2,0
491,8,4,11,2,12,5,1,0,4,2,0
492,9,4,9,0,8,2,0,0,1,2,0
493,4,2,8,5,12,4,1,1,2,2,0
494,7,4,15,5,8,4,1,0,1,0,0
495,10,4,14,2,14,0,1,1,1,2,0
496,8,4,15,0,4,1,1,1,2,2,0
497,10,4,11,2,8,0,1,1,1,2,0
498,10,4,11,2,3,0,1,1,2,2,1
499,13,2,11,2,6,0,0,1,2,2,0
500,9,2,14,0,10,4,1,0,2,2,0
501,7,6,11,2,5,0,1,1,3,2,1
502,10,4,13,2,8,0,1,1,2,2,0
503,6,6,9,2,4,0,0,1,2,2,0
504,5,5,11,2,4,0,1,1,2,2,1
505,5,4,12,2,6,0,0,1,3,2,1
506,8,4,15,2,12,5,1,0,1,0,0
507,12,4,9,0,8,4,1,0,1,2,0
508,5,7,11,4,10,1,1,1,2,2,0
509,7,4,15,4,12,1,1,1,3,2,0
510,6,4,11,4,3,3,1,1,2,2,0
511,9,6,11,0,12,4,1,1,1,2,0
512,7,4,15,2,8,0,0,1,2,2,0
513,4,4,15,4,1,1,1,0,1,2,0
514,10,1,11,0,10,1,1,0,2,2,0
515,9,4,8,2,4,0,1,1,2,2,0
516,7,4,9,2,11,0,1,1,2,2,0
517,11,4,7,2,12,5,1,0,1,2,0
518,8,4,12,2,10,0,1,1,2,2,0
519,8,4,1,2,8,1,0,0,2,2,0
520,6,4,15,4,7,3,1,0,2,2,0
521,6,8,9,2,13,0,1,1,2,2,1
522,9,4,11,0,7,1,1,0,2,2,0
523,4,8,8,4,13,1,0,0,1,2,0
524,17,4,9,0,10,1,0,0,1,2,0
525,8,5,10,2,0,0,1,1,2,2,1
526,6,4,11,0,8,1,1,1,2,2,0
527,4,4,9,0,10,4,1,0,2,2,0
528,8,6,8,2,3,0,1,1,2,2,1
529,8,4,15,0,12,1,1,1,2,2,0
530,8,4,11,2,3,0,1,1,2,2,0
531,7,6,7,5,4,1,1,1,2,2,0
532,12,4,15,2,1,0,1,1,2,2,1
533,8,4,11,0,12,1,1,1,2,2,0
534,9,4,9,2,6,0,0,1,3,2,0
535,7,4,1,2,8,0,1,1,2,2,1
536,6,4,11,0,14,1,1,1,3,0,0
537,3,4,15,4,8,4,0,0,1,2,0
538,5,6,11,4,13,3,1,0,2,2,1
539,6,2,15,4,6,3,1,1,2,2,0
540,10,4,15,2,8,0,0,1,0,2,1
541,12,4,9,2,12,5,0,0,4,2,1
542,10,4,15,2,14,0,1,1,1,2,0
543,4,4,11,4,5,1,1,1,3,2,0
544,6,4,15,4,3,1,1,0,2,0,0
545,6,5,9,4,10,1,1,1,2,1,0
546,6,5,12,2,4,0,1,1,2,2,0
547,10,5,15,0,4,4,1,0,2,2,0
548,6,4,15,3,12,1,1,0,1,2,1
549,5,4,15,2,3,0,1,1,2,2,1
550,8,4,15,2,10,0,0,1,1,0,1
551,6,4,9,2,4,0,1,1,1,2,1
552,5,2,0,4,9,1,1,0,2,2,1
553,6,2,11,4,3,2,1,1,2,2,0
554,10,4,11,2,12,0,1,1,2,2,0
555,10,4,8,6,4,3,1,1,3,2,0
556,7,7,11,2,1,5,1,0,2,2,0
557,3,4,11,4,1,4,1,1,2,2,0
558,11,6,9,4,4,1,1,0,2,2,0
559,11,4,9,2,11,0,0,1,2,2,0
560,3,4,11,4,4,1,1,1,2,2,0
561,6,4,15,2,8,0,1,1,1,2,1
562,11,4,9,2,8,0,1,1,2,2,1
563,6,6,9,0,13,4,1,0,1,2,0
564,3,6,15,4,8,1,1,0,2,2,1
565,17,0,9,0,0,4,1,0,0,2,0
566,8,0,11,2,0,0,1,1,1,2,0
567,4,4,15,4,7,3,1,0,2,2,0
568,10,4,2,2,6,0,1,1,1,2,1
569,6,4,13,2,8,0,1,1,2,2,1
570,5,4,11,2,4,0,1,1,2,2,0
571,4,4,11,4,1,3,1,0,2,2,0
572,11,4,12,0,10,4,1,1,2,2,0
573,4,4,11,4,8,1,1,1,2,2,0
574,11,4,13,2,8,5,1,0,2,2,0
575,11,4,11,2,14,0,1,1,2,2,0
576,14,4,9,0,10,4,1,0,1,2,0
577,8,2,7,2,12,0,1,1,2,2,0
578,5,4,15,4,7,1,1,1,2,3,0
579,7,7,5,2,11,0,1,1,2,2,1
580,5,4,15,4,4,3,1,1,2,2,0
581,9,4,0,2,3,0,1,1,2,0,0
582,8,1,12,4,10,1,1,0,2,2,0
583,4,4,15,4,1,3,0,0,1,2,0
584,16,4,11,6,6,1,1,1,1,2,0
585,8,4,12,2,6,0,1,1,2,2,1
586,7,4,11,2,12,0,1,1,2,2,1
587,7,0,9,2,4,5,0,0,2,2,0
588,3,4,11,4,7,3,1,0,2,0,0
589,9,4,1,2,7,2,1,1,2,2,1
590,10,7,12,2,9,0,0,1,2,2,1
591,7,5,15,2,4,0,1,1,3,2,0
592,9,3,15,0,13,4,1,0,2,2,0
593,4,4,9,4,12,3,1,0,2,2,0
594,9,4,9,0,1,4,0,0,2,2,0
595,10,6,15,0,4,1,1,0,2,2,0
596,4,4,11,4,14,1,1,1,2,2,0
597,9,4,1,2,8,0,1,1,0,0,0
598,11,6,9,2,13,0,0,1,2,2,1
599,5,4,0,4,6,1,0,1,2,2,0
600,4,4,11,2,7,0,0,1,4,2,1
601,9,1,8,5,3,1,1,1,2,2,0
602,8,4,9,4,8,3,1,1,2,0,0
603,9,4,9,2,6,0,1,1,3,2,0
604,5,6,6,4,5,3,1,1,2,2,0
605,3,4,11,4,3,3,1,1,2,3,0
606,9,5,15,0,1,3,1,0,1,2,0
607,8,4,15,0,5,4,1,1,1,2,0
608,8,4,15,4,1,3,1,0,2,0,0
609,8,2,11,0,1,1,1,0,0,2,0
610,10,7,11,2,1,0,1,1,1,2,0
611,10,4,15,2,1,0,0,1,2,2,0
612,13,0,9,2,0,0,1,1,0,2,0
613,9,4,9,2,4,0,1,1,2,2,1
614,8,4,0,2,3,0,1,1,1,2,0
615,8,4,11,5,8,4,1,0,0,0,0
616,6,4,9,0,1,4,1,0,2,2,0
617,9,4,9,2,1,2,1,0,2,2,0
618,9,4,11,4,8,1,1,0,2,2,0
619,12,4,15,4,12,2,1,1,1,2,0
620,6,4,15,0,12,1,1,0,2,2,0
621,7,5,9,4,0,2,1,0,2,2,0
622,7,4,11,2,4,0,1,1,2,2,0
623,3,4,11,4,8,3,1,0,0,2,0
624,5,4,11,4,3,1,1,1,2,2,0
625,6,4,9,2,8,0,1,1,0,2,0
626,5,1,11,2,3,0,1,1,1,2,0
627,5,4,11,2,3,0,1,1,2,2,0
628,4,4,11,4,8,1,1,0,2,2,0
629,5,4,11,4,14,4,1,1,2,2,0
630,9,4,11,2,7,0,1,1,2,2,1
631,7,4,12,4,12,1,1,0,2,2,0
632,6,4,9,4,8,1,1,0,2,2,0
633,6,0,11,2,0,0,1,1,0,2,0
634,4,4,15,4,1,1,1,0,1,2,0
635,7,4,7,2,12,0,1,1,1,2,1
636,5,4,15,2,8,5,0,0,1,2,0
637,4,4,13,4,8,3,1,1,1,2,0
638,8,4,15,2,1,5,1,0,1,2,1
639,4,4,11,4,1,3,1,0,2,2,0
640,5,4,15,2,4,0,1,1,3,2,1
641,4,6,11,4,3,1,1,1,2,2,0
642,6,4,15,4,3,1,1,1,2,2,0
643,11,2,11,2,11,0,0,1,2,2,1
644,7,4,11,6,3,4,1,1,2,1,0
645,10,4,8,0,12,4,1,1,4,2,0
646,10,8,9,2,13,0,1,1,2,2,1
647,6,4,11,2,1,0,1,1,1,2,1
648,7,4,15,2,6,0,1,1,3,2,1
649,5,4,9,2,12,0,0,1,2,2,1
650,7,4,15,2,12,0,1,1,2,2,0
651,5,4,11,4,8,3,1,1,2,2,0
652,5,4,9,2,10,0,1,1,2,2,0
653,5,4,11,4,1,3,1,0,2,2,0
654,4,4,15,2,12,0,1,1,1,2,0
655,7,2,12,2,2,0,0,1,1,2,0
656,5,4,15,4,8,4,1,0,0,2,1
657,3,4,11,4,12,1,1,0,3,2,0
658,7,4,11,2,3,0,1,1,2,2,1
659,6,4,9,0,10,4,1,0,0,2,1
660,5,4,11,4,1,1,1,0,2,2,0
661,11,6,15,6,1,4,1,0,1,2,0
662,4,3,15,0,8,1,1,0,2,2,0
663,6,4,13,4,6,1,0,1,3,2,0
664,7,4,15,2,12,0,1,1,1,2,0
665,8,4,11,0,3,4,1,1,2,2,0
666,7,4,14,2,3,0,1,1,2,2,0
667,4,4,9,2,4,0,1,1,2,2,0
668,9,4,15,0,1,3,1,0,2,2,0
669,7,5,11,2,3,0,1,1,2,2,0
670,8,4,9,5,1,4,1,0,2,2,0
671,10,4,11,2,3,0,1,1,2,2,1
672,10,4,11,2,4,0,1,1,2,2,0
673,9,4,15,0,7,1,1,1,2,2,0
674,6,5,11,4,4,3,1,0,2,4,0
675,7,4,11,4,6,1,1,1,2,2,0
676,5,1,11,2,7,0,1,1,2,2,1
677,4,1,11,4,3,1,1,1,2,2,0
678,7,4,0,2,7,0,1,1,2,2,0
679,11,5,9,2,4,0,1,1,2,2,1
680,9,0,11,4,0,1,1,0,0,2,0
681,12,4,11,5,1,4,1,0,2,2,0
682,10,6,15,2,5,0,1,1,2,2,0
683,3,4,9,4,10,1,1,1,2,2,0
684,4,6,11,2,3,0,1,1,2,2,0
685,5,4,14,2,14,0,1,1,2,2,1
686,5,4,15,2,1,5,0,0,0,2,1
687,5,4,12,2,10,5,1,0,2,2,0
688,8,4,11,2,14,0,1,1,1,2,0
689,18,4,15,0,8,4,1,0,1,2,0
690,8,5,11,0,4,1,0,0,2,2,0
691,4,4,15,4,4,3,1,1,2,2,0
692,10,6,15,2,4,0,1,1,2,2,0
693,9,4,2,2,6,0,1,1,2,2,0
694,7,5,12,2,10,0,1,1,2,2,1
695,4,4,11,4,3,1,1,0,2,2,0
696,9,4,15,0,12,1,1,0,2,2,0
697,7,4,1,2,3,0,1,1,2,2,1
698,13,2,15,2,1,0,1,1,2,2,1
699,9,1,15,2,1,5,0,0,2,0,1
700,8,4,5,0,3,3,1,1,1,2,0
701,7,4,12,2,10,0,1,1,2,0,0
702,3,4,11,4,3,1,1,1,1,2,0
703,7,7,11,4,11,3,1,1,2,2,0
704,11,4,15,2,12,0,1,1,1,2,0
705,12,2,15,0,6,1,1,1,3,2,0
706,5,4,11,0,12,4,1,1,2,2,0
707,5,4,15,4,3,2,1,1,2,2,0
708,7,0,9,2,0,5,1,0,2,2,0
709,7,4,9,2,4,0,1,1,2,2,1
710,12,1,7,0,1,1,1,0,2,2,1
711,6,7,8,4,4,1,1,1,2,2,0
712,7,4,15,0,8,1,1,0,2,2,1
713,9,4,9,2,11,0,0,1,2,2,0
714,9,0,15,0,0,4,1,0,1,2,0
715,18,0,9,2,0,0,0,1,0,2,0
716,11,4,11,2,4,0,1,1,2,2,1
717,6,7,5,2,2,0,0,1,2,2,1
718,5,4,9,4,8,1,0,0,2,2,0
719,7,6,15,2,12,0,1,1,2,2,1
720,3,6,11,4,13,1,1,0,2,2,0
721,6,4,11,2,14,0,1,1,2,2,0
722,5,4,11,2,14,0,1,1,2,2,0
723,8,4,11,2,4,0,1,1,1,2,0
724,16,4,8,2,4,0,1,1,2,2,0
725,4,4,15,6,6,3,0,0,1,2,0
726,10,2,9,2,11,0,1,1,2,2,0
727,7,4,2,2,8,5,1,0,2,2,1
728,10,2,9,2,4,0,1,1,2,2,1
729,12,0,15,2,6,0,0,1,3,2,0
730,6,6,9,2,10,0,1,1,2,2,1
731,9,4,9,2,7,5,1,0,2,2,1
732,9,4,11,2,8,0,1,1,2,2,0
733,3,4,15,4,1,3,1,1,2,2,0
734,11,7,15,6,1,1,1,0,2,2,0
735,7,4,11,0,8,4,1,0,2,2,0
736,6,4,15,2,7,0,1,1,2,2,0
737,6,4,11,2,8,0,1,1,2,2,0
738,6,6,9,4,10,4,1,0,0,2,1
739,8,0,11,2,0,5,1,0,0,2,1
740,5,4,15,4,7,1,1,0,2,2,1
741,6,4,14,1,10,4,1,0,3,2,0
742,4,4,5,4,3,4,1,1,3,2,0
743,13,4,11,0,7,1,1,1,2,2,0
744,11,4,7,2,12,0,1,1,2,2,1
745,11,4,15,2,1,0,1,1,2,2,1
746,6,2,12,4,10,3,1,0,2,2,0
747,3,4,7,4,12,1,1,0,2,3,0
748,7,4,6,2,10,0,1,1,1,2,0
749,15,4,0,6,7,4,1,0,2,2,0
750,4,4,9,4,1,3,0,1,2,2,0
751,7,7,11,2,10,0,1,1,2,2,1
752,9,7,11,0,1,4,0,0,1,2,0
753,5,4,0,4,13,3,1,0,1,2,1
754,5,4,15,2,13,5,1,0,2,2,0
755,8,2,14,2,10,2,1,1,1,2,0
756,3,0,11,4,0,3,1,1,2,2,0
757,9,6,8,4,3,3,1,1,2,2,1
758,6,4,9,4,13,3,1,1,0,2,0
759,3,4,15,4,12,3,0,0,1,2,0
760,7,4,0,2,8,4,0,1,1,2,1
761,4,7,15,4,1,1,1,0,2,2,0
762,10,4,15,2,8,0,0,1,0,2,0
763,12,4,15,2,12,0,1,1,2,2,0
764,4,4,11,4,7,1,1,1,2,2,0
765,4,4,9,4,10,4,1,0,3,2,0
766,4,7,15,4,1,1,1,0,2,2,0
767,7,4,9,2,13,2,1,0,2,2,1
768,13,4,11,2,1,0,1,1,2,2,0
769,10,7,15,2,12,0,0,1,2,2,0
770,5,4,11,4,13,3,1,1,2,2,0
771,9,4,11,2,14,0,0,1,3,2,0
772,5,1,9,2,4,0,1,1,2,2,1
773,7,6,11,0,12,1,1,0,2,1,0
774,10,4,15,0,6,1,1,1,2,2,0
775,5,4,15,4,1,3,0,0,2,2,0
776,9,4,9,0,13,1,1,0,0,2,0
777,3,7,11,4,8,3,1,0,2,2,0
778,8,6,11,2,3,0,1,1,2,2,0
779,8,6,12,2,4,0,1,1,2,2,0
780,8,4,11,2,12,5,1,0,2,2,0
781,8,2,9,0,10,4,1,1,2,2,0
782,8,4,15,0,1,4,1,1,2,2,0
783,3,4,4,4,8,3,1,0,2,2,0
784,6,2,15,2,10,0,1,1,2,0,0
785,9,4,11,2,4,0,1,1,2,2,0
786,4,6,0,4,3,1,0,1,2,2,0
787,11,4,15,2,8,0,1,1,1,2,1
788,6,4,15,4,1,4,1,0,2,2,0
789,9,4,11,2,1,5,1,0,1,2,0
790,6,4,11,1,12,4,1,0,2,0,0
791,8,4,9,3,1,1,1,1,2,2,1
792,9,4,11,2,6,0,1,1,2,0,1
793,6,4,11,2,1,0,1,1,0,2,0
794,4,4,9,4,4,1,0,1,4,2,0
795,3,4,11,4,13,3,1,0,2,2,0
796,5,4,15,4,1,4,0,0,1,2,0
797,4,4,11,4,1,3,1,0,2,2,0
798,12,4,11,2,12,0,1,1,2,2,0
799,4,4,15,4,7,1,1,1,2,2,0
800,4,4,11,4,1,3,1,1,2,2,0
801,7,4,11,2,6,0,1,1,2,2,0
802,9,4,11,2,14,0,1,1,2,2,1
803,11,6,7,2,4,0,1,1,4,2,1
804,16,4,11,0,1,3,1,0,1,2,1
805,5,4,9,2,4,0,1,1,2,2,1
806,9,2,9,4,4,1,1,1,2,0,0
807,13,4,15,2,12,0,1,1,2,2,0
808,7,2,14,4,10,3,0,1,2,0,0
809,6,4,11,2,1,0,1,1,2,2,1
810,6,4,15,2,1,2,1,0,2,2,1
811,6,6,11,0,3,4,1,1,1,2,0
812,7,6,11,4,8,3,1,0,2,2,0
813,11,4,11,2,6,0,0,1,2,2,1
814,4,2,9,4,10,1,1,1,2,2,0
815,8,4,0,0,7,4,1,0,2,2,0
816,7,4,11,2,10,0,1,1,2,2,0
817,4,6,5,2,10,0,1,1,2,2,1
818,6,4,1,2,8,0,1,1,2,2,1
819,10,4,15,2,12,0,1,1,1,2,0
820,6,6,8,4,3,3,1,1,2,2,0
821,12,6,1,2,3,0,1,1,2,2,0
822,10,2,11,2,11,0,0,1,2,2,0
823,8,4,9,2,4,0,1,1,2,2,0
824,8,4,8,2,3,0,1,1,2,2,0
825,9,4,11,2,4,0,1,1,4,2,0
826,9,4,2,2,6,0,1,1,1,2,0
827,5,4,11,2,3,0,1,1,2,2,1
828,6,2,15,0,1,1,1,0,1,2,0
829,6,4,11,2,8,0,1,1,2,2,1
830,6,4,9,4,12,1,1,0,3,2,0
831,8,4,11,4,1,1,1,0,2,2,0
832,10,4,0,2,6,0,1,1,3,2,0
833,8,4,15,2,12,0,0,1,4,2,0
834,9,2,15,5,10,2,1,1,2,2,0
835,9,4,11,2,1,0,1,1,2,2,0
836,7,4,9,4,13,1,1,1,2,2,0
837,5,2,11,2,11,0,0,1,2,2,0
838,4,4,8,4,7,1,1,1,2,2,0
839,11,6,15,3,12,5,1,0,2,2,1
840,10,6,9,6,4,1,1,0,3,2,0
841,5,4,15,4,7,3,0,1,2,4,0
842,6,4,9,2,10,0,1,1,2,2,0
843,4,5,12,4,4,1,1,0,2,2,0
844,12,7,8,0,11,4,0,0,1,2,0
845,12,4,15,0,10,1,1,0,2,2,0
846,10,4,11,0,1,4,1,0,2,2,0
847,10,4,15,2,6,0,1,1,3,2,0
848,8,5,0,0,7,4,1,0,2,2,1
849,3,4,8,4,10,1,1,0,1,2,0
850,4,4,11,4,1,1,1,1,2,2,0
851,13,4,0,2,3,0,1,1,2,2,0
852,8,6,15,2,4,0,1,1,4,2,1
853,7,4,11,2,13,0,1,1,1,1,1
854,8,0,15,2,0,0,1,1,1,2,1
855,8,4,11,2,1,0,1,1,1,2,0
856,5,2,9,2,11,0,1,1,2,2,0
857,12,4,11,2,12,0,1,1,2,2,0
858,7,7,14,0,10,4,0,0,1,2,0
859,9,4,12,0,4,1,1,0,4,2,0
860,7,4,12,4,1,3,1,0,2,3,0
861,17,4,15,0,1,4,1,0,2,2,0
862,11,4,9,2,10,0,1,1,2,2,0
863,4,0,9,4,6,1,0,1,2,2,0
864,10,4,9,2,1,0,0,1,4,2,1
865,6,4,9,4,13,1,1,1,2,2,0
866,4,4,15,4,12,1,1,0,2,2,0
867,4,4,15,4,4,3,1,0,2,2,0
868,9,4,7,2,4,0,1,1,3,2,0
869,8,4,7,5,12,4,1,0,2,2,0
870,5,4,11,4,1,1,0,0,1,2,0
871,7,4,13,2,14,0,1,1,2,2,0
872,5,4,15,4,12,4,1,0,2,1,0
873,3,2,14,4,10,1,1,1,2,2,0
874,10,2,9,2,10,0,1,1,1,2,0
875,11,4,11,2,14,0,1,1,1,2,0
876,6,4,15,0,1,1,1,0,2,2,0
877,8,1,11,4,3,1,1,1,2,2,0
878,12,4,5,0,1,1,1,1,2,2,0
879,6,4,9,2,10,0,1,1,2,2,0
880,11,4,11,2,7,0,1,1,0,2,0
881,13,4,14,2,1,5,1,0,2,2,0
882,4,4,9,4,4,3,1,1,2,2,0
883,6,7,9,2,11,0,0,1,2,2,0
884,8,4,9,2,11,0,0,1,1,2,0
885,5,4,11,2,12,0,1,1,2,2,1
886,9,4,11,2,6,0,1,1,2,2,0
887,10,2,12,2,4,0,1,1,2,4,0
888,7,4,15,2,4,0,1,1,2,1,0
889,5,1,1,2,3,0,1,1,2,2,0
890,11,4,11,2,4,0,1,1,2,2,0
891,4,4,9,4,13,3,1,0,2,2,0
892,8,4,9,0,10,4,1,0,2,2,1
893,8,4,14,2,1,0,0,1,2,2,0
894,11,4,9,2,1,0,1,1,1,2,0
895,7,2,15,2,1,5,0,0,2,2,0
896,8,4,15,4,12,3,1,0,2,2,0
897,4,1,15,4,1,3,1,1,2,2,0
898,8,4,0,2,8,0,1,1,2,2,0
899,9,7,7,2,10,0,1,1,0,2,1
900,8,4,15,4,3,3,1,1,2,2,0
901,10,4,15,2,3,0,1,1,2,2,1
902,7,4,11,2,12,0,1,1,2,0,1
903,4,4,15,6,4,3,1,1,4,2,0
904,3,4,11,4,8,1,1,1,2,2,0
905,10,2,15,2,1,0,1,1,1,2,1
906,13,7,12,2,10,5,1,0,2,2,0
907,8,4,11,0,1,1,1,0,2,2,0
908,9,8,8,2,13,0,1,1,2,0,0
909,5,4,9,2,10,0,1,1,2,2,1
910,5,4,8,2,1,5,1,0,2,2,1
911,11,4,11,2,4,0,1,1,2,2,1
912,3,4,15,4,12,2,1,0,2,2,0
913,6,4,8,4,10,3,1,1,2,2,0
914,6,4,15,4,8,4,1,0,2,2,0
915,5,4,8,0,4,4,0,1,2,2,0
916,12,4,0,2,7,0,1,1,3,2,1
917,5,4,15,2,4,0,1,1,2,2,0
918,7,5,15,4,4,1,1,0,2,2,0
919,11,4,15,3,10,0,1,1,1,2,0
920,7,4,11,4,3,3,1,1,2,2,0
921,4,2,7,4,1,1,1,0,2,2,0
922,11,4,15,2,6,0,0,1,2,2,1
923,13,2,9,0,1,4,1,0,2,2,0
924,8,4,7,2,4,0,1,1,2,2,1
925,5,1,9,2,10,0,1,1,2,2,1
926,4,7,14,4,10,3,1,1,2,2,0
927,10,7,12,2,10,0,1,1,2,2,1
928,11,1,11,2,3,0,1,1,1,2,0
929,5,4,11,2,1,0,0,1,2,2,1
930,5,4,9,2,10,0,1,1,1,2,1
931,8,4,1,0,7,1,1,1,3,2,0
932,5,4,9,2,4,0,1,1,2,2,0
933,4,8,9,4,13,1,1,1,2,2,0
934,8,5,15,2,4,0,1,1,3,2,1
935,6,5,11,2,4,0,0,1,2,0,0
936,7,4,9,0,1,4,0,0,2,2,0
937,6,4,15,6,3,1,1,1,2,2,1
938,11,4,9,6,10,1,1,1,2,2,0
939,8,4,11,5,7,4,1,0,2,2,0
940,10,4,0,2,7,0,0,1,2,2,1
941,13,4,11,2,7,0,1,1,2,2,1
942,7,7,5,4,11,3,1,1,2,2,0
943,3,4,15,4,8,4,1,0,2,2,0
944,10,4,9,2,4,0,1,1,2,2,0
945,9,4,15,0,1,1,1,0,2,2,1
946,6,5,15,2,3,0,1,1,2,2,1
947,7,5,12,4,4,1,1,1,2,2,0
948,6,4,9,4,1,1,1,0,2,2,0
949,11,4,7,2,4,0,1,1,2,2,0
950,6,4,9,4,13,3,1,1,1,2,0
951,12,7,15,2,10,0,1,1,2,2,0
952,4,4,0,4,7,1,1,1,2,2,0
953,10,4,1,2,14,1,1,1,2,2,0
954,11,4,15,2,12,0,1,1,0,2,0
955,12,4,7,2,12,0,0,1,2,2,1
956,6,4,0,2,6,0,0,1,3,2,0
957,3,2,8,4,11,1,1,1,2,2,0
958,8,0,1,6,0,4,1,0,0,2,0
959,12,4,11,2,14,0,1,1,3,2,0
960,7,4,12,0,10,1,1,1,1,2,0
961,6,4,11,4,6,4,1,1,2,2,0
962,7,4,0,5,7,0,1,1,2,2,0
963,11,6,12,2,4,0,1,1,2,2,0
964,7,4,11,2,7,0,0,1,2,2,1
965,9,4,8,4,3,3,1,1,2,2,0
966,8,5,11,4,0,2,0,0,2,0,0
967,8,4,9,2,11,0,1,1,1,2,0
968,10,4,15,2,10,0,1,1,2,2,0
969,8,4,15,0,4,4,1,0,2,0,0
970,6,4,11,2,3,0,1,1,2,2,1
971,4,4,14,4,3,1,1,1,2,2,0
972,9,4,9,2,10,0,1,1,2,2,1
973,9,7,15,0,10,4,1,0,2,2,1
974,5,4,12,2,4,0,0,1,3,2,0
975,10,2,9,2,11,0,0,1,2,2,1
976,4,4,11,4,4,3,1,1,2,2,0
977,7,4,11,2,8,0,1,1,2,2,0
978,9,1,8,2,4,0,1,1,2,2,0
979,9,4,15,2,4,0,1,1,2,2,0
980,12,4,11,2,7,0,0,1,2,2,0
981,18,6,11,2,13,0,1,1,2,2,1
982,3,4,7,4,12,3,1,1,3,2,0
983,9,0,15,4,0,1,1,0,1,2,0
984,6,4,15,2,11,0,1,1,2,3,0
985,6,4,11,0,12,4,1,1,2,2,0
986,7,4,12,4,1,3,1,0,2,2,0
987,8,4,1,4,8,1,1,0,2,2,0
988,9,4,9,4,4,1,1,1,2,2,0
989,6,4,15,2,12,0,1,1,2,2,0
990,10,4,6,2,8,0,1,1,2,2,0
991,6,4,1,0,8,4,1,0,1,2,0
992,11,4,15,2,7,0,1,1,2,2,0
993,5,4,9,4,1,3,1,0,2,2,0
994,4,0,11,2,0,0,0,1,0,2,0
995,4,6,8,4,3,3,1,1,2,2,0
996,4,4,11,4,12,1,1,1,1,2,0
997,11,1,15,1,12,4,1,0,2,2,0
998,6,4,11,4,3,3,1,1,2,2,0
999,5,2,11,4,6,3,1,1,3,2,0
1000,10,4,11,2,3,0,1,1,1,2,0
1001,12,4,11,2,8,0,1,1,2,2,0
1002,6,4,11,2,6,0,1,1,2,2,1
1003,10,1,11,2,7,0,0,1,2,2,1
1004,8,6,12,0,4,1,1,1,2,2,0
1005,6,4,11,0,1,1,1,0,1,2,0
1006,8,4,15,2,12,5,1,0,3,2,0
1007,5,4,11,2,14,0,0,1,3,2,0
1008,6,4,11,4,1,1,1,1,2,2,0
1009,7,4,11,4,1,3,1,0,2,2,0
1010,13,4,12,0,5,1,1,1,2,2,1
1011,7,4,9,2,12,0,1,1,2,2,1
1012,12,4,9,4,10,3,1,1,2,2,0
1013,6,4,11,2,4,0,1,1,2,2,0
1014,5,6,15,4,3,1,1,1,2,2,0
1015,7,4,11,2,11,0,0,1,2,2,1
1016,7,4,15,4,12,3,1,1,3,2,0
1017,4,4,11,4,1,3,1,0,1,2,0
1018,7,4,15,0,10,4,1,0,2,2,0
1019,5,4,8,4,14,3,1,1,2,2,0
1020,7,6,11,2,4,0,1,1,1,2,1
1021,6,0,11,4,0,3,1,1,2,2,0
1022,5,4,9,4,13,3,0,0,2,2,0
1023,8,4,11,0,3,4,0,1,2,2,0
1024,9,4,11,5,8,4,1,0,2,2,0
1025,8,4,13,2,13,5,1,0,2,2,0
1026,4,4,6,6,5,1,1,1,3,2,0
1027,10,4,11,0,7,2,1,1,2,2,0
1028,4,4,11,0,6,1,1,1,1,2,0
1029,4,6,11,6,3,4,1,0,2,2,0
1030,7,4,8,4,3,3,1,1,0,2,0
1031,9,4,11,0,14,1,1,1,1,2,0
1032,8,4,15,2,6,0,1,1,2,2,0
1033,4,4,9,4,10,4,1,0,1,2,0
1034,5,4,11,4,1,4,0,0,2,2,0
1035,11,4,11,2,3,0,0,1,3,2,0
1036,11,4,11,2,6,0,1,1,2,2,0
1037,9,0,9,2,4,0,1,1,2,2,1
1038,9,4,12,2,10,5,1,0,2,2,0
1039,6,4,15,4,3,4,1,1,2,1,0
1040,5,4,1,2,3,0,0,1,2,2,0
1041,6,1,15,4,10,3,1,1,2,3,0
1042,6,4,7,4,12,1,1,0,2,2,0
1043,9,2,11,2,10,0,1,1,2,2,1
1044,8,4,14,4,14,2,1,1,3,2,0
1045,5,4,11,4,12,1,1,0,2,2,0
1046,3,4,12,4,4,1,1,1,2,2,0
1047,8,4,0,5,3,4,1,1,2,2,0
1048,11,4,14,2,3,0,1,1,2,2,0
1049,5,4,1,4,8,3,1,0,1,2,0
1050,9,4,11,2,4,0,1,1,2,2,1
1051,7,4,15,4,10,1,0,0,2,2,0
1052,8,4,9,0,8,1,1,0,1,2,1
1053,6,2,9,2,11,0,1,1,2,2,1
1054,4,4,9,0,10,4,1,0,1,2,1
1055,8,6,11,4,3,1,1,1,2,2,0
1056,17,0,6,0,0,4,1,0,2,2,0
1057,7,4,11,4,1,3,1,1,1,2,0
1058,9,4,11,2,12,0,1,1,1,2,1
1059,8,4,11,4,7,1,1,1,4,2,0
1060,9,6,15,2,3,0,1,1,1,2,1
1061,5,4,15,4,1,4,1,0,2,2,0
1062,9,4,15,2,4,0,1,1,2,2,0
1063,5,2,0,0,9,1,0,0,1,2,0
1064,8,4,9,2,4,0,1,1,2,1,1
1065,11,2,12,2,10,0,1,1,2,2,1
1066,4,4,9,4,12,1,1,1,2,2,0
1067,5,4,11,4,8,3,1,0,2,2,0
1068,5,1,12,2,4,0,1,1,4,2,0
1069,11,4,15,2,14,0,1,1,2,2,0
1070,7,4,11,2,14,0,0,1,2,2,1
1071,3,4,1,4,8,3,1,0,2,2,0
1072,7,4,15,0,13,4,1,0,2,2,0
1073,8,4,9,2,10,0,1,1,3,2,1
1074,5,4,5,2,3,0,1,1,2,2,1
1075,6,4,15,4,8,1,1,0,2,2,0
1076,5,5,11,2,5,0,1,1,1,2,1
1077,3,4,0,4,7,1,1,0,2,0,1
1078,4,4,11,4,8,3,1,0,1,2,0
1079,9,6,9,2,10,0,1,1,2,2,0
1080,4,5,15,4,1,3,1,0,2,2,0
1081,13,4,12,5,10,1,1,1,1,2,0
1082,6,4,0,2,7,0,1,1,2,2,0
1083,6,4,9,0,13,4,1,0,0,2,1
1084,6,4,0,0,3,1,1,1,1,0,0
1085,5,4,9,4,8,1,1,1,1,1,0
1086,4,4,15,4,1,1,1,0,1,2,0
1087,8,7,15,0,1,1,1,0,2,2,0
1088,4,4,8,4,13,1,1,0,0,2,0
1089,9,4,15,2,7,0,1,1,2,2,0
1090,4,4,12,4,4,1,1,0,2,2,0
1091,5,4,11,4,3,1,1,1,2,2,0
1092,4,2,15,4,11,1,0,1,2,2,0
1093,4,4,11,4,8,4,0,0,1,2,0
1094,9,4,6,0,3,1,1,1,2,2,0
1095,8,4,11,4,3,3,1,1,2,2,0
1096,4,4,15,4,1,3,1,0,1,2,0
1097,7,4,9,2,10,5,1,0,2,2,1
1098,4,4,9,4,8,1,0,0,2,2,0
1099,7,4,9,0,1,4,1,0,2,2,0
1100,10,4,11,0,6,4,1,0,3,2,0
1101,9,6,9,4,4,3,1,1,4,2,1
1102,9,7,9,2,10,0,1,1,1,2,1
1103,5,0,7,2,0,0,1,1,0,2,1
1104,7,5,14,2,10,0,1,1,1,2,0
1105,8,4,11,2,4,0,1,1,2,2,1
1106,4,4,7,4,1,3,1,0,2,2,0
1107,8,0,1,2,0,0,1,1,2,2,1
1108,6,0,5,2,0,0,0,1,1,2,0
1109,7,1,12,6,1,1,0,0,1,0,0
1110,8,4,9,2,10,0,1,1,0,2,1
1111,8,4,15,4,1,1,1,0,2,2,0
1112,3,4,11,4,3,3,1,1,2,2,0
1113,7,4,15,2,12,0,1,1,4,2,1
1114,6,4,11,2,3,0,1,1,1,2,0
1115,6,6,11,2,3,0,1,1,1,2,1
1116,8,4,14,2,3,0,1,1,2,2,0
1117,4,4,0,4,14,3,1,0,2,2,0
1118,8,4,5,4,3,1,1,1,2,2,0
1119,3,4,13,4,14,3,1,1,2,2,0
1120,5,4,11,2,3,0,1,1,2,2,1
1121,6,4,12,4,2,4,0,0,2,2,0
1122,9,1,11,2,14,0,1,1,2,2,1
1123,7,4,9,2,12,0,1,1,3,2,0
1124,12,4,11,0,7,4,1,0,2,2,0
1125,5,4,4,4,14,1,1,1,2,2,0
1126,10,4,11,2,8,0,0,1,2,2,0
1127,11,4,15,6,3,3,1,1,2,2,0
1128,10,4,11,2,6,0,1,1,1,2,0
1129,5,4,9,4,4,3,0,1,2,2,0
1130,4,1,11,5,14,0,1,1,2,2,0
1131,5,5,15,2,1,0,0,1,2,2,0
1132,5,4,12,4,10,1,1,1,2,2,0
1133,3,4,0,4,6,1,1,1,2,2,0
1134,8,4,11,2,8,0,1,1,2,2,0
1135,6,4,11,4,8,1,1,0,0,2,0
1136,6,2,9,2,10,5,1,0,2,2,0
1137,8,4,11,2,3,0,1,1,2,2,1
1138,6,4,7,2,4,0,1,1,3,2,0
1139,6,4,12,2,4,0,1,1,2,2,1
1140,5,4,11,4,14,1,1,1,2,2,0
1141,6,7,15,1,4,1,1,1,3,2,0
1142,4,4,15,4,12,1,1,1,2,2,0
1143,6,4,9,4,10,3,1,0,2,2,0
1144,8,4,15,4,3,3,1,1,2,2,0
1145,11,2,9,2,10,0,1,1,2,2,0
1146,4,4,15,4,12,3,0,1,3,2,0
1147,4,4,11,6,8,1,1,1,2,2,0
1148,5,4,15,2,7,0,1,1,2,2,0
1149,10,3,11,0,8,4,1,0,2,2,0
1150,8,4,11,0,7,1,1,1,2,2,0
1151,4,4,5,4,3,1,1,1,3,2,0
1152,8,4,11,4,12,3,1,0,2,2,0
1153,7,4,11,5,3,4,1,0,2,2,0
1154,5,4,11,4,1,2,1,0,2,2,0
1155,5,4,15,4,3,1,0,1,2,2,0
1156,7,4,8,2,3,0,0,1,2,2,0
1157,6,7,9,2,10,0,1,1,2,2,1
1158,5,1,9,2,12,0,1,1,1,2,1
1159,6,4,7,1,1,1,1,0,1,2,0
1160,7,5,11,2,5,0,1,1,2,2,0
1161,8,0,7,0,0,4,1,0,2,2,0
1162,9,1,15,2,1,0,1,1,1,2,0
1163,4,4,9,2,4,5,1,0,2,2,0
1164,8,0,6,2,0,0,1,1,2,2,1
1165,7,4,15,2,8,0,1,1,2,2,0
1166,3,4,15,4,1,1,1,0,1,2,0
1167,4,4,6,4,5,1,1,0,2,2,0
1168,6,6,15,2,12,0,1,1,3,2,1
1169,12,4,11,2,6,0,1,1,2,2,0
1170,3,2,11,4,12,3,1,1,1,2,0
1171,7,6,11,2,4,0,1,1,2,2,1
1172,5,4,11,2,1,5,1,0,0,2,0
1173,7,4,15,2,1,0,0,1,2,2,0
1174,5,2,11,4,3,1,1,1,2,2,0
1175,3,4,15,4,4,2,0,1,2,2,0
1176,5,4,15,2,6,0,1,1,2,2,1
1177,8,4,8,0,12,1,1,0,2,2,0
1178,5,4,11,6,1,3,0,0,2,2,0
1179,4,4,11,4,1,1,1,1,2,1,0
1180,7,4,15,4,3,1,1,1,2,2,0
1181,10,6,12,2,10,0,1,1,2,2,1
1182,8,2,7,4,4,3,1,1,2,2,0
1183,6,4,9,4,1,3,1,0,2,2,0
1184,9,4,7,2,12,0,1,1,2,2,0
1185,7,4,11,2,1,0,1,1,0,2,1
1186,5,0,10,4,0,1,1,1,2,2,0
1187,5,2,11,4,6,3,1,1,3,2,0
1188,6,4,11,2,3,0,1,1,2,2,0
1189,6,6,11,4,8,3,1,1,1,2,0
1190,4,7,11,4,1,4,1,0,1,2,0
1191,7,4,15,2,3,0,1,1,2,2,1
1192,6,4,15,2,1,5,1,0,1,1,0
1193,11,4,11,2,3,0,1,1,2,2,0
1194,7,1,8,2,3,5,1,0,2,0,0
1195,3,4,9,4,12,1,1,0,1,2,0
1196,4,4,15,4,13,3,0,1,2,2,0
1197,5,4,15,4,8,4,1,0,2,1,0
1198,7,4,11,0,6,1,1,1,3,0,0
1199,6,4,12,4,4,3,1,0,2,2,0
1200,3,4,13,4,8,1,1,1,0,4,0
1201,7,7,11,0,8,1,1,0,2,2,0
1202,7,4,15,4,4,4,1,0,3,2,0
1203,8,4,11,0,6,1,1,1,1,2,0
1204,9,4,15,2,3,0,1,1,2,2,0
1205,8,4,14,0,3,1,1,1,2,2,1
1206,11,4,11,2,3,0,0,1,2,2,1
1207,7,4,15,0,6,1,1,1,3,2,0
1208,6,7,15,2,4,0,1,1,2,2,0
1209,8,4,0,2,6,0,0,1,2,0,0
1210,13,5,9,6,4,1,1,0,2,2,0
1211,5,4,9,4,1,3,1,0,2,2,0
1212,5,6,11,4,3,1,1,0,1,2,0
1213,9,4,11,2,6,0,0,1,3,2,0
1214,9,4,9,0,4,1,1,0,2,2,0
1215,5,4,0,4,7,1,1,1,2,2,0
1216,8,6,9,0,12,1,0,0,2,2,1
1217,4,6,9,0,4,2,1,0,2,2,0
1218,5,4,15,4,14,4,1,0,2,2,0
1219,3,0,10,4,0,3,1,1,2,2,0
1220,9,1,11,2,3,0,1,1,2,2,0
1221,5,4,1,4,12,2,1,0,4,2,0
1222,4,4,12,4,1,4,1,0,2,2,0
1223,11,4,12,2,4,0,1,1,2,2,1
1224,4,4,11,4,14,1,1,1,2,2,0
1225,9,4,11,2,3,0,1,1,2,0,1
1226,5,4,9,2,12,0,1,1,2,2,0
1227,5,4,9,4,13,1,1,1,1,2,0
1228,9,4,11,2,6,0,1,1,2,2,0
1229,5,4,11,4,7,3,0,0,2,2,0
1230,3,4,7,4,12,1,1,0,2,2,0
1231,6,4,15,0,4,4,1,0,1,2,0
1232,4,4,12,4,14,3,1,1,2,2,0
1233,7,4,7,2,12,0,1,1,3,2,1
1234,4,4,11,5,1,4,0,0,2,2,0
1235,7,4,11,2,7,0,1,1,2,2,1
1236,6,4,9,2,10,5,1,0,1,2,1
1237,10,4,11,2,4,0,1,1,2,2,0
1238,5,4,4,2,12,0,1,1,2,2,1
1239,9,0,11,2,0,0,1,1,1,2,0
1240,12,7,15,2,8,2,1,0,2,2,0
1241,7,4,12,2,4,0,1,1,2,2,0
1242,5,4,14,2,10,0,0,1,2,2,1
1243,5,4,15,2,1,0,1,1,2,2,0
1244,9,4,11,2,14,0,1,1,2,2,0
1245,10,7,9,2,10,0,1,1,0,2,0
1246,4,6,7,4,4,2,1,1,2,2,0
1247,3,4,15,4,3,1,1,1,2,2,0
1248,12,4,15,6,1,3,1,0,1,2,0
1249,5,4,9,2,10,0,1,1,2,1,1
1250,11,4,15,2,4,0,1,1,2,2,0
1251,3,4,11,4,12,1,1,1,2,2,0
1252,5,4,9,6,8,1,1,0,2,2,0
1253,6,4,15,4,6,2,0,1,2,2,0
1254,4,4,5,4,11,3,0,0,2,2,0
1255,9,6,15,2,3,0,1,1,3,2,1
1256,6,4,7,4,1,1,0,1,1,2,0
1257,8,0,9,4,0,3,1,0,1,2,0
1258,6,4,1,2,12,0,1,1,1,2,1
1259,8,5,9,5,10,0,1,1,2,2,0
1260,9,4,9,2,4,0,1,1,2,2,1
1261,11,4,5,2,3,0,1,1,2,2,0
1262,9,4,9,2,6,0,1,1,3,2,0
1263,6,4,15,4,4,3,1,0,2,0,0
1264,8,4,11,2,6,0,1,1,1,2,0
1265,8,4,15,2,12,0,1,1,4,2,0
1266,3,4,15,4,1,3,1,1,2,2,0
1267,9,6,8,4,3,1,1,1,2,2,0
1268,6,4,11,1,1,1,1,0,2,2,0
1269,10,4,12,2,10,5,1,0,0,2,1
1270,3,4,15,4,14,1,1,1,1,2,0
1271,4,4,15,6,8,4,1,0,2,2,0
1272,5,7,14,4,10,3,1,0,2,2,1
1273,10,7,9,2,10,0,1,1,2,2,0
1274,8,6,6,0,5,1,1,1,2,2,0
1275,11,6,15,4,3,1,1,1,1,2,0
1276,10,5,9,0,4,1,1,0,2,2,0
1277,10,1,11,2,12,0,1,1,1,2,0
1278,4,7,11,4,1,3,1,0,1,2,0
1279,8,4,9,2,10,0,1,1,2,2,0
1280,7,4,11,2,3,0,1,1,2,2,1
1281,5,4,0,2,3,1,1,1,2,2,0
1282,12,7,11,0,8,1,1,0,1,2,0
1283,6,7,9,2,10,2,1,0,2,2,1
1284,6,4,4,0,14,1,1,1,2,2,0
1285,6,7,12,0,1,4,1,0,2,2,0
1286,11,4,15,0,8,4,1,0,1,2,0
1287,7,4,8,2,12,0,1,1,4,2,0
1288,12,4,15,2,12,0,1,1,4,2,0
1289,10,4,5,2,3,0,1,1,2,2,0
1290,5,7,15,4,1,3,0,0,1,2,0
1291,10,4,11,2,12,0,1,1,2,2,0
1292,9,4,9,2,4,0,1,1,2,2,0
1293,17,4,11,6,1,4,1,0,2,2,0
1294,4,4,3,4,13,3,1,1,0,2,0
1295,6,4,5,0,3,4,1,0,2,2,0
1296,4,4,11,4,8,1,1,0,1,2,0
1297,6,4,11,0,14,1,1,1,2,2,0
1298,10,4,8,2,3,0,1,1,1,2,0
1299,6,4,11,2,4,0,1,1,2,2,0
1300,7,4,15,6,12,1,0,1,1,2,0
1301,8,2,15,2,11,2,0,1,2,2,0
1302,9,7,8,2,10,0,1,1,1,2,1
1303,5,4,12,2,10,0,1,1,2,2,0
1304,8,0,11,4,0,1,1,1,0,2,0
1305,7,4,11,4,1,1,1,0,2,2,0
1306,6,4,15,4,8,1,1,1,2,2,0
1307,4,4,9,4,10,3,1,0,2,2,0
1308,10,1,15,2,12,0,1,1,1,2,1
1309,7,4,15,2,3,0,0,1,2,2,1
1310,4,1,11,0,14,1,1,1,2,2,1
1311,11,0,1,3,0,1,1,0,2,2,1
1312,11,4,11,2,6,0,1,1,2,2,0
1313,5,4,11,4,3,3,1,1,2,2,0
1314,9,4,15,2,8,5,1,0,1,2,0
1315,6,4,12,2,10,0,1,1,1,2,0
1316,4,4,11,4,8,3,0,1,0,2,0
1317,9,4,11,4,12,1,1,1,2,2,0
1318,8,6,3,4,8,3,1,1,1,2,0
1319,7,4,15,4,1,3,1,0,1,2,0
1320,4,4,11,4,10,3,1,1,2,2,0
1321,15,4,11,6,1,1,0,0,0,2,0
1322,4,4,11,4,4,1,1,1,2,2,0
1323,7,6,11,0,8,4,1,0,1,2,0
1324,6,4,9,2,10,0,1,1,1,2,0
1325,12,4,11,0,14,4,1,1,2,2,0
1326,4,4,15,6,8,1,1,0,1,2,0
1327,9,5,15,2,4,0,1,1,2,2,0
1328,4,7,9,6,10,3,1,1,2,2,0
1329,9,6,15,0,10,1,0,1,2,2,0
1330,3,4,9,4,4,1,1,0,4,2,0
1331,8,4,11,2,7,0,1,1,2,2,0
1332,7,4,0,2,13,0,1,1,2,2,1
1333,4,6,11,4,13,1,1,1,2,2,0
1334,10,4,11,0,12,1,1,0,2,2,0
1335,4,4,0,4,8,1,1,0,2,2,0
1336,6,7,11,0,1,4,0,0,2,2,0
1337,5,4,9,2,10,0,1,1,2,2,0
1338,11,5,15,6,1,1,0,0,2,2,0
1339,8,4,9,4,4,3,1,0,2,0,0
1340,4,4,11,4,14,3,1,1,2,2,0
1341,9,4,11,2,7,0,1,1,2,2,0
1342,3,4,11,4,4,3,1,1,2,2,0
1343,6,4,7,0,4,1,1,0,2,2,0
1344,8,4,11,2,1,0,1,1,2,0,1
1345,13,5,14,0,1,4,1,0,1,2,1
1346,7,4,12,2,1,5,1,0,2,1,1
1347,10,4,11,0,8,4,1,0,1,2,0
1348,13,4,12,2,10,0,0,1,1,2,0
1349,4,4,15,4,12,1,1,1,2,2,0
1350,9,4,15,2,12,0,1,1,3,2,0
1351,8,4,15,0,12,3,1,1,2,2,0
1352,6,0,9,1,0,5,1,0,0,1,0
1353,7,6,11,2,1,0,1,1,1,2,0
1354,8,4,11,0,3,3,1,1,2,2,0
1355,7,0,5,2,0,5,1,0,2,2,1
1356,7,0,12,0,4,1,1,0,1,2,0
1357,7,4,12,2,6,0,1,1,2,2,0
1358,6,4,11,2,3,0,1,1,1,2,0
1359,10,2,11,0,8,1,0,0,2,2,0
1360,8,4,12,4,1,1,1,1,2,2,0
1361,10,7,11,0,12,4,1,0,2,2,1
1362,9,2,15,0,10,4,1,0,2,2,0
1363,3,7,11,4,1,1,0,1,2,2,0
1364,10,6,11,2,3,5,1,0,2,2,0
1365,4,7,9,4,1,1,1,1,4,2,0
1366,7,6,11,2,3,0,1,1,2,2,1
1367,9,6,15,4,12,3,1,1,1,2,0
1368,7,4,11,2,7,0,1,1,2,2,0
1369,7,0,5,4,0,3,1,0,2,2,0
1370,11,4,15,0,7,4,0,0,2,2,0
1371,9,4,15,2,12,0,1,1,2,2,1
1372,9,4,11,0,12,4,1,0,2,2,0
1373,10,4,11,2,6,0,0,1,2,2,1
1374,8,4,9,2,4,0,1,1,2,2,0
1375,6,4,11,4,8,1,1,0,2,2,0
1376,9,2,6,2,8,0,0,1,2,2,1
1377,11,4,11,2,4,0,1,1,2,2,1
1378,6,4,15,4,8,1,1,0,1,2,0
1379,5,4,15,4,3,3,1,1,1,2,0
1380,7,4,11,2,7,0,1,1,2,2,1
1381,12,7,12,2,10,0,1,1,2,2,0
1382,8,4,11,2,7,0,1,1,2,2,1
1383,3,2,12,4,10,1,1,0,2,2,0
1384,4,4,9,4,4,4,1,0,3,2,0
1385,3,4,11,4,7,3,1,0,2,2,0
1386,9,4,15,2,13,5,1,0,2,2,0
1387,13,4,12,2,4,0,1,1,2,2,1
1388,8,4,11,2,7,0,1,1,2,2,1
1389,8,4,11,4,12,2,1,0,2,0,1
1390,7,4,15,0,1,1,1,0,0,2,0
1391,9,4,11,5,4,1,1,1,4,2,0
1392,9,5,9,0,10,4,0,0,2,2,0
1393,6,6,8,0,3,1,1,1,2,2,0
1394,6,4,9,3,4,4,1,1,2,1,0
1395,5,4,11,4,3,3,1,1,2,2,0
1396,6,7,14,4,10,2,1,1,2,2,0
1397,7,4,9,4,8,2,1,1,2,0,0
1398,8,4,9,2,11,5,0,0,1,2,1
1399,13,4,1,6,7,1,1,0,2,2,0
1400,7,4,15,2,1,0,1,1,2,2,1
1401,8,1,11,2,14,0,1,1,2,2,1
1402,4,4,11,0,14,1,1,1,2,2,0
1403,7,4,11,4,12,3,1,0,1,2,0
1404,4,4,12,4,10,3,0,0,3,2,0
1405,7,4,15,2,8,0,1,1,0,0,1
1406,4,4,11,4,6,1,1,1,2,2,0
1407,9,4,0,2,8,0,1,1,0,2,1
1408,4,3,4,4,13,1,1,1,2,2,0
1409,3,4,9,4,1,1,1,0,2,2,0
1410,9,4,11,2,3,0,1,1,2,2,0
1411,6,4,0,2,4,0,1,1,2,2,1
1412,7,4,11,2,12,0,0,1,2,2,0
1413,4,4,1,4,5,4,1,0,2,2,0
1414,3,4,1,4,3,1,1,0,2,2,0
1415,8,4,11,2,4,0,1,1,2,2,1
1416,5,4,6,2,5,0,1,1,2,2,0
1417,3,4,15,4,1,3,1,0,1,2,0
1418,10,4,9,2,4,0,1,1,2,2,1
1419,10,4,15,0,6,4,1,0,2,2,0
1420,4,4,11,4,7,3,0,1,2,2,0
1421,8,7,9,2,1,5,1,0,2,2,0
1422,9,4,12,2,4,0,1,1,2,2,0
1423,4,4,15,0,8,1,0,0,1,2,0
1424,5,4,9,2,10,5,1,0,2,2,1
1425,5,6,11,4,14,3,1,1,2,2,0
1426,9,5,9,5,4,4,1,0,1,2,0
1427,5,4,15,4,12,3,1,1,2,2,0
1428,8,4,0,5,3,4,1,1,2,2,0
1429,6,4,7,2,3,0,1,1,2,2,1
1430,5,1,12,2,10,0,1,1,1,2,0
1431,11,4,15,0,10,4,0,0,1,2,0
1432,8,4,12,2,12,0,1,1,2,2,0
1433,12,2,11,0,5,1,1,1,1,2,0
1434,4,1,8,4,12,3,0,1,2,2,0
1435,4,4,10,4,4,3,1,0,2,2,0
1436,4,4,11,4,12,3,1,1,2,2,0
1437,4,4,11,4,3,1,0,1,2,2,0
1438,4,7,15,4,10,3,1,1,1,2,0
1439,9,4,9,2,10,0,1,1,0,2,0
1440,9,4,15,2,1,5,1,0,2,2,0
1441,6,1,11,4,4,1,1,1,2,2,0
1442,7,0,11,2,4,0,1,1,2,2,1
1443,6,2,15,2,11,0,1,1,2,0,1
1444,7,4,11,2,7,0,1,1,2,2,1
1445,5,4,15,4,1,3,1,1,2,2,0
1446,3,4,8,4,12,3,0,1,2,2,0
1447,3,6,11,4,5,1,1,0,3,2,0
1448,6,4,11,2,1,0,1,1,1,2,1
1449,5,4,12,6,1,1,1,0,1,2,0
1450,10,4,11,2,1,0,0,1,1,2,0
1451,7,4,12,2,10,0,0,1,1,2,1
1452,9,4,0,5,7,3,1,0,2,0,0
1453,10,4,14,2,3,0,1,1,2,2,1
1454,9,4,11,2,12,0,0,1,2,2,1
1455,5,4,11,4,8,3,0,1,1,2,0
1456,8,4,9,0,1,4,1,0,2,2,0
1457,13,4,9,2,1,5,1,0,2,2,1
1458,11,2,9,2,10,0,1,1,2,2,0
1459,5,4,11,2,3,0,1,1,3,2,1
1460,5,4,8,4,10,3,0,0,2,2,0
1461,9,4,7,2,12,0,1,1,2,2,1
1462,7,6,2,2,14,0,0,1,2,2,1
1463,3,4,11,4,6,1,0,0,2,2,0
1464,12,2,12,2,4,0,1,1,2,2,1
1465,7,4,14,2,10,0,1,1,0,2,1
1466,4,4,15,2,9,0,1,1,1,2,1
1467,9,4,0,2,14,0,1,1,2,2,0
1468,4,4,15,6,4,1,1,1,2,2,0
1469,10,4,9,0,10,1,1,1,3,2,0
1470,4,4,8,4,3,1,1,1,2,2,0
1471,4,4,12,5,6,4,0,0,2,2,0
1472,12,4,1,2,12,0,1,1,4,2,0
1473,10,4,15,2,12,0,1,1,2,2,0
1474,9,7,8,2,12,0,1,1,4,2,0
1475,8,4,11,2,8,0,1,1,2,2,1
1476,6,4,11,4,7,1,1,0,2,2,0
1477,10,2,9,0,4,1,1,0,2,2,0
1478,7,5,11,2,4,0,1,1,2,2,0
1479,9,4,1,2,8,5,1,0,2,2,1
1480,8,4,11,2,8,0,1,1,2,2,0
1481,8,2,11,0,6,4,1,1,2,2,0
1482,9,0,11,0,0,1,1,1,1,2,0
1483,8,2,9,0,10,4,1,0,3,2,0
1484,3,4,11,4,12,1,0,1,2,2,0
1485,6,4,5,2,10,0,1,1,0,2,0
1486,8,2,11,0,6,1,1,1,2,2,0
1487,7,4,11,0,1,1,0,1,2,2,0
1488,6,4,12,0,10,1,1,0,4,2,1
1489,4,4,11,4,6,3,1,1,2,2,0
1490,11,4,15,2,12,0,1,1,3,2,1
1491,10,4,4,0,13,1,0,1,2,2,0
1492,4,4,11,4,6,3,0,1,2,2,0
1493,8,4,11,2,3,0,1,1,2,2,0
1494,12,4,9,0,1,1,1,0,2,2,0
1495,10,4,15,2,1,0,1,1,2,2,0
1496,8,4,0,2,7,0,1,1,2,2,1
1497,9,4,9,0,10,4,1,0,2,2,0
1498,5,7,15,2,11,0,1,1,2,2,0
1499,12,4,15,2,1,5,1,0,2,2,1
1500,12,0,5,0,0,4,1,1,2,2,0
1501,10,4,11,2,12,0,1,1,4,2,1
1502,10,6,15,2,10,0,0,1,2,2,1
1503,10,7,9,0,10,2,1,1,1,2,0
1504,7,6,11,2,3,0,1,1,2,2,0
1505,12,7,11,4,1,1,1,0,2,2,0
1506,3,1,15,4,1,1,1,0,2,2,0
1507,6,6,6,2,5,0,1,1,3,2,0
1508,3,4,1,4,13,1,1,0,2,2,0
1509,13,0,15,0,0,1,1,0,0,2,0
1510,9,4,1,0,8,4,1,1,2,2,0
1511,6,4,15,2,8,0,1,1,1,2,0
1512,3,4,9,4,4,3,1,1,2,2,1
1513,11,4,6,2,8,0,1,1,2,2,1
1514,9,4,8,2,12,0,1,1,2,2,0
1515,10,4,0,2,7,0,0,1,2,2,1
1516,7,0,5,2,0,0,1,1,0,2,1
1517,10,7,15,2,1,1,1,0,2,2,0
1518,9,4,11,2,3,0,1,1,2,0,1
1519,10,4,7,6,4,1,1,1,1,2,0
1520,10,4,11,6,8,4,1,0,0,2,0
1521,12,4,5,2,3,0,1,1,1,2,0
1522,9,2,14,0,10,3,1,0,1,2,0
1523,7,4,11,2,11,0,1,1,2,2,0
1524,16,4,6,2,5,0,1,1,3,2,1
1525,9,4,12,2,10,0,1,1,2,2,1
1526,7,1,11,2,14,0,1,1,2,2,1
1527,12,0,5,0,0,4,1,1,2,2,1
1528,12,4,15,2,6,0,1,1,2,2,0
1529,5,4,15,2,8,0,0,1,0,2,0
1530,8,4,11,2,7,0,1,1,2,2,0
1531,5,4,12,4,4,1,1,0,2,2,0
1532,4,4,11,5,14,1,1,1,2,2,0
1533,6,4,11,0,3,1,1,1,2,2,0
1534,6,2,15,2,10,0,1,1,3,2,1
1535,5,4,15,4,14,1,1,1,1,2,0
1536,9,4,15,2,3,0,1,1,2,2,1
1537,7,4,9,0,4,4,1,0,4,2,0
1538,15,1,11,2,4,0,1,1,2,2,1
1539,11,4,11,6,14,1,0,1,2,2,0
1540,5,4,9,4,8,2,0,0,1,2,0
1541,12,2,15,4,11,3,1,0,2,2,0
1542,17,6,11,6,13,4,1,0,0,2,0
1543,5,4,9,4,13,3,1,0,2,2,0
1544,9,4,10,0,10,1,1,0,1,2,0
1545,11,1,11,2,3,0,1,1,2,2,1
1546,8,4,15,2,14,0,0,1,1,0,1
1547,9,5,9,0,0,1,1,1,1,2,0
1548,9,4,6,2,5,0,1,1,2,2,1
1549,7,0,15,4,0,1,1,1,0,2,0
1550,5,1,15,4,1,1,0,0,1,2,0
1551,6,4,1,2,5,0,1,1,2,2,0
1552,4,1,11,4,1,3,1,0,2,2,0
1553,5,4,11,4,6,1,1,1,3,2,0
1554,4,4,15,4,1,4,1,0,2,2,0
1555,6,6,15,2,8,0,1,1,2,2,0
1556,4,4,9,0,1,4,1,0,0,2,0
1557,8,4,15,2,1,5,1,0,2,2,0
1558,3,4,11,4,8,1,1,0,2,2,0
1559,16,4,9,6,6,4,1,0,2,2,0
1560,9,6,5,2,10,0,1,1,3,2,0
1561,5,1,6,4,10,1,1,0,1,2,1
1562,10,4,12,0,10,1,1,1,2,2,0
1563,5,4,11,4,4,3,1,1,2,2,0
1564,9,2,9,2,4,0,1,1,4,0,0
1565,5,4,12,4,10,3,0,0,2,2,0
1566,13,1,9,2,10,5,1,0,2,2,0
1567,7,6,11,5,12,1,1,0,2,0,0
1568,6,4,11,2,4,5,1,0,1,2,0
1569,11,2,15,2,10,0,1,1,2,2,0
1570,7,4,15,2,1,5,1,0,2,2,0
1571,6,0,15,2,0,0,0,1,0,2,0
1572,7,4,11,2,1,1,1,0,2,2,1
1573,6,5,9,2,4,0,1,1,2,2,1
1574,4,4,9,4,4,1,1,1,1,2,0
1575,10,4,12,2,12,0,1,1,3,2,1
1576,7,2,11,2,12,0,1,1,3,2,0
1577,4,5,6,4,0,3,0,0,2,2,0
1578,6,6,8,2,3,0,1,1,2,2,1
1579,6,4,11,1,7,1,0,1,2,2,1
1580,5,4,0,4,3,1,1,0,3,2,0
1581,5,4,9,4,4,1,1,1,2,2,0
1582,8,4,9,5,12,1,1,1,2,2,0
1583,6,0,15,2,0,4,1,0,1,2,1
1584,10,4,11,4,14,3,1,0,2,2,0
1585,4,2,11,4,14,3,1,1,2,2,0
1586,12,2,0,2,9,0,1,1,1,2,0
1587,4,4,9,4,10,1,1,0,2,2,0
1588,5,4,15,4,14,3,1,1,2,2,0
1589,10,4,11,2,8,0,1,1,0,2,0
1590,11,4,9,2,12,0,0,1,2,2,1
1591,3,4,4,4,13,3,1,0,1,2,0
1592,7,6,15,0,4,4,1,0,2,2,0
1593,3,4,15,4,14,1,0,0,2,2,0
1594,8,2,15,0,14,1,1,1,1,2,0
1595,8,4,15,2,1,0,0,1,2,2,1
1596,4,6,2,4,12,1,1,0,2,2,0
1597,9,4,11,2,14,0,1,1,2,2,0
1598,4,0,9,4,0,3,1,0,0,2,0
1599,13,7,11,6,12,1,1,1,2,2,0
1600,5,4,11,4,7,2,0,0,2,2,0
1601,10,6,15,2,3,0,0,1,2,2,1
1602,3,4,7,4,4,3,1,0,2,4,0
1603,8,2,5,0,11,1,1,1,2,2,0
1604,9,4,12,2,6,0,1,1,3,2,0
1605,4,4,15,4,1,1,1,1,0,2,0
1606,7,6,7,2,12,0,1,1,2,2,1
1607,13,4,15,6,6,1,1,0,2,2,0
1608,9,7,3,2,8,0,1,1,2,2,0
1609,16,4,11,2,14,0,1,1,2,2,1
1610,11,6,9,3,1,1,1,0,2,2,0
1611,6,4,9,2,10,0,1,1,2,2,0
1612,11,4,4,4,12,3,1,1,3,2,0
1613,4,4,11,2,10,0,1,1,2,2,1
1614,9,4,11,2,3,0,1,1,3,2,0
1615,4,4,6,4,5,2,1,0,1,2,0
1616,7,4,11,0,8,4,1,0,2,2,0
1617,5,6,6,2,5,0,1,1,2,2,1
1618,11,5,15,2,4,0,1,1,2,2,0
1619,6,4,12,2,5,0,1,1,1,0,0
1620,7,7,12,4,10,1,1,1,2,2,0
1621,8,6,11,2,3,0,1,1,1,2,0
1622,7,7,9,2,4,0,1,1,3,2,1
1623,4,2,11,4,1,3,1,0,1,2,0
1624,12,4,15,5,10,4,1,0,1,2,0
1625,6,4,12,4,1,3,0,0,2,2,0
1626,9,4,15,0,3,1,1,0,2,2,0
1627,7,4,14,2,3,0,1,1,2,2,0
1628,10,6,15,2,4,0,1,1,3,2,1
1629,7,4,15,2,12,0,1,1,2,2,0
1630,5,4,8,2,12,0,1,1,2,2,0
1631,5,4,15,4,1,3,1,0,2,1,0
1632,9,4,11,4,8,2,1,0,1,2,0
1633,10,4,15,2,3,0,1,1,1,2,0
1634,11,4,1,2,14,0,1,1,2,2,1
1635,9,6,1,0,12,4,1,0,2,2,0
1636,4,2,9,4,10,3,1,1,2,2,0
1637,9,4,11,2,3,0,1,1,1,2,0
1638,11,4,15,6,3,3,1,1,1,2,0
1639,12,4,15,2,8,0,1,1,2,2,0
1640,4,4,15,4,4,3,1,0,2,2,0
1641,8,1,9,4,10,1,1,0,1,2,0
1642,8,5,12,2,10,0,1,1,2,2,1
1643,5,4,11,4,1,3,1,0,4,2,0
1644,12,4,12,2,6,0,1,1,2,2,1
1645,3,4,9,4,10,3,1,0,2,2,0
1646,6,6,12,0,5,1,1,1,2,2,0
1647,10,4,9,2,1,0,1,1,2,2,1
1648,9,4,0,0,6,1,1,0,2,2,0
1649,9,4,15,2,14,0,0,1,1,2,0
1650,9,6,11,2,5,0,1,1,2,2,1
1651,8,4,15,4,7,1,1,0,2,2,0
1652,12,4,15,2,4,0,0,1,4,2,1
1653,7,4,15,2,1,5,1,0,4,2,1
1654,6,4,11,4,8,2,0,0,2,2,0
1655,11,4,15,0,11,1,0,1,2,2,0
1656,8,4,15,2,10,0,1,1,1,2,0
1657,10,2,15,2,11,0,1,1,2,2,1
1658,10,5,11,2,7,0,0,1,2,2,1
1659,8,5,15,2,4,0,1,1,2,2,1
1660,11,2,12,2,5,0,1,1,1,2,0
1661,5,4,4,4,12,3,1,0,2,2,0
1662,11,4,15,2,1,5,1,0,2,2,0
1663,3,4,9,4,12,2,1,0,3,2,0
1664,3,4,15,4,4,1,1,1,2,2,0
1665,5,7,15,4,1,3,1,0,2,1,0
1666,5,7,9,4,10,2,1,0,3,2,0
1667,9,4,9,2,1,0,1,1,1,2,0
1668,6,2,11,0,4,1,1,1,2,2,0
1669,7,4,9,4,6,3,0,1,2,2,0
1670,4,6,15,4,4,3,1,1,1,2,0
1671,5,4,11,2,1,5,1,0,2,2,1
1672,8,6,15,2,4,0,1,1,1,2,0
1673,6,4,11,2,7,0,1,1,2,2,1
1674,7,4,0,2,7,0,0,1,2,2,1
1675,9,6,9,2,10,0,0,1,2,2,1
1676,8,4,15,4,10,3,1,0,2,2,0
1677,17,4,11,0,8,1,1,1,2,2,0
1678,5,4,9,4,4,1,0,0,2,2,0
1679,7,6,11,2,3,0,1,1,2,2,1
1680,9,5,1,0,0,2,1,0,0,2,0
1681,4,4,9,4,12,3,1,1,2,2,0
1682,8,4,11,2,12,0,1,1,2,2,1
1683,13,4,9,2,4,0,1,1,4,2,0
1684,9,4,11,4,11,1,0,1,2,2,0
1685,9,4,11,2,12,0,1,1,2,2,0
1686,7,7,15,2,11,0,0,1,2,2,1
1687,3,4,15,4,3,3,1,1,1,2,0
1688,8,4,11,5,4,4,1,0,2,2,0
1689,10,4,5,0,3,1,1,1,2,2,0
1690,7,4,9,2,12,2,1,1,2,2,1
1691,11,4,15,2,4,0,1,1,3,2,1
1692,4,4,11,4,4,1,1,1,2,2,0
1693,8,6,11,2,1,5,1,0,2,2,1
1694,9,4,11,2,4,0,0,1,2,2,1
1695,4,4,12,4,1,3,1,0,1,2,0
1696,5,4,11,4,4,1,1,1,2,2,0
1697,8,4,15,4,1,1,0,0,0,0,0
1698,4,4,11,4,12,1,0,1,2,2,0
1699,5,4,11,2,3,0,1,1,2,1,0
1700,9,4,11,0,12,1,1,1,2,2,0
1701,6,4,13,4,8,1,0,0,1,2,0
1702,11,0,6,2,0,0,1,1,1,2,0
1703,13,0,9,2,0,0,1,1,0,2,1
1704,8,6,8,0,10,1,1,1,2,2,0
1705,7,4,15,5,1,3,1,0,2,2,0
1706,8,4,15,2,5,0,1,1,2,2,1
1707,11,4,11,2,3,0,1,1,2,2,1
1708,13,4,15,2,3,0,1,1,2,2,0
1709,6,0,11,0,0,4,1,0,2,2,0
1710,12,0,6,5,0,4,0,0,2,2,0
1711,7,4,11,2,8,5,1,0,2,2,1
1712,12,4,1,0,13,4,1,0,0,2,1
1713,9,2,9,2,8,0,1,1,2,0,0
1714,12,4,11,2,12,0,0,1,2,2,0
1715,5,4,11,4,1,1,1,0,2,2,0
1716,13,4,5,2,3,0,1,1,3,2,0
1717,11,4,0,2,8,5,1,0,2,2,0
1718,8,4,11,2,8,0,1,1,1,2,0
1719,8,4,11,0,14,3,1,1,3,2,1
1720,12,4,9,2,10,0,1,1,1,2,1
1721,3,4,11,4,3,1,1,1,2,2,0
1722,7,6,11,2,3,0,1,1,2,2,1
1723,4,4,9,4,10,3,1,1,2,2,0
1724,4,4,9,4,12,3,1,1,2,2,1
1725,4,4,8,4,3,3,1,1,2,2,0
1726,8,6,12,2,10,0,1,1,2,2,0
1727,12,4,6,2,5,0,1,1,1,2,1
1728,7,4,15,2,3,0,1,1,2,2,1
1729,7,0,5,0,0,4,1,1,1,2,0
1730,6,2,11,3,1,5,1,0,2,2,1
1731,7,6,11,2,12,0,1,1,3,2,0
1732,5,4,14,4,10,3,1,0,2,2,0
1733,3,4,1,4,3,1,1,1,2,2,0
1734,4,4,11,2,3,0,1,1,1,2,1
1735,6,4,7,4,4,3,1,0,2,2,0
1736,7,4,11,0,8,3,1,0,2,2,0
1737,4,0,5,4,0,4,1,0,2,2,0
1738,11,4,11,2,8,5,0,0,0,2,1
1739,10,0,11,4,12,4,0,0,4,2,0
1740,8,4,11,0,12,4,1,0,2,2,0
1741,5,0,9,2,0,0,1,1,2,2,1
1742,5,7,12,2,1,0,1,1,1,1,1
1743,6,4,11,2,14,0,1,1,2,2,1
1744,9,4,12,0,10,1,1,1,2,2,0
1745,7,4,12,2,4,2,1,1,2,2,0
1746,5,4,12,4,10,4,0,0,1,2,0
1747,8,4,15,2,3,0,1,1,2,2,0
1748,4,2,15,6,1,4,1,0,2,2,0
1749,4,4,11,4,8,3,0,0,2,2,0
1750,6,5,9,2,4,0,1,1,2,2,0
1751,3,5,9,4,4,1,1,1,2,2,1
1752,11,6,11,2,13,0,1,1,2,2,1
1753,4,4,12,4,4,3,1,1,2,2,0
1754,10,1,8,2,3,0,1,1,2,2,1
1755,6,5,9,4,0,2,0,0,0,0,0
1756,8,3,9,2,13,0,1,1,2,2,0
1757,11,4,15,2,10,0,1,1,1,2,1
1758,9,2,15,2,12,0,0,1,1,2,0
1759,9,4,11,2,14,0,1,1,3,2,1
1760,6,4,15,2,10,0,1,1,2,1,1
1761,11,4,11,2,14,0,0,1,2,2,0
1762,7,4,15,2,10,4,1,1,2,2,0
1763,9,1,9,4,10,1,0,1,2,2,0
1764,12,4,1,2,14,0,1,1,2,2,0
1765,7,4,15,2,1,5,1,0,1,2,0
1766,4,4,11,4,1,3,0,0,1,2,0
1767,5,2,9,4,4,1,1,0,2,2,0
1768,8,4,15,4,10,1,1,0,0,2,0
1769,8,4,15,4,12,1,1,1,2,2,0
1770,13,2,12,2,10,0,0,1,0,2,1
1771,6,6,11,2,3,0,0,1,3,2,0
1772,6,4,12,0,1,4,1,0,2,2,0
1773,4,0,5,4,0,1,1,0,1,2,0
1774,9,1,5,4,1,1,1,0,2,2,0
1775,4,4,11,4,4,3,1,0,2,2,0
1776,5,4,14,4,10,3,1,0,0,2,0
1777,8,7,15,0,11,1,0,1,2,2,0
1778,9,4,15,2,1,0,1,1,2,2,1
1779,7,4,11,2,14,0,1,1,2,2,0
1780,6,4,5,2,3,0,1,1,2,2,0
1781,4,4,9,2,8,5,1,0,2,2,0
1782,4,1,14,4,1,3,1,0,2,2,0
1783,5,4,9,2,11,0,0,1,1,2,0
1784,8,4,12,2,10,0,1,1,1,2,0
1785,8,6,6,2,3,0,1,1,2,2,0
1786,4,2,14,4,10,3,1,1,2,2,0
1787,6,4,9,2,10,2,1,0,2,1,0
1788,7,7,8,4,10,1,1,1,2,2,0
1789,4,4,11,2,1,0,1,1,0,2,0
1790,7,4,11,2,7,0,1,1,2,2,1
1791,10,4,4,0,8,4,1,0,1,2,1
1792,6,4,0,2,7,0,1,1,2,2,1
1793,9,4,11,2,8,0,0,1,1,2,0
1794,4,4,9,2,10,0,1,1,2,2,0
1795,6,4,15,4,1,3,0,0,2,2,0
1796,9,4,11,2,12,0,1,1,1,2,1
1797,4,4,1,4,8,3,1,0,2,2,0
1798,12,2,4,2,6,0,1,1,2,2,1
1799,4,4,11,4,14,3,1,1,2,2,0
1800,11,1,11,2,3,0,1,1,2,2,1
1801,3,4,11,4,12,4,1,0,2,3,0
1802,8,4,9,4,1,3,1,0,2,2,0
1803,10,4,11,2,6,0,1,1,1,2,0
1804,5,4,11,2,14,0,1,1,2,2,0
1805,9,4,15,2,12,0,1,1,4,2,0
1806,6,4,9,4,4,1,1,1,2,2,0
1807,8,4,15,2,3,0,1,1,2,2,0
1808,8,4,12,2,4,0,1,1,2,2,0
1809,7,4,15,5,8,1,0,0,0,2,0
1810,7,4,9,2,10,0,1,1,1,2,0
1811,4,5,9,4,1,1,1,0,2,2,0
1812,11,4,15,1,3,1,1,1,3,2,0
1813,8,4,11,4,7,3,1,1,2,2,0
1814,9,4,15,0,1,1,1,0,2,2,0
1815,4,2,15,4,10,4,1,0,2,2,1
1816,6,4,11,4,3,1,1,1,2,2,0
1817,7,4,12,2,6,0,1,1,1,2,1
1818,8,6,7,4,12,3,0,1,2,2,0
1819,6,4,11,3,1,1,1,0,2,2,0
1820,5,4,11,4,1,3,1,0,2,2,1
1821,10,4,11,2,7,0,1,1,2,2,1
1822,11,4,15,2,2,5,1,0,2,3,0
1823,6,4,9,0,12,1,1,0,2,2,0
1824,5,4,10,2,10,0,1,1,1,2,0
1825,13,4,15,2,8,0,0,1,1,2,0
1826,7,1,12,5,10,4,1,0,2,2,0
1827,6,4,11,4,7,2,1,0,2,2,0
1828,6,4,9,1,11,0,1,1,2,2,0
1829,4,4,6,4,8,3,1,0,2,2,0
1830,3,2,15,4,11,3,1,0,2,3,0
1831,5,4,14,0,1,1,1,1,2,2,0
1832,10,4,11,2,14,0,1,1,2,2,1
1833,6,4,14,2,10,0,1,1,1,2,1
1834,4,4,9,4,10,3,1,1,2,2,0
1835,6,4,11,2,14,0,1,1,2,0,1
1836,5,4,15,4,12,3,1,1,2,2,0
1837,4,4,11,4,1,3,1,0,2,2,0
1838,4,0,11,4,0,3,1,0,0,2,0
1839,7,0,6,2,0,0,1,1,2,2,1
1840,4,7,15,4,1,1,1,0,2,2,0
1841,8,4,11,2,4,0,1,1,2,2,0
1842,5,4,8,4,3,1,1,1,2,2,0
1843,12,4,11,0,1,4,1,0,2,2,0
1844,4,2,15,4,1,1,1,0,1,2,0
1845,11,4,12,2,10,0,1,1,1,2,1
1846,4,4,9,4,10,3,1,0,0,2,0
1847,3,4,12,4,1,4,1,0,2,2,0
1848,8,7,14,5,10,4,1,0,2,2,0
1849,9,4,11,2,6,0,0,1,1,2,0
1850,10,6,8,2,10,0,1,1,2,2,1
1851,11,2,11,6,14,4,1,1,2,2,0
1852,9,6,15,2,3,0,1,1,2,2,1
1853,6,4,15,3,8,1,1,1,1,2,1
1854,10,4,5,2,3,0,1,1,1,2,0
1855,6,4,11,4,10,1,1,1,2,2,0
1856,4,4,15,4,4,3,1,1,2,2,0
1857,5,4,7,2,12,5,1,0,1,2,0
1858,6,4,12,4,6,3,0,0,2,2,0
1859,7,2,15,2,10,0,1,1,2,2,1
1860,3,4,9,4,1,4,1,0,0,2,0
1861,5,4,8,4,10,1,1,0,2,2,0
1862,8,5,15,2,3,0,0,1,2,2,1
1863,14,4,9,6,10,4,1,0,3,2,0
1864,3,4,7,4,8,3,0,0,1,2,0
1865,8,4,9,2,4,0,1,1,2,2,1
1866,6,4,4,2,13,0,1,1,2,2,1
1867,10,4,11,2,3,0,1,1,2,2,0
1868,11,1,3,2,14,0,0,1,2,2,0
1869,6,4,15,0,12,1,1,1,2,2,0
1870,5,4,6,4,3,1,1,1,3,1,0
1871,5,4,15,4,1,3,1,0,1,2,0
1872,12,6,15,0,10,1,1,0,2,2,0
1873,7,4,9,2,10,0,1,1,1,2,0
1874,6,4,11,2,1,5,1,0,1,2,1
1875,11,4,3,2,8,0,0,1,1,2,0
1876,6,6,12,2,12,0,1,1,2,2,1
1877,5,0,10,2,0,0,1,1,0,2,1
1878,6,2,15,2,6,0,1,1,2,1,1
1879,10,4,15,2,1,0,0,1,2,2,0
1880,9,4,1,0,7,4,1,0,2,0,0
1881,3,4,8,4,3,3,1,1,2,2,1
1882,5,4,15,6,8,1,1,0,1,2,0
1883,7,4,15,2,12,5,1,0,1,2,1
1884,8,4,8,6,1,1,1,0,4,2,0
1885,7,4,11,2,3,0,1,1,2,2,1
1886,7,4,5,2,10,0,1,1,1,2,1
1887,3,4,1,4,14,3,1,1,2,2,0
1888,7,4,13,2,6,0,1,1,2,2,0
1889,6,4,8,4,4,1,1,0,3,2,0
1890,9,4,9,2,13,0,1,1,2,2,0
1891,8,7,9,0,8,1,1,0,0,2,0
1892,10,5,11,2,4,5,1,0,2,2,1
1893,10,4,11,2,12,0,1,1,2,2,0
1894,8,6,11,4,1,1,1,0,1,2,0
1895,5,4,11,0,4,4,1,0,2,2,1
1896,9,4,8,2,3,0,1,1,2,2,0
1897,3,4,0,4,7,3,1,1,2,2,0
1898,12,4,9,0,1,4,1,1,2,2,0
1899,7,8,4,2,8,5,1,0,2,2,1
1900,3,4,9,4,4,1,1,1,2,2,0
1901,6,6,11,4,8,1,1,0,1,2,0
1902,7,6,11,6,5,4,1,1,3,2,0
1903,8,7,12,2,1,0,0,1,4,2,0
1904,12,4,9,0,4,1,1,1,2,2,0
1905,6,4,12,0,4,4,1,1,2,2,0
1906,9,4,9,2,12,0,1,1,2,2,1
1907,4,4,9,4,4,1,1,1,1,2,1
1908,7,4,11,1,4,4,1,0,2,2,0
1909,4,2,9,4,4,1,1,0,2,2,0
1910,3,4,14,4,10,3,1,1,1,2,0
1911,11,4,11,2,3,0,1,1,2,2,1
1912,11,4,7,2,3,0,1,1,2,2,1
1913,5,4,11,2,12,0,1,1,2,2,1
1914,4,4,15,4,3,3,0,1,2,2,1
1915,10,4,8,2,3,0,0,1,1,2,1
1916,9,6,11,0,3,3,1,1,2,2,0
1917,9,4,11,0,12,1,1,1,1,2,0
1918,5,4,7,4,3,1,1,1,2,2,0
1919,11,4,15,2,9,0,1,1,1,2,0
1920,6,4,11,4,7,1,0,1,2,2,0
1921,8,4,9,2,12,0,1,1,2,2,1
1922,4,4,9,4,4,1,1,0,2,2,0
1923,5,1,15,4,1,1,1,0,0,2,1
1924,4,4,14,4,10,3,1,0,0,2,0
1925,4,4,11,4,5,3,1,1,2,2,0
1926,3,4,15,4,8,3,1,0,2,2,0
1927,4,4,9,4,12,3,1,0,2,2,0
1928,7,4,4,2,12,0,1,1,2,4,1
1929,12,4,11,0,1,4,1,0,2,2,0
1930,5,4,9,2,6,0,0,1,2,2,1
1931,5,4,9,4,10,3,1,1,1,2,0
1932,4,4,7,2,4,0,1,1,2,2,0
1933,3,4,14,4,3,2,1,1,2,2,0
1934,7,4,11,2,8,0,0,1,2,2,1
1935,8,4,8,0,4,4,1,0,2,2,0
1936,4,8,11,4,13,4,1,0,2,2,0
1937,6,5,12,4,5,1,1,1,2,2,0
1938,7,6,11,0,4,1,1,0,2,2,1
1939,5,2,9,4,10,1,1,0,3,1,0
1940,7,7,0,0,8,4,0,0,2,2,0
1941,13,4,9,2,4,0,1,1,2,2,0
1942,5,0,9,4,0,1,1,0,2,2,0
1943,5,5,9,4,4,1,1,1,2,2,0
1944,12,4,11,2,3,0,1,1,2,2,1
1945,4,4,11,4,1,1,1,0,2,2,0
1946,3,4,10,4,10,1,1,0,1,2,0
1947,6,2,12,1,9,4,1,0,2,2,0
1948,5,4,11,2,1,0,1,1,2,2,1
1949,10,0,9,2,0,0,1,1,2,2,1
1950,7,1,9,0,4,1,1,1,3,2,0
1951,7,4,9,2,12,0,1,1,2,2,1
1952,13,4,9,5,8,4,0,0,2,2,0
1953,7,8,11,2,8,0,1,1,1,2,1
1954,6,4,2,2,12,0,1,1,1,2,0
1955,10,6,11,2,10,5,1,0,1,2,1
1956,8,4,14,0,10,4,1,0,1,2,0
1957,6,4,7,2,11,0,1,1,2,2,0
1958,10,5,7,2,4,0,1,1,2,2,1
1959,12,4,8,2,10,0,1,1,0,2,0
1960,6,0,9,2,0,0,1,1,2,2,1
1961,8,4,14,2,3,0,1,1,2,2,0
1962,12,4,11,0,14,1,1,1,3,2,0
1963,16,4,15,6,1,4,0,0,1,2,0
1964,5,7,5,4,10,4,0,0,2,2,0
1965,12,4,9,2,10,0,1,1,2,2,1
1966,11,4,11,2,8,5,1,0,1,2,1
1967,4,4,0,5,6,1,1,1,2,2,0
1968,6,6,11,0,12,1,1,0,1,2,0
1969,9,6,9,0,4,4,1,0,2,2,0
1970,10,4,9,2,10,0,1,1,1,2,0
1971,13,7,12,2,4,0,1,1,3,2,1
1972,6,4,11,2,14,0,1,1,2,1,0
1973,3,4,15,4,8,1,0,1,1,2,0
1974,8,4,11,0,7,1,1,1,2,2,0
1975,4,6,15,2,4,0,0,1,3,2,0
1976,6,4,8,2,4,0,1,1,2,0,1
1977,9,4,11,2,14,0,1,1,2,2,1
1978,9,4,11,2,3,0,1,1,1,2,1
1979,7,4,11,2,3,0,1,1,2,2,1
1980,6,4,15,2,4,0,1,1,2,2,1
1981,8,4,11,2,14,0,1,1,2,2,1
1982,8,4,11,2,1,0,1,1,2,2,0
1983,7,4,2,2,12,0,1,1,3,2,1
1984,13,4,9,2,10,0,1,1,2,2,1
1985,10,0,1,0,0,4,1,0,0,2,0
1986,5,4,15,2,7,0,1,1,2,2,0
1987,4,4,9,0,8,4,1,0,2,2,0
1988,9,4,9,4,1,3,1,0,4,2,0
1989,11,4,11,2,5,0,1,1,2,2,0
1990,12,4,7,2,12,0,1,1,2,2,1
1991,9,4,0,2,6,0,1,1,2,0,0
1992,4,4,11,4,8,1,1,0,1,2,0
1993,10,4,9,0,12,1,0,0,1,2,0
1994,9,4,11,2,3,0,1,1,2,2,1
1995,8,4,9,4,12,3,1,0,2,2,0
1996,6,2,12,2,10,4,1,0,2,2,1
1997,10,4,5,2,10,0,1,1,2,2,0
1998,10,7,11,2,1,0,1,1,2,2,1
1999,9,4,9,2,1,0,1,1,1,2,0
2000,8,2,15,0,4,3,1,1,2,2,0
2001,10,4,9,0,12,4,1,0,2,2,0
2002,3,0,1,4,0,1,1,1,2,2,0
2003,7,4,9,2,10,0,1,1,2,2,0
2004,3,4,3,4,6,1,1,1,2,2,0
2005,6,4,11,2,3,0,1,1,2,2,0
2006,4,4,5,4,3,3,1,1,2,2,0
2007,9,4,15,0,8,4,1,0,2,2,0
2008,5,4,9,4,8,3,1,1,0,2,0
2009,6,4,11,4,8,1,1,1,2,2,0
2010,15,4,15,0,1,1,1,0,2,2,0
2011,8,4,11,2,6,0,1,1,2,0,0
2012,12,4,11,6,1,4,1,0,2,2,0
2013,9,6,9,2,10,0,1,1,1,2,0
2014,10,4,0,2,8,0,1,1,1,2,1
2015,18,4,9,2,8,0,1,1,1,2,0
2016,8,7,11,0,12,4,1,0,1,2,0
2017,5,4,11,4,8,3,1,1,2,2,0
2018,6,4,15,2,8,5,1,0,2,2,1
2019,7,2,14,2,10,0,1,1,2,2,1
2020,9,7,15,2,1,0,0,1,2,2,0
2021,8,7,15,5,11,1,0,1,1,0,0
2022,8,4,11,0,3,4,1,0,2,0,0
2023,4,6,11,4,3,1,1,1,2,2,0
2024,15,4,15,2,1,0,0,1,0,2,0
2025,13,6,15,2,3,0,1,1,2,2,1
2026,3,4,9,4,13,3,1,1,0,2,0
2027,10,5,15,2,4,0,1,1,3,2,1
2028,5,4,15,2,4,0,1,1,2,2,1
2029,7,4,15,4,8,1,1,1,0,2,0
2030,8,4,11,2,3,0,1,1,2,2,1
2031,7,6,9,0,4,4,1,1,2,2,0
2032,5,2,15,2,11,0,0,1,2,2,0
2033,5,7,12,2,10,0,1,1,1,2,0
2034,4,4,0,2,7,0,0,1,2,2,0
2035,6,4,11,0,12,1,1,1,2,2,0
2036,7,4,14,2,10,5,1,0,2,2,1
2037,13,2,11,2,5,0,1,1,3,2,0
2038,5,4,3,4,13,2,1,0,2,2,0
2039,10,5,15,2,4,0,1,1,2,2,0
2040,4,4,9,4,1,1,1,0,2,2,0
2041,9,4,9,4,10,1,0,1,2,2,0
2042,5,4,11,2,7,0,1,1,2,2,0
2043,9,4,10,2,10,0,1,1,2,2,0
2044,16,4,9,6,10,1,1,0,2,2,0
2045,4,6,15,4,12,1,1,1,2,2,0
2046,5,4,15,4,4,1,1,1,2,2,0
2047,10,4,11,2,12,0,1,1,1,2,0
2048,5,4,9,4,13,1,1,1,2,2,0
2049,3,4,14,4,1,3,1,0,0,2,0
2050,14,4,11,0,7,4,1,1,2,2,0
2051,10,6,11,2,1,0,0,1,2,2,1
2052,4,4,11,4,8,3,0,0,1,2,1
2053,9,4,15,2,1,0,1,1,1,2,1
2054,4,4,0,4,6,1,1,1,2,2,0
2055,8,4,15,2,4,0,1,1,2,2,1
2056,9,4,6,2,5,0,1,1,2,2,0
2057,3,4,9,4,10,1,1,0,2,2,0
2058,3,4,11,4,14,1,1,1,2,3,0
2059,5,5,15,4,5,4,0,1,3,2,0
2060,10,4,15,2,1,0,1,1,0,2,0
2061,7,4,11,4,12,1,1,1,1,2,0
2062,9,4,11,2,12,0,0,1,2,2,0
2063,6,4,9,2,1,2,1,0,1,2,1
2064,7,4,11,0,12,4,1,0,2,2,0
2065,6,4,15,4,3,4,1,0,2,2,0
2066,8,4,15,5,3,4,1,0,2,2,0
2067,10,4,5,0,11,1,1,1,1,2,0
2068,5,4,11,4,7,3,1,1,2,2,0
2069,10,4,12,2,10,0,1,1,0,2,0
2070,9,8,9,4,13,4,1,0,2,2,0
2071,8,4,11,4,1,1,0,0,1,2,0
2072,6,7,11,2,8,0,0,1,2,2,0
2073,5,4,11,4,1,3,1,0,1,2,0
2074,6,4,9,0,4,1,1,1,2,0,0
2075,6,4,9,0,1,4,1,0,0,2,0
2076,6,6,9,2,8,1,1,1,2,2,1
2077,14,4,9,6,4,3,1,0,2,2,0
2078,8,4,9,2,10,0,0,1,1,2,0
2079,6,4,15,0,4,1,1,1,2,0,0
2080,5,4,11,2,8,0,0,1,2,2,0
2081,8,4,9,3,10,5,1,0,3,2,0
2082,4,4,8,4,10,3,0,1,1,2,1
2083,6,4,12,2,10,0,1,1,1,2,0
2084,5,4,11,4,5,1,1,1,2,1,0
2085,10,4,11,2,1,0,1,1,2,2,1
2086,5,2,9,2,10,0,1,1,2,2,0
2087,7,4,1,2,3,0,1,1,2,2,1
2088,7,4,1,4,8,1,1,0,2,0,0
2089,11,0,9,2,0,5,1,0,2,2,1
2090,8,4,11,2,6,0,1,1,3,2,1
2091,7,4,11,2,6,0,1,1,3,2,0
2092,5,2,11,2,8,0,1,1,2,2,0
2093,6,4,12,0,4,1,1,1,1,2,1
2094,12,4,15,0,14,1,1,1,2,2,0
2095,13,6,0,2,3,0,1,1,2,2,0
2096,7,7,9,2,10,0,0,1,1,0,0
2097,7,4,13,2,14,0,1,1,3,1,0
2098,10,4,11,2,4,0,1,1,1,2,0
2099,12,4,15,2,3,0,1,1,2,2,0
2100,3,7,11,4,8,1,1,0,0,2,0
2101,8,4,11,0,7,4,1,1,2,2,0
2102,12,4,11,2,4,0,1,1,2,2,0
2103,5,4,15,4,1,3,1,0,2,2,0
2104,10,1,11,2,3,0,1,1,1,2,1
2105,5,6,11,2,5,0,1,1,2,2,1
2106,8,4,11,2,3,0,1,1,2,2,1
2107,8,4,15,2,4,0,0,1,4,2,1
2108,11,4,9,2,12,0,1,1,2,2,0
2109,7,4,11,2,1,0,1,1,2,2,0
2110,6,4,1,3,14,1,1,1,3,2,1
2111,5,6,9,2,13,0,1,1,2,2,1
2112,4,4,11,6,12,4,1,0,2,2,0
2113,11,0,5,2,0,0,1,1,0,2,0
2114,5,4,11,4,3,3,1,1,2,2,0
2115,11,4,11,2,6,0,1,1,1,2,0
2116,6,4,11,0,1,1,1,0,2,2,0
2117,11,4,11,2,14,0,1,1,2,2,0
2118,9,4,15,2,10,0,1,1,2,2,0
2119,8,6,11,2,3,2,1,1,2,2,0
2120,4,6,9,4,12,3,1,0,2,2,0
2121,13,2,9,2,4,0,1,1,2,2,0
2122,4,4,11,4,14,3,1,1,2,2,0
2123,17,4,11,0,13,4,1,0,2,2,0
2124,4,4,15,6,1,3,1,0,1,2,0
2125,8,1,9,4,12,3,1,1,2,0,0
2126,6,4,0,0,2,1,0,1,2,4,0
2127,4,0,11,0,4,4,1,0,2,2,0
2128,8,4,7,0,12,1,1,0,1,2,0
2129,4,7,7,4,11,3,1,1,2,2,0
2130,6,2,8,2,10,0,1,1,2,2,0
2131,9,4,7,0,1,4,1,0,2,2,0
2132,5,4,9,4,4,1,1,0,2,2,0
2133,7,5,9,4,0,1,1,0,2,1,0
2134,10,4,11,2,3,0,1,1,2,2,1
2135,4,4,11,4,6,3,1,1,3,2,1
2136,9,1,9,2,10,0,1,1,2,2,0
2137,7,7,15,2,1,0,1,1,1,1,1
2138,5,4,9,4,10,1,1,1,1,1,0
2139,11,4,1,2,5,0,1,1,2,2,1
2140,10,4,15,2,3,4,1,1,2,2,0
2141,5,5,15,4,1,1,1,0,2,2,0
2142,4,4,0,4,3,3,1,1,2,2,0
2143,7,2,11,5,3,1,1,1,2,2,0
2144,18,4,13,0,6,4,1,1,3,2,0
2145,9,4,9,2,10,0,1,1,2,2,0
2146,10,4,11,2,1,0,0,1,2,2,0
2147,4,4,15,4,14,1,1,1,2,2,0
2148,6,4,9,1,4,1,1,0,1,2,1
2149,5,4,9,2,6,0,1,1,2,2,1
2150,9,1,11,2,14,0,0,1,2,2,0
2151,12,4,9,2,13,0,0,1,1,2,0
2152,5,6,9,2,10,0,1,1,2,2,0
2153,8,1,14,4,10,3,1,0,1,2,0
2154,10,4,11,2,6,0,1,1,3,2,1
2155,6,5,9,2,4,0,1,1,2,2,1
2156,6,4,11,2,7,0,1,1,2,2,0
2157,9,6,15,2,8,0,0,1,1,2,0
2158,10,4,11,6,3,4,1,1,2,2,0
2159,11,4,11,2,5,0,1,1,3,2,1
2160,4,4,11,6,3,1,1,1,1,2,0
2161,5,4,0,2,4,0,1,1,3,2,0
2162,12,4,15,2,8,0,1,1,1,2,0
2163,6,4,15,2,3,0,1,1,3,2,0
2164,8,4,9,2,10,0,1,1,2,2,1
2165,8,1,0,2,7,0,1,1,2,2,1
2166,4,4,11,5,1,4,1,0,2,2,0
2167,4,7,15,4,1,4,1,0,1,2,0
2168,7,4,9,5,12,1,1,0,2,0,0
2169,8,4,6,0,10,1,1,0,2,2,0
2170,12,4,11,0,3,1,1,1,2,2,0
2171,3,4,2,4,13,3,1,1,2,2,0
2172,6,4,12,4,12,3,1,0,1,2,0
2173,7,4,11,6,13,1,1,1,2,2,0
2174,9,0,9,2,0,0,0,1,1,2,1
2175,10,4,15,2,1,5,1,0,0,2,1
2176,3,4,10,4,10,1,1,1,1,2,0
2177,9,4,15,2,10,0,1,1,3,2,0
2178,8,4,11,4,6,3,1,1,2,2,0
2179,4,4,15,2,4,0,0,1,3,2,0
2180,10,7,9,0,10,4,1,0,1,2,0
2181,6,4,6,4,8,1,1,1,0,2,0
2182,8,6,9,0,1,4,1,0,2,2,0
2183,4,4,15,4,3,3,1,1,2,2,0
2184,4,0,6,2,0,5,0,0,0,2,0
2185,5,4,8,4,12,3,1,1,2,2,0
2186,5,1,12,2,10,0,0,1,0,2,1
2187,13,4,11,6,14,1,1,1,2,2,0
2188,5,4,11,4,3,1,1,0,2,2,0
2189,6,4,9,2,4,0,1,1,3,2,0
2190,6,4,11,4,14,1,1,0,2,2,0
2191,5,4,11,4,4,3,1,0,3,2,0
2192,3,4,9,4,4,3,1,0,2,2,0
2193,9,4,11,2,14,0,1,1,2,2,1
2194,7,4,15,2,12,0,1,1,2,2,1
2195,4,4,15,4,3,4,1,1,2,2,0
2196,16,4,11,6,1,1,1,0,2,2,0
2197,9,6,8,2,3,0,1,1,2,2,1
2198,16,4,14,2,10,0,1,1,2,2,1
2199,6,4,9,4,13,3,0,1,2,2,0
2200,9,6,9,2,4,0,1,1,2,2,0
2201,5,4,2,0,6,1,1,1,2,2,0
2202,10,6,15,2,12,5,1,0,2,2,0
2203,8,4,9,2,4,5,1,0,2,2,0
2204,7,4,11,2,3,5,0,0,2,2,1
2205,7,2,11,2,3,5,1,0,2,2,0
2206,7,4,12,2,10,0,0,1,2,2,1
2207,13,6,8,2,1,0,1,1,2,2,0
2208,6,4,11,0,7,4,1,1,2,2,0
2209,7,4,11,2,6,0,1,1,2,2,1
2210,3,2,11,4,11,3,1,1,2,2,0
2211,5,4,1,2,14,0,1,1,2,2,0
2212,9,4,9,2,10,0,1,1,2,2,1
2213,5,6,10,2,10,2,1,0,2,2,1
2214,7,4,12,2,4,0,1,1,3,2,1
2215,10,4,0,2,9,0,1,1,1,2,1
2216,8,4,11,2,12,0,1,1,2,2,0
2217,8,4,12,2,4,0,1,1,3,2,0
2218,12,4,11,2,12,5,1,0,0,2,1
2219,3,4,15,4,6,3,1,1,3,2,0
2220,6,6,15,2,1,0,1,1,2,2,0
2221,9,4,11,2,10,0,1,1,2,2,0
2222,7,4,9,2,12,5,1,0,2,2,0
2223,3,2,15,4,10,3,1,1,1,2,0
2224,5,4,15,2,7,0,0,1,2,2,1
2225,10,4,11,2,6,0,0,1,1,2,1
2226,5,4,8,4,12,1,1,0,2,2,0
2227,4,4,3,6,6,3,1,1,2,2,0
2228,6,4,15,2,3,0,1,1,2,2,0
2229,5,6,11,2,1,5,1,0,2,1,0
2230,13,4,11,0,1,2,0,0,2,2,0
2231,8,4,1,2,3,0,1,1,2,2,0
2232,8,6,9,2,12,0,1,1,2,2,1
2233,3,4,11,4,3,1,1,1,0,2,0
2234,3,1,7,4,4,3,1,0,2,2,0
2235,4,4,15,4,12,4,1,0,1,2,0
2236,5,4,4,2,8,0,1,1,2,2,1
2237,4,0,9,4,0,3,0,0,2,2,0
2238,8,4,7,2,12,0,1,1,2,2,1
2239,13,1,15,2,4,0,1,1,4,2,1
2240,10,4,1,2,7,0,1,1,2,2,0
2241,6,4,11,0,12,4,1,1,1,2,0
2242,6,1,15,3,3,1,1,1,2,2,0
2243,9,4,3,2,8,0,1,1,1,2,0
2244,5,4,9,2,4,0,1,1,2,1,0
2245,8,7,15,4,8,1,1,1,1,2,0
2246,6,6,9,4,4,1,1,1,1,1,0
2247,4,5,15,0,7,4,1,0,2,2,0
2248,10,1,15,0,10,4,1,0,2,2,0
2249,10,4,11,2,3,0,1,1,2,2,1
2250,9,4,11,0,12,1,1,0,1,2,0
2251,6,4,15,0,7,1,1,1,2,2,0
2252,4,5,15,4,5,3,1,1,2,4,0
2253,4,4,12,4,6,1,1,0,1,2,0
2254,4,7,12,2,10,5,1,0,2,2,1
2255,5,4,11,4,7,1,1,1,4,2,0
2256,9,4,9,0,12,4,0,1,3,2,0
2257,7,4,15,2,1,0,1,1,2,0,0
2258,5,4,15,4,7,1,1,0,2,2,0
2259,12,4,0,2,7,0,0,1,0,2,0
2260,3,4,11,4,6,3,1,1,1,0,0
2261,9,4,11,0,4,1,1,1,2,2,0
2262,6,4,11,0,1,4,0,0,1,2,1
2263,4,4,9,4,4,3,1,1,2,2,0
2264,8,4,15,2,14,0,1,1,2,2,0
2265,6,4,9,2,10,0,1,1,2,0,1
2266,8,6,11,2,4,5,1,0,2,2,1
2267,11,4,15,1,10,5,0,0,1,2,0
2268,8,4,5,4,3,3,1,1,2,0,0
2269,8,4,15,2,7,0,1,1,2,2,0
2270,10,4,15,2,4,0,1,1,2,2,1
2271,8,4,15,4,8,4,1,0,0,2,0
2272,4,1,12,4,4,3,1,0,2,2,0
2273,10,6,15,2,1,0,1,1,2,2,1
2274,6,4,12,4,10,3,1,0,3,2,0
2275,9,2,12,0,4,4,1,0,2,2,0
2276,4,4,11,4,1,1,0,0,1,2,0
2277,3,4,15,4,5,1,1,1,2,2,0
2278,10,4,9,2,1,0,1,1,2,2,1
2279,5,4,1,2,3,0,1,1,2,2,1
2280,9,4,15,0,3,1,1,1,2,2,0
2281,4,6,15,4,4,3,1,0,2,2,0
2282,5,6,11,4,5,1,1,0,3,2,0
2283,9,4,11,2,1,0,1,1,1,2,1
2284,4,4,11,4,3,3,1,1,2,2,0
2285,6,4,15,4,3,1,1,0,2,2,0
2286,4,4,0,2,3,0,1,1,2,2,1
2287,6,4,1,2,8,0,1,1,2,2,1
2288,3,4,15,4,8,3,1,0,2,2,0
2289,3,4,3,4,13,3,1,0,2,2,0
2290,7,4,9,2,10,0,1,1,2,2,0
2291,5,4,11,4,8,1,1,1,2,2,0
2292,13,2,9,5,12,4,1,0,1,2,0
2293,4,4,11,2,3,0,1,1,2,2,0
2294,9,4,11,2,7,4,1,1,2,2,1
2295,7,6,11,4,8,3,1,0,2,2,0
2296,5,7,9,4,1,4,0,0,2,2,0
2297,17,4,11,2,7,0,1,1,2,2,0
2298,7,7,9,5,10,4,1,0,2,2,0
2299,7,4,15,4,6,1,0,1,3,2,0
2300,4,0,11,4,0,3,1,1,1,2,0
2301,12,4,9,2,4,0,1,1,3,2,0
2302,11,4,9,2,4,0,1,1,3,2,0
2303,3,4,9,0,10,4,1,1,2,2,0
2304,6,4,11,2,7,0,1,1,2,0,0
2305,13,4,7,2,1,0,1,1,2,2,0
2306,7,4,9,4,4,3,1,1,2,2,0
2307,5,4,9,4,12,1,1,1,2,2,0
2308,8,4,5,5,3,4,1,0,2,2,0
2309,11,4,8,0,1,4,1,0,1,2,0
2310,5,4,1,2,8,0,0,1,1,2,0
2311,6,4,9,1,11,1,0,1,2,2,1
2312,8,4,11,4,7,1,1,1,2,2,0
2313,3,4,11,4,6,1,0,1,2,2,0
2314,9,4,9,0,10,1,1,0,2,2,0
2315,4,4,11,4,3,4,1,1,2,2,0
2316,6,4,9,4,1,1,1,0,1,2,0
2317,11,4,1,2,3,0,1,1,2,2,0
2318,6,2,14,4,10,3,1,0,1,2,0
2319,4,4,13,4,13,3,1,1,2,2,0
2320,11,6,11,6,5,1,1,1,3,2,0
2321,6,4,15,0,3,4,1,1,1,2,0
2322,5,7,11,4,11,1,0,0,2,2,0
2323,5,4,15,2,12,0,1,1,3,2,0
2324,7,4,11,2,12,0,1,1,2,2,0
2325,9,4,9,5,10,4,1,0,2,2,0
2326,9,8,9,2,13,0,1,1,2,2,0
2327,8,4,6,2,3,0,1,1,2,2,1
2328,12,4,5,2,3,0,0,1,3,2,0
2329,6,4,15,2,1,5,1,0,2,2,0
2330,11,4,15,2,4,0,1,1,3,2,1
2331,9,4,15,4,12,1,1,1,1,2,0
2332,9,4,1,2,3,0,1,1,2,2,0
2333,8,4,9,4,4,1,1,0,2,2,0
2334,7,2,1,2,9,0,0,1,2,2,1
2335,10,4,2,2,8,0,1,1,1,2,0
2336,4,0,11,4,0,1,1,0,1,2,0
2337,5,4,15,4,6,3,0,1,3,2,0
2338,13,4,12,2,10,0,1,1,1,2,1
2339,5,4,1,2,8,0,1,1,2,2,0
2340,9,7,11,2,8,5,1,0,1,0,1
2341,6,2,15,2,11,0,0,1,2,2,0
2342,5,4,12,4,10,1,1,1,2,2,0
2343,17,4,9,6,4,1,1,1,2,2,0
2344,6,4,11,0,8,2,1,0,1,2,0
2345,6,4,15,2,1,0,1,1,1,2,1
2346,6,4,15,2,10,0,0,1,2,2,0
2347,4,4,11,4,4,3,1,1,2,2,0
2348,3,1,13,4,14,1,1,1,2,2,0
2349,7,4,7,2,14,0,1,1,2,2,0
2350,9,1,11,2,4,0,1,1,2,2,0
2351,7,2,8,2,11,0,0,1,2,2,0
2352,4,0,11,4,0,2,1,1,0,2,0
2353,7,6,15,2,12,0,1,1,1,2,0
2354,5,4,11,2,12,0,1,1,2,2,0
2355,10,6,14,2,10,0,1,1,2,2,0
2356,9,4,9,2,12,5,1,0,3,1,0
2357,5,4,5,4,3,1,1,1,2,2,0
2358,5,4,11,2,6,0,0,1,2,2,0
2359,6,4,11,2,1,5,0,0,2,2,0
2360,5,4,15,4,8,3,1,0,1,1,0
2361,10,4,11,2,12,0,1,1,2,2,0
2362,13,4,11,2,3,0,1,1,2,2,0
2363,13,4,14,2,14,0,1,1,2,2,1
2364,7,4,1,2,3,0,1,1,2,2,1
2365,4,6,15,4,8,3,1,1,2,2,0
2366,12,4,15,2,13,1,1,1,0,2,0
2367,7,4,11,2,7,0,0,1,2,2,1
2368,10,4,4,2,8,0,0,1,1,2,0
2369,5,4,12,2,10,0,1,1,2,2,1
2370,6,4,12,4,10,1,1,0,2,2,0
2371,11,2,11,2,3,0,1,1,2,2,0
2372,16,4,14,0,3,3,1,1,2,2,0
2373,7,4,11,1,3,1,1,1,2,2,1
2374,9,4,9,2,12,0,1,1,2,2,0
2375,7,4,9,6,10,4,1,0,2,0,0
2376,4,4,15,4,6,3,1,1,2,2,1
2377,6,4,15,4,12,1,1,0,3,2,0
2378,7,4,15,2,4,0,1,1,2,2,0
2379,4,4,6,4,5,1,1,1,1,2,0
2380,6,7,11,1,1,5,0,0,2,2,1
2381,9,4,15,0,1,4,1,0,2,0,0
2382,7,0,6,2,0,0,0,1,2,2,0
2383,10,4,7,2,4,0,1,1,0,2,0
2384,4,6,15,4,4,3,1,1,3,2,0
2385,11,4,9,2,10,0,1,1,2,2,0
2386,8,4,9,2,4,5,1,0,2,2,0
2387,4,4,15,5,4,4,1,0,2,2,0
2388,10,4,15,2,8,0,1,1,2,2,1
2389,10,4,15,2,12,0,1,1,2,2,0
2390,4,4,15,4,4,4,1,0,2,2,1
2391,7,7,9,2,8,0,0,1,2,2,0
2392,8,4,9,0,1,4,1,0,1,2,0
2393,8,6,15,2,4,0,1,1,2,2,1
2394,7,4,11,0,3,1,1,1,2,2,0
2395,5,4,11,2,6,0,1,1,2,2,0
2396,7,4,11,4,1,3,1,1,2,2,0
2397,6,4,9,2,13,0,1,1,1,2,1
2398,4,4,11,4,13,3,1,1,2,2,0
2399,6,4,7,0,1,1,1,0,2,1,0
2400,7,4,15,0,8,4,1,0,0,2,0
2401,5,4,11,4,7,3,1,1,2,2,0
2402,9,7,11,2,8,0,1,1,0,2,1
2403,5,4,11,4,3,4,1,1,0,2,0
2404,7,5,12,2,4,0,0,1,2,2,1
2405,4,4,11,2,1,0,0,1,2,2,1
2406,4,4,6,4,8,1,1,0,1,2,0
2407,10,6,1,2,3,0,1,1,1,2,1
2408,17,6,11,6,8,4,1,0,2,2,0
2409,6,4,11,0,1,4,1,0,1,2,0
2410,6,2,11,2,5,0,1,1,3,2,0
2411,4,1,15,4,1,3,1,1,2,2,0
2412,11,4,15,2,4,0,1,1,3,2,0
2413,10,4,9,2,11,0,1,1,2,2,0
2414,9,2,15,0,10,4,0,0,2,2,0
2415,5,4,15,4,1,2,1,0,1,2,0
2416,10,4,9,2,4,0,1,1,2,2,1
2417,6,4,9,2,4,5,1,0,2,2,0
2418,7,4,11,2,4,0,1,1,3,2,0
2419,5,4,1,4,3,1,1,1,2,2,0
2420,7,5,15,0,4,1,1,1,2,2,0
2421,4,4,6,4,5,3,1,1,2,2,0
2422,3,4,11,4,12,3,1,1,2,4,0
2423,7,4,11,4,7,2,1,0,2,2,0
2424,13,4,12,0,10,1,1,0,1,2,0
2425,5,4,15,4,12,3,0,0,2,2,0
2426,10,4,7,2,4,0,1,1,2,2,1
2427,10,2,14,2,10,0,1,1,1,2,0
2428,7,4,10,2,10,0,1,1,2,2,0
2429,9,2,11,2,12,0,1,1,2,2,1
2430,8,4,15,2,4,0,1,1,2,2,1
2431,8,4,11,4,8,4,0,1,2,2,0
2432,4,4,15,5,12,4,1,0,2,2,0
2433,10,2,6,2,5,0,1,1,3,2,0
2434,10,4,11,0,8,4,0,0,2,2,0
2435,8,4,11,5,12,4,1,0,2,2,0
2436,8,5,6,4,5,3,1,1,2,2,0
2437,11,2,15,2,4,0,1,1,2,2,0
2438,8,4,11,0,4,4,1,1,2,0,0
2439,5,4,12,2,10,0,0,1,2,2,0
2440,13,2,12,5,10,1,1,0,2,2,0
2441,12,2,11,2,6,0,1,1,3,2,0
2442,5,4,9,4,10,1,1,1,3,2,0
2443,8,4,11,2,3,0,1,1,2,2,1
2444,4,2,15,4,10,1,1,1,2,2,0
2445,13,4,9,2,4,0,1,1,2,2,0
2446,9,4,11,0,3,1,1,1,3,2,0
2447,9,4,11,0,7,1,0,1,2,2,0
2448,5,2,11,2,4,0,1,1,3,2,0
2449,6,4,9,2,10,0,1,1,2,2,1
2450,3,4,9,4,13,1,1,1,2,2,0
2451,6,4,15,2,3,0,1,1,2,2,0
2452,6,4,11,4,1,3,1,0,2,2,0
2453,7,4,6,4,10,3,1,1,2,2,0
2454,9,4,11,2,1,0,1,1,2,2,1
2455,8,6,9,5,4,1,1,1,2,2,0
2456,3,4,11,4,1,1,1,0,2,2,0
2457,7,4,15,2,12,0,1,1,2,2,0
2458,8,4,8,0,3,1,1,1,2,2,0
2459,7,4,0,6,7,4,0,0,2,2,0
2460,8,4,7,2,3,0,1,1,2,2,0
2461,9,4,15,2,3,0,1,1,2,2,0
2462,8,4,12,2,4,0,1,1,2,2,1
2463,4,2,9,4,11,3,1,0,2,2,0
2464,18,4,12,0,10,1,1,0,2,2,0
2465,3,2,12,4,12,3,1,1,3,2,0
2466,6,7,12,2,10,0,1,1,1,2,0
2467,7,4,0,0,6,4,1,1,3,2,0
2468,12,6,12,6,10,1,1,1,2,2,0
2469,9,4,15,2,14,0,1,1,2,2,0
2470,7,4,15,2,7,0,1,1,2,2,0
2471,3,4,11,4,1,4,1,0,2,2,0
2472,8,4,15,4,8,1,0,1,2,2,0
2473,17,4,8,0,3,4,1,0,2,2,0
2474,8,4,0,2,7,0,1,1,2,2,0
2475,5,4,9,2,10,0,1,1,2,2,1
2476,11,7,7,2,10,0,1,1,1,2,0
2477,6,4,15,2,3,0,1,1,2,2,0
2478,11,8,9,2,13,0,1,1,2,2,1
2479,6,4,5,2,10,0,0,1,2,2,0
2480,6,4,11,4,1,3,1,1,2,2,1
2481,9,6,11,2,12,0,1,1,3,2,0
2482,6,0,1,4,0,1,1,1,1,2,0
2483,5,6,15,4,5,1,0,1,1,2,0
2484,8,4,15,2,14,0,0,1,3,2,1
2485,7,4,11,2,4,0,1,1,2,2,0
2486,7,4,9,4,12,3,1,0,2,2,0
2487,7,6,9,2,13,0,1,1,2,2,0
2488,6,4,7,1,3,1,0,0,2,2,1
2489,10,4,11,2,7,0,1,1,2,2,0
2490,6,4,11,2,6,0,1,1,2,2,1
2491,9,8,9,2,13,0,0,1,2,2,0
2492,5,6,11,2,12,0,1,1,1,2,0
2493,5,4,11,0,7,1,1,1,2,2,0
2494,5,4,1,4,12,4,1,0,2,2,0
2495,7,4,15,4,3,3,1,1,2,0,0
2496,6,4,11,2,3,0,1,1,2,2,1
2497,7,4,9,2,12,0,1,1,2,2,1
2498,11,4,14,3,10,5,1,0,0,2,1
2499,8,6,9,4,13,3,1,0,2,2,0
2500,9,2,11,0,10,1,1,1,2,2,0
2501,6,4,12,2,5,0,1,1,2,2,0
2502,10,5,11,2,4,0,1,1,2,2,1
2503,3,4,11,4,4,1,1,1,2,2,0
2504,8,4,15,2,12,0,1,1,2,2,1
2505,10,4,11,0,8,4,1,0,1,2,0
2506,6,4,15,2,5,0,1,1,3,2,1
2507,7,4,11,2,12,0,1,1,2,2,1
2508,7,4,9,5,4,4,0,1,4,2,0
2509,8,4,15,2,6,0,1,1,3,2,0
2510,10,4,9,0,4,1,1,1,2,2,1
2511,5,5,15,2,4,0,1,1,2,2,0
2512,5,4,9,4,8,3,1,0,1,2,0
2513,7,4,5,5,10,4,1,1,1,2,0
2514,8,4,12,2,4,0,1,1,2,2,0
2515,3,4,11,4,3,3,1,1,2,2,0
2516,8,4,15,2,8,5,1,0,2,2,0
2517,8,4,7,2,12,0,1,1,1,2,0
2518,6,4,11,2,8,0,1,1,2,2,0
2519,4,4,11,2,7,0,1,1,2,2,0
2520,5,4,7,2,4,0,1,1,2,2,0
2521,5,4,10,2,7,0,0,1,2,2,0
2522,6,2,12,2,2,0,0,1,1,2,0
2523,4,4,11,4,8,1,1,0,0,2,0
2524,9,4,1,2,3,0,1,1,2,2,0
2525,8,6,4,4,8,4,1,0,0,2,0
2526,4,4,11,4,12,1,0,1,2,2,0
2527,6,2,9,0,10,4,1,0,3,2,0
2528,4,1,11,4,14,1,1,1,2,2,0
2529,8,4,11,2,8,5,1,0,1,2,0
2530,6,0,1,2,0,0,1,1,1,2,1
2531,4,2,15,4,12,1,1,1,2,2,0
2532,12,4,11,2,7,0,1,1,2,2,1
2533,6,4,0,0,14,2,1,1,1,2,1
2534,3,4,5,4,3,1,1,1,2,2,1
2535,9,4,11,5,4,4,0,0,2,2,0
2536,3,4,9,4,4,2,1,0,2,2,0
2537,4,4,11,4,8,1,1,1,2,2,1
2538,8,4,14,2,10,0,1,1,2,0,0
2539,4,4,11,2,6,0,0,1,2,2,0
2540,3,4,14,4,3,3,1,1,2,2,0
2541,5,4,9,4,10,3,1,1,2,2,0
2542,5,4,9,4,1,1,1,0,1,1,0
2543,11,4,15,2,1,0,0,1,2,2,1
2544,3,0,15,4,0,3,1,0,0,2,0
2545,8,4,11,0,4,1,1,1,2,2,0
2546,8,1,15,2,10,0,1,1,3,2,0
2547,5,4,14,4,10,1,0,1,2,2,0
2548,12,4,9,0,1,1,1,0,2,2,0
2549,9,0,10,4,0,3,1,1,1,2,0
2550,7,4,9,2,10,0,1,1,2,2,1
2551,4,1,15,2,7,0,1,1,2,2,0
2552,12,4,13,2,13,0,1,1,2,2,0
2553,6,4,11,2,1,5,1,0,2,2,1
2554,11,4,9,4,10,1,1,0,1,2,0
2555,9,4,12,0,1,4,1,0,2,2,0
2556,12,4,15,5,1,1,0,0,1,2,0
2557,11,2,11,2,14,0,1,1,2,2,0
2558,6,4,7,3,1,4,1,0,2,2,1
2559,8,4,7,0,1,4,0,0,2,2,0
2560,3,6,4,4,13,3,1,0,1,0,0
2561,8,4,11,2,1,0,1,1,2,2,0
2562,7,6,15,6,8,4,1,0,2,2,0
2563,9,5,11,2,0,0,1,1,2,2,1
2564,6,5,11,0,7,1,1,0,2,2,0
2565,6,4,11,2,7,0,1,1,2,2,1
2566,9,4,8,2,3,0,1,1,3,2,0
2567,6,4,11,2,5,0,1,1,2,2,0
2568,7,4,6,0,3,1,1,1,2,2,0
2569,8,0,11,4,6,3,1,1,2,2,0
2570,7,4,9,2,4,0,1,1,2,2,1
2571,6,4,11,0,1,2,1,0,2,2,1
2572,4,4,2,4,8,3,1,0,2,2,0
2573,10,4,11,2,3,0,1,1,2,2,0
2574,8,0,9,2,0,0,1,1,2,2,0
2575,6,4,15,4,4,1,1,0,2,2,0
2576,8,4,15,2,4,0,1,1,2,2,0
2577,8,4,15,5,8,4,1,0,2,2,0
2578,6,2,9,0,11,4,0,1,2,2,0
2579,6,4,15,0,1,4,1,0,1,2,0
2580,13,4,11,2,1,2,1,1,1,2,1
2581,6,4,11,0,3,4,1,1,2,2,1
2582,9,6,1,2,12,0,1,1,1,2,1
2583,6,7,15,0,12,1,1,0,4,0,0
2584,4,4,15,4,8,3,1,1,2,2,0
2585,9,4,9,0,7,1,1,1,2,2,0
2586,7,4,11,4,7,3,1,0,2,2,0
2587,13,4,15,0,12,4,1,1,1,2,0
2588,9,4,11,0,4,1,1,1,2,0,0
2589,8,4,7,2,4,0,1,1,2,0,0
2590,5,4,15,0,1,1,1,0,2,2,0
2591,8,0,1,2,0,5,1,0,1,2,1
2592,9,4,9,4,13,1,1,0,2,2,0
2593,10,4,15,2,8,5,1,0,2,2,0
2594,6,1,3,4,14,1,1,1,2,2,0
2595,7,7,15,4,1,3,1,0,2,2,0
2596,5,4,15,4,4,3,1,0,2,2,0
2597,18,4,11,0,1,4,1,0,2,2,1
2598,12,4,1,0,8,2,1,0,0,2,1
2599,5,7,15,2,10,0,1,1,2,2,0
2600,8,4,11,0,1,3,1,0,2,2,0
2601,7,4,9,6,1,1,1,0,2,2,0
2602,10,4,12,2,9,0,0,1,2,2,1
2603,6,4,9,2,4,5,1,0,2,2,0
2604,11,6,11,2,3,0,0,1,2,2,1
2605,8,4,9,2,4,4,0,1,4,2,0
2606,13,4,11,2,1,0,1,1,2,2,0
2607,6,4,11,0,8,4,1,0,2,2,0
2608,4,4,1,4,8,1,1,1,2,2,0
2609,6,2,7,3,12,5,0,0,2,2,1
2610,12,4,9,0,10,1,1,0,2,2,0
2611,7,4,9,2,10,0,1,1,1,2,0
2612,5,0,15,4,0,1,0,1,1,2,0
2613,8,7,11,4,11,3,0,1,2,2,0
2614,7,4,15,2,5,0,1,1,2,2,1
2615,6,4,11,0,8,3,0,0,2,2,0
2616,7,4,0,4,7,1,1,1,4,2,0
2617,5,6,11,4,1,3,1,0,2,2,0
2618,11,4,9,2,13,0,1,1,2,2,0
2619,8,1,5,2,10,1,1,1,2,2,1
2620,5,4,15,4,10,3,1,0,1,2,0
2621,11,4,15,0,8,4,1,0,1,2,0
2622,10,4,11,2,10,0,0,1,2,2,1
2623,5,7,9,4,4,1,1,1,2,2,0
2624,7,4,11,2,12,5,1,0,2,2,0
2625,4,4,7,6,12,3,1,1,3,2,0
2626,12,4,15,2,3,0,1,1,0,2,1
2627,10,2,8,2,6,0,1,1,2,2,0
2628,6,2,8,0,10,1,1,1,2,2,0
2629,6,4,11,2,13,0,1,1,2,2,0
2630,6,4,12,4,10,3,0,0,2,2,1
2631,7,4,9,4,4,3,1,0,2,2,0
2632,9,4,15,4,10,1,1,1,0,2,0
2633,8,7,8,2,10,0,1,1,0,2,0
2634,6,4,11,3,1,4,0,0,2,2,0
2635,6,4,15,4,3,3,1,1,2,2,0
2636,9,4,14,4,1,4,1,0,0,2,0
2637,7,4,11,5,1,4,1,0,2,2,0
2638,8,6,11,2,12,0,1,1,4,2,0
2639,11,2,8,2,11,0,1,1,2,2,0
2640,7,4,15,2,8,0,1,1,1,2,0
2641,10,4,12,2,4,0,1,1,2,2,1
2642,6,6,11,4,3,3,1,1,2,2,0
2643,5,4,0,2,7,0,0,1,2,2,1
2644,3,4,9,4,13,3,1,0,2,2,0
2645,9,4,11,2,8,5,1,0,0,2,0
2646,10,4,15,6,4,1,1,1,2,2,0
2647,6,4,11,4,3,1,1,0,1,1,0
2648,6,4,11,1,1,1,0,0,2,1,0
2649,6,4,15,4,1,3,1,0,2,2,0
2650,12,4,11,2,14,0,1,1,2,2,0
2651,4,4,0,4,3,1,1,1,2,2,0
2652,10,5,9,2,4,5,1,0,2,2,0
2653,4,4,7,4,12,3,1,0,3,1,0
2654,10,6,9,0,10,4,1,0,1,2,0
2655,5,7,12,2,10,0,1,1,2,2,1
2656,8,4,11,2,1,5,0,0,2,2,1
2657,9,4,15,2,14,0,1,1,2,0,0
2658,10,4,15,2,13,0,1,1,2,2,0
2659,4,7,15,4,10,3,1,0,2,2,0
2660,11,4,12,4,12,3,1,0,4,2,0
2661,6,5,11,2,3,0,1,1,1,2,1
2662,6,4,0,3,3,0,1,1,2,2,1
2663,16,2,5,0,1,1,1,1,2,2,0
2664,5,4,11,4,4,3,1,1,2,2,0
2665,9,4,15,0,13,1,1,0,2,2,0
2666,14,4,14,6,10,1,1,1,2,2,0
2667,6,4,11,3,12,0,1,1,3,2,1
2668,7,4,15,2,1,0,1,1,2,2,0
2669,4,5,11,4,5,1,1,0,2,4,0
2670,13,4,11,2,7,0,1,1,2,2,0
2671,10,7,9,2,11,2,0,1,2,2,1
2672,9,6,12,2,4,0,1,1,2,2,0
2673,9,4,9,4,4,1,1,1,2,2,0
2674,5,4,11,2,6,0,1,1,2,2,1
2675,5,4,11,6,14,1,1,1,2,2,0
2676,8,4,11,0,7,4,1,0,2,2,1
2677,8,4,15,0,1,4,1,0,0,2,0
2678,4,7,12,4,10,3,1,1,1,2,0
2679,7,4,11,2,4,0,1,1,2,2,0
2680,4,4,12,6,6,1,1,1,2,2,0
2681,9,6,15,4,10,3,1,0,1,2,0
2682,8,2,9,2,10,0,1,1,2,2,0
2683,3,0,1,4,0,1,1,1,2,3,1
2684,6,4,15,4,12,1,1,0,4,2,0
2685,9,4,15,2,14,5,1,0,2,2,0
2686,6,1,11,2,14,0,1,1,2,2,1
2687,11,6,11,2,5,0,1,1,2,2,1
2688,5,4,15,4,4,1,1,1,2,2,0
2689,3,4,11,4,3,3,1,1,2,2,0
2690,6,4,15,2,12,0,1,1,2,2,1
2691,4,2,15,4,10,3,1,1,1,2,1
2692,9,4,1,0,3,1,1,1,2,2,0
2693,5,4,14,4,1,3,1,0,2,2,0
2694,5,4,0,4,13,2,0,1,2,2,0
2695,7,4,11,2,3,0,1,1,2,2,0
2696,5,4,7,2,12,0,1,1,1,2,0
2697,7,4,7,0,1,2,1,0,1,2,0
2698,3,4,15,4,8,1,1,1,2,2,0
2699,6,2,11,2,11,0,1,1,2,2,0
2700,4,4,9,4,10,2,1,0,3,2,0
2701,6,4,9,0,8,1,1,0,1,2,0
2702,8,4,8,2,13,0,1,1,2,2,0
2703,7,4,13,2,12,0,1,1,2,0,0
2704,4,4,11,6,1,4,1,0,2,2,0
2705,13,4,9,2,12,0,1,1,1,2,0
2706,12,0,1,6,0,1,1,1,2,2,0
2707,8,4,8,2,3,0,1,1,1,2,0
2708,6,4,15,2,12,0,1,1,2,2,1
2709,3,4,15,4,13,3,1,0,2,2,0
2710,4,4,11,4,1,1,0,1,2,2,0
2711,4,0,11,0,0,1,1,0,1,2,0
2712,16,4,11,0,1,4,0,0,0,2,0
2713,8,6,11,0,8,4,1,0,1,2,1
2714,10,4,15,2,4,0,0,1,2,2,1
2715,4,4,12,4,4,1,1,0,2,2,0
2716,9,4,11,2,14,0,1,1,2,2,0
2717,6,7,15,0,8,4,1,0,1,2,0
2718,9,4,11,2,3,0,1,1,2,2,1
2719,12,4,15,2,1,5,1,0,2,2,1
2720,6,6,11,4,3,3,1,1,2,3,0
2721,8,4,11,2,14,0,1,1,3,2,0
2722,8,7,15,2,10,5,1,0,1,2,0
2723,8,4,15,2,5,0,1,1,1,2,0
2724,5,0,1,2,0,0,1,1,1,2,0
2725,5,5,11,2,4,0,1,1,2,2,1
2726,5,5,8,4,1,1,1,1,2,2,0
2727,9,5,11,2,3,0,1,1,2,2,0
2728,4,4,15,4,8,4,1,0,1,2,0
2729,4,4,11,4,6,1,1,1,2,2,0
2730,6,7,8,2,10,0,1,1,2,2,0
2731,6,4,0,1,6,4,1,0,2,2,0
2732,11,0,15,0,0,1,1,0,1,2,0
2733,12,4,9,0,10,1,1,0,2,2,0
2734,5,4,9,2,10,0,1,1,2,2,1
2735,8,4,10,2,10,0,1,1,1,2,1
2736,3,4,14,4,10,3,1,1,2,2,1
2737,11,4,14,2,14,0,1,1,2,2,1
2738,4,4,15,4,3,2,1,1,2,2,0
2739,10,4,0,2,7,5,1,0,2,2,1
2740,9,6,6,2,5,0,1,1,3,0,1
2741,5,4,15,6,1,3,0,0,1,2,0
2742,4,4,1,4,8,1,1,1,2,2,0
2743,3,4,15,4,4,1,1,1,2,2,0
2744,10,4,11,6,8,4,1,1,2,2,0
2745,10,4,11,2,8,0,1,1,2,2,0
2746,9,4,8,2,10,2,1,1,2,2,1
2747,5,6,11,4,12,3,1,1,2,2,0
2748,10,4,11,2,12,0,0,1,3,2,0
2749,12,7,9,2,10,0,1,1,2,2,1
2750,5,0,9,2,6,0,1,1,2,2,0
2751,8,4,11,0,1,4,0,1,2,2,0
2752,10,2,9,2,10,0,1,1,2,2,0
2753,7,4,3,2,8,0,1,1,2,2,0
2754,6,4,9,2,12,0,1,1,2,2,1
2755,4,1,4,6,14,1,1,0,2,1,0
2756,6,4,1,0,3,1,1,0,2,2,1
2757,3,4,1,4,9,1,0,0,1,2,0
2758,10,4,15,2,1,0,1,1,2,2,1
2759,7,7,11,4,1,2,1,1,1,2,0
2760,5,4,11,4,7,3,1,0,2,2,0
2761,10,5,11,2,4,0,1,1,3,2,0
2762,3,4,9,4,11,1,0,0,2,4,0
2763,7,4,11,4,8,4,1,1,2,2,0
2764,9,2,11,0,1,4,1,0,2,2,0
2765,4,2,9,4,4,1,1,0,2,2,0
2766,6,4,11,4,3,3,1,1,2,2,0
2767,8,4,9,2,1,0,1,1,1,2,0
2768,5,4,15,4,1,3,1,0,4,2,0
2769,12,4,11,0,10,4,1,0,1,2,0
2770,8,4,11,2,7,5,1,0,2,2,1
2771,5,4,8,4,13,1,1,0,2,2,0
2772,3,4,15,4,8,3,1,0,2,2,0
2773,6,5,9,2,4,0,1,1,2,2,0
2774,8,4,11,0,8,4,1,1,1,0,0
2775,11,4,15,2,6,0,1,1,1,2,1
2776,4,4,12,4,4,3,1,1,2,2,0
2777,11,7,9,2,8,5,1,0,1,2,0
2778,9,4,11,0,1,4,1,0,2,2,0
2779,9,6,9,2,12,0,1,1,4,2,1
2780,13,5,11,2,1,0,1,1,2,2,1
2781,7,6,1,5,12,1,1,1,1,2,0
2782,7,6,0,2,7,0,1,1,2,2,0
2783,11,0,11,2,0,0,1,1,1,2,1
2784,4,4,11,4,1,2,1,0,2,2,0
2785,4,4,7,6,1,4,1,0,1,2,0
2786,8,4,14,2,14,0,1,1,3,2,1
2787,6,4,11,2,14,0,1,1,2,2,1
2788,7,7,9,2,10,0,1,1,1,2,1
2789,7,4,9,2,4,0,1,1,2,2,0
2790,6,2,12,4,1,3,1,0,2,2,0
2791,7,4,9,4,8,3,1,1,2,2,0
2792,5,4,7,6,12,1,1,1,3,2,0
2793,8,4,14,4,10,3,0,1,2,2,0
2794,11,4,11,2,12,0,0,1,2,2,1
2795,8,4,8,2,11,0,1,1,1,2,0
2796,11,2,0,4,2,3,1,1,1,2,0
2797,8,4,11,4,12,1,1,0,2,2,0
2798,6,6,9,2,12,0,0,1,3,2,0
2799,4,4,15,4,4,3,1,1,2,2,0
2800,5,6,8,2,3,0,1,1,2,2,0
2801,6,4,12,2,12,0,1,1,2,2,1
2802,8,4,15,2,12,0,1,1,1,2,1
2803,8,4,11,4,4,1,1,0,2,2,0
2804,4,4,11,0,8,2,1,0,1,2,0
2805,4,1,11,5,7,4,1,1,2,2,0
2806,7,1,11,4,7,1,0,1,2,2,0
2807,8,4,15,2,3,0,1,1,2,2,1
2808,4,4,15,4,8,3,1,0,1,2,0
2809,4,6,5,4,3,2,1,1,2,2,0
2810,7,1,11,0,1,4,0,0,1,2,1
2811,6,4,11,2,1,0,1,1,1,2,1
2812,3,7,9,4,10,1,1,0,2,2,0
2813,4,4,11,5,1,4,0,0,1,2,0
2814,4,4,9,4,12,3,1,1,2,2,0
2815,9,4,15,0,4,4,0,0,2,2,0
2816,7,0,11,6,0,4,1,1,1,2,0
2817,6,4,12,4,1,4,1,0,2,2,0
2818,4,6,15,2,1,5,1,0,2,2,0
2819,4,2,11,4,4,3,1,1,2,2,0
2820,7,4,8,2,12,0,1,1,2,2,0
2821,9,5,7,0,4,3,1,0,2,2,0
2822,11,4,9,2,10,0,1,1,2,2,1
2823,7,4,12,5,9,4,1,0,1,2,0
2824,8,1,7,4,1,4,1,1,2,2,0
2825,8,4,12,2,10,5,1,0,2,2,1
2826,9,2,5,2,10,0,0,1,2,2,1
2827,6,4,12,4,10,2,1,1,2,2,0
2828,9,6,9,2,4,0,1,1,2,2,0
2829,5,6,13,2,8,0,1,1,2,2,1
2830,9,4,11,2,14,0,1,1,2,2,0
2831,4,4,11,4,1,3,1,0,1,2,0
2832,6,4,15,4,4,1,1,1,2,2,0
2833,6,2,15,4,10,3,0,1,1,2,0
2834,10,2,15,2,11,0,0,1,2,2,1
2835,9,4,11,0,6,1,1,1,1,2,0
2836,13,4,14,2,1,0,1,1,1,2,0
2837,11,4,15,0,7,1,1,0,2,2,0
2838,8,4,15,2,8,0,0,1,2,2,0
2839,5,4,14,2,10,0,1,1,2,1,0
2840,8,6,11,4,4,1,1,0,2,2,0
2841,7,1,12,5,10,4,1,0,1,2,0
2842,6,4,7,2,3,0,1,1,2,2,0
2843,6,0,10,2,0,0,0,1,2,2,1
2844,6,4,11,4,3,2,1,1,2,2,0
2845,6,6,8,0,13,1,1,0,2,2,1
2846,5,4,9,4,12,3,1,0,2,1,0
2847,5,5,15,4,1,3,1,1,1,2,0
2848,6,4,11,2,14,0,1,1,2,2,0
2849,7,4,2,2,14,0,1,1,2,2,0
2850,4,0,9,4,0,1,1,0,2,2,1
2851,6,4,8,1,3,1,1,1,1,2,1
2852,4,4,11,4,12,2,0,0,2,2,0
2853,9,4,15,0,1,4,1,0,2,2,0
2854,7,4,11,2,12,0,1,1,1,2,1
2855,16,4,5,6,3,1,0,1,2,2,0
2856,6,4,11,2,7,0,1,1,2,2,0
2857,10,4,15,0,1,1,1,0,2,2,0
2858,5,2,11,4,11,1,0,1,2,2,0
2859,4,4,11,4,14,3,1,1,2,2,0
2860,5,4,11,4,1,1,1,1,0,2,0
2861,5,4,15,4,8,3,1,0,1,2,0
2862,11,5,7,2,4,0,1,1,2,2,1
2863,3,4,12,4,6,3,1,1,3,2,0
2864,3,4,14,4,3,1,1,1,2,2,0
2865,3,4,9,4,13,1,1,0,2,2,0
2866,5,4,12,4,12,3,1,0,1,1,0
2867,6,4,11,4,3,3,1,1,1,0,0
2868,18,4,11,0,1,4,1,0,2,2,0
2869,6,4,11,4,8,3,0,0,2,2,0
2870,9,4,11,2,6,0,1,1,1,2,1
2871,3,4,15,4,12,4,1,1,2,2,0
2872,8,4,4,4,13,3,1,1,2,1,0
2873,5,4,11,4,1,1,1,0,2,2,0
2874,10,4,11,0,1,4,1,0,2,2,1
2875,12,2,12,2,10,0,1,1,1,2,1
2876,7,4,11,4,7,3,1,0,2,2,0
2877,11,4,11,2,5,0,1,1,2,2,0
2878,8,4,14,2,3,0,0,1,2,2,0
2879,5,5,15,2,4,0,0,1,2,2,1
2880,11,4,9,1,4,0,1,1,3,2,0
2881,4,4,1,4,3,3,1,1,2,2,0
2882,4,2,9,4,10,4,1,0,2,2,0
2883,10,4,11,2,1,5,1,0,2,2,0
2884,6,4,6,1,8,1,0,0,1,2,0
2885,12,4,11,6,14,3,1,0,2,2,0
2886,3,4,11,4,12,1,1,0,2,2,0
2887,4,4,11,4,5,1,1,1,2,2,0
2888,7,4,15,4,12,2,1,1,2,2,0
2889,10,4,11,2,3,0,1,1,2,2,0
2890,5,6,11,4,3,3,1,1,2,2,0
2891,4,7,15,5,1,4,0,0,2,2,0
2892,7,4,11,2,3,0,1,1,2,2,0
2893,6,4,9,4,13,3,1,1,2,0,0
2894,11,4,1,2,8,1,1,0,2,2,0
2895,6,4,11,4,3,1,1,1,2,2,0
2896,6,7,5,2,11,0,0,1,1,2,1
2897,10,6,13,2,12,0,1,1,4,2,1
2898,11,4,8,4,12,1,0,0,2,2,0
2899,12,6,11,2,3,0,1,1,2,2,1
2900,4,4,15,4,1,4,1,0,2,2,0
2901,9,7,12,0,1,4,1,0,2,2,0
2902,11,4,0,2,7,0,0,1,2,2,0
2903,7,5,7,2,4,0,1,1,2,2,0
2904,6,6,6,0,5,3,1,1,1,1,0
2905,11,4,11,2,1,0,1,1,1,2,0
2906,6,4,15,4,4,2,1,0,2,2,0
2907,10,4,11,2,6,0,1,1,2,2,1
2908,4,4,9,4,10,3,1,1,2,2,0
2909,9,4,15,2,3,0,1,1,2,2,0
2910,4,5,11,4,1,1,1,0,2,2,0
2911,9,5,12,0,10,4,1,1,0,2,0
2912,5,4,9,2,10,5,1,0,2,2,1
2913,9,7,11,0,11,1,1,1,2,2,0
2914,6,4,11,4,1,3,1,0,2,2,0
2915,5,4,0,2,7,3,0,0,2,2,0
2916,7,4,9,2,12,4,1,1,2,2,1
2917,10,4,2,2,14,0,0,1,3,2,0
2918,9,5,1,2,3,0,1,1,2,2,1
2919,7,4,5,2,1,5,1,0,2,2,0
2920,7,4,11,2,8,0,1,1,0,2,1
2921,6,6,11,0,12,4,1,1,2,2,0
2922,8,6,9,2,4,0,1,1,2,2,0
2923,5,4,9,4,10,1,1,0,1,2,0
2924,10,4,11,2,12,0,1,1,2,2,0
2925,3,4,11,0,3,1,1,1,2,2,1
2926,5,2,1,4,2,4,1,0,1,2,0
2927,5,4,11,2,14,0,1,1,2,1,1
2928,18,4,15,2,12,5,1,0,2,2,0
2929,4,5,15,4,4,3,1,1,2,2,0
2930,7,4,1,4,14,2,0,1,2,2,0
2931,8,4,0,4,3,1,1,1,2,2,0
2932,12,4,15,0,14,1,1,1,2,2,0
2933,11,2,9,2,11,5,0,0,2,2,1
2934,6,4,13,2,8,5,1,0,2,0,0
2935,9,4,1,2,14,0,1,1,2,2,1
2936,5,4,11,4,8,3,1,0,0,2,0
2937,8,4,0,2,8,0,1,1,1,2,0
2938,8,4,11,0,1,1,1,0,0,2,0
2939,13,4,9,0,1,4,0,0,2,2,0
2940,4,4,0,4,6,1,1,0,1,2,0
2941,5,6,11,4,8,4,0,1,2,2,0
2942,7,4,12,0,1,4,1,0,2,2,0
2943,11,4,8,2,3,0,1,1,2,2,1
2944,6,4,7,4,13,4,1,0,2,2,0
2945,8,6,15,2,13,0,1,1,2,2,1
2946,7,4,0,2,8,5,1,0,0,2,0
2947,10,4,9,2,12,0,1,1,2,2,0
2948,9,3,15,0,13,1,1,1,2,2,0
2949,8,0,10,2,0,0,1,1,2,2,0
2950,8,4,11,0,1,1,1,0,1,2,0
2951,12,4,15,0,4,1,1,1,2,2,0
2952,7,4,12,2,4,0,1,1,2,1,0
2953,8,4,12,2,5,0,1,1,3,2,0
2954,11,4,12,2,10,0,0,1,2,2,0
2955,4,4,15,2,1,5,1,0,1,2,0
2956,11,4,9,0,12,4,0,0,2,2,0
2957,7,4,11,2,3,0,1,1,2,2,1
2958,8,7,9,0,10,4,1,0,2,2,1
2959,4,4,15,5,1,1,0,1,1,2,0
2960,8,4,0,2,7,0,1,1,2,2,1
2961,9,2,8,4,10,3,1,0,4,2,0
2962,4,4,10,4,14,2,1,0,3,2,0
2963,4,4,15,6,8,4,0,0,1,2,0
2964,4,2,11,4,1,4,1,0,2,2,0
2965,8,4,15,0,12,1,1,0,4,2,0
2966,7,4,11,4,3,2,1,1,2,2,0
2967,6,4,15,2,14,0,1,1,2,1,0
2968,9,4,9,2,4,0,1,1,2,2,1
2969,10,4,11,2,7,0,0,1,2,2,0
2970,10,4,11,2,7,0,1,1,2,2,0
2971,3,4,11,4,8,1,1,0,1,2,0
2972,4,4,0,4,7,1,1,0,2,2,0
2973,10,5,15,2,1,0,1,1,2,2,1
2974,6,4,6,2,5,0,1,1,2,2,0
2975,3,5,9,4,10,3,0,0,2,2,1
2976,11,4,15,2,7,0,1,1,2,2,0
2977,5,4,9,4,4,1,1,0,2,2,0
2978,4,1,9,4,4,1,1,1,2,2,0
2979,6,4,9,2,10,0,1,1,2,2,0
2980,7,5,9,6,4,1,1,1,4,2,0
2981,3,7,9,4,10,3,1,1,2,2,0
2982,9,4,15,0,1,1,1,1,1,2,0
2983,4,7,9,4,10,1,1,1,3,2,0
2984,13,4,11,2,3,0,1,1,2,2,1
2985,4,4,11,4,5,4,1,0,2,2,0
2986,3,4,0,4,3,3,1,1,2,2,0
2987,10,7,5,2,11,0,1,1,2,2,1
2988,9,6,12,4,5,3,1,1,3,2,0
2989,10,4,15,2,8,5,0,0,1,2,1
2990,5,6,15,4,8,2,1,0,1,2,0
2991,5,4,11,0,6,1,1,1,3,4,1
2992,3,4,15,0,4,1,1,1,2,2,0
2993,7,0,15,2,0,0,1,1,2,2,0
2994,11,4,4,2,14,3,1,1,2,2,0
2995,4,4,13,4,13,3,1,0,2,2,0
2996,9,4,6,2,14,0,1,1,2,2,0
2997,8,4,11,4,6,3,0,1,2,2,0
2998,5,4,3,4,8,3,1,0,0,2,0
2999,9,7,15,2,1,0,0,1,4,2,1
3000,3,4,15,4,14,1,0,1,3,2,0
3001,12,2,12,2,10,0,1,1,3,2,1
3002,7,4,9,5,10,1,1,1,2,2,0
3003,11,4,11,2,4,0,1,1,2,2,0
3004,8,4,11,2,7,0,1,1,2,2,1
3005,5,4,9,4,10,2,1,0,2,2,0
3006,11,4,11,2,12,0,1,1,3,2,1
3007,13,3,13,0,13,4,1,0,2,2,1
3008,7,6,12,2,10,5,1,0,2,2,1
3009,4,4,15,4,1,1,1,0,2,2,0
3010,6,4,11,4,3,1,1,1,2,2,0
3011,11,6,15,2,3,0,1,1,2,2,0
3012,8,4,15,2,14,0,0,1,2,0,1
3013,8,4,8,2,3,0,1,1,2,2,0
3014,17,7,15,0,1,1,1,1,2,2,0
3015,9,4,14,2,3,0,1,1,1,2,0
3016,6,0,9,2,0,0,1,1,0,2,0
3017,6,4,11,2,4,0,1,1,4,2,1
3018,8,4,11,2,6,0,1,1,1,2,0
3019,7,4,12,2,4,0,1,1,2,2,0
3020,7,2,9,2,10,0,1,1,3,2,0
3021,5,4,11,4,5,1,1,1,2,2,0
3022,9,2,0,2,6,0,1,1,2,2,1
3023,4,4,11,4,14,3,1,1,2,2,0
3024,4,6,12,4,5,2,1,1,2,2,0
3025,12,5,8,2,3,0,1,1,2,2,1
3026,11,4,11,2,1,0,1,1,2,2,1
3027,7,2,15,0,1,4,1,0,2,2,0
3028,4,6,15,5,1,0,1,1,0,2,0
3029,8,4,11,0,6,1,1,1,2,2,0
3030,7,4,7,2,1,0,0,1,2,2,1
3031,5,4,11,4,3,3,1,1,2,2,0
3032,6,2,7,2,11,0,1,1,2,2,0
3033,4,4,11,2,3,0,1,1,2,2,0
3034,5,5,11,2,1,5,0,0,1,2,1
3035,6,4,15,0,1,3,1,0,1,2,0
3036,4,4,11,4,14,3,1,1,2,2,0
3037,12,1,11,0,1,1,0,0,2,2,0
3038,4,4,11,4,4,4,1,0,2,2,0
3039,7,4,5,2,3,0,1,1,2,2,1
3040,3,4,11,4,3,1,1,1,2,2,0
3041,8,3,3,4,8,3,1,1,1,2,0
3042,5,4,15,4,1,4,1,0,2,2,0
3043,4,5,9,4,0,3,1,1,1,1,0
3044,6,4,7,3,12,5,0,0,2,2,0
3045,8,4,11,2,6,0,1,1,3,2,0
3046,7,7,5,2,11,0,1,1,2,2,0
3047,10,4,11,2,3,0,1,1,2,2,0
3048,12,4,9,2,12,0,0,1,3,2,0
3049,10,1,11,2,14,0,1,1,1,2,0
3050,9,4,12,5,6,1,1,1,2,2,0
3051,7,4,15,5,12,1,1,1,2,0,0
3052,4,7,11,4,4,3,1,1,1,2,0
3053,7,2,11,5,1,4,1,0,2,2,0
3054,6,4,15,4,12,1,1,0,2,2,0
3055,13,4,11,2,3,0,1,1,2,2,1
3056,7,2,15,0,1,4,1,0,2,2,0
3057,9,4,15,2,3,0,1,1,2,2,0
3058,6,4,9,2,4,0,1,1,2,2,0
3059,7,4,11,2,3,0,1,1,2,1,0
3060,8,4,9,4,10,4,1,1,1,2,0
3061,7,4,11,2,14,0,1,1,1,2,0
3062,9,0,15,5,0,1,1,1,2,2,0
3063,6,0,11,4,0,1,1,0,0,2,0
3064,9,4,11,2,12,0,1,1,2,2,0
3065,11,4,11,2,1,0,0,1,2,2,0
3066,6,4,11,2,7,0,1,1,2,2,1
3067,8,4,0,2,3,0,1,1,2,0,0
3068,10,4,11,0,8,1,1,0,2,2,0
3069,7,4,11,2,14,0,1,1,2,2,1
3070,4,6,9,6,10,3,1,1,2,2,0
3071,5,4,15,4,12,1,1,0,2,0,0
3072,10,4,7,2,12,0,1,1,2,2,1
3073,4,5,11,6,5,1,1,1,2,2,0
3074,3,4,11,4,14,1,1,1,2,0,0
3075,9,4,11,0,6,4,1,1,3,2,0
3076,11,6,11,2,3,0,1,1,2,2,1
3077,11,4,11,2,3,0,1,1,2,2,1
3078,5,4,11,2,6,0,1,1,2,2,1
3079,7,1,9,2,10,0,1,1,2,2,1
3080,8,4,11,4,1,1,1,1,1,2,0
3081,10,4,11,2,6,0,1,1,2,2,0
3082,3,5,1,4,0,3,0,1,0,2,0
3083,6,5,10,0,10,1,1,0,0,2,0
3084,5,4,15,4,14,3,1,1,2,2,0
3085,9,4,9,2,1,0,1,1,2,2,0
3086,3,4,12,4,1,1,0,1,2,2,0
3087,11,4,0,2,7,0,1,1,2,2,1
3088,7,4,9,2,4,0,1,1,2,0,0
3089,3,1,9,4,4,3,1,1,3,2,1
3090,9,6,1,2,3,0,1,1,1,2,0
3091,7,4,11,2,7,0,1,1,2,2,0
3092,6,4,11,4,3,1,1,1,2,2,0
3093,5,4,11,2,3,0,0,1,2,2,0
3094,5,6,15,0,5,1,1,1,2,2,0
3095,7,4,11,4,14,3,1,1,2,2,0
3096,4,4,15,4,4,3,1,0,2,2,0
3097,10,6,11,2,3,0,1,1,2,2,1
3098,9,5,5,2,0,0,0,1,1,2,0
3099,6,4,9,2,11,0,0,1,2,2,0
3100,11,7,12,2,2,5,1,0,1,2,1
3101,4,4,8,4,12,3,1,0,2,2,0
3102,8,6,11,2,12,0,0,1,2,2,0
3103,3,4,11,4,7,1,1,1,2,2,0
3104,7,4,4,2,12,0,1,1,2,2,0
3105,5,4,11,4,8,1,1,1,1,2,0
3106,13,4,15,2,8,0,1,1,1,2,1
3107,8,1,15,2,4,0,1,1,2,0,1
3108,13,4,5,5,10,1,1,1,3,2,0
3109,4,0,10,4,0,1,1,1,1,2,0
3110,11,4,11,2,4,0,1,1,1,2,0
3111,7,4,11,2,3,0,1,1,2,2,1
3112,10,4,9,2,10,2,1,1,2,2,0
3113,7,2,12,2,1,5,1,0,2,2,1
3114,4,1,12,4,10,3,0,1,2,2,0
3115,17,2,15,6,10,4,0,0,2,2,0
3116,14,4,11,2,7,0,1,1,2,2,0
3117,9,4,11,2,3,0,1,1,2,2,1
3118,4,4,15,4,6,3,1,1,2,2,0
3119,7,4,6,2,5,0,1,1,2,2,0
3120,8,4,11,0,1,4,1,1,1,0,0
3121,17,4,15,6,14,1,1,1,2,2,0
3122,11,4,3,2,6,0,1,1,2,2,0
3123,5,4,7,4,1,1,0,0,2,2,0
3124,4,4,15,4,3,1,1,1,2,2,0
3125,4,4,11,4,7,3,1,0,2,2,0
3126,5,4,11,4,1,1,0,1,2,2,0
3127,6,4,11,0,7,2,1,1,2,2,0
3128,12,4,11,0,6,4,0,0,1,2,0
3129,5,1,10,2,10,0,1,1,2,2,0
3130,4,1,0,4,3,1,1,1,1,2,0
3131,18,4,8,2,3,0,1,1,2,2,1
3132,4,4,9,6,12,4,1,0,2,2,0
3133,3,1,15,4,10,3,0,0,2,2,0
3134,6,4,15,4,1,1,0,0,1,2,0
3135,7,4,15,2,1,0,1,1,1,2,0
3136,12,4,9,2,11,0,1,1,2,2,0
3137,7,4,11,2,1,5,1,0,2,2,0
3138,9,4,15,2,7,0,1,1,2,2,1
3139,5,4,1,2,14,0,1,1,2,2,0
3140,3,4,15,4,4,3,1,1,2,2,0
3141,8,4,7,0,12,4,1,1,2,2,1
3142,8,4,13,2,13,0,1,1,2,2,0
3143,6,4,15,2,4,0,1,1,2,2,0
3144,13,4,9,2,10,0,1,1,1,2,0
3145,9,4,15,2,10,5,1,0,1,2,0
3146,6,4,15,2,10,0,1,1,2,2,1
3147,7,4,7,0,12,1,0,1,2,2,0
3148,4,6,15,4,12,2,1,1,4,2,0
3149,8,4,15,2,10,0,1,1,2,2,0
3150,5,0,11,0,0,1,0,1,2,2,0
3151,6,7,12,2,10,0,1,1,2,2,1
3152,11,6,9,2,8,0,1,1,1,2,0
3153,8,4,9,2,12,0,1,1,3,2,0
3154,6,4,11,4,1,4,1,0,2,2,0
3155,5,4,5,6,1,1,1,0,2,2,0
3156,6,4,12,2,4,0,1,1,2,2,0
3157,13,7,15,2,10,0,1,1,2,2,0
3158,7,4,11,2,4,0,1,1,2,2,0
3159,10,4,9,0,13,2,1,0,2,2,0
3160,12,5,6,2,0,0,0,1,2,2,0
3161,6,4,15,4,1,3,1,0,2,2,0
3162,11,0,15,2,0,5,1,0,2,2,0
3163,7,4,15,4,14,3,1,1,2,2,0
3164,6,4,12,4,1,3,1,0,2,2,0
3165,9,7,15,0,1,4,0,0,2,2,0
3166,6,4,15,2,1,5,1,0,2,2,0
3167,5,4,11,2,1,5,1,0,2,2,0
3168,9,4,9,2,10,0,1,1,1,2,1
3169,6,4,3,0,14,1,1,1,1,2,0
3170,10,0,15,2,0,0,1,1,0,2,0
3171,4,1,1,4,3,3,1,1,2,2,0
3172,4,4,4,4,12,1,1,1,1,2,0
3173,8,4,11,0,1,1,0,0,2,2,0
3174,4,4,15,4,1,1,1,0,1,2,0
3175,17,4,15,6,6,1,0,1,2,2,0
3176,5,2,9,2,10,0,1,1,2,2,0
3177,7,4,11,2,8,0,0,1,2,2,1
3178,13,2,7,2,12,0,1,1,2,2,1
3179,5,4,11,2,4,0,1,1,3,2,1
3180,6,4,11,2,12,0,1,1,2,2,0
3181,4,8,15,4,8,1,1,0,2,2,0
3182,6,4,11,0,8,1,1,1,2,2,0
3183,3,0,9,4,0,3,1,1,2,2,0
3184,10,4,12,2,4,0,1,1,2,2,1
3185,5,7,9,2,1,0,1,1,2,2,1
3186,12,6,11,2,3,0,1,1,2,2,1
3187,7,4,15,6,3,4,1,0,2,2,0
3188,6,4,9,2,1,0,0,1,2,2,0
3189,6,2,14,4,10,3,1,1,2,2,0
3190,10,4,11,2,6,0,1,1,2,2,1
3191,4,4,1,4,7,1,0,0,2,2,0
3192,6,2,15,4,1,3,1,1,2,2,0
3193,4,0,11,4,0,3,1,0,0,2,0
3194,4,3,15,4,13,1,1,1,1,2,0
3195,9,4,0,2,7,0,0,1,4,2,0
3196,8,6,11,2,3,0,1,1,2,2,0
3197,12,2,15,2,10,0,1,1,1,2,0
3198,12,6,15,0,12,3,1,0,2,2,0
3199,3,6,9,4,4,3,1,0,2,2,0
3200,11,4,3,2,8,0,1,1,1,2,1
3201,5,4,1,4,7,1,1,1,2,2,0
3202,6,4,11,2,4,0,1,1,2,2,0
3203,7,4,0,2,6,0,1,1,1,2,0
3204,8,4,15,2,11,0,0,1,1,2,0
3205,9,7,9,2,10,0,1,1,2,0,0
3206,4,4,11,4,3,1,1,1,2,2,0
3207,6,4,11,4,7,1,1,1,2,2,0
3208,10,4,11,2,7,5,1,0,2,2,0
3209,9,7,15,4,1,3,1,0,2,2,0
3210,8,6,1,2,8,0,1,1,1,2,0
3211,5,4,15,4,5,1,1,0,3,3,0
3212,9,7,9,5,12,1,1,0,1,2,0
3213,6,4,8,0,4,4,1,0,2,2,0
3214,3,4,11,4,14,3,1,1,2,2,0
3215,17,4,15,6,4,4,1,1,2,2,0
3216,12,4,11,2,1,0,1,1,2,2,1
3217,5,4,15,2,7,0,1,1,2,2,1
3218,4,6,15,4,3,1,1,1,1,2,0
3219,9,4,11,2,3,0,0,1,2,2,0
3220,7,4,11,2,7,5,1,0,2,2,0
3221,7,4,9,6,13,4,1,0,0,0,0
3222,10,4,11,2,7,0,1,1,2,2,0
3223,4,4,11,4,1,1,1,0,1,2,0
3224,4,6,0,4,13,1,1,1,2,2,0
3225,7,4,9,5,10,1,0,1,1,2,0
3226,8,4,11,0,3,1,1,1,2,2,0
3227,7,2,11,2,1,0,1,1,2,2,0
3228,6,1,1,2,14,0,1,1,2,2,1
3229,6,4,11,1,1,5,1,0,2,2,1
3230,8,1,4,2,14,0,1,1,1,2,1
3231,10,2,14,2,1,5,1,0,1,2,1
3232,6,4,7,4,4,1,0,0,2,2,0
3233,4,4,15,4,8,3,1,0,1,2,0
3234,4,4,11,5,12,4,1,0,2,2,0
3235,5,0,5,4,0,3,1,0,2,2,0
3236,9,4,15,5,7,4,1,0,2,0,0
3237,8,5,15,2,5,0,1,1,2,2,0
3238,6,4,9,4,4,1,1,0,2,0,0
3239,5,4,11,2,12,5,1,0,2,2,0
3240,9,4,11,2,14,0,1,1,2,0,0
3241,6,6,11,4,8,3,0,0,1,2,0
3242,9,4,11,2,3,0,1,1,2,2,1
3243,7,4,11,4,1,1,1,0,0,2,0
3244,5,4,8,2,3,0,1,1,2,2,1
3245,11,1,8,2,12,0,1,1,2,2,0
3246,4,4,11,4,8,3,1,0,2,2,0
3247,9,4,11,2,3,0,1,1,2,2,0
3248,8,4,12,2,14,0,1,1,2,2,0
3249,12,4,11,4,3,1,1,1,1,2,0
3250,9,4,11,2,12,0,1,1,2,2,0
3251,11,4,0,2,13,0,1,1,2,2,1
3252,14,4,11,6,12,3,1,0,2,2,0
3253,8,4,11,2,14,0,1,1,2,2,1
3254,11,4,11,2,3,0,1,1,2,2,0
3255,4,4,11,6,3,1,1,1,2,2,0
3256,17,4,11,6,10,1,1,1,2,2,0
3257,5,4,15,4,12,1,0,0,1,2,0
3258,10,7,15,2,10,0,0,1,2,2,0
3259,7,4,0,5,7,4,1,0,2,2,0
3260,8,4,15,2,10,0,1,1,1,2,1
3261,5,7,10,0,10,4,1,0,2,2,0
3262,5,4,11,4,6,4,1,0,2,2,0
3263,7,0,9,5,0,1,1,0,2,2,0
3264,4,4,5,4,3,3,1,1,2,2,1
3265,3,6,9,4,10,3,1,1,1,2,0
3266,6,4,12,2,12,0,0,1,2,1,0
3267,6,4,11,2,1,0,1,1,2,2,1
3268,12,0,9,0,12,4,1,0,4,2,0
3269,6,4,11,2,3,5,0,0,2,1,0
3270,6,4,11,0,1,1,1,1,2,2,0
3271,9,4,15,2,8,0,1,1,2,2,0
3272,3,4,9,4,8,1,1,1,2,2,0
3273,5,4,0,4,8,1,0,1,2,2,0
3274,11,5,8,2,4,0,1,1,2,2,0
3275,10,6,11,2,3,0,1,1,2,2,0
3276,7,4,11,2,12,0,1,1,1,2,0
3277,9,6,13,5,8,4,1,0,2,2,0
3278,5,6,11,4,1,4,1,0,2,2,0
3279,8,7,9,2,4,0,1,1,2,2,1
3280,6,2,0,3,2,1,1,1,2,2,0
3281,10,4,0,2,8,0,1,1,2,2,1
3282,8,4,15,2,8,5,1,0,0,2,1
3283,4,2,12,6,10,1,1,1,1,2,0
3284,5,4,8,4,13,1,1,1,2,2,0
3285,6,2,11,2,11,0,0,1,2,2,0
3286,4,4,11,4,4,1,1,1,3,2,0
3287,11,4,11,2,1,5,1,0,0,2,0
3288,5,4,14,2,10,0,0,1,1,2,1
3289,10,6,12,2,5,0,1,1,2,2,0
3290,6,6,11,2,3,0,1,1,2,2,1
3291,9,4,11,0,8,1,1,0,0,2,0
3292,7,4,11,4,10,1,1,1,3,2,0
3293,9,4,11,2,3,0,1,1,2,2,1
3294,4,2,8,4,10,1,1,1,2,2,0
3295,3,4,11,4,3,1,1,1,2,2,0
3296,7,6,11,4,4,3,1,0,2,2,0
3297,8,5,9,4,4,3,1,1,2,2,0
3298,12,4,0,0,7,1,1,1,2,2,0
3299,10,4,11,2,3,0,1,1,2,2,1
3300,8,4,11,2,7,1,1,0,1,2,1
3301,8,6,11,0,8,4,1,0,2,2,0
3302,8,4,11,0,1,4,1,1,2,2,0
3303,7,4,4,2,8,0,0,1,1,2,1
3304,8,4,6,0,3,1,1,1,2,2,0
3305,8,4,11,2,7,0,1,1,2,2,0
3306,7,4,1,4,8,3,0,0,1,2,0
3307,4,4,8,4,3,1,1,1,2,2,0
3308,8,4,15,2,6,5,1,0,2,2,1
3309,6,4,8,2,3,0,1,1,2,2,1
3310,5,4,12,4,9,1,1,1,2,2,0
3311,5,4,11,4,7,3,1,0,2,2,0
3312,7,4,11,2,3,0,1,1,2,2,1
3313,9,4,8,2,12,0,1,1,4,2,0
3314,9,4,9,2,4,0,1,1,2,2,0
3315,9,4,12,2,10,0,1,1,2,2,1
3316,6,4,1,2,3,0,0,1,2,2,0
3317,6,4,14,4,1,3,1,0,2,2,0
3318,8,4,15,2,7,0,1,1,2,2,1
3319,10,4,0,2,6,0,1,1,3,2,0
3320,12,4,12,0,1,4,1,0,2,2,0
3321,6,6,8,2,12,0,1,1,0,3,1
3322,5,4,11,4,6,2,1,1,3,2,0
3323,5,2,9,4,11,1,1,1,2,2,0
3324,7,4,11,2,4,5,1,0,2,2,1
3325,5,0,11,4,0,3,1,1,0,2,1
3326,6,4,14,2,10,0,1,1,2,2,0
3327,7,4,11,2,3,0,1,1,2,2,1
3328,8,4,9,4,12,1,1,1,3,2,0
3329,4,4,11,4,1,4,0,0,2,2,0
3330,8,4,12,2,12,0,1,1,2,2,0
3331,9,6,12,2,5,0,1,1,2,2,0
3332,6,4,11,2,8,0,1,1,2,2,0
3333,7,4,9,5,12,1,1,0,0,2,0
3334,9,2,9,2,10,0,1,1,3,2,0
3335,9,4,12,2,4,0,1,1,2,2,0
3336,5,2,9,2,11,0,1,1,2,2,0
3337,11,4,15,2,12,0,0,1,1,2,1
3338,9,4,9,0,10,1,1,1,2,2,1
3339,6,4,11,0,8,1,1,1,2,2,0
3340,8,4,14,2,10,5,1,0,3,2,1
3341,12,4,11,2,6,0,1,1,3,2,0
3342,5,0,11,2,12,0,1,1,4,2,0
3343,5,4,11,4,4,2,1,0,2,2,0
3344,10,4,9,0,13,4,0,1,2,2,0
3345,4,4,15,2,3,0,1,1,2,2,0
3346,3,6,11,4,4,1,1,0,3,4,0
3347,11,0,1,2,0,0,1,1,2,2,0
3348,7,4,11,4,12,3,1,0,1,2,0
3349,4,4,11,4,3,3,1,1,1,2,0
3350,9,1,8,2,4,0,1,1,2,2,0
3351,5,4,11,4,1,4,1,1,1,2,0
3352,7,4,0,2,7,0,1,1,3,2,1
3353,3,4,0,4,7,1,0,0,2,2,0
3354,5,4,9,4,10,1,1,1,2,2,0
3355,4,4,0,4,6,3,1,1,3,2,0
3356,8,4,10,2,10,0,0,1,2,2,1
3357,3,7,11,4,8,2,0,0,2,2,0
3358,5,4,1,2,8,0,1,1,2,4,0
3359,5,4,15,4,12,4,1,0,1,2,0
3360,11,4,3,2,14,0,1,1,3,2,0
3361,6,4,11,2,14,0,0,1,1,2,0
3362,7,4,11,0,13,1,1,0,2,2,0
3363,3,4,5,4,9,1,1,1,1,2,0
3364,9,4,11,0,1,4,1,1,0,2,0
3365,7,4,15,2,3,0,1,1,3,2,1
3366,6,4,11,2,10,5,1,0,2,2,0
3367,9,4,9,5,12,1,1,1,2,2,0
3368,6,4,7,2,12,0,1,1,4,2,1
3369,8,4,11,0,8,1,1,0,2,2,0
3370,6,7,14,4,10,1,0,1,1,2,0
3371,7,4,11,2,8,5,1,0,0,2,1
3372,10,6,1,2,8,1,1,1,1,2,0
3373,6,4,9,2,12,0,1,1,2,2,0
3374,10,6,9,2,12,0,1,1,2,2,0
3375,4,4,9,4,4,2,1,1,3,2,0
3376,6,4,12,4,10,3,1,0,2,2,0
3377,7,7,8,2,4,0,0,1,2,2,1
3378,4,4,11,4,14,3,1,1,2,2,0
3379,4,1,12,4,4,1,1,1,3,2,0
3380,6,4,15,2,7,0,1,1,1,2,1
3381,8,7,9,0,4,1,1,1,2,2,0
3382,6,6,9,2,4,0,1,1,2,2,1
3383,7,4,0,2,3,0,1,1,2,2,0
3384,8,4,8,0,3,4,1,1,2,2,0
3385,9,4,11,2,7,0,1,1,2,2,1
3386,5,4,15,4,7,3,1,1,4,2,0
3387,9,4,11,0,8,4,1,0,0,2,0
3388,3,4,11,4,12,3,1,0,1,2,0
3389,3,4,11,4,1,3,0,1,1,4,0
3390,8,4,15,2,4,0,1,1,2,2,0
3391,8,2,11,0,11,1,1,0,2,2,0
3392,7,4,14,4,10,3,1,0,2,2,0
3393,3,4,11,4,3,1,1,1,2,2,0
3394,8,1,11,4,14,3,1,1,2,2,0
3395,9,0,9,5,0,4,1,1,0,2,0
3396,7,4,11,6,8,3,1,1,1,2,0
3397,6,0,11,4,0,1,1,0,1,2,0
3398,6,4,9,3,4,4,1,0,2,2,0
3399,7,4,1,2,14,0,1,1,1,2,1
3400,15,4,15,6,4,1,1,1,2,2,0
3401,7,5,9,2,4,0,1,1,2,2,1
3402,6,4,0,1,3,1,1,1,2,2,1
3403,6,4,11,4,3,1,1,1,2,2,0
3404,6,0,9,4,0,3,1,1,0,2,0
3405,10,4,11,2,3,4,1,0,1,2,0
3406,7,4,12,4,4,1,1,1,1,0,0
3407,11,4,9,4,10,3,1,0,2,2,0
3408,3,0,9,4,0,3,1,0,2,2,0
3409,6,4,11,2,3,0,1,1,2,2,0
3410,5,4,11,4,4,3,1,1,2,2,0
3411,3,4,11,4,3,1,1,1,1,2,0
3412,11,4,15,2,8,0,1,1,1,2,1
3413,4,1,9,4,4,1,1,0,4,2,0
3414,6,7,8,2,10,0,1,1,2,2,0
3415,5,4,9,4,1,3,1,1,2,2,0
3416,6,4,15,4,1,3,1,0,2,1,0
3417,8,4,15,4,11,4,0,1,2,0,0
3418,7,2,11,2,12,0,1,1,1,2,1
3419,7,4,5,2,2,0,0,1,1,2,0
3420,13,4,15,2,12,4,0,0,4,2,0
3421,11,4,2,2,8,5,0,0,2,2,0
3422,11,4,12,0,4,1,1,0,2,2,0
3423,6,4,11,4,7,1,1,0,2,2,0
3424,8,6,15,2,5,5,1,0,1,2,0
3425,4,4,11,4,8,3,1,0,1,2,0
3426,4,6,15,4,1,1,1,0,2,2,0
3427,5,4,5,4,10,3,1,1,2,2,0
3428,4,2,12,0,10,3,1,1,2,2,0
3429,7,4,0,2,8,0,1,1,1,2,1
3430,6,2,15,2,12,0,1,1,1,2,0
3431,5,4,7,4,12,1,0,0,2,2,0
3432,8,4,15,4,8,1,1,0,2,2,0
3433,8,4,11,0,12,4,0,0,1,2,0
3434,6,4,9,2,1,0,0,1,2,2,1
3435,7,4,9,2,12,0,1,1,2,0,1
3436,9,4,11,2,8,0,1,1,2,2,1
3437,6,1,7,2,12,0,1,1,1,2,1
3438,4,4,9,4,10,1,1,1,1,2,0
3439,8,4,11,5,3,3,1,1,3,2,0
3440,3,6,11,4,12,1,1,0,2,2,0
3441,9,4,15,4,12,1,1,1,1,2,0
3442,14,3,0,2,13,0,1,1,2,2,0
3443,9,4,11,2,6,0,1,1,1,2,1
3444,3,4,11,4,1,3,1,0,1,2,0
3445,10,4,7,2,3,0,0,1,2,2,0
3446,13,4,11,2,7,0,1,1,2,2,0
3447,4,4,5,4,3,3,1,1,3,2,0
3448,3,0,11,4,0,3,1,0,2,2,0
3449,12,5,15,2,1,0,1,1,2,2,0
3450,5,5,12,4,10,1,1,0,2,2,0
3451,11,6,8,2,10,0,1,1,2,2,0
3452,10,4,11,2,4,0,1,1,2,2,0
3453,6,2,9,0,4,3,1,0,2,2,0
3454,7,4,11,4,8,3,1,0,2,2,0
3455,15,6,15,2,10,0,1,1,2,2,1
3456,4,4,9,4,13,3,0,0,1,2,1
3457,4,4,12,4,10,1,0,0,3,2,0
3458,5,4,9,2,8,0,0,1,2,2,1
3459,6,4,11,2,4,0,1,1,2,2,0
3460,6,4,11,0,1,4,0,0,1,2,0
3461,4,7,5,0,11,1,0,1,1,2,0
3462,6,6,15,4,1,1,1,1,2,2,0
3463,5,4,11,4,6,1,1,1,2,2,0
3464,4,5,7,4,0,3,0,1,2,2,0
3465,4,4,11,5,8,4,0,0,2,2,0
3466,7,4,11,2,4,0,1,1,2,2,0
3467,10,4,15,2,8,0,1,1,1,2,1
3468,4,4,11,5,7,1,1,1,2,2,0
3469,10,0,1,2,0,1,1,0,2,2,0
3470,7,4,12,0,10,1,1,0,1,2,0
3471,6,4,0,4,7,3,1,0,2,2,0
3472,6,4,9,0,1,4,1,0,2,1,0
3473,12,4,11,2,3,0,1,1,2,2,1
3474,3,4,11,4,1,1,1,0,2,2,0
3475,8,4,11,4,3,3,1,1,2,2,0
3476,8,4,9,4,10,1,1,0,2,2,0
3477,3,6,6,4,5,1,1,1,1,2,0
3478,8,4,8,4,7,1,1,0,2,2,0
3479,6,4,9,2,4,0,1,1,3,2,0
3480,3,4,9,4,10,3,0,1,2,2,0
3481,9,2,11,2,11,0,0,1,1,2,0
3482,10,4,11,2,3,0,1,1,2,2,1
3483,10,4,11,2,12,0,1,1,1,2,0
3484,3,5,15,4,3,3,1,1,2,0,1
3485,9,4,15,2,3,0,1,1,1,2,0
3486,4,6,5,4,3,3,0,0,3,2,0
3487,4,5,12,4,4,1,1,0,2,2,0
3488,8,4,11,6,8,1,1,0,1,2,0
3489,10,4,15,0,10,1,0,1,2,2,0
3490,6,4,1,3,8,1,0,0,2,2,0
3491,3,7,15,4,4,3,1,1,2,2,0
3492,12,4,15,2,4,0,1,1,3,2,0
3493,8,4,15,5,4,1,1,1,2,2,0
3494,5,4,6,4,3,3,0,0,2,2,0
3495,8,4,14,5,10,4,1,0,2,2,0
3496,8,2,9,2,10,0,1,1,2,2,0
3497,4,4,9,4,13,4,1,0,1,2,0
3498,6,7,15,2,1,0,1,1,1,2,1
3499,4,4,4,4,12,3,1,1,4,2,0
3500,4,6,9,2,13,0,1,1,2,2,0
3501,6,4,11,4,3,1,1,1,2,2,0
3502,5,4,9,2,7,0,0,1,2,2,1
3503,13,4,9,2,13,0,1,1,2,2,0
3504,4,1,5,4,3,3,1,1,2,2,0
3505,7,4,11,4,8,3,1,1,0,0,0
3506,9,7,12,2,10,0,1,1,2,2,1
3507,4,6,9,5,8,1,1,0,1,2,0
3508,6,4,11,2,4,0,1,1,2,2,0
3509,9,4,9,0,10,1,1,1,2,2,0
3510,10,4,15,2,2,0,1,1,1,2,0
3511,4,0,11,4,0,3,1,0,1,2,0
3512,6,4,11,2,6,0,0,1,1,2,0
3513,6,6,7,4,12,2,1,1,0,2,0
3514,11,4,0,2,7,0,1,1,2,2,0
3515,9,4,13,4,14,3,0,1,1,2,0
3516,9,4,11,5,7,4,1,0,2,2,0
3517,7,6,15,2,12,5,1,0,1,2,1
3518,9,4,9,2,12,0,1,1,1,2,0
3519,7,4,11,4,7,1,1,1,2,2,0
3520,4,4,1,4,12,1,1,1,2,2,0
3521,9,4,12,2,4,0,1,1,1,2,1
3522,8,4,8,2,12,5,1,0,2,2,0
3523,8,7,15,0,11,1,0,1,2,2,0
3524,3,6,11,4,3,1,1,1,2,2,0
3525,9,4,15,2,4,0,1,1,2,2,0
3526,7,7,9,2,11,0,1,1,1,0,0
3527,5,4,9,4,13,3,1,0,2,2,0
3528,9,6,15,2,3,0,1,1,2,2,0
3529,4,4,11,6,1,1,1,0,2,2,0
3530,6,4,11,2,1,0,0,1,2,2,1
3531,4,4,9,4,12,3,1,1,2,2,0
3532,8,4,9,2,10,0,1,1,2,2,0
3533,5,2,15,4,11,1,1,1,2,2,0
3534,9,4,11,2,8,0,1,1,2,2,1
3535,6,7,15,4,1,1,1,0,2,2,0
3536,6,4,11,3,1,5,0,0,2,2,0
3537,4,4,3,4,13,1,1,0,2,2,0
3538,6,4,15,4,3,1,0,1,1,0,0
3539,10,2,11,2,6,0,1,1,3,2,1
3540,6,2,9,0,1,1,0,0,2,2,0
3541,8,1,11,2,14,0,0,1,1,2,1
3542,7,0,9,4,0,3,1,1,1,2,0
3543,4,4,11,4,3,1,1,0,2,2,0
3544,8,4,15,2,12,0,1,1,3,2,1
3545,3,4,11,4,8,3,1,1,2,2,0
3546,7,4,9,5,6,1,1,1,2,2,0
3547,7,4,9,4,13,4,1,0,1,2,0
3548,9,4,15,2,1,4,1,0,2,2,1
3549,5,4,9,2,10,0,1,1,3,2,1
3550,5,4,8,2,6,0,0,1,2,2,1
3551,12,2,11,2,6,0,1,1,1,2,1
3552,6,4,15,2,12,0,0,1,2,2,0
3553,7,6,1,4,12,3,1,1,4,2,0
3554,4,4,15,4,13,1,1,0,0,2,1
3555,7,4,15,0,5,3,1,1,2,2,0
3556,9,0,15,2,0,0,1,1,2,2,0
3557,8,4,15,2,3,0,1,1,2,2,0
3558,6,4,9,2,4,5,1,0,3,2,1
3559,17,6,15,2,3,0,1,1,2,2,1
3560,6,4,11,2,7,0,1,1,2,2,1
3561,8,2,15,2,11,0,1,1,2,2,1
3562,10,6,15,2,3,0,0,1,2,2,1
3563,9,7,9,2,11,0,1,1,1,2,1
3564,3,2,9,4,6,2,1,1,2,2,0
3565,7,4,11,4,1,1,1,0,2,2,0
3566,3,7,11,4,1,1,0,0,2,2,0
3567,6,6,11,4,5,1,1,1,1,2,0
3568,5,4,14,2,10,0,1,1,2,2,1
3569,6,4,15,2,6,0,1,1,2,2,0
3570,6,2,11,2,11,0,0,1,2,2,1
3571,6,2,11,2,6,0,1,1,2,2,0
3572,9,4,11,2,1,0,1,1,2,2,1
3573,4,4,11,4,7,1,1,0,2,2,0
3574,4,4,11,4,14,3,1,1,2,2,0
3575,8,4,13,2,12,0,1,1,2,2,1
3576,5,4,11,4,12,3,1,1,2,2,0
3577,8,4,15,2,1,0,1,1,2,2,0
3578,10,4,11,2,7,0,1,1,2,2,0
3579,8,4,15,4,3,1,1,1,2,2,0
3580,11,4,11,2,14,0,1,1,2,2,1
3581,8,6,12,2,10,0,1,1,2,2,0
3582,4,4,15,4,8,1,1,0,0,2,0
3583,8,4,15,2,4,5,1,0,2,2,0
3584,5,4,15,2,8,0,1,1,0,2,0
3585,6,4,9,4,4,3,0,1,2,2,0
3586,8,4,15,2,4,0,1,1,1,2,1
3587,7,1,1,2,14,0,1,1,2,2,1
3588,11,4,7,2,1,0,1,1,1,2,0
3589,11,7,15,2,12,0,1,1,2,2,0
3590,10,4,11,2,8,5,0,0,1,2,1
3591,7,4,11,0,1,3,1,0,2,2,0
3592,5,4,11,2,14,0,1,1,2,2,0
3593,6,4,9,4,13,2,1,0,2,2,0
3594,8,4,11,2,8,0,1,1,0,2,1
3595,5,4,14,2,10,5,1,0,3,2,0
3596,3,4,11,4,3,3,1,0,1,4,0
3597,5,4,9,2,13,0,1,1,2,2,0
3598,10,4,9,2,4,0,1,1,2,2,1
3599,6,6,11,2,3,0,1,1,2,2,1
3600,5,4,11,4,4,3,1,0,3,1,0
3601,6,2,9,4,4,1,1,0,2,2,0
3602,6,4,6,2,5,0,1,1,2,2,1
3603,7,4,9,2,8,0,1,1,1,2,0
3604,13,4,11,0,8,1,1,0,1,2,0
3605,7,4,9,2,4,0,1,1,2,2,1
3606,10,7,11,6,10,1,1,1,2,2,0
3607,9,5,11,0,1,1,1,0,2,2,0
3608,4,4,11,4,8,1,0,1,2,2,0
3609,8,0,9,0,0,1,1,1,1,2,0
3610,9,4,9,0,4,3,1,1,3,0,0
3611,8,5,6,0,0,1,1,1,2,2,0
3612,7,6,9,2,4,0,1,1,2,2,1
3613,8,4,11,2,3,0,1,1,2,2,1
3614,4,4,11,4,3,3,1,1,2,2,0
3615,4,4,9,4,4,1,1,1,2,2,0
3616,12,4,0,2,3,0,1,1,2,2,1
3617,8,4,15,0,10,4,1,0,2,2,0
3618,9,6,11,4,4,3,0,1,2,2,0
3619,5,4,6,4,5,3,1,1,2,2,0
3620,12,6,15,2,8,0,1,1,4,2,0
3621,8,4,6,0,3,1,1,1,2,2,0
3622,4,6,12,2,10,0,1,1,2,2,1
3623,5,4,11,2,8,0,1,1,1,2,0
3624,10,4,11,0,5,3,1,1,2,2,0
3625,8,4,3,2,6,0,1,1,1,2,1
3626,5,4,0,0,7,1,1,1,2,2,0
3627,7,4,5,2,3,0,1,1,2,2,0
3628,4,4,9,4,1,3,1,0,2,2,0
3629,7,4,9,2,12,0,0,1,2,2,0
3630,8,4,11,4,1,3,1,0,2,0,0
3631,5,4,7,2,12,0,1,1,1,2,0
3632,12,1,12,2,4,0,1,1,2,2,0
3633,5,4,11,4,4,1,1,1,4,2,1
3634,4,4,11,4,1,2,0,0,2,2,0
3635,7,4,13,2,8,4,0,0,1,2,0
3636,9,4,1,2,14,0,1,1,2,2,0
3637,8,4,11,2,3,0,1,1,2,0,0
3638,3,4,15,4,6,1,1,1,3,2,0
3639,5,4,11,4,1,4,1,0,2,2,0
3640,3,6,7,4,5,3,1,0,2,2,0
3641,13,4,10,2,10,0,1,1,2,2,1
3642,5,4,10,2,10,0,1,1,2,2,0
3643,7,4,15,2,3,0,1,1,2,2,1
3644,6,4,11,4,8,1,1,1,0,2,0
3645,6,4,9,2,4,0,1,1,2,2,1
3646,10,4,11,2,14,0,1,1,2,2,0
3647,4,6,15,4,12,4,1,0,1,2,0
3648,8,4,12,4,10,1,1,0,2,2,0
3649,9,4,11,2,1,0,1,1,0,2,0
3650,3,4,10,4,10,1,1,0,1,2,0
3651,7,6,15,2,12,0,1,1,2,2,0
3652,6,4,15,0,1,1,1,0,2,2,0
3653,3,4,11,4,4,1,1,1,2,2,0
3654,9,4,15,0,12,1,1,1,2,2,0
3655,5,4,11,4,1,2,1,0,2,2,0
3656,6,1,15,2,4,0,1,1,2,2,0
3657,8,4,5,2,10,5,1,0,2,2,1
3658,12,0,11,2,0,0,1,1,1,2,1
3659,9,2,0,4,6,1,0,1,2,2,0
3660,6,0,9,0,0,1,0,0,2,2,0
3661,3,4,8,4,3,1,1,1,2,2,0
3662,4,6,0,4,7,1,1,0,2,2,0
3663,7,4,0,2,6,0,1,1,3,2,0
3664,4,4,15,2,12,0,1,1,3,2,1
3665,8,4,12,0,10,1,1,0,3,2,0
3666,5,4,3,4,14,3,1,1,2,2,0
3667,4,4,11,4,10,3,1,0,2,2,0
3668,9,2,9,2,10,0,1,1,2,2,1
3669,3,6,11,4,10,1,1,1,2,2,0
3670,6,0,10,3,0,4,0,0,0,2,0
3671,7,4,9,2,12,0,1,1,2,2,1
3672,4,7,15,4,2,1,1,0,2,2,0
3673,8,0,10,2,0,0,1,1,1,2,1
3674,3,4,5,4,3,3,1,1,2,2,0
3675,5,4,12,2,10,0,1,1,2,2,0
3676,7,6,15,0,4,1,1,0,2,2,0
3677,8,4,15,2,3,0,1,1,2,2,0
3678,9,4,11,2,3,0,1,1,2,2,1
3679,7,0,5,0,0,2,1,0,2,2,0
3680,7,4,9,0,12,1,1,1,2,2,0
3681,10,4,15,6,12,3,0,0,2,2,0
3682,3,4,15,4,8,3,1,0,2,2,0
3683,4,4,15,4,1,3,1,0,1,2,1
3684,5,4,11,2,7,0,1,1,2,2,0
3685,7,6,15,2,4,0,1,1,2,0,1
3686,5,4,9,4,10,1,1,0,2,1,0
3687,8,7,9,2,10,0,1,1,2,2,0
3688,7,4,12,2,10,0,0,1,2,2,1
3689,3,2,11,4,1,4,1,0,2,2,0
3690,7,4,14,2,10,5,1,0,3,2,0
3691,8,4,10,0,10,4,1,0,1,2,0
3692,7,4,8,2,6,0,1,1,2,2,1
3693,8,4,11,2,3,0,1,1,2,0,1
3694,4,4,8,5,14,4,1,1,2,2,0
3695,6,4,12,2,6,0,1,1,2,2,0
3696,9,4,9,5,12,1,1,1,2,2,0
3697,5,4,9,4,10,3,1,0,2,2,0
3698,4,4,11,4,3,1,1,1,2,2,0
3699,9,4,11,5,3,1,1,1,2,2,0
3700,4,6,5,4,10,3,1,0,2,2,0
3701,9,4,15,2,12,0,1,1,4,2,0
3702,5,6,11,4,3,3,1,1,2,2,0
3703,5,4,11,2,7,0,1,1,2,2,1
3704,7,4,15,4,8,1,1,0,2,2,0
3705,10,4,11,2,6,0,1,1,3,2,1
3706,4,4,11,4,12,2,1,0,1,2,0
3707,7,4,9,2,12,0,1,1,1,2,1
3708,4,2,11,6,1,1,1,0,2,2,0
3709,7,4,11,5,8,4,1,0,2,2,0
3710,8,1,15,2,12,0,0,1,2,0,0
3711,7,4,11,2,3,0,1,1,2,2,1
3712,7,4,11,2,10,0,1,1,0,2,1
3713,7,4,15,2,12,5,1,0,2,2,0
3714,10,1,15,2,14,0,1,1,2,2,0
3715,7,4,7,2,7,0,1,1,2,2,0
3716,11,4,15,2,4,0,1,1,2,2,1
3717,4,4,12,2,6,1,1,1,3,2,1
3718,16,4,11,6,7,3,1,0,2,2,0
3719,6,1,15,0,1,4,1,0,1,2,1
3720,6,6,9,4,12,1,0,1,2,2,0
3721,5,2,5,4,10,1,1,0,1,2,0
3722,5,4,11,2,1,0,1,1,2,2,1
3723,9,4,9,2,10,0,1,1,2,2,1
3724,6,4,0,4,3,3,1,1,0,2,0
3725,9,2,11,2,4,0,1,1,3,2,0
3726,7,4,15,0,1,1,1,1,1,2,0
3727,8,4,11,4,7,3,0,0,2,2,0
3728,4,4,14,4,10,3,1,0,2,2,0
3729,8,4,15,2,11,0,1,1,2,0,1
3730,14,4,9,0,4,2,1,1,2,2,0
3731,10,4,11,0,1,4,0,0,2,2,0
3732,3,7,11,4,10,3,1,1,0,2,0
3733,4,4,5,2,3,0,1,1,2,2,0
3734,9,4,4,2,8,0,1,1,2,2,0
3735,5,4,12,4,4,1,1,0,2,2,0
3736,6,4,14,2,14,0,1,1,2,2,1
3737,18,4,11,2,4,0,0,1,2,2,1
3738,5,4,15,4,8,1,1,0,2,2,0
3739,8,7,10,2,10,5,1,0,2,2,0
3740,4,4,11,4,3,3,1,1,2,2,0
3741,10,4,15,2,7,0,1,1,2,2,1
3742,4,2,12,4,4,1,1,0,2,2,0
3743,7,5,11,0,1,4,1,1,1,2,0
3744,4,4,11,4,4,3,1,0,2,2,0
3745,10,4,15,2,1,0,1,1,2,2,0
3746,6,4,15,4,12,2,1,0,2,0,0
3747,10,4,11,2,11,0,1,1,2,2,0
3748,6,4,1,2,13,0,1,1,2,2,1
3749,8,4,11,2,6,0,0,1,2,2,0
3750,6,4,9,2,4,0,1,1,3,2,0
3751,5,4,11,4,10,1,1,0,2,4,0
3752,5,4,11,2,3,0,1,1,2,2,0
3753,8,5,1,2,2,0,1,1,1,2,0
3754,6,4,14,2,10,0,0,1,1,2,0
3755,9,4,11,5,1,4,0,1,0,2,0
3756,8,4,11,2,14,0,1,1,2,2,1
3757,3,6,15,4,12,3,0,1,2,2,0
3758,12,4,8,2,4,0,1,1,2,2,0
3759,8,4,11,0,14,1,1,1,0,2,0
3760,3,4,15,4,7,4,1,1,2,3,0
3761,8,6,1,2,3,0,1,1,2,2,1
3762,10,4,0,2,6,0,0,1,2,2,1
3763,4,4,15,4,8,1,1,1,1,2,0
3764,13,4,9,2,10,0,1,1,3,2,0
3765,3,4,11,4,8,4,1,0,2,2,0
3766,7,0,9,4,0,1,1,1,0,2,0
3767,4,4,11,4,5,1,1,1,1,2,0
3768,5,4,12,4,9,4,1,0,2,2,0
3769,11,7,15,6,8,4,1,0,2,2,0
3770,12,6,11,4,8,3,1,1,2,2,0
3771,4,6,11,4,3,1,1,1,2,4,0
3772,7,4,3,2,13,0,0,1,2,1,0
3773,10,4,11,2,6,0,0,1,2,2,1
3774,3,4,7,4,11,3,1,1,2,3,1
3775,6,4,9,4,1,3,1,1,1,2,0
3776,3,4,11,4,3,1,1,1,2,2,1
3777,7,4,8,3,4,5,1,0,2,2,1
3778,12,4,1,2,12,0,1,1,3,2,1
3779,7,1,11,5,4,1,1,0,2,2,0
3780,9,4,15,0,8,1,1,0,0,0,0
3781,4,4,11,4,1,3,1,1,2,2,0
3782,3,6,10,4,10,1,1,0,2,2,0
3783,9,7,15,2,8,5,1,0,1,2,1
3784,16,4,10,0,10,1,1,1,1,2,0
3785,4,7,9,4,10,3,1,0,1,2,0
3786,8,4,15,3,1,5,1,0,0,2,1
3787,9,4,11,5,1,1,1,0,0,2,0
3788,5,4,9,2,7,4,1,0,2,2,0
3789,14,0,11,0,0,1,1,0,2,2,0
3790,7,4,9,2,13,0,1,1,2,2,0
3791,7,4,11,2,14,0,1,1,2,2,1
3792,7,4,11,5,4,1,0,0,2,2,0
3793,10,4,11,2,14,0,1,1,2,2,0
3794,8,6,15,0,8,4,1,0,2,2,0
3795,4,4,15,4,8,1,1,0,1,2,0
3796,6,4,15,2,12,0,1,1,1,2,1
3797,6,4,9,4,13,4,1,0,2,2,1
3798,10,4,11,2,10,0,1,1,2,2,1
3799,7,4,9,5,1,1,1,0,0,2,0
3800,8,4,11,0,1,1,1,0,1,2,0
3801,7,4,15,2,3,0,1,1,2,2,1
3802,6,4,11,2,6,0,0,1,3,2,1
3803,6,4,1,0,12,3,1,1,1,2,0
3804,7,4,11,2,3,0,0,1,2,2,1
3805,5,0,4,4,6,4,1,1,2,1,0
3806,7,6,9,4,12,3,1,1,4,2,0
3807,7,4,11,0,1,1,1,0,2,2,0
3808,11,4,11,0,1,1,0,0,2,2,0
3809,9,4,11,0,8,1,1,0,2,2,0
3810,4,4,11,4,1,1,0,0,2,2,0
3811,4,4,15,4,4,1,1,1,2,2,0
3812,10,4,0,0,8,1,1,1,2,2,0
3813,8,4,15,2,1,5,1,0,1,0,0
3814,5,2,5,4,11,3,0,0,2,2,0
3815,4,4,15,4,1,1,0,0,1,2,0
3816,8,4,15,5,8,1,1,0,1,2,0
3817,6,7,15,2,1,5,0,0,2,2,1
3818,6,4,15,3,12,4,1,1,2,2,0
3819,10,4,5,2,11,0,0,1,2,2,0
3820,11,4,11,2,1,0,1,1,2,2,0
3821,10,6,7,0,13,1,1,1,2,2,0
3822,10,4,15,6,3,0,1,1,2,3,0
3823,3,4,15,4,8,2,1,0,2,2,0
3824,5,4,15,4,7,1,1,1,2,2,0
3825,7,6,9,0,12,1,1,0,2,2,0
3826,6,5,9,4,0,4,1,0,2,2,0
3827,5,2,8,2,4,0,1,1,2,2,0
3828,8,4,12,2,10,0,1,1,2,2,1
3829,9,4,14,2,10,0,1,1,3,2,1
3830,4,4,9,4,8,3,0,0,2,2,0
3831,5,4,12,4,6,3,1,1,2,2,0
3832,4,4,0,4,7,3,1,0,2,2,0
3833,9,4,9,2,13,0,1,1,2,2,0
3834,8,2,9,4,10,1,1,1,1,2,0
3835,10,4,11,6,3,1,1,1,2,2,0
3836,7,4,11,2,7,0,1,1,2,2,1
3837,17,2,15,2,6,0,1,1,2,2,1
3838,9,2,9,2,10,0,1,1,3,2,0
3839,9,4,14,2,3,0,1,1,2,2,0
3840,10,4,11,2,3,0,1,1,1,2,0
3841,7,4,15,2,12,0,1,1,2,2,1
3842,7,1,9,2,10,0,1,1,1,2,0
3843,6,4,9,2,7,0,1,1,2,2,1
3844,6,4,15,2,8,0,1,1,2,2,1
3845,4,5,10,4,0,3,1,0,2,2,0
3846,7,0,9,2,0,5,1,0,2,2,1
3847,4,4,15,4,3,1,1,1,2,2,0
3848,6,4,9,4,10,1,1,0,1,2,0
3849,9,3,8,0,13,4,1,0,1,2,0
3850,7,6,11,5,1,4,1,0,2,2,0
3851,10,4,11,2,1,5,1,0,1,2,1
3852,10,4,11,0,14,1,1,1,2,2,0
3853,6,4,9,2,4,0,1,1,2,2,0
3854,4,4,9,4,4,3,1,0,2,2,0
3855,4,6,11,4,4,4,1,0,2,2,0
3856,7,7,12,0,10,4,1,1,2,0,0
3857,7,4,15,0,4,3,1,1,2,2,0
3858,11,4,11,2,7,0,0,1,2,2,0
3859,12,4,11,2,12,0,1,1,2,2,1
3860,9,1,11,0,1,4,1,0,2,2,0
3861,7,4,10,0,10,4,1,0,2,2,0
3862,10,4,12,2,12,0,1,1,2,2,0
3863,4,2,11,4,1,2,1,0,1,2,0
3864,8,4,15,0,1,4,1,0,1,2,0
3865,5,4,11,4,3,3,1,0,2,2,1
3866,3,4,15,4,4,1,1,0,2,2,0
3867,4,4,15,4,8,1,1,0,1,2,0
3868,13,4,15,2,14,0,1,1,2,2,0
3869,10,4,11,2,12,0,1,1,2,2,1
3870,11,2,9,2,10,0,1,1,2,2,0
3871,13,2,11,6,11,1,1,1,2,2,0
3872,10,4,11,2,8,4,1,1,1,2,1
3873,15,4,15,2,7,0,1,1,2,2,0
3874,7,4,15,0,12,4,1,1,2,2,0
3875,5,7,15,2,10,0,1,1,2,2,1
3876,10,8,9,2,13,0,1,1,2,2,1
3877,18,4,7,0,13,3,1,0,1,2,0
3878,6,2,11,0,1,2,1,0,2,2,0
3879,8,4,15,2,8,0,1,1,0,2,0
3880,8,6,7,5,12,1,1,1,2,2,0
3881,4,4,12,4,5,3,1,0,2,2,0
3882,7,5,11,2,1,0,1,1,2,2,0
3883,9,4,15,0,4,1,1,0,1,2,0
3884,11,0,11,3,0,1,1,0,1,2,1
3885,9,4,12,2,14,0,1,1,3,2,1
3886,7,4,8,2,3,0,1,1,3,2,1
3887,8,4,15,1,1,5,1,0,2,2,0
3888,6,4,9,2,4,0,1,1,2,2,1
3889,4,4,15,0,4,1,1,1,3,2,0
3890,9,4,15,2,8,0,1,1,1,2,1
3891,7,5,0,2,7,5,1,0,2,2,1
3892,6,4,9,2,4,0,1,1,2,2,1
3893,7,4,11,1,1,4,1,0,2,2,0
3894,8,4,11,0,7,1,0,1,2,2,1
3895,4,7,11,6,1,4,0,0,2,2,0
3896,9,4,9,2,10,0,1,1,2,0,0
3897,7,4,15,5,12,4,1,0,2,2,0
3898,14,6,11,2,3,0,1,1,2,2,0
3899,11,4,11,2,4,0,0,1,2,2,1
3900,8,6,11,2,3,0,1,1,2,2,1
3901,4,4,7,4,7,1,1,1,2,2,0
3902,10,4,9,2,4,0,1,1,2,2,0
3903,4,4,9,2,12,0,1,1,1,2,1
3904,7,4,11,4,1,1,1,0,2,2,1
3905,8,4,11,2,1,4,1,0,2,2,1
3906,13,4,15,5,8,1,1,0,0,2,0
3907,7,4,11,2,7,0,1,1,2,2,0
3908,8,7,11,0,1,4,1,0,2,2,0
3909,18,4,15,0,12,4,1,0,2,2,0
3910,8,6,0,2,8,0,1,1,2,2,0
3911,6,4,15,0,12,4,0,0,2,2,0
3912,4,1,11,4,7,3,1,1,2,2,0
3913,7,4,9,5,13,1,1,1,2,2,0
3914,7,4,9,4,4,3,1,0,2,2,0
3915,9,4,11,2,1,0,1,1,1,2,1
3916,4,4,15,4,8,1,0,1,1,2,0
3917,5,4,11,4,1,3,1,0,2,2,0
3918,6,4,0,4,8,1,0,0,2,2,0
3919,3,6,11,4,3,3,1,1,2,2,0
3920,7,4,11,0,3,4,1,1,2,2,0
3921,11,4,11,1,12,5,1,0,2,2,1
3922,8,4,9,0,4,1,1,1,3,2,0
3923,5,4,9,2,10,0,1,1,1,2,1
3924,4,4,11,4,14,1,1,1,3,2,0
3925,10,4,15,0,8,1,1,0,2,2,1
3926,7,6,11,5,4,4,0,0,3,2,0
3927,9,4,11,4,11,3,0,1,2,2,0
3928,3,4,1,4,8,1,1,0,2,2,0
3929,5,4,15,2,13,5,1,0,2,2,0
3930,3,4,15,4,14,1,1,1,2,2,0
3931,9,0,9,4,0,1,0,0,2,2,0
3932,6,4,15,2,8,0,1,1,2,2,0
3933,10,4,11,2,4,5,1,0,2,2,1
3934,6,4,15,0,8,1,1,0,2,2,1
3935,6,4,11,2,14,0,1,1,1,2,1
3936,6,4,11,0,3,1,1,1,2,2,0
3937,12,4,11,2,12,0,1,1,2,2,1
3938,4,4,8,5,12,4,1,0,4,2,0
3939,8,6,15,2,3,0,1,1,2,2,0
3940,3,6,9,4,1,1,1,1,2,2,0
3941,10,4,11,2,1,5,1,0,1,2,1
3942,4,4,0,4,7,1,1,0,2,4,0
3943,10,4,9,2,4,0,1,1,2,2,0
3944,10,0,15,0,0,4,1,0,0,2,1
3945,6,0,5,2,0,0,1,1,0,2,1
3946,8,4,15,2,10,0,1,1,2,0,1
3947,4,7,15,4,4,3,1,1,2,2,0
3948,3,7,5,4,1,2,1,1,2,2,0
3949,6,4,14,4,14,3,1,1,1,2,0
3950,8,5,11,0,1,1,0,0,2,2,0
3951,5,2,7,0,4,1,1,0,2,2,0
3952,7,4,1,2,12,0,1,1,2,2,0
3953,6,4,11,2,4,0,1,1,2,2,1
3954,5,5,15,4,4,1,1,1,2,2,0
3955,10,4,13,6,14,1,1,1,2,2,0
3956,5,6,5,4,3,1,1,1,2,2,0
3957,4,4,11,4,3,3,1,1,2,2,0
3958,11,4,11,2,7,0,1,1,2,2,0
3959,11,4,15,2,12,0,1,1,1,2,1
3960,12,4,12,6,10,4,1,1,2,2,0
3961,6,7,9,1,10,5,1,0,2,2,0
3962,5,4,15,2,4,0,1,1,2,2,1
3963,6,4,11,2,1,0,1,1,1,2,1
3964,4,2,15,4,1,1,1,0,2,2,0
3965,3,4,11,4,6,3,0,1,2,2,0
3966,12,2,9,2,10,0,0,1,3,2,0
3967,4,7,9,4,10,1,1,1,2,2,0
3968,5,4,11,2,6,0,1,1,2,1,1
3969,12,2,15,2,8,0,1,1,2,2,0
3970,9,4,9,0,4,4,1,0,2,2,0
3971,8,4,15,2,3,0,1,1,2,2,1
3972,7,4,15,2,5,0,1,1,2,2,0
3973,5,6,0,2,8,2,0,0,0,2,1
3974,7,4,11,2,3,0,1,1,2,2,0
3975,10,4,9,2,4,0,1,1,2,2,0
3976,5,4,9,4,12,2,1,1,4,2,0
3977,6,4,11,0,8,1,1,0,2,2,1
3978,8,4,11,2,6,0,0,1,3,2,0
3979,11,4,11,2,14,0,1,1,2,2,1
3980,12,6,6,2,3,0,0,1,2,2,0
3981,10,7,9,2,4,0,0,1,2,2,0
3982,8,4,9,2,1,0,0,1,1,2,1
3983,9,4,11,2,6,0,1,1,2,2,0
3984,12,6,14,2,10,0,1,1,0,2,0
3985,8,4,11,0,3,1,0,1,2,2,0
3986,9,4,5,2,11,0,1,1,2,2,0
3987,8,4,11,0,1,4,1,0,4,2,0
3988,4,4,15,4,14,1,1,1,1,2,1
3989,6,4,15,0,10,3,1,0,1,2,0
3990,3,4,15,4,1,1,1,1,2,2,0
3991,7,1,11,2,3,0,1,1,2,0,0
3992,8,4,9,2,10,0,1,1,2,2,0
3993,4,1,11,4,14,3,1,1,2,2,0
3994,5,1,11,4,3,1,1,1,1,2,0
3995,3,4,11,4,7,3,1,1,2,2,0
3996,7,4,9,4,1,1,1,0,2,2,0
3997,7,4,11,5,4,0,1,1,1,2,0
3998,6,3,15,4,13,3,1,1,2,2,0
3999,8,4,15,2,8,0,1,1,1,2,1
4000,4,4,11,4,8,3,1,0,1,2,0
4001,11,4,11,2,7,0,1,1,2,2,1
4002,5,6,7,4,8,4,1,0,2,2,0
4003,13,4,15,0,8,1,0,1,2,2,0
4004,5,4,11,4,1,1,0,0,1,2,0
4005,5,6,9,4,12,1,1,1,3,1,0
4006,9,4,11,2,14,0,1,1,2,2,0
4007,7,4,12,0,6,1,1,1,2,2,0
4008,7,2,15,4,1,2,1,0,1,2,0
4009,8,4,9,2,6,0,1,1,2,2,0
4010,6,1,1,2,7,5,1,0,2,2,0
4011,5,4,15,4,1,3,1,1,2,2,0
4012,16,7,7,0,11,1,1,1,2,2,0
4013,12,6,5,2,10,2,1,1,1,2,0
4014,16,4,9,6,8,1,1,1,2,2,0
4015,5,4,11,2,8,0,1,1,1,2,1
4016,10,4,1,2,14,0,1,1,1,2,0
4017,9,1,10,4,10,4,1,0,2,2,0
4018,4,2,11,4,12,4,1,1,2,2,0
4019,3,4,9,4,12,1,1,1,4,2,0
4020,6,4,15,4,13,2,1,0,2,2,0
4021,9,7,9,2,1,5,1,0,2,1,0
4022,5,4,0,2,3,0,1,1,1,2,0
4023,3,6,11,4,12,1,1,1,2,2,0
4024,9,0,6,0,0,1,1,0,2,2,0
4025,4,4,15,4,12,1,1,0,3,2,1
4026,7,4,7,2,1,5,0,0,1,2,0
4027,9,6,15,2,3,0,1,1,2,0,1
4028,8,4,11,0,3,1,1,1,2,2,0
4029,10,4,11,2,3,0,1,1,2,2,1
4030,10,4,6,0,5,1,1,1,2,2,1
4031,11,4,15,0,14,1,1,1,2,2,0
4032,11,4,11,2,10,0,1,1,1,2,0
4033,5,4,14,4,14,4,1,1,2,2,0
4034,4,4,10,4,10,1,1,0,2,2,0
4035,5,4,9,0,8,1,1,0,1,2,0
4036,4,6,11,4,5,1,1,0,3,2,0
4037,12,4,15,2,3,0,1,1,1,2,0
4038,6,4,4,2,14,0,1,1,2,0,0
4039,11,0,11,2,0,0,1,1,1,2,1
4040,9,4,15,0,1,1,1,0,2,2,0
4041,7,4,15,2,13,0,1,1,0,2,1
4042,6,5,11,1,5,5,1,0,3,2,0
4043,9,4,9,0,1,4,0,0,2,2,0
4044,9,6,11,0,8,4,0,1,2,2,0
4045,3,4,15,4,4,4,1,0,2,2,0
4046,6,4,8,4,13,2,0,0,2,2,0
4047,8,4,11,2,3,0,1,1,2,2,1
4048,8,4,15,2,5,0,1,1,2,2,1
4049,4,4,15,4,3,1,0,1,2,2,0
4050,3,4,7,4,12,1,1,1,2,2,0
4051,12,4,11,2,3,0,1,1,2,2,0
4052,8,4,15,1,6,4,1,1,2,2,0
4053,11,4,15,2,10,0,0,1,1,2,1
4054,10,4,11,2,7,0,1,1,2,2,0
4055,14,2,15,6,4,1,1,1,4,2,0
4056,8,4,9,2,8,0,0,1,2,2,0
4057,5,4,11,4,6,1,1,0,2,2,0
4058,4,4,11,4,12,4,0,0,3,2,0
4059,17,4,9,0,13,1,1,0,2,2,1
4060,3,1,7,4,7,3,1,0,2,2,0
4061,4,4,15,0,13,1,1,0,2,2,0
4062,8,4,0,4,7,1,1,0,4,2,0
4063,8,4,11,0,3,1,1,1,2,2,0
4064,7,4,12,2,6,0,1,1,3,2,0
4065,10,4,11,0,3,1,1,1,2,2,0
4066,9,7,5,0,11,1,1,1,2,2,0
4067,3,4,12,4,10,3,1,1,2,2,0
4068,5,4,7,4,1,4,1,0,0,2,0
4069,7,0,1,0,0,1,1,0,0,2,0
4070,10,4,15,6,4,1,1,0,3,2,0
4071,11,4,9,4,4,3,1,1,2,2,0
4072,11,5,5,2,0,0,1,1,2,2,0
4073,3,4,5,4,3,3,0,1,2,2,0
4074,6,4,10,3,10,1,1,1,2,2,0
4075,9,4,11,2,10,0,1,1,3,2,1
4076,8,5,9,4,4,1,1,1,2,2,0
4077,9,4,9,0,8,1,1,0,1,2,0
4078,9,4,12,4,10,1,1,1,1,2,0
4079,8,4,11,2,14,0,0,1,2,2,1
4080,12,4,1,2,14,5,1,0,2,2,1
4081,12,4,12,2,10,0,1,1,2,2,0
4082,7,4,5,0,10,1,0,1,3,2,0
4083,7,4,11,6,8,1,1,0,1,2,0
4084,4,4,15,0,12,1,1,0,2,2,1
4085,9,4,15,0,8,4,0,0,1,2,0
4086,10,4,11,2,8,0,1,1,2,2,0
4087,8,4,11,0,6,1,0,0,2,0,0
4088,10,4,9,2,4,0,1,1,3,2,1
4089,5,6,15,2,8,0,1,1,1,2,0
4090,12,4,11,2,3,0,1,1,2,2,1
4091,3,4,4,4,14,3,1,1,2,2,0
4092,11,1,1,2,12,0,1,1,1,2,0
4093,10,4,2,2,6,0,1,1,1,2,1
4094,7,4,11,2,6,0,1,1,1,2,1
4095,9,4,15,2,10,5,1,0,2,2,1
4096,7,4,15,2,3,0,1,1,2,2,1
4097,15,4,0,2,8,3,1,0,1,2,0
4098,5,4,11,2,12,0,1,1,1,2,1
4099,13,4,11,2,6,0,1,1,3,2,0
4100,5,4,11,4,1,4,1,0,2,2,0
4101,5,4,15,4,4,1,1,0,2,2,0
4102,9,0,11,0,0,4,1,0,0,2,0
4103,7,4,1,2,3,0,1,1,1,2,0
4104,12,6,9,2,4,0,1,1,1,2,1
4105,3,4,11,4,14,3,1,1,2,2,0
4106,6,4,11,2,12,1,1,0,2,2,1
4107,4,4,11,4,14,3,1,1,2,2,0
4108,7,4,15,4,3,3,1,0,2,2,0
4109,8,2,9,2,10,0,1,1,2,2,1
4110,8,4,15,0,6,4,0,0,3,2,0
4111,11,4,6,6,8,1,1,0,1,2,0
4112,10,4,3,2,6,0,0,1,2,2,1
4113,10,4,1,2,7,0,1,1,2,2,0
4114,6,4,15,4,8,4,1,1,2,1,0
4115,9,4,8,2,14,0,1,1,2,2,1
4116,6,4,9,4,6,1,0,1,3,2,0
4117,8,4,11,5,1,4,1,1,0,2,0
4118,4,4,11,4,7,1,1,1,2,2,0
4119,9,4,8,2,13,0,1,1,2,0,0
4120,7,4,11,4,6,3,1,1,1,2,0
4121,7,4,9,2,7,0,1,1,2,2,0
4122,7,8,2,1,13,5,1,0,2,1,1
4123,6,4,11,2,1,0,1,1,2,2,1
4124,7,4,15,2,12,0,1,1,2,2,0
4125,5,4,11,2,8,0,0,1,2,2,0
4126,9,4,5,4,3,1,1,1,2,2,0
4127,9,2,14,0,10,1,1,0,2,2,0
4128,7,4,15,0,7,1,1,0,2,2,1
4129,4,4,1,2,8,0,1,1,1,2,0
4130,13,6,9,2,12,0,1,1,2,2,0
4131,6,4,14,0,10,1,1,0,2,2,0
4132,4,4,15,4,12,3,1,0,4,2,0
4133,5,6,11,4,8,1,1,1,1,2,0
4134,5,2,9,4,4,1,1,1,2,2,0
4135,4,4,0,4,14,3,1,1,2,2,1
4136,7,4,11,2,6,0,1,1,2,2,0
4137,15,0,11,6,0,3,1,1,0,2,0
4138,6,2,11,2,4,0,1,1,2,2,0
4139,12,6,11,0,12,1,0,0,2,2,0
4140,10,7,15,2,1,5,0,0,2,2,1
4141,7,4,15,0,3,1,1,1,2,2,0
4142,5,4,11,4,7,3,1,1,4,2,0
4143,3,5,15,4,1,1,1,0,2,2,0
4144,11,4,6,4,8,4,0,0,2,2,0
4145,10,4,11,2,4,0,1,1,2,2,1
4146,9,7,15,0,11,1,1,1,2,2,0
4147,8,4,11,2,13,5,1,0,0,2,1
4148,10,5,15,0,1,1,0,0,4,2,1
4149,4,4,11,4,8,1,1,0,2,2,0
4150,12,4,8,2,3,0,1,1,2,2,0
4151,6,4,14,4,10,1,1,1,1,2,0
4152,9,4,1,2,12,0,1,1,1,2,1
4153,4,4,11,6,8,4,0,0,0,2,0
4154,4,4,9,4,13,3,1,1,2,2,0
4155,7,4,8,2,7,0,1,1,2,2,0
4156,11,4,12,2,4,0,1,1,2,2,1
4157,9,4,11,2,12,5,1,0,2,2,0
4158,5,8,1,2,8,0,1,1,1,2,1
4159,7,4,5,4,3,3,1,1,2,2,0
4160,11,6,15,2,1,0,1,1,2,2,0
4161,7,4,11,0,8,1,1,1,1,2,0
4162,9,6,12,0,10,1,0,0,2,2,0
4163,18,4,11,2,1,0,1,1,1,2,0
4164,6,4,15,4,1,3,1,0,2,2,0
4165,9,6,11,0,5,1,1,1,2,2,0
4166,7,4,11,6,4,1,1,1,1,2,0
4167,7,4,15,2,4,0,1,1,2,2,1
4168,13,4,11,2,6,0,1,1,2,2,1
4169,11,6,15,2,4,0,1,1,2,2,0
4170,5,4,11,4,3,1,1,1,2,2,0
4171,5,4,0,2,14,0,1,1,1,2,1
4172,10,5,9,2,4,0,1,1,2,2,1
4173,9,4,7,2,12,0,1,1,2,2,0
4174,5,6,15,4,13,1,1,0,2,2,0
4175,6,4,11,0,3,1,1,0,2,0,0
4176,5,4,9,4,10,1,1,1,1,2,0
4177,11,6,1,2,5,0,1,1,2,2,0
4178,13,4,15,2,12,0,1,1,1,2,1
4179,7,5,11,4,4,3,0,1,3,2,0
4180,5,4,11,2,14,0,1,1,1,2,0
4181,4,7,12,4,10,1,1,1,2,2,0
4182,8,4,11,2,12,0,1,1,2,2,0
4183,7,7,6,2,8,0,1,1,2,2,0
4184,5,6,9,4,10,1,1,1,2,2,0
4185,12,6,12,2,4,0,1,1,2,2,1
4186,8,4,11,0,8,4,0,0,2,2,0
4187,7,2,12,2,4,0,1,1,2,0,0
4188,5,4,11,2,7,0,1,1,2,2,0
4189,9,4,9,4,1,1,1,0,2,2,0
4190,5,6,15,4,1,3,1,0,1,2,0
4191,6,6,11,2,12,5,1,0,2,2,0
4192,5,4,11,2,14,0,1,1,2,2,0
4193,7,4,9,2,12,0,1,1,1,1,1
4194,12,5,9,2,4,0,1,1,2,2,0
4195,8,4,11,2,8,0,0,1,1,2,1
4196,11,2,15,2,11,0,1,1,2,2,1
4197,5,4,11,2,14,0,1,1,2,2,0
4198,6,4,12,4,5,3,1,1,1,2,0
4199,8,4,9,2,12,0,1,1,2,0,0
4200,11,4,12,6,10,4,1,0,2,2,0
4201,8,4,8,2,10,0,1,1,2,2,1
4202,14,4,9,0,10,1,1,1,2,2,0
4203,6,4,11,2,8,0,1,1,2,2,0
4204,11,4,11,2,3,0,1,1,2,2,0
4205,7,4,15,5,4,4,1,0,2,2,0
4206,11,4,5,4,11,3,1,1,2,2,0
4207,12,0,11,2,0,5,1,0,0,2,0
4208,12,4,9,2,1,0,1,1,0,2,1
4209,10,4,15,2,14,0,1,1,2,2,0
4210,8,4,0,2,6,0,1,1,2,2,1
4211,14,6,11,2,3,0,1,1,2,2,1
4212,6,4,11,3,7,4,1,1,2,2,0
4213,7,4,9,2,13,0,1,1,2,0,0
4214,3,4,15,4,4,4,1,0,2,4,0
4215,5,4,11,4,4,1,1,1,2,2,0
4216,9,4,11,0,1,1,1,0,2,2,0
4217,5,6,11,4,8,1,1,0,1,2,1
4218,9,4,9,2,10,0,1,1,2,2,1
4219,8,4,9,2,10,0,1,1,3,2,0
4220,13,4,8,6,12,1,1,0,2,2,0
4221,7,4,11,0,1,1,0,0,2,2,0
4222,10,4,11,2,1,5,1,0,2,2,1
4223,4,4,9,4,12,1,1,1,2,2,0
4224,4,4,15,4,1,3,1,0,2,2,0
4225,10,4,11,2,11,0,1,1,2,2,1
4226,7,4,11,0,12,4,1,0,2,2,0
4227,5,4,12,4,4,2,1,1,2,2,0
4228,10,0,15,2,0,5,1,0,1,2,1
4229,7,4,15,2,6,0,0,1,3,2,0
4230,4,4,15,4,1,2,1,0,1,2,0
4231,11,4,9,2,13,0,1,1,2,2,1
4232,12,6,14,2,10,5,1,0,2,2,0
4233,6,2,11,1,5,1,1,1,3,2,0
4234,6,4,15,2,10,0,1,1,2,2,0
4235,10,4,9,2,12,0,1,1,2,2,0
4236,5,4,11,4,12,1,1,1,2,2,0
4237,9,4,9,2,12,0,1,1,1,2,1
4238,3,4,1,4,7,1,1,0,2,0,0
4239,5,4,9,4,12,1,1,1,1,2,0
4240,10,4,11,2,14,0,1,1,2,2,1
4241,7,7,9,0,10,4,0,0,3,2,0
4242,8,5,12,0,4,2,1,1,2,2,0
4243,6,2,12,4,10,4,1,0,3,2,0
4244,4,6,15,6,13,1,1,0,2,2,0
4245,5,4,11,4,8,3,1,0,0,2,0
4246,4,4,1,4,14,2,1,1,2,2,0
4247,11,4,9,2,6,0,1,1,3,2,0
4248,8,4,7,2,12,0,1,1,1,2,0
4249,5,4,15,4,7,1,1,1,2,2,0
4250,5,0,1,4,0,1,1,1,2,2,0
4251,4,4,11,4,12,3,1,0,2,2,0
4252,4,5,9,4,4,1,1,1,2,2,0
4253,6,4,11,2,6,0,1,1,2,2,1
4254,5,4,12,4,1,3,0,0,2,2,0
4255,4,4,15,4,1,3,1,0,2,2,0
4256,5,6,0,4,3,3,1,1,2,2,0
4257,12,4,11,2,8,0,1,1,1,2,1
4258,12,4,11,0,8,4,1,1,2,2,0
4259,5,6,11,4,3,1,1,1,2,2,0
4260,11,4,9,2,6,0,1,1,3,2,0
4261,6,4,11,2,1,0,0,1,1,1,0
4262,11,4,9,2,10,0,1,1,2,2,0
4263,10,4,0,2,14,0,1,1,2,2,0
4264,7,4,9,2,8,0,0,1,0,2,1
4265,7,4,11,0,8,4,1,0,1,0,0
4266,5,4,11,2,12,0,1,1,2,2,0
4267,8,4,11,2,14,0,1,1,2,2,0
4268,8,4,15,0,8,1,1,0,2,2,0
4269,11,1,15,2,12,0,1,1,4,2,0
4270,4,2,14,2,10,0,1,1,2,2,1
4271,12,2,15,5,9,1,1,0,2,2,0
4272,7,4,9,2,8,0,0,1,2,4,1
4273,7,4,10,2,14,0,1,1,2,1,0
4274,10,1,7,2,14,0,1,1,2,2,1
4275,6,4,11,2,14,0,1,1,2,2,0
4276,6,4,11,2,4,0,1,1,2,2,1
4277,4,4,5,4,10,1,1,1,2,2,0
4278,6,4,9,0,8,1,1,0,2,2,0
4279,11,7,15,6,8,3,1,0,2,2,0
4280,11,0,1,1,0,4,1,0,1,2,1
4281,4,4,1,4,7,3,1,0,2,2,0
4282,5,4,9,4,10,2,1,1,3,2,0
4283,11,4,9,0,12,1,1,0,1,2,0
4284,6,4,11,0,1,1,1,0,4,2,0
4285,10,6,15,2,5,0,1,1,2,2,0
4286,9,4,15,2,1,0,1,1,2,2,0
4287,5,4,9,2,10,5,1,0,2,2,1
4288,11,4,15,1,10,1,1,0,1,2,1
4289,5,4,11,4,1,1,1,0,0,0,0
4290,13,4,7,2,4,0,1,1,2,2,0
4291,9,4,11,2,7,0,1,1,2,2,0
4292,8,4,1,2,5,0,1,1,2,2,0
4293,7,5,11,0,4,4,1,0,2,2,0
4294,8,4,11,0,7,1,0,1,2,2,0
4295,7,6,9,2,12,0,1,1,0,2,1
4296,4,4,15,4,7,3,1,0,2,2,0
4297,5,4,11,4,7,1,0,1,1,2,0
4298,11,4,8,2,10,0,1,1,2,2,0
4299,5,6,11,4,3,1,1,1,2,2,0
4300,4,4,9,4,8,4,1,0,1,2,0
4301,7,1,11,0,1,4,1,0,2,2,0
4302,8,7,9,0,1,1,1,0,2,0,0
4303,8,4,1,2,7,0,1,1,2,2,0
4304,9,4,9,2,12,5,1,0,2,2,1
4305,7,4,11,2,7,0,0,1,2,2,1
4306,6,5,12,2,4,0,1,1,2,2,0
4307,3,4,11,4,1,3,1,0,1,2,0
4308,11,4,15,2,10,0,1,1,3,2,0
4309,8,2,12,0,10,4,1,0,1,2,0
4310,7,4,11,2,5,0,1,1,2,2,0
4311,10,4,15,2,1,0,1,1,1,2,0
4312,8,4,14,2,10,0,1,1,2,2,0
4313,8,4,11,4,4,1,1,0,3,2,0
4314,5,4,11,4,12,3,0,0,2,2,0
4315,6,4,9,4,13,1,1,1,2,2,0
4316,12,4,15,0,4,4,1,1,2,2,0
4317,4,2,14,4,10,3,1,0,1,2,0
4318,9,4,14,2,10,0,1,1,2,2,0
4319,8,4,15,4,10,4,1,0,2,2,0
4320,5,4,14,4,3,4,1,1,2,2,0
4321,9,2,15,2,6,0,0,1,2,2,0
4322,6,4,9,4,1,3,1,1,1,1,0
4323,7,4,11,2,5,0,1,1,2,2,1
4324,11,4,15,2,4,0,1,1,2,2,0
4325,7,2,8,6,11,1,1,1,2,0,0
4326,9,4,15,2,10,0,1,1,2,2,0
4327,8,4,15,2,1,0,1,1,1,2,0
4328,5,6,11,4,3,1,1,1,2,2,0
4329,4,4,0,4,7,3,1,0,2,2,0
4330,11,4,12,2,10,0,1,1,2,2,0
4331,9,4,9,2,4,0,1,1,2,0,0
4332,5,4,8,4,4,3,0,1,2,2,0
4333,6,4,15,0,1,4,1,1,2,2,0
4334,4,4,7,5,4,3,1,1,2,2,0
4335,10,6,9,2,4,0,1,1,2,2,1
4336,7,4,11,2,7,0,0,1,2,2,0
4337,11,4,11,2,3,0,1,1,2,2,1
4338,9,4,11,0,1,4,0,0,2,2,0
4339,9,4,13,0,8,4,0,0,0,2,0
4340,4,4,0,4,3,4,1,0,2,2,0
4341,11,4,15,2,14,0,1,1,2,2,1
4342,12,4,15,6,1,1,1,0,2,2,0
4343,8,4,15,2,4,0,0,1,4,2,0
4344,10,4,11,2,8,0,1,1,2,2,1
4345,8,5,7,0,4,1,1,0,1,2,0
4346,3,4,1,4,12,3,1,1,2,2,0
4347,7,4,9,2,1,0,1,1,2,2,0
4348,4,4,11,5,3,4,1,0,1,2,0
4349,4,4,15,4,8,3,1,0,2,2,0
4350,12,7,7,4,12,3,1,0,2,2,1
4351,7,4,12,2,4,0,1,1,2,2,0
4352,5,4,3,2,14,0,1,1,2,2,0
4353,3,4,12,4,5,1,1,1,3,2,0
4354,6,4,11,4,14,1,1,1,3,2,0
4355,5,7,15,4,1,1,1,0,2,2,0
4356,12,4,11,5,12,3,1,0,1,2,0
4357,9,6,15,2,4,0,1,1,2,2,1
4358,4,4,11,4,8,1,0,0,0,2,0
4359,6,4,11,4,6,1,1,1,2,2,0
4360,9,4,14,2,1,0,0,1,4,2,0
4361,4,4,1,4,12,3,1,1,2,2,1
4362,9,6,0,2,4,0,1,1,2,2,1
4363,6,4,8,4,3,1,1,1,2,2,1
4364,7,2,15,2,11,0,1,1,2,2,1
4365,4,4,7,4,4,3,1,0,2,2,0
4366,4,4,15,4,5,1,1,0,2,2,0
4367,11,4,11,2,3,0,1,1,2,2,1
4368,7,6,11,2,5,0,1,1,1,2,1
4369,14,4,12,6,12,1,1,0,1,2,0
4370,3,4,11,4,14,3,1,1,3,2,0
4371,10,4,11,2,6,0,0,1,2,2,0
4372,10,4,9,2,4,0,1,1,2,2,0
4373,7,2,15,2,11,0,0,1,2,2,1
4374,8,2,9,4,10,3,1,0,2,2,0
4375,10,4,15,2,13,0,1,1,1,2,1
4376,4,4,5,4,1,3,1,0,1,2,1
4377,9,4,7,2,12,0,0,1,2,2,0
4378,6,4,1,0,12,4,1,1,2,2,0
4379,3,6,11,4,8,1,1,0,2,2,0
4380,4,4,9,2,10,5,1,0,2,2,1
4381,9,7,11,2,4,0,1,1,2,2,1
4382,6,5,15,0,4,1,1,1,1,2,0
4383,4,4,11,4,3,2,1,1,2,2,0
4384,7,4,8,6,6,1,0,0,2,2,0
4385,4,4,11,2,6,0,1,1,2,2,0
4386,6,4,15,2,3,0,1,1,2,2,1
4387,6,4,1,2,7,0,0,1,2,2,1
4388,3,4,12,4,1,1,1,0,2,2,0
4389,3,2,9,4,6,1,1,1,2,2,0
4390,8,0,9,2,0,0,1,1,0,2,1
4391,9,4,15,0,4,4,0,0,3,1,0
4392,9,4,11,0,8,4,1,0,2,2,0
4393,5,4,1,4,7,2,1,0,2,2,0
4394,12,6,6,0,8,4,1,0,2,2,0
4395,9,4,0,2,3,0,1,1,2,0,1
4396,11,4,0,2,7,0,1,1,2,2,1
4397,7,4,15,2,8,5,0,0,2,2,0
4398,10,6,11,2,10,0,1,1,2,2,1
4399,5,4,9,4,12,3,1,0,2,2,0
4400,4,2,15,4,3,3,1,1,2,2,0
4401,7,4,9,2,10,0,0,1,2,0,0
4402,4,2,11,2,3,0,1,1,3,2,0
4403,5,0,1,4,0,1,1,0,2,2,0
4404,6,4,9,2,1,0,1,1,1,2,0
4405,5,4,9,4,13,3,1,0,0,2,0
4406,9,4,15,2,7,0,1,1,2,2,0
4407,6,4,15,4,3,1,1,0,2,2,0
4408,8,4,9,0,12,4,0,0,2,2,1
4409,4,4,15,2,8,0,1,1,2,2,1
4410,3,2,11,4,4,1,0,1,2,3,0
4411,4,3,7,4,13,3,1,1,2,2,0
4412,6,4,15,2,12,0,1,1,2,2,1
4413,7,4,15,2,7,0,1,1,4,2,0
4414,12,8,3,0,13,1,1,1,2,2,0
4415,7,4,9,5,1,4,1,0,2,2,0
4416,9,4,14,4,10,3,1,0,1,2,0
4417,13,4,15,2,10,0,1,1,2,2,0
4418,6,4,11,1,12,4,1,0,2,2,0
4419,11,4,6,2,5,0,1,1,2,2,0
4420,10,6,3,2,8,0,1,1,2,2,1
4421,6,6,11,4,12,3,0,1,2,0,0
4422,9,4,8,2,12,0,1,1,4,2,0
4423,6,7,15,3,11,1,1,1,2,2,0
4424,11,3,3,2,13,0,1,1,2,2,0
4425,7,2,1,2,14,0,1,1,2,2,0
4426,9,4,12,0,10,2,1,1,3,2,0
4427,4,4,15,2,4,0,1,1,2,2,0
4428,9,4,7,0,11,1,0,0,2,2,0
4429,12,7,11,2,1,0,1,1,2,2,1
4430,11,5,1,4,7,3,0,0,4,2,0
4431,4,1,9,4,4,3,1,1,2,2,0
4432,5,4,9,4,8,1,0,1,2,2,1
4433,11,4,7,2,12,5,1,0,4,2,1
4434,6,4,11,4,1,2,1,0,2,2,0
4435,6,4,10,0,10,2,1,0,3,2,0
4436,4,4,11,4,7,1,1,0,2,2,0
4437,11,4,11,0,8,1,0,0,2,2,0
4438,7,4,11,0,1,1,1,0,2,2,0
4439,8,4,9,5,8,4,1,0,2,2,0
4440,14,4,9,2,4,0,1,1,1,2,1
4441,8,4,15,2,10,0,1,1,2,2,0
4442,9,4,9,0,8,1,1,1,1,2,0
4443,13,4,15,2,4,0,1,1,2,2,1
4444,13,5,5,2,10,0,1,1,1,2,0
4445,4,0,9,2,0,0,1,1,1,2,1
4446,7,1,12,5,10,1,1,1,2,2,0
4447,3,7,15,4,1,1,0,0,0,2,0
4448,8,4,9,4,10,3,1,1,3,2,0
4449,9,4,15,2,13,5,1,0,1,2,0
4450,3,4,12,4,5,3,1,1,1,2,0
4451,6,4,1,2,8,5,1,0,2,4,1
4452,6,4,7,2,12,0,1,1,2,2,1
4453,10,7,9,0,11,2,1,1,2,2,0
4454,5,6,15,2,4,0,1,1,2,2,0
4455,8,4,0,5,7,1,1,1,2,2,0
4456,9,4,15,0,3,1,1,1,2,2,0
4457,10,4,15,2,7,0,1,1,2,2,1
4458,10,4,11,2,3,0,1,1,2,2,0
4459,7,7,8,2,11,0,0,1,2,2,0
4460,11,4,11,3,3,1,1,1,2,2,0
4461,5,4,8,0,3,3,1,1,2,2,0
4462,6,4,11,4,7,3,1,1,2,2,0
4463,6,4,8,4,3,1,1,1,3,2,0
4464,10,4,11,2,12,0,1,1,3,2,0
4465,7,6,11,4,1,1,0,0,2,2,0
4466,3,2,12,4,10,1,1,1,2,2,1
4467,7,4,15,6,3,1,1,1,2,2,0
4468,4,1,0,4,7,1,1,0,2,2,0
4469,3,4,1,4,3,3,1,1,3,2,0
4470,4,4,15,4,3,1,0,0,1,2,0
4471,5,0,11,4,0,1,1,0,0,2,0
4472,12,4,8,2,11,5,1,0,1,2,0
4473,10,4,12,2,10,0,1,1,2,2,0
4474,6,2,12,0,12,1,0,0,2,2,0
4475,6,4,9,1,4,1,1,1,1,2,0
4476,5,1,11,4,7,1,0,1,2,2,0
4477,7,0,9,4,0,1,1,0,0,2,0
4478,4,4,6,4,5,1,1,0,3,2,0
4479,9,4,2,4,8,4,0,0,1,2,0
4480,8,4,12,2,4,0,1,1,3,2,1
4481,9,0,9,2,0,0,1,1,0,2,1
4482,17,4,11,2,7,0,1,1,2,2,1
4483,6,4,15,2,6,0,0,1,1,2,0
4484,3,4,9,4,10,2,1,0,2,2,0
4485,4,7,8,4,10,3,1,1,0,2,0
4486,6,4,14,2,10,0,1,1,1,2,0
4487,3,4,2,4,6,1,0,1,2,2,0
4488,12,4,15,2,4,0,1,1,2,2,1
4489,9,4,15,2,4,0,1,1,2,2,0
4490,7,4,11,0,12,1,0,1,2,2,0
4491,9,4,15,0,1,4,1,0,1,2,0
4492,6,4,12,0,6,1,1,1,2,2,1
4493,7,2,7,2,1,0,1,1,1,2,1
4494,8,4,15,2,6,0,1,1,2,2,0
4495,4,4,7,4,12,3,1,1,2,2,0
4496,5,4,9,4,13,3,1,0,2,3,0
4497,7,6,11,2,3,0,1,1,2,2,0
4498,13,4,11,2,12,0,1,1,4,2,0
4499,9,4,1,2,7,0,1,1,2,2,1
4500,7,4,11,0,7,1,0,0,2,2,1
4501,4,4,11,4,1,3,1,0,2,2,1
4502,4,4,11,4,14,2,1,1,2,2,0
4503,6,4,7,4,12,3,1,1,2,1,0
4504,10,4,12,2,12,0,1,1,2,2,0
4505,8,6,8,0,13,4,1,0,1,2,0
4506,3,7,15,4,10,3,0,1,1,2,0
4507,4,4,7,4,12,1,1,0,2,2,0
4508,3,4,15,4,12,3,1,1,1,2,0
4509,10,4,9,2,4,0,1,1,2,2,1
4510,4,4,11,4,4,1,1,1,2,2,0
4511,9,7,11,2,11,0,1,1,2,0,1
4512,9,6,1,2,12,5,1,0,2,2,0
4513,16,4,9,2,10,0,1,1,2,2,1
4514,9,4,11,2,3,0,1,1,2,0,0
4515,4,6,15,4,1,3,1,0,2,2,0
4516,10,4,15,4,14,3,1,1,3,2,0
4517,4,4,11,4,6,4,1,0,2,2,0
4518,10,4,11,2,3,0,1,1,2,2,0
4519,4,4,1,4,5,3,1,1,3,2,0
4520,9,7,9,0,8,1,1,0,1,2,0
4521,7,4,8,2,6,0,0,1,1,2,1
4522,7,4,9,2,10,0,1,1,2,2,1
4523,8,4,9,2,8,5,1,0,1,2,0
4524,7,6,15,2,3,0,1,1,1,2,1
4525,6,4,11,0,10,1,1,1,2,2,1
4526,5,4,9,4,1,1,1,1,2,2,0
4527,10,4,11,2,7,0,1,1,2,2,0
4528,5,4,11,4,3,3,1,1,2,2,0
4529,8,2,0,4,3,2,0,1,1,2,0
4530,11,4,11,2,1,0,1,1,1,2,1
4531,6,4,15,4,1,3,1,0,2,1,0
4532,7,4,1,2,8,5,1,0,1,2,1
4533,5,6,9,6,12,1,1,1,1,1,0
4534,8,4,11,5,7,1,1,1,2,2,0
4535,7,4,11,2,6,0,0,1,3,2,0
4536,4,2,15,4,5,1,1,0,2,2,0
4537,9,6,9,2,10,0,0,1,2,2,1
4538,9,4,1,4,3,3,1,1,2,2,0
4539,7,4,11,5,3,1,1,1,2,2,0
4540,11,2,12,2,6,0,1,1,3,2,1
4541,5,4,1,4,8,1,0,0,1,2,0
4542,8,4,5,4,1,1,1,1,2,2,0
4543,4,4,0,4,9,3,1,0,1,2,0
4544,11,4,11,2,4,0,1,1,2,2,1
4545,7,5,6,2,0,0,1,1,2,2,0
4546,7,4,15,4,3,3,1,1,2,1,0
4547,12,6,15,6,4,1,1,1,2,2,0
4548,7,4,15,2,8,0,1,1,2,2,0
4549,12,4,12,0,4,4,1,0,3,2,0
4550,12,4,11,0,7,1,0,1,2,2,0
4551,4,4,11,4,1,3,1,0,1,2,0
4552,4,5,1,2,3,0,1,1,2,2,0
4553,10,6,9,2,12,0,1,1,2,2,1
4554,10,5,11,2,3,0,1,1,1,2,0
4555,8,0,5,2,0,0,1,1,2,2,0
4556,6,4,3,2,8,0,0,1,2,2,1
4557,14,4,10,0,10,1,1,1,1,2,0
4558,7,6,15,2,8,0,0,1,2,2,1
4559,10,4,9,2,10,0,1,1,2,2,1
4560,9,4,11,4,7,1,1,1,2,2,0
4561,5,6,9,4,10,1,1,0,2,2,0
4562,8,4,11,2,12,0,1,1,2,2,0
4563,18,4,12,0,10,1,1,1,1,2,0
4564,9,4,2,0,13,1,1,1,2,2,0
4565,10,6,9,0,10,1,1,1,2,2,0
4566,9,0,9,2,0,0,1,1,0,1,0
4567,9,4,11,0,8,4,1,0,2,2,0
4568,5,4,15,4,8,3,1,1,2,2,0
4569,7,4,15,2,8,5,1,0,2,2,1
4570,4,4,11,4,3,1,1,0,1,2,0
4571,13,4,11,5,8,1,1,0,1,2,0
4572,8,4,7,2,14,0,1,1,2,2,0
4573,4,6,15,6,1,4,1,0,2,2,0
4574,9,4,11,2,11,0,1,1,2,2,0
4575,6,4,0,0,7,4,0,1,2,2,0
4576,7,4,11,2,14,0,1,1,2,2,0
4577,6,4,1,0,8,1,1,0,0,2,0
4578,4,4,7,4,7,1,0,1,2,2,0
4579,9,4,15,2,3,0,1,1,1,2,1
4580,6,7,11,0,1,4,1,0,2,2,0
4581,9,4,3,0,8,2,1,0,1,2,1
4582,12,6,9,2,10,0,1,1,1,2,0
4583,9,4,7,2,8,0,1,1,1,2,1
4584,4,5,9,6,4,1,1,0,2,2,0
4585,6,2,15,4,11,1,1,1,2,2,0
4586,12,4,15,2,3,0,1,1,2,2,0
4587,6,4,3,4,14,3,1,1,2,2,0
4588,12,7,11,0,8,4,1,0,1,2,0
4589,3,4,14,4,10,3,1,1,2,2,0
4590,4,4,4,4,14,3,1,1,1,2,0
4591,7,4,5,0,11,1,0,1,2,2,0
4592,8,4,15,4,1,3,1,0,2,2,0
4593,5,4,8,4,10,4,0,1,2,2,0
4594,5,4,11,2,3,0,1,1,2,2,1
4595,4,4,8,4,13,3,1,1,2,2,0
4596,4,4,1,4,12,4,0,0,2,2,0
4597,8,4,11,0,1,1,1,0,0,2,0
4598,6,4,8,4,13,1,0,1,1,2,0
4599,6,0,11,2,0,5,1,0,1,2,1
4600,4,4,9,2,10,0,1,1,2,2,0
4601,4,4,11,4,7,1,1,1,2,2,0
4602,6,4,12,2,6,5,1,0,2,2,1
4603,11,4,11,2,7,0,1,1,2,2,0
4604,6,4,11,4,3,3,1,1,2,1,0
4605,11,4,12,2,10,0,1,1,2,2,1
4606,15,6,12,2,10,0,0,1,2,2,1
4607,5,4,15,4,8,1,1,0,2,2,0
4608,11,4,10,2,10,0,1,1,2,2,0
4609,8,5,15,5,10,0,1,1,2,2,0
4610,6,7,11,4,8,1,0,0,1,2,0
4611,6,4,7,2,12,0,1,1,2,2,1
4612,8,1,15,0,3,1,1,1,2,2,0
4613,7,4,11,6,1,1,1,0,2,2,0
4614,12,4,11,2,3,0,1,1,2,2,1
4615,4,4,11,2,14,0,1,1,2,2,1
4616,8,4,11,0,6,4,1,0,3,2,0
4617,5,4,9,2,10,0,0,1,0,2,0
4618,10,4,9,0,13,4,1,0,0,2,0
4619,3,4,7,4,10,3,1,1,2,2,0
4620,13,4,11,5,3,1,1,1,2,2,0
4621,13,4,11,5,1,4,1,0,1,2,0
4622,7,4,11,4,6,3,1,1,1,2,0
4623,10,6,11,2,12,0,1,1,2,2,0
4624,5,5,8,2,4,0,1,1,2,2,0
4625,6,0,11,2,4,0,1,1,2,2,1
4626,7,4,11,2,3,2,1,1,2,2,0
4627,15,7,15,6,8,1,1,0,4,2,0
4628,6,4,15,2,6,0,1,1,2,2,0
4629,5,4,5,4,10,1,0,0,2,2,0
4630,11,4,1,6,3,1,1,1,2,2,0
4631,12,4,11,2,6,0,1,1,3,2,0
4632,9,0,11,2,0,5,1,0,2,2,0
4633,4,4,8,6,7,1,1,0,2,2,0
4634,3,4,11,4,4,1,1,1,3,2,0
4635,13,4,11,0,4,1,0,1,2,2,1
4636,9,4,1,2,3,0,1,1,2,2,0
4637,7,5,9,4,4,1,1,0,2,2,0
4638,5,5,11,2,3,0,1,1,2,2,1
4639,6,4,12,4,10,3,1,1,2,2,0
4640,15,4,14,0,14,4,1,1,2,2,0
4641,9,4,7,2,1,0,1,1,1,2,1
4642,6,0,9,2,0,0,1,1,1,2,1
4643,12,4,11,2,14,0,1,1,2,2,1
4644,9,6,13,2,8,0,1,1,0,2,0
4645,8,4,5,4,9,1,1,1,1,2,0
4646,4,6,11,4,3,2,1,1,2,2,0
4647,5,4,9,4,4,1,0,1,2,2,0
4648,6,4,12,1,1,5,1,0,2,2,0
4649,9,4,0,2,9,0,1,1,2,2,1
4650,8,4,7,0,12,4,1,0,2,2,0
4651,8,4,13,0,12,4,1,0,2,2,0
4652,7,4,11,2,3,0,1,1,2,2,1
4653,8,4,11,2,3,0,1,1,2,2,1
4654,6,4,1,4,8,4,0,0,2,2,0
4655,4,4,13,4,6,3,1,1,2,2,0
4656,6,5,9,3,4,1,1,1,3,2,1
4657,12,3,9,2,13,5,1,0,2,2,1
4658,9,4,9,2,4,0,1,1,2,2,0
4659,8,4,15,2,3,0,1,1,2,2,0
4660,7,4,10,5,14,4,0,1,2,2,0
4661,13,4,11,2,1,0,1,1,2,2,1
4662,7,4,9,0,12,1,1,1,4,2,0
4663,13,4,11,2,4,0,1,1,2,2,1
4664,8,4,11,2,14,0,1,1,2,2,1
4665,4,6,11,0,8,4,1,0,1,1,1
4666,6,4,15,2,14,0,1,1,2,1,1
4667,6,4,11,2,3,0,1,1,2,2,0
4668,6,4,11,2,3,0,1,1,2,2,1
4669,3,4,11,4,1,1,1,0,0,2,0
4670,7,4,11,0,6,1,0,1,2,2,0
4671,8,4,6,2,5,0,1,1,2,2,1
4672,8,2,11,0,1,1,1,1,2,2,0
4673,6,4,9,0,4,4,1,0,2,2,1
4674,9,2,11,2,12,0,0,1,3,2,0
4675,4,4,15,4,4,1,0,0,2,2,0
4676,5,4,12,2,4,0,1,1,2,2,0
4677,4,6,12,4,10,3,1,1,2,2,0
4678,13,5,9,0,4,1,1,1,2,2,0
4679,8,4,11,2,14,5,0,0,3,2,0
4680,5,4,11,4,1,1,1,1,2,2,0
4681,10,4,11,2,4,0,1,1,2,2,0
4682,5,4,11,2,3,0,1,1,2,2,0
4683,8,3,9,2,13,0,1,1,2,2,0
4684,11,4,12,2,10,0,1,1,2,2,0
4685,4,4,11,4,6,4,1,0,3,2,0
4686,7,4,15,4,12,3,1,0,2,2,0
4687,12,4,0,2,8,0,1,1,0,2,0
4688,8,4,12,0,4,2,1,1,2,2,0
4689,6,6,8,4,3,1,1,0,2,2,0
4690,8,4,12,0,10,1,1,1,1,2,0
4691,11,4,11,2,14,0,1,1,2,2,0
4692,9,4,11,2,3,1,1,1,1,2,0
4693,9,0,11,0,0,1,1,1,2,2,0
4694,4,4,11,5,1,4,1,0,2,2,0
4695,5,4,3,4,8,1,1,0,2,2,1
4696,9,7,11,4,1,1,1,0,2,2,0
4697,8,4,0,0,13,4,1,0,2,2,0
4698,3,4,6,4,8,1,1,0,2,2,0
4699,3,4,14,4,10,1,1,1,1,2,0
4700,7,4,4,2,6,0,1,1,2,2,0
4701,8,4,15,0,14,2,1,1,2,2,0
4702,10,4,11,2,12,0,0,1,2,2,0
4703,5,4,15,4,12,4,1,0,1,2,0
4704,4,4,15,4,10,3,1,1,2,2,0
4705,8,4,15,2,1,5,1,0,2,2,0
4706,7,2,9,2,10,0,1,1,3,2,1
4707,6,4,11,1,7,5,1,0,4,2,0
4708,8,4,15,2,3,0,0,1,2,2,0
4709,7,4,9,2,12,0,1,1,2,2,1
4710,5,4,9,4,10,3,1,1,2,2,0
4711,6,4,11,2,1,5,1,0,1,2,0
4712,13,4,11,2,14,0,1,1,2,2,1
4713,9,4,0,2,9,0,0,1,2,2,0
4714,13,2,15,2,1,5,1,0,2,2,1
4715,9,4,15,4,10,1,1,1,2,2,0
4716,8,4,11,2,3,0,1,1,2,2,1
4717,6,4,0,2,7,0,1,1,2,2,1
4718,10,4,11,0,8,4,1,0,2,2,0
4719,6,4,2,4,13,3,1,0,2,2,0
4720,6,4,11,4,5,1,1,0,3,2,0
4721,10,4,14,2,14,0,1,1,2,2,0
4722,8,6,8,0,12,1,1,1,1,2,0
4723,3,4,15,4,1,2,1,0,1,2,0
4724,4,2,8,4,10,1,1,1,1,2,0
4725,6,4,7,4,12,1,1,1,2,2,0
4726,3,4,9,4,10,4,1,1,1,2,0
4727,11,0,9,4,0,3,1,1,1,2,0
4728,6,4,15,0,10,4,1,0,2,2,0
4729,7,4,11,2,8,5,1,0,1,2,0
4730,8,4,15,0,1,4,1,0,2,2,0
4731,4,5,9,4,4,3,1,0,1,2,0
4732,10,4,11,2,14,0,1,1,3,2,0
4733,11,4,11,2,12,0,1,1,2,2,1
4734,11,0,11,2,0,0,1,1,1,2,0
4735,8,4,9,0,13,4,1,0,2,2,0
4736,5,4,15,2,4,0,1,1,2,2,1
4737,11,4,15,2,4,5,1,0,2,2,1
4738,5,4,11,4,8,4,0,0,1,2,0
4739,6,4,9,2,4,0,0,1,2,2,1
4740,6,4,9,0,1,1,1,0,2,2,0
4741,9,1,15,2,3,0,1,1,3,2,0
4742,13,4,11,6,1,1,1,0,2,2,0
4743,5,4,4,2,8,2,1,0,1,2,1
4744,4,6,9,4,12,3,1,0,2,2,0
4745,8,4,9,2,10,0,1,1,2,2,0
4746,12,4,5,2,3,0,1,1,2,2,0
4747,7,4,11,0,7,1,1,1,2,2,0
4748,11,4,11,2,3,0,1,1,2,2,1
4749,9,4,11,0,7,1,1,1,4,2,0
4750,8,2,15,2,1,0,1,1,2,2,1
4751,5,4,11,2,14,0,1,1,2,2,0
4752,9,5,10,4,4,3,0,0,2,2,0
4753,9,4,11,2,14,3,0,1,2,2,0
4754,8,7,5,2,11,0,0,1,1,2,1
4755,9,4,11,2,14,0,1,1,2,2,1
4756,8,2,5,4,11,3,1,1,2,2,0
4757,10,6,0,2,3,5,1,0,2,2,0
4758,6,4,11,2,3,0,1,1,3,2,1
4759,10,4,9,2,8,0,1,1,0,2,1
4760,8,2,11,2,4,0,1,1,2,2,1
4761,9,4,15,2,10,0,1,1,2,2,1
4762,6,4,11,4,1,4,1,0,0,2,0
4763,8,4,11,2,12,0,1,1,2,2,0
4764,7,4,9,2,13,0,1,1,2,2,1
4765,4,7,7,4,1,3,1,0,2,2,0
4766,7,4,0,2,8,0,1,1,2,2,0
4767,7,4,7,2,12,2,1,1,2,1,0
4768,12,4,15,2,3,0,1,1,2,2,0
4769,5,6,15,2,5,0,1,1,3,2,0
4770,4,4,12,4,4,1,1,0,4,2,0
4771,6,0,9,4,0,3,1,0,2,0,0
4772,10,4,11,0,8,1,1,1,1,2,1
4773,11,4,14,2,10,0,1,1,2,2,0
4774,8,4,9,2,6,0,0,1,2,2,1
4775,15,4,15,6,7,1,1,0,2,2,0
4776,9,5,11,2,1,0,0,1,2,2,1
4777,3,4,9,4,8,1,1,0,1,2,0
4778,7,2,9,4,10,1,1,1,3,2,0
4779,7,4,15,2,12,0,1,1,2,2,1
4780,7,4,15,2,1,0,1,1,2,2,1
4781,4,6,14,4,3,3,1,1,2,2,0
4782,5,4,15,4,13,1,1,1,0,2,0
4783,5,5,15,4,5,1,1,1,1,2,0
4784,6,4,11,2,3,0,1,1,1,2,0
4785,6,4,11,2,4,0,1,1,3,2,1
4786,5,4,15,2,4,0,1,1,3,2,0
4787,4,2,11,4,4,1,1,0,2,2,0
4788,12,4,15,0,10,1,1,1,1,2,1
4789,9,4,11,4,4,3,1,1,2,2,0
4790,3,4,12,4,10,3,1,0,0,3,0
4791,9,4,8,2,4,0,1,1,2,2,1
4792,8,4,9,0,8,4,1,0,2,2,0
4793,10,4,11,2,6,1,1,0,2,2,1
4794,6,7,12,0,2,4,1,1,2,2,0
4795,7,5,11,2,10,5,0,0,0,2,1
4796,4,4,0,4,7,1,1,1,2,2,0
4797,5,4,9,2,13,0,1,1,2,2,0
4798,3,7,15,4,1,3,0,0,2,2,0
4799,12,4,15,2,3,0,1,1,2,2,1
4800,5,6,2,4,12,2,1,0,2,2,0
4801,9,6,15,2,3,0,1,1,2,2,1
4802,12,4,11,2,3,0,1,1,2,2,0
4803,7,4,9,4,10,3,1,0,2,2,0
4804,4,4,6,4,10,1,1,1,2,2,0
4805,11,6,9,0,4,1,1,1,2,2,0
4806,5,4,11,4,3,1,1,1,1,2,0
4807,5,4,12,2,10,0,0,1,2,2,0
4808,6,4,11,2,3,0,0,1,2,2,1
4809,3,7,9,4,10,3,0,1,2,2,0
4810,5,7,5,4,1,1,1,1,2,2,0
4811,4,4,15,4,12,1,1,0,2,2,0
4812,7,0,6,0,0,4,1,0,1,2,0
4813,4,4,15,4,8,3,1,0,1,2,0
4814,9,4,12,0,10,4,1,0,2,2,0
4815,10,2,9,0,10,1,1,0,2,2,1
4816,4,4,9,6,8,3,1,0,2,2,0
4817,7,4,15,5,4,0,1,1,3,2,0
4818,11,4,11,6,13,1,0,0,2,2,0
4819,8,4,11,4,1,3,1,0,2,0,0
4820,10,4,11,2,14,0,1,1,2,2,1
4821,4,4,9,4,4,1,1,0,2,2,0
4822,7,4,9,2,4,2,1,0,2,0,1
4823,3,4,11,4,7,3,1,1,2,2,0
4824,10,6,0,2,4,0,0,1,2,2,1
4825,8,4,15,0,7,4,1,0,2,2,0
4826,8,2,15,0,12,1,0,0,2,2,0
4827,8,4,11,2,3,5,1,0,2,2,0
4828,6,4,15,0,12,1,0,1,2,2,1
4829,4,2,11,4,8,1,1,0,2,2,0
4830,10,7,11,2,1,1,1,0,1,2,0
4831,7,4,11,2,3,0,1,1,2,2,0
4832,11,4,14,2,3,0,1,1,2,2,0
4833,6,2,12,4,10,1,1,0,2,2,0
4834,6,4,15,2,3,0,1,1,2,2,0
4835,6,0,5,2,0,0,0,1,2,0,1
4836,12,0,9,0,0,4,0,0,2,2,0
4837,8,4,11,2,10,0,1,1,1,2,0
4838,8,4,1,2,8,0,0,1,2,2,0
4839,5,4,11,2,1,0,0,1,0,4,0
4840,7,4,15,4,1,3,1,0,2,2,0
4841,6,4,11,0,8,1,1,0,2,2,0
4842,8,4,11,2,3,0,1,1,2,2,0
4843,11,4,15,2,4,0,1,1,2,2,1
4844,8,5,11,2,0,0,1,1,0,2,0
4845,9,4,15,2,8,0,1,1,2,2,1
4846,6,4,12,0,10,1,1,0,3,2,1
4847,3,7,9,4,10,3,1,0,2,2,0
4848,9,2,12,0,10,1,1,1,2,2,0
4849,6,4,13,0,8,1,1,1,0,2,1
4850,11,6,1,6,3,1,1,1,2,2,0
4851,7,6,10,2,10,0,1,1,2,2,1
4852,11,4,11,2,12,0,1,1,2,2,0
4853,4,4,10,4,10,3,0,0,2,2,0
4854,6,4,15,2,4,0,1,1,3,2,1
4855,5,4,15,4,4,3,1,1,2,1,0
4856,12,4,11,2,1,0,0,1,2,2,1
4857,7,2,15,4,9,1,1,1,1,2,0
4858,13,4,15,5,1,4,1,0,2,2,0
4859,9,7,12,4,10,1,1,0,2,2,0
4860,11,1,11,2,14,0,1,1,3,2,0
4861,8,2,9,4,10,3,0,1,2,2,0
4862,7,4,11,2,12,0,1,1,1,2,1
4863,4,4,1,4,14,1,1,1,2,2,0
4864,10,1,15,0,1,4,1,1,2,2,0
4865,9,4,14,2,3,0,1,1,2,2,1
4866,11,4,11,1,3,0,1,1,2,2,0
4867,6,4,12,2,10,0,1,1,2,2,1
4868,4,4,9,2,12,0,1,1,2,2,0
4869,6,4,11,0,7,4,0,0,2,2,0
4870,10,4,11,2,6,0,1,1,2,2,1
4871,6,7,15,4,1,1,0,0,2,2,0
4872,11,1,11,2,14,0,1,1,2,2,1
4873,4,4,11,4,3,3,0,1,2,2,0
4874,7,4,11,2,6,0,1,1,1,2,0
4875,9,4,0,0,2,1,0,1,1,2,0
4876,7,2,12,2,9,0,1,1,1,2,0
4877,8,4,11,2,14,0,1,1,2,2,1
4878,5,4,8,2,3,0,1,1,2,2,1
4879,11,4,12,6,10,4,1,0,2,2,0
4880,10,4,12,2,6,0,1,1,2,3,0
4881,8,5,12,2,1,5,1,0,1,2,1
4882,16,4,15,0,7,1,1,1,2,2,0
4883,8,5,11,0,1,4,1,0,2,0,0
4884,10,4,11,6,1,1,0,1,1,2,0
4885,8,6,6,4,5,4,1,0,2,2,0
4886,10,4,15,2,10,0,1,1,2,2,1
4887,4,2,0,4,3,3,1,1,2,2,0
4888,5,4,8,4,3,3,1,1,2,2,0
4889,9,6,11,2,3,0,1,1,2,2,1
4890,7,5,9,4,4,1,1,1,3,2,0
4891,4,4,15,4,4,1,1,1,3,2,0
4892,4,5,11,6,4,3,1,0,2,2,0
4893,11,4,15,2,7,0,1,1,2,2,0
4894,6,6,9,2,4,0,1,1,2,2,0
4895,4,4,11,4,12,1,1,1,2,2,0
4896,12,4,13,2,14,0,1,1,2,2,1
4897,8,7,15,2,10,0,1,1,2,2,1
4898,7,4,15,0,14,1,1,1,2,2,0
4899,5,4,11,4,3,1,1,0,2,2,0
4900,9,4,11,2,12,0,1,1,2,2,0
4901,3,4,1,4,8,1,1,0,1,2,0
4902,13,5,9,2,1,0,1,1,2,2,1
4903,5,4,7,4,7,1,1,0,2,2,0
4904,9,4,15,0,4,3,1,1,2,2,0
4905,12,4,2,0,14,1,1,1,1,2,0
4906,7,4,14,2,10,0,1,1,2,2,0
4907,6,1,9,1,4,1,1,1,4,2,1
4908,10,7,15,2,8,0,1,1,2,2,1
4909,5,6,9,4,4,3,1,1,3,2,0
4910,7,6,15,4,12,3,1,0,2,2,0
4911,8,4,1,4,8,1,1,0,2,0,0
4912,9,4,11,2,7,0,1,1,2,2,1
4913,10,4,11,6,8,4,1,0,2,2,0
4914,9,4,0,2,7,0,0,1,2,2,0
4915,10,4,15,4,10,3,1,1,2,2,0
4916,11,0,9,1,0,1,1,0,1,2,0
4917,3,7,15,4,10,3,1,1,2,2,0
4918,7,4,15,2,12,0,1,1,2,2,1
4919,5,4,15,0,12,1,1,0,2,2,0
4920,5,1,15,4,14,3,1,1,2,2,0
4921,18,4,12,2,12,0,1,1,2,2,0
4922,10,4,11,2,7,0,1,1,2,2,1
4923,12,4,8,2,1,0,0,1,2,2,1
4924,11,6,11,2,12,0,1,1,2,2,0
4925,7,4,11,0,8,1,1,0,2,2,0
4926,6,4,12,2,6,0,0,1,2,2,0
4927,10,5,11,2,4,0,0,1,2,2,1
4928,5,4,15,2,1,0,1,1,2,2,0
4929,8,5,12,2,10,0,1,1,3,2,0
4930,7,7,9,5,1,4,1,0,2,2,0
4931,8,3,8,2,13,0,1,1,2,2,0
4932,14,7,9,0,10,4,1,0,1,2,0
4933,8,4,12,2,4,0,1,1,2,2,1
4934,11,4,0,0,7,1,1,1,4,2,1
4935,8,4,1,0,8,2,1,0,1,2,0
4936,6,4,15,4,1,1,1,1,1,2,0
4937,6,1,7,2,3,0,1,1,2,2,1
4938,4,4,11,4,1,3,1,1,0,1,0
4939,9,6,15,2,12,0,1,1,3,2,1
4940,11,4,9,4,8,1,1,0,1,2,0
4941,6,4,14,0,10,2,1,0,1,3,0
4942,5,4,15,4,4,1,1,1,2,2,0
4943,8,2,9,2,10,0,1,1,2,2,1
4944,8,4,15,2,6,0,1,1,1,2,1
4945,13,4,15,5,1,1,1,0,1,2,0
4946,13,7,15,0,1,4,1,0,2,2,0
4947,12,6,9,2,12,0,1,1,3,2,0
4948,7,4,9,4,10,3,1,0,1,2,0
4949,6,4,15,2,7,0,1,1,2,2,0
4950,6,4,6,1,5,1,1,1,2,1,0
4951,8,4,11,2,14,0,1,1,2,2,1
4952,12,4,11,5,8,4,1,0,0,2,0
4953,5,4,7,4,14,1,1,1,2,2,0
4954,5,4,11,4,12,1,1,0,2,2,0
4955,10,6,15,2,8,0,1,1,1,2,0
4956,4,4,9,4,13,3,1,0,2,2,0
4957,12,2,6,2,10,0,1,1,1,2,1
4958,8,4,6,2,14,0,1,1,2,2,0
4959,3,4,7,4,12,4,1,0,2,2,0
4960,10,4,5,2,3,0,1,1,2,2,0
4961,7,4,2,2,12,0,1,1,2,2,1
4962,10,7,9,2,10,0,1,1,1,2,0
4963,10,7,15,0,8,1,1,0,1,2,1
4964,5,4,11,4,3,1,0,1,2,2,0
4965,7,4,15,2,3,0,1,1,2,2,1
4966,4,0,15,4,0,1,1,1,2,2,0
4967,7,4,7,2,1,0,1,1,2,2,1
4968,12,0,15,2,4,0,1,1,2,2,1
4969,3,2,15,4,10,3,1,0,2,2,0
4970,8,4,1,0,8,4,0,0,1,2,0
4971,7,7,14,2,10,0,1,1,3,2,1
4972,12,4,15,2,4,0,1,1,2,2,1
4973,8,4,9,2,10,0,1,1,2,2,0
4974,10,4,9,2,10,0,1,1,3,2,0
4975,5,1,9,4,10,3,1,1,2,2,0
4976,4,4,15,2,3,0,1,1,2,2,0
4977,12,0,1,2,0,0,1,1,0,2,1
4978,9,0,9,2,0,5,1,0,0,2,0
4979,6,4,11,4,1,1,1,0,2,2,0
4980,8,4,11,4,7,3,0,0,2,2,0
4981,13,7,9,5,8,4,1,0,2,2,0
4982,7,4,9,2,4,0,1,1,2,0,0
4983,6,4,11,2,8,0,1,1,2,2,0
4984,3,4,1,4,8,3,1,0,2,2,0
4985,6,7,9,2,10,0,0,1,2,2,1
4986,10,2,9,2,1,4,1,0,2,2,0
4987,11,4,11,2,8,0,1,1,2,2,0
4988,4,2,9,2,6,0,1,1,2,2,0
4989,9,4,15,0,3,1,1,1,2,2,1
4990,8,4,11,2,4,5,1,0,2,2,0
4991,7,4,11,2,8,0,1,1,2,2,1
4992,9,4,11,2,12,0,1,1,1,2,1
4993,10,6,0,2,13,0,1,1,2,2,1
4994,9,5,11,2,1,0,0,1,2,2,1
4995,5,4,12,4,4,1,1,1,3,2,0
4996,7,4,11,2,7,0,0,1,2,2,0
4997,9,5,12,0,5,1,1,1,1,0,0
4998,8,4,11,4,8,4,1,0,2,2,0
4999,7,4,15,4,8,4,0,0,2,2,0
5000,7,4,5,2,3,0,1,1,2,2,1
5001,10,4,11,2,14,0,1,1,2,2,0
5002,5,2,9,4,11,3,1,1,2,2,0
5003,13,4,15,6,11,1,0,1,2,2,0
5004,7,6,9,2,10,0,0,1,2,2,1
5005,9,4,11,5,3,4,1,1,3,2,0
5006,4,6,9,4,12,3,0,1,2,2,1
5007,7,4,1,2,7,0,1,1,2,2,1
5008,11,4,2,2,13,0,1,1,2,2,0
5009,11,2,9,2,10,0,1,1,1,2,0
5010,9,4,15,2,7,0,1,1,2,2,0
5011,12,7,11,0,8,4,1,0,1,2,0
5012,6,4,11,2,12,0,1,1,2,2,0
5013,8,4,8,4,10,3,0,1,3,2,0
5014,10,4,9,2,4,0,1,1,2,2,0
5015,5,4,12,4,1,4,1,0,0,2,0
5016,6,4,8,4,12,2,1,1,2,2,0
5017,4,5,9,0,0,1,1,1,2,2,0
5018,9,6,11,0,3,4,1,1,2,2,1
5019,9,4,9,2,10,5,1,0,2,2,0
5020,9,0,5,2,0,0,1,1,0,2,0
5021,12,4,5,2,3,0,1,1,2,2,0
5022,4,4,0,2,7,0,1,1,2,2,0
5023,4,4,15,4,13,3,1,1,2,2,0
5024,7,4,8,0,13,1,1,0,1,2,0
5025,5,4,11,4,14,3,1,1,3,2,0
5026,4,4,12,2,10,0,1,1,2,2,1
5027,6,4,12,4,5,1,1,1,2,2,0
5028,18,4,11,2,12,0,1,1,2,2,1
5029,7,2,10,5,10,4,1,0,2,2,0
5030,5,6,11,2,3,0,1,1,2,2,0
5031,7,4,9,2,4,5,1,0,2,2,1
5032,3,4,11,4,1,1,1,0,2,2,0
5033,10,4,15,2,3,0,1,1,2,2,1
5034,4,4,11,4,4,1,1,0,2,2,0
5035,9,4,15,5,13,4,1,0,2,2,0
5036,11,4,7,2,12,0,1,1,2,2,0
5037,9,8,9,0,8,1,1,0,2,2,0
5038,10,4,9,2,1,5,1,0,2,2,1
5039,9,4,9,2,10,0,1,1,1,2,1
5040,9,5,15,2,7,0,1,1,2,2,0
5041,14,4,9,0,10,4,0,0,3,2,0
5042,6,4,11,2,14,0,1,1,2,2,0
5043,7,4,15,2,1,5,1,0,4,2,0
5044,4,4,15,4,1,1,1,0,1,2,0
5045,7,4,11,2,3,0,1,1,3,0,0
5046,7,4,11,2,3,0,0,1,2,2,1
5047,12,4,11,0,7,1,1,1,2,2,0
5048,5,4,3,2,6,0,1,1,2,2,1
5049,3,7,15,4,1,4,1,0,2,2,0
5050,5,4,11,2,4,0,1,1,2,2,0
5051,7,2,7,2,4,0,1,1,2,2,0
5052,5,4,15,4,14,1,1,1,2,2,0
5053,7,4,11,2,6,0,0,1,2,2,0
5054,4,4,11,4,6,2,1,0,2,2,0
5055,6,4,11,2,12,0,1,1,2,2,1
5056,7,4,1,0,8,4,1,0,2,2,0
5057,6,1,11,2,3,0,1,1,2,2,0
5058,9,4,11,2,3,0,1,1,2,2,0
5059,8,7,15,2,10,0,1,1,2,2,0
5060,10,4,8,2,6,0,1,1,2,2,1
5061,9,4,11,0,1,4,0,1,2,2,0
5062,5,4,9,4,10,3,1,0,1,2,0
5063,6,4,15,4,1,3,1,0,2,2,0
5064,10,2,11,2,4,0,0,1,2,2,0
5065,4,4,8,4,3,3,1,1,2,2,0
5066,7,4,15,0,13,4,1,0,2,2,0
5067,4,4,9,4,1,1,1,0,1,2,0
5068,11,4,11,2,8,5,1,0,2,2,0
5069,11,4,11,2,4,0,1,1,2,2,1
5070,8,4,11,2,3,0,1,1,2,2,1
5071,6,4,12,2,4,0,1,1,2,2,0
5072,11,4,10,2,7,0,1,1,2,2,0
5073,9,4,10,0,7,4,0,1,2,2,1
5074,8,4,11,2,13,0,1,1,2,2,0
5075,6,4,3,4,14,1,1,1,2,2,0
5076,12,6,9,2,13,0,1,1,2,2,0
5077,5,4,9,2,12,0,1,1,1,2,1
5078,10,7,15,2,8,0,1,1,2,2,0
5079,3,7,9,4,1,4,1,0,2,2,0
5080,11,4,11,2,1,0,1,1,2,2,1
5081,5,6,11,4,8,1,1,0,0,2,0
5082,8,4,15,0,7,4,1,0,4,2,0
5083,8,4,7,4,12,3,1,1,4,2,0
5084,4,4,11,4,7,1,0,1,2,2,0
5085,10,0,10,2,0,0,0,1,1,2,0
5086,9,4,15,2,7,0,1,1,2,2,0
5087,7,4,9,4,7,3,1,0,2,2,0
5088,10,4,7,2,12,0,1,1,1,2,1
5089,9,4,1,2,8,2,0,0,1,0,0
5090,12,4,9,0,8,4,1,0,0,2,0
5091,10,4,15,2,6,0,1,1,3,2,0
5092,7,6,11,0,8,1,1,1,2,2,1
5093,8,5,15,2,5,0,1,1,2,2,1
5094,6,4,15,4,8,1,1,1,2,2,0
5095,7,4,0,2,6,0,0,1,2,2,0
5096,12,4,9,2,12,0,1,1,3,2,1
5097,12,6,9,0,8,4,1,0,2,2,0
5098,5,4,11,4,12,1,1,0,2,2,0
5099,5,0,11,2,0,5,1,0,0,2,1
5100,9,4,11,2,8,0,1,1,0,2,0
5101,4,4,4,4,8,3,0,0,2,2,0
5102,9,4,11,0,1,1,0,0,2,0,0
5103,8,6,15,2,8,0,1,1,2,2,0
5104,6,4,11,4,12,3,1,0,1,2,0
5105,5,4,15,4,6,1,1,1,3,2,0
5106,10,4,15,2,6,0,1,1,2,2,0
5107,5,4,0,4,7,3,0,1,2,2,0
5108,11,4,12,2,4,0,1,1,2,2,1
5109,4,4,11,4,1,4,1,0,2,2,0
5110,8,4,9,2,8,0,1,1,1,2,0
5111,8,4,2,0,8,4,1,0,2,2,0
5112,13,4,11,2,3,0,0,1,2,2,0
5113,8,4,0,0,6,1,1,1,1,2,1
5114,6,6,11,2,14,0,1,1,2,2,0
5115,4,4,14,4,3,3,1,1,2,2,0
5116,7,4,15,4,8,3,0,0,2,2,0
5117,5,5,15,2,4,0,1,1,2,2,0
5118,13,4,11,6,1,4,0,0,1,2,0
5119,6,4,15,2,14,0,0,1,2,2,0
5120,13,2,12,2,4,0,1,1,2,2,1
5121,7,0,9,0,0,4,1,0,2,2,1
5122,5,6,15,2,10,0,1,1,2,2,0
5123,11,4,15,0,11,4,1,0,2,2,0
5124,5,4,11,4,6,1,0,1,1,2,0
5125,7,6,11,2,3,0,0,1,2,2,1
5126,7,4,11,0,3,1,1,1,2,2,1
5127,4,0,9,4,0,4,1,1,2,2,0
5128,6,4,15,2,12,0,1,1,1,2,1
5129,4,4,9,4,6,3,1,0,3,2,0
5130,6,4,15,4,8,3,1,1,1,0,0
5131,9,4,11,2,4,0,1,1,2,1,0
5132,7,0,11,2,0,0,1,1,2,2,0
5133,4,4,9,4,13,3,1,0,2,2,0
5134,4,4,11,4,4,3,1,1,2,2,0
5135,3,4,12,4,4,3,0,1,2,2,0
5136,8,2,5,2,1,5,1,0,1,2,0
5137,4,4,11,4,6,1,1,1,1,2,0
5138,13,4,14,0,10,1,1,1,2,2,0
5139,6,1,11,3,14,1,1,1,1,2,1
5140,9,4,9,2,1,0,0,1,1,2,0
5141,7,4,11,2,6,0,1,1,1,2,0
5142,5,4,11,4,12,1,1,0,4,2,0
5143,4,4,11,4,1,3,1,0,2,2,0
5144,12,4,15,2,1,5,1,0,2,2,1
5145,4,7,9,4,10,3,1,1,2,2,0
5146,6,4,0,4,7,4,1,0,2,0,0
5147,4,4,0,4,8,4,1,0,1,2,0
5148,5,4,12,4,10,1,1,0,0,2,0
5149,5,5,11,4,7,3,0,1,2,2,0
5150,8,4,11,5,4,1,1,1,3,2,0
5151,4,4,11,4,7,4,1,0,2,2,0
5152,6,4,11,2,14,0,1,1,2,1,1
5153,7,4,12,2,10,0,1,1,2,2,0
5154,3,4,11,4,1,3,1,0,2,2,0
5155,5,4,11,4,6,3,0,1,1,2,1
5156,8,4,7,2,1,0,1,1,2,2,0
5157,10,4,11,0,1,1,1,1,1,2,1
5158,7,7,12,4,1,4,1,0,2,2,0
5159,10,4,11,2,12,0,1,1,2,2,1
5160,4,4,15,4,1,3,1,0,2,2,0
5161,8,4,0,2,6,0,1,1,3,2,0
5162,9,4,11,2,3,0,1,1,2,2,0
5163,3,4,11,4,1,4,1,0,1,2,0
5164,10,4,11,2,3,0,1,1,2,2,1
5165,6,2,15,4,4,1,0,0,2,2,0
5166,9,4,11,2,7,0,1,1,2,2,0
5167,5,4,7,0,1,4,1,0,2,2,0
5168,16,4,11,0,7,4,1,0,2,2,0
5169,6,6,15,2,4,0,1,1,3,1,0
5170,7,5,12,5,4,0,1,1,2,2,0
5171,4,2,11,4,12,3,1,1,2,2,0
5172,3,4,11,4,3,3,1,1,2,2,0
5173,6,4,11,2,8,0,1,1,1,2,0
5174,12,6,9,2,12,0,1,1,3,2,1
5175,9,7,11,5,8,4,1,0,2,2,0
5176,9,0,9,4,0,3,0,1,1,2,0
5177,5,4,11,2,12,0,1,1,2,2,0
5178,6,4,12,0,12,4,1,0,2,1,0
5179,8,4,11,2,3,0,1,1,1,2,0
5180,6,4,11,4,8,3,1,1,0,0,0
5181,8,4,15,0,1,4,1,0,0,2,0
5182,6,4,7,2,1,0,1,1,2,2,0
5183,7,4,12,2,10,0,1,1,3,2,0
5184,5,4,9,4,4,3,1,1,2,2,0
5185,8,1,12,2,4,0,1,1,2,2,0
5186,9,6,0,2,3,0,1,1,2,2,1
5187,5,4,9,2,13,0,0,1,2,2,1
5188,13,7,15,2,9,0,1,1,2,2,0
5189,6,4,0,2,7,0,1,1,4,2,0
5190,6,4,12,2,6,0,1,1,2,1,1
5191,5,4,7,2,12,1,1,0,2,2,0
5192,13,4,12,2,12,0,1,1,4,2,1
5193,7,4,15,2,11,0,1,1,2,2,1
5194,7,4,9,2,12,0,0,1,2,2,1
5195,7,4,11,6,6,4,0,1,3,2,0
5196,7,4,11,2,8,5,1,0,1,2,0
5197,4,7,15,0,4,4,1,0,2,2,0
5198,12,4,15,4,1,1,0,0,0,2,0
5199,10,4,11,2,1,0,0,1,2,2,1
5200,9,4,10,0,10,4,1,1,2,2,0
5201,3,4,11,4,4,1,1,1,4,2,0
5202,5,4,2,2,8,0,0,1,1,2,1
5203,8,4,15,0,10,4,0,0,1,2,0
5204,4,4,9,5,12,1,0,1,2,2,0
5205,10,4,15,2,4,0,1,1,3,2,1
5206,4,4,11,4,3,1,1,1,1,2,0
5207,10,4,1,2,7,0,0,1,2,2,1
5208,7,1,11,2,1,0,1,1,2,2,0
5209,6,4,11,2,1,0,1,1,1,2,1
5210,13,2,4,2,6,0,0,1,3,2,0
5211,12,4,11,0,3,3,1,1,1,2,0
5212,18,4,9,0,12,1,1,0,1,2,0
5213,13,4,11,5,3,0,1,1,1,2,0
5214,8,4,10,2,10,0,1,1,2,2,0
5215,12,2,9,2,10,0,1,1,1,2,0
5216,3,4,9,4,10,3,0,1,2,4,0
5217,7,4,11,4,14,3,1,1,2,2,0
5218,7,4,5,0,3,1,1,1,2,2,1
5219,4,5,9,4,4,3,1,1,2,2,0
5220,8,1,11,4,1,3,1,1,2,2,0
5221,7,4,9,2,4,0,1,1,2,2,1
5222,4,4,1,4,8,1,1,0,2,2,0
5223,9,4,9,2,12,0,1,1,2,2,0
5224,8,4,9,2,10,0,1,1,2,2,1
5225,9,4,9,4,13,2,1,1,2,2,0
5226,8,4,0,0,7,1,1,1,3,2,0
5227,6,1,15,4,1,4,1,0,2,2,0
5228,10,4,15,4,8,3,1,0,2,2,0
5229,6,7,11,2,1,0,1,1,1,2,0
5230,9,4,15,0,4,1,1,0,2,2,0
5231,12,4,15,4,8,4,1,0,2,2,0
5232,9,4,11,2,3,0,1,1,0,2,0
5233,5,0,1,4,0,3,1,1,2,2,0
5234,11,4,15,0,4,4,1,0,2,2,1
5235,9,4,9,5,12,3,1,1,3,2,0
5236,13,4,11,2,5,0,1,1,3,2,1
5237,7,4,11,4,7,3,1,1,2,2,0
5238,8,4,15,0,5,4,1,1,2,2,0
5239,7,4,15,2,8,0,1,1,0,0,1
5240,8,4,11,2,5,0,1,1,2,2,1
5241,8,4,9,2,1,5,1,0,2,2,0
5242,3,6,13,4,8,1,1,0,1,2,0
5243,3,4,7,4,1,1,1,0,2,0,0
5244,5,4,8,4,3,3,1,1,2,2,0
5245,9,4,0,0,7,1,1,1,2,2,0
5246,8,4,11,4,12,1,1,0,4,2,0
5247,6,4,11,4,8,3,0,0,2,2,0
5248,9,4,8,2,12,5,1,0,1,0,1
5249,8,4,1,4,12,1,1,0,2,2,0
5250,8,4,11,0,3,4,1,1,3,2,0
5251,6,5,9,4,4,3,1,1,2,2,0
5252,5,4,11,2,14,0,1,1,2,2,1
5253,9,5,9,0,4,4,1,0,2,2,0
5254,7,0,9,2,0,0,1,1,2,2,1
5255,7,2,15,6,1,1,0,0,2,2,0
5256,6,4,11,2,3,0,1,1,2,2,1
5257,6,7,12,4,1,3,0,1,2,2,1
5258,12,6,9,2,1,1,1,0,2,2,0
5259,13,6,9,0,12,1,1,0,2,2,0
5260,6,4,12,2,4,0,1,1,2,2,0
5261,8,2,15,4,6,1,1,1,2,2,0
5262,9,4,9,2,8,0,1,1,1,2,1
5263,7,7,14,2,10,0,0,1,1,0,1
5264,7,4,11,2,6,0,0,1,2,2,0
5265,4,6,11,4,8,4,1,0,2,2,0
5266,7,4,11,2,14,0,1,1,1,2,0
5267,9,2,11,4,1,3,1,0,1,2,0
5268,8,4,15,2,11,0,1,1,2,2,0
5269,4,4,15,4,8,3,1,0,1,2,0
5270,4,7,1,4,12,4,1,0,2,2,0
5271,11,4,9,2,4,0,1,1,2,2,1
5272,10,2,15,2,4,1,1,1,3,2,1
5273,6,4,10,2,10,5,1,0,2,2,1
5274,5,4,2,4,8,3,0,0,2,2,0
5275,10,4,11,2,8,0,1,1,2,2,1
5276,7,4,0,2,7,0,1,1,2,2,1
5277,9,4,6,0,3,2,1,1,2,1,0
5278,10,4,15,2,1,0,0,1,2,2,1
5279,4,4,11,4,14,3,1,1,2,2,0
5280,7,1,9,2,10,0,1,1,1,2,0
5281,8,4,11,2,8,0,1,1,2,2,0
5282,10,4,12,2,4,0,1,1,2,2,0
5283,5,4,13,4,13,1,1,1,2,2,0
5284,5,4,12,4,4,1,1,1,2,2,1
5285,10,4,9,2,12,0,1,1,1,2,0
5286,12,4,14,0,3,1,1,1,2,2,0
5287,10,4,15,0,1,4,1,0,2,2,0
5288,6,4,11,4,7,3,0,0,2,2,1
5289,3,4,14,4,10,3,1,1,2,2,0
5290,10,6,11,0,12,4,1,0,2,2,0
5291,10,4,11,2,3,0,1,1,2,2,0
5292,3,4,9,4,4,2,1,0,2,0,0
5293,7,2,15,2,5,0,1,1,2,2,1
5294,4,4,15,4,12,3,1,1,3,2,0
5295,8,4,12,2,4,0,1,1,2,0,0
5296,5,4,12,4,12,3,1,0,2,2,0
5297,9,4,11,2,12,0,1,1,2,2,0
5298,5,4,11,4,7,3,1,1,2,2,1
5299,8,4,11,2,8,0,1,1,2,0,0
5300,10,4,11,2,14,0,1,1,2,2,0
5301,5,4,11,2,8,0,1,1,1,2,1
5302,6,6,9,2,4,0,0,1,2,2,0
5303,4,5,12,5,4,4,1,0,2,2,0
5304,10,4,11,2,10,0,1,1,2,2,0
5305,6,4,1,4,14,1,0,0,2,2,0
5306,10,4,11,4,8,2,1,1,0,2,0
5307,9,4,11,2,4,0,1,1,2,0,0
5308,7,4,11,2,7,0,1,1,2,2,0
5309,3,4,0,4,7,4,1,0,2,2,0
5310,10,4,15,2,14,0,1,1,2,2,0
5311,7,4,15,2,14,0,1,1,2,2,1
5312,5,4,11,4,7,1,1,1,4,2,0
5313,7,4,11,2,14,0,1,1,2,2,1
5314,5,4,15,4,3,3,1,1,2,2,0
5315,9,2,10,2,10,0,1,1,2,2,0
5316,5,2,7,4,10,3,1,1,2,2,0
5317,3,4,12,4,6,3,1,1,1,2,0
5318,7,4,11,0,12,1,1,0,1,2,1
5319,4,4,11,2,10,5,1,0,2,2,0
5320,6,2,15,2,1,5,1,0,2,2,1
5321,8,4,15,2,1,0,1,1,2,2,0
5322,8,4,9,2,4,0,1,1,2,2,1
5323,5,1,9,4,10,3,1,0,1,2,0
5324,8,4,9,5,12,4,1,0,2,2,0
5325,12,6,4,2,13,0,1,1,2,2,0
5326,7,4,13,5,8,4,1,0,1,2,0
5327,12,4,7,2,1,4,1,0,1,2,1
5328,6,6,10,2,10,0,1,1,3,2,0
5329,8,4,12,2,1,0,1,1,2,2,0
5330,5,6,11,2,1,5,0,0,4,2,0
5331,4,4,11,4,12,1,1,0,4,2,0
5332,6,7,15,4,1,3,1,1,2,2,0
5333,11,4,15,2,8,0,1,1,2,2,0
5334,11,7,9,2,10,0,1,1,2,2,1
5335,13,2,11,6,1,1,1,1,2,2,1
5336,3,2,8,4,12,1,1,0,2,2,0
5337,3,4,13,4,8,3,1,0,1,4,0
5338,10,4,15,2,10,0,1,1,1,2,0
5339,10,4,6,2,3,0,1,1,1,2,1
5340,7,2,11,2,6,0,1,1,2,0,1
5341,7,4,8,2,13,0,0,1,2,2,1
5342,7,1,8,2,3,0,1,1,2,2,1
5343,5,6,11,4,5,3,1,1,2,2,0
5344,4,4,9,4,4,3,1,1,3,2,0
5345,5,2,11,6,6,1,0,1,3,2,0
5346,3,4,9,4,8,4,1,0,1,2,0
5347,9,5,15,2,1,0,0,1,1,2,1
5348,8,4,2,0,13,1,1,1,2,2,0
5349,9,6,9,2,4,0,1,1,3,2,0
5350,7,4,11,2,3,0,1,1,2,2,1
5351,6,4,15,2,1,5,1,0,2,2,1
5352,7,0,15,2,6,0,0,1,1,0,1
5353,3,2,11,4,11,3,0,1,1,2,0
5354,10,4,11,2,12,0,1,1,3,2,1
5355,7,4,7,0,11,2,1,0,2,2,1
5356,7,4,15,4,1,3,1,1,2,2,0
5357,13,1,15,2,10,0,1,1,2,2,1
5358,6,4,7,2,7,0,0,1,4,2,0
5359,6,4,15,2,3,0,1,1,2,2,1
5360,8,4,15,0,12,1,1,0,2,2,0
5361,7,4,12,2,10,0,0,1,2,2,0
5362,6,4,11,4,8,2,1,1,1,2,0
5363,4,4,9,6,10,3,1,0,1,2,0
5364,6,4,15,2,1,0,1,1,1,0,0
5365,6,7,12,2,10,0,1,1,2,2,1
5366,5,4,8,4,4,3,1,1,2,2,0
5367,17,4,11,6,12,1,1,1,2,2,0
5368,6,4,9,4,10,1,1,0,2,2,0
5369,9,4,11,2,3,0,1,1,2,2,0
5370,4,4,11,0,1,1,1,0,2,2,0
5371,8,4,15,4,1,3,1,0,1,2,0
5372,7,4,14,2,3,0,1,1,3,2,1
5373,8,4,11,2,8,0,0,1,1,2,0
5374,7,2,5,0,2,1,0,0,1,2,0
5375,4,1,9,4,10,1,1,1,2,2,0
5376,9,1,11,0,4,1,1,1,2,2,0
5377,8,4,11,2,6,0,0,1,2,2,0
5378,10,4,0,2,7,4,1,0,2,2,0
5379,8,4,11,2,6,0,1,1,3,2,1
5380,6,1,12,2,4,0,1,1,2,2,1
5381,6,4,9,2,10,0,1,1,2,2,0
5382,8,4,11,2,7,0,1,1,2,2,0
5383,5,4,12,4,4,3,1,1,2,2,0
5384,8,4,11,2,6,0,1,1,2,2,0
5385,6,4,11,2,14,0,1,1,1,2,0
5386,7,7,11,2,1,0,1,1,2,2,0
5387,12,4,15,0,3,1,1,1,2,2,0
5388,7,2,12,2,10,2,1,0,2,2,0
5389,5,4,5,2,10,0,1,1,3,2,0
5390,7,2,9,2,11,0,1,1,2,2,0
5391,10,4,11,2,4,0,1,1,3,2,0
5392,5,4,11,6,8,1,1,1,2,2,0
5393,10,6,11,0,3,3,1,1,2,2,0
5394,5,2,9,2,4,0,1,1,2,2,0
5395,9,4,1,2,3,0,1,1,2,0,1
5396,11,6,11,2,5,0,1,1,3,2,1
5397,11,4,12,1,4,5,1,0,2,2,0
5398,8,4,12,2,12,0,1,1,1,2,0
5399,9,4,15,4,1,1,1,1,2,2,0
5400,6,1,7,2,14,0,1,1,2,2,0
5401,6,4,9,4,1,4,0,0,2,1,0
5402,11,0,1,2,0,0,1,1,1,2,0
5403,15,4,15,2,6,0,1,1,2,2,1
5404,7,4,11,2,3,0,1,1,2,2,1
5405,6,4,6,2,3,0,1,1,2,2,1
5406,4,4,11,4,3,1,1,1,2,2,0
5407,9,7,15,0,11,3,0,1,2,2,0
5408,6,4,11,4,10,1,1,0,2,2,0
5409,5,4,0,2,8,5,1,0,1,2,0
5410,5,4,15,2,12,0,1,1,2,2,0
5411,6,4,15,2,10,0,1,1,2,2,1
5412,8,2,15,0,9,4,1,0,2,2,0
5413,6,2,12,2,4,0,0,1,2,2,0
5414,7,4,1,2,12,0,1,1,2,2,0
5415,8,6,15,2,12,0,1,1,1,2,0
5416,7,4,15,6,4,4,1,0,2,0,0
5417,9,4,11,2,3,0,1,1,2,2,1
5418,10,6,9,2,4,0,1,1,2,2,0
5419,5,4,15,4,12,3,1,0,2,2,0
5420,6,4,11,1,1,4,0,0,2,4,1
5421,3,7,9,4,10,3,1,1,2,2,0
5422,7,4,11,2,8,0,1,1,0,2,1
5423,9,6,11,2,5,0,1,1,3,2,1
5424,7,2,9,2,10,0,1,1,2,2,0
5425,4,6,5,4,3,2,1,1,2,2,0
5426,9,4,15,4,8,3,1,1,0,2,0
5427,9,4,15,2,13,0,1,1,2,2,0
5428,12,4,11,0,8,1,1,0,0,2,0
5429,11,4,15,2,7,0,1,1,4,2,1
5430,6,4,11,4,3,3,1,1,2,2,0
5431,7,4,9,2,8,0,0,1,0,2,0
5432,3,4,1,4,14,1,1,1,2,2,0
5433,11,0,9,2,0,0,1,1,0,2,0
5434,8,4,12,5,10,1,1,1,2,2,0
5435,8,6,15,2,10,0,1,1,1,2,0
5436,8,4,11,2,1,5,1,0,2,2,0
5437,7,4,12,0,10,1,1,1,2,2,0
5438,6,6,11,4,8,3,1,1,1,2,0
5439,4,4,11,2,3,0,1,1,2,2,0
5440,10,4,11,2,12,0,1,1,2,2,0
5441,4,6,15,0,4,2,1,0,4,2,0
5442,4,5,11,4,1,3,1,0,1,2,1
5443,12,4,11,2,3,0,1,1,2,2,0
5444,8,4,10,2,10,0,1,1,1,2,1
5445,6,0,10,4,0,1,1,1,0,2,0
5446,9,4,15,2,8,0,1,1,2,2,1
5447,7,4,11,2,3,0,1,1,2,2,0
5448,11,4,11,2,3,0,1,1,2,2,0
5449,4,4,0,4,7,1,0,0,2,2,0
5450,5,4,9,4,10,3,1,1,1,2,0
5451,4,4,11,2,8,0,1,1,1,2,1
5452,6,2,11,4,4,3,1,1,3,2,0
5453,7,4,1,2,7,5,0,0,2,1,1
5454,5,4,11,2,10,0,1,1,3,3,0
5455,9,4,12,2,6,0,1,1,2,2,0
5456,5,2,11,4,6,3,1,0,3,2,0
5457,9,4,9,2,10,0,1,1,0,2,1
5458,9,4,9,5,12,4,1,0,2,2,0
5459,6,2,12,4,4,3,1,1,4,2,0
5460,5,6,11,2,10,0,1,1,2,2,1
5461,5,6,15,2,3,0,1,1,2,2,1
5462,12,4,11,2,7,0,1,1,2,2,0
5463,6,6,15,0,5,1,1,1,2,2,0
5464,11,4,11,6,7,4,1,0,4,2,0
5465,11,2,9,2,11,0,0,1,2,2,0
5466,10,4,0,2,3,0,1,1,2,2,0
5467,7,0,15,2,0,0,1,1,2,2,0
5468,9,4,3,2,8,0,1,1,2,2,0
5469,13,4,15,2,10,5,1,0,3,2,0
5470,9,4,14,2,10,0,1,1,2,2,0
5471,7,4,9,2,10,5,1,0,3,2,0
5472,6,4,9,2,12,0,1,1,1,2,0
5473,8,4,15,0,1,1,0,0,2,2,0
5474,6,2,8,2,3,0,1,1,0,2,1
5475,6,4,7,4,14,3,1,1,2,2,0
5476,9,4,11,2,14,0,1,1,1,2,0
5477,7,4,11,2,7,1,1,1,2,2,1
5478,4,4,11,4,12,3,1,0,1,2,0
5479,13,6,15,5,4,1,1,0,2,2,0
5480,8,4,0,4,7,1,1,1,2,2,0
5481,4,4,9,4,10,3,0,1,1,2,0
5482,7,4,10,2,10,0,0,1,2,2,1
5483,8,4,14,1,1,4,1,0,2,2,0
5484,7,0,1,4,0,4,1,0,2,2,0
5485,4,4,12,4,4,3,1,0,2,2,0
5486,7,4,11,4,7,1,1,0,2,2,0
5487,3,4,7,4,12,1,1,0,2,2,0
5488,12,4,15,5,12,0,1,1,0,2,0
5489,9,7,9,2,10,0,1,1,2,2,0
5490,7,4,14,2,10,0,1,1,2,2,1
5491,8,0,9,2,0,0,1,1,2,2,0
5492,7,4,15,2,7,0,1,1,2,2,0
5493,8,4,15,2,1,0,1,1,1,2,1
5494,3,4,12,4,4,1,1,0,2,2,0
5495,7,4,15,2,7,0,1,1,2,2,1
5496,9,4,9,0,13,1,1,0,2,2,0
5497,3,2,11,4,11,1,1,1,2,2,0
5498,4,4,15,5,8,1,1,1,2,2,0
5499,7,4,15,4,4,1,1,1,2,2,0
5500,6,4,9,2,4,0,1,1,2,2,0
5501,5,4,11,2,14,0,1,1,2,2,1
5502,8,4,14,4,10,1,1,0,2,2,0
5503,8,4,14,2,10,0,1,1,2,2,1
5504,5,0,9,4,0,3,1,1,2,2,0
5505,4,7,9,4,10,3,0,1,2,2,0
5506,6,4,15,4,8,2,1,0,1,2,0
5507,4,4,15,4,12,1,1,1,2,2,0
5508,13,2,12,2,10,0,1,1,2,2,0
5509,9,4,9,2,13,0,1,1,2,2,0
5510,11,5,9,2,0,0,1,1,0,2,0
5511,5,4,0,4,8,1,1,0,1,2,0
5512,4,4,1,4,14,1,1,1,2,2,0
5513,7,4,7,2,4,0,1,1,3,2,1
5514,7,4,15,4,4,1,0,1,2,2,0
5515,7,4,0,5,8,4,1,0,2,2,0
5516,13,4,0,5,7,1,1,1,2,2,0
5517,6,6,12,2,10,0,1,1,2,2,1
5518,3,4,6,4,3,1,1,1,2,2,0
5519,5,4,12,4,1,3,1,1,2,2,0
5520,8,4,1,2,8,0,1,1,2,1,1
5521,10,4,15,2,3,0,1,1,2,2,0
5522,10,4,9,2,10,0,0,1,2,2,1
5523,11,4,15,2,14,0,0,1,2,2,1
5524,8,4,15,0,10,1,1,0,2,2,1
5525,6,4,15,4,7,3,1,1,2,2,0
5526,12,4,11,6,12,1,1,1,1,2,0
5527,6,4,7,0,12,1,1,1,2,2,0
5528,6,4,12,2,4,0,1,1,2,0,1
5529,7,6,11,2,3,0,1,1,2,2,0
5530,6,0,9,4,0,1,1,0,1,2,0
5531,4,6,15,4,5,1,1,0,1,2,0
5532,8,4,15,0,1,1,1,1,1,2,0
5533,17,4,7,2,1,0,1,1,0,2,0
5534,13,1,11,2,14,0,1,1,2,2,1
5535,6,2,7,4,1,4,0,0,2,2,0
5536,4,2,0,5,9,1,1,1,2,2,0
5537,6,4,9,2,12,0,0,1,1,1,1
5538,4,6,9,4,12,1,1,0,2,2,0
5539,10,4,9,2,10,0,0,1,3,2,0
5540,7,4,11,2,6,0,1,1,2,2,1
5541,6,4,15,4,13,1,1,0,2,2,0
5542,4,4,15,4,8,3,1,0,1,2,0
5543,5,4,12,2,4,0,0,1,4,2,0
5544,9,4,15,2,7,0,1,1,2,2,0
5545,5,4,11,4,6,3,1,1,2,2,0
5546,6,4,15,0,1,4,1,0,2,2,0
5547,5,4,14,2,14,0,1,1,2,2,0
5548,10,4,1,2,2,0,1,1,1,2,0
5549,5,4,11,4,4,4,1,0,2,2,0
5550,8,4,9,0,8,4,0,1,0,2,0
5551,10,4,0,4,3,1,1,0,2,2,0
5552,4,4,0,4,7,3,0,1,2,2,0
5553,4,4,11,6,14,4,1,1,3,2,0
5554,9,5,15,4,4,2,1,1,2,2,0
5555,8,5,11,5,1,4,1,0,2,2,0
5556,7,4,10,2,10,0,1,1,0,2,1
5557,9,0,9,5,0,4,1,0,0,2,0
5558,7,4,15,5,1,1,1,0,2,2,0
5559,13,4,11,6,1,1,1,0,2,2,0
5560,6,6,8,2,12,0,1,1,1,3,0
5561,9,6,9,0,13,2,1,0,2,2,0
5562,13,0,6,2,0,0,1,1,2,2,1
5563,6,0,9,0,0,4,1,0,1,2,1
5564,7,4,12,5,1,1,1,0,4,2,0
5565,11,4,11,6,1,1,1,0,2,2,0
5566,6,4,9,4,4,2,1,1,2,2,0
5567,9,0,1,2,0,0,1,1,1,2,0
5568,5,4,15,4,10,1,1,0,2,2,0
5569,10,4,0,2,8,5,1,0,1,2,0
5570,11,4,11,4,12,3,1,0,2,2,0
5571,9,4,12,0,1,4,1,0,2,2,1
5572,10,4,9,2,1,0,1,1,4,2,0
5573,8,4,11,0,12,1,1,0,2,2,0
5574,11,4,14,2,10,2,1,0,3,2,0
5575,6,4,13,4,12,3,0,1,0,2,0
5576,6,4,9,2,8,0,1,1,0,2,0
5577,4,4,11,4,6,1,1,1,2,2,0
5578,3,5,15,4,4,1,1,0,2,2,0
5579,4,4,15,4,12,1,1,1,1,2,0
5580,8,4,7,2,12,0,1,1,2,2,1
5581,3,4,8,4,10,1,1,1,2,2,0
5582,16,4,12,6,12,1,1,0,2,2,0
5583,8,4,15,0,7,4,1,0,2,2,0
5584,7,4,15,2,12,0,1,1,3,2,0
5585,5,4,12,4,4,3,1,0,3,2,0
5586,3,0,1,4,0,1,1,1,0,4,0
5587,5,4,8,4,12,1,1,0,2,2,0
5588,8,4,11,0,3,1,1,1,2,2,0
5589,6,4,15,0,1,4,1,0,2,2,0
5590,11,4,9,2,8,0,1,1,1,2,1
5591,6,4,9,4,8,1,1,0,2,2,0
5592,11,6,5,4,3,1,1,1,2,2,0
5593,3,4,15,4,4,4,1,0,2,2,0
5594,5,4,9,4,4,1,1,0,2,2,0
5595,10,4,15,2,1,0,0,1,2,3,0
5596,8,4,15,2,3,0,1,1,2,2,1
5597,7,5,11,0,1,4,1,0,2,2,1
5598,8,0,11,2,0,0,1,1,1,2,0
5599,10,5,12,0,4,4,1,0,2,2,0
5600,6,4,8,2,13,5,1,0,2,1,0
5601,9,4,9,0,10,4,1,0,1,2,0
5602,5,4,0,2,13,0,1,1,2,2,0
5603,11,4,11,1,12,1,1,1,2,2,0
5604,7,4,11,6,3,3,1,1,2,0,0
5605,11,6,15,4,4,1,1,0,1,2,0
5606,4,4,11,4,8,1,1,1,2,2,0
5607,8,4,15,2,3,0,1,1,3,2,1
5608,9,4,11,2,14,0,1,1,2,2,1
5609,5,4,9,4,1,1,1,0,1,2,0
5610,4,4,14,4,1,4,0,0,2,2,0
5611,10,4,11,2,12,0,1,1,2,2,1
5612,9,4,11,2,1,5,1,0,1,2,0
5613,11,4,15,2,14,0,1,1,3,2,0
5614,17,4,15,0,4,1,1,1,2,2,1
5615,6,4,9,2,11,0,1,1,1,2,0
5616,5,2,11,4,6,1,1,1,3,2,0
5617,6,4,11,0,6,4,1,0,2,2,0
5618,9,4,1,0,8,1,1,0,1,0,0
5619,6,2,9,2,4,0,1,1,1,2,1
5620,17,4,11,0,8,4,1,0,2,2,0
5621,4,6,9,4,4,1,1,1,2,2,0
5622,5,4,15,4,3,3,1,1,2,2,0
5623,7,4,9,2,4,0,1,1,2,2,0
5624,6,4,9,0,12,3,0,1,2,2,0
5625,7,4,14,5,1,4,1,0,2,2,0
5626,7,4,15,0,12,1,1,1,1,2,0
5627,8,4,1,2,12,0,1,1,2,2,1
5628,12,4,11,2,7,0,1,1,2,2,1
5629,5,4,10,4,10,1,1,0,2,2,1
5630,10,2,11,2,6,0,0,1,2,2,1
5631,10,5,11,0,1,1,1,0,2,2,0
5632,5,4,9,2,12,0,1,1,2,2,0
5633,8,4,5,2,3,0,0,1,2,2,0
5634,9,4,15,2,6,5,1,0,3,2,0
5635,4,4,11,4,12,3,0,1,1,2,0
5636,8,4,9,2,12,0,1,1,4,2,0
5637,5,4,5,4,1,3,0,0,2,2,0
5638,4,4,11,4,7,3,1,0,2,2,0
5639,11,4,9,2,13,0,1,1,1,2,1
5640,8,4,15,2,8,0,0,1,0,2,1
5641,8,7,11,0,12,3,0,1,2,2,0
5642,5,0,9,2,0,5,1,0,0,2,0
5643,5,0,15,4,0,1,1,1,1,2,0
5644,9,4,15,2,6,0,1,1,3,2,0
5645,6,4,1,2,3,0,1,1,0,2,0
5646,11,4,15,2,12,0,1,1,3,2,1
5647,6,4,12,4,4,3,1,0,2,2,0
5648,6,4,15,4,12,3,1,1,2,2,0
5649,4,4,15,4,8,1,1,0,1,2,0
5650,5,0,11,2,0,0,0,1,1,2,0
5651,9,6,0,2,4,0,1,1,2,0,0
5652,5,4,15,4,7,1,1,0,4,2,0
5653,11,4,15,2,1,5,1,0,2,2,1
5654,9,0,11,2,6,0,1,1,1,2,0
5655,8,4,11,2,8,5,0,0,1,2,1
5656,10,6,14,2,10,0,1,1,2,2,0
5657,7,4,11,2,7,0,0,1,2,2,0
5658,9,4,11,5,7,4,1,0,2,2,0
5659,9,0,11,2,6,0,1,1,2,2,1
5660,7,4,12,2,4,0,0,1,2,2,1
5661,8,4,11,2,7,0,1,1,2,2,1
5662,8,5,9,4,4,3,1,0,2,2,0
5663,8,4,11,4,1,4,0,0,2,2,0
5664,9,6,1,0,3,1,1,1,2,2,0
5665,8,4,15,2,7,0,1,1,2,2,1
5666,6,4,4,2,14,0,1,1,2,2,0
5667,4,6,9,6,4,1,1,0,2,3,0
5668,12,4,8,2,3,0,1,1,2,2,1
5669,6,0,9,0,0,1,1,1,0,2,0
5670,4,4,12,4,10,3,1,0,1,2,0
5671,3,6,8,4,4,3,1,1,3,2,0
5672,5,4,11,4,8,3,1,0,0,2,0
5673,5,6,15,4,12,2,1,1,2,2,0
5674,12,6,1,0,8,4,1,0,2,2,0
5675,6,4,15,2,5,2,1,1,3,2,1
5676,5,4,9,4,13,3,1,0,1,2,0
5677,7,4,9,4,4,3,1,1,2,2,0
5678,7,1,15,0,1,2,0,0,2,2,0
5679,4,4,11,4,10,1,1,0,2,2,0
5680,4,6,11,0,12,1,1,1,2,2,0
5681,7,2,9,2,6,0,1,1,2,2,0
5682,7,4,15,2,10,0,1,1,2,2,0
5683,11,4,9,2,12,0,0,1,3,2,0
5684,9,4,15,2,4,5,1,0,2,2,1
5685,9,2,10,0,10,1,1,0,2,2,0
5686,8,4,11,2,4,0,1,1,2,2,1
5687,3,4,9,4,13,1,1,0,2,2,0
5688,6,4,11,4,7,3,1,1,2,2,0
5689,5,4,12,4,10,1,1,1,1,2,0
5690,7,7,1,0,8,1,0,1,0,2,0
5691,3,2,10,4,10,1,1,0,2,2,0
5692,14,0,11,0,0,1,1,0,2,2,0
5693,3,7,11,4,1,1,1,0,2,2,0
5694,8,4,9,4,10,3,1,1,0,2,0
5695,9,1,1,2,7,0,1,1,2,2,0
5696,6,6,9,2,13,5,0,0,1,2,1
5697,8,2,10,2,10,0,1,1,2,2,1
5698,5,4,3,4,8,3,1,1,1,2,0
5699,6,4,8,4,3,4,1,1,2,2,0
5700,7,7,9,6,11,4,1,0,2,2,0
5701,7,6,15,2,4,0,1,1,2,2,0
5702,6,4,12,2,10,0,1,1,2,2,0
5703,6,4,6,2,5,0,1,1,2,2,1
5704,7,4,11,0,1,4,1,0,2,0,0
5705,9,4,15,2,8,5,1,0,2,2,0
5706,3,6,9,4,12,3,0,0,1,2,0
5707,4,4,11,4,1,3,1,0,2,2,0
5708,5,2,11,2,1,0,1,1,2,2,0
5709,11,4,15,2,4,0,1,1,2,2,0
5710,11,6,10,0,10,4,1,0,0,2,0
5711,8,6,1,4,3,3,1,1,2,2,0
5712,8,4,11,2,4,5,1,0,2,2,1
5713,4,2,15,4,4,3,0,0,2,2,0
5714,8,4,11,5,8,4,1,0,2,2,0
5715,9,4,11,2,12,5,1,0,2,2,0
5716,5,4,11,2,7,0,1,1,2,2,1
5717,4,4,15,4,1,1,0,0,3,2,1
5718,10,4,1,0,12,3,1,1,2,2,0
5719,6,1,14,4,1,1,1,0,1,2,0
5720,6,4,11,0,7,1,0,1,2,2,0
5721,6,4,11,4,1,3,1,0,2,2,0
5722,11,4,11,2,3,0,1,1,2,2,1
5723,7,4,15,2,14,0,1,1,2,2,1
5724,9,4,9,0,10,1,1,1,2,2,0
5725,11,6,11,2,4,0,1,1,2,2,0
5726,8,4,15,5,7,1,1,0,2,2,0
5727,5,4,11,4,8,1,0,1,2,1,1
5728,4,4,0,4,7,3,1,0,2,2,0
5729,14,4,6,6,3,1,1,1,2,2,0
5730,8,4,1,2,3,0,1,1,2,2,0
5731,6,4,12,2,10,0,1,1,2,2,1
5732,6,2,7,0,4,1,1,1,2,2,0
5733,4,4,11,4,1,1,1,0,2,2,0
5734,6,4,11,0,8,4,1,0,2,0,0
5735,9,6,9,2,10,0,1,1,2,2,0
5736,9,4,15,2,10,0,1,1,2,2,1
5737,4,6,15,4,3,1,1,1,2,2,0
5738,7,4,9,6,4,1,1,1,1,2,0
5739,5,2,15,2,6,0,1,1,1,2,0
5740,12,4,2,2,14,0,1,1,3,2,0
5741,7,4,11,2,7,0,1,1,2,2,0
5742,9,4,11,2,6,0,1,1,2,2,0
5743,8,1,11,2,14,0,1,1,2,2,0
5744,10,4,11,2,3,0,1,1,2,2,1
5745,10,4,11,2,3,0,0,1,2,2,0
5746,10,6,9,2,10,0,1,1,2,2,0
5747,8,4,11,2,8,0,1,1,1,2,0
5748,10,4,1,2,3,1,1,0,2,2,1
5749,7,4,12,2,12,0,1,1,2,2,1
5750,4,4,11,4,8,1,1,1,2,2,0
5751,7,6,9,0,10,4,1,0,0,2,0
5752,9,2,15,2,4,0,0,1,2,2,1
5753,11,4,11,2,7,0,1,1,2,2,0
5754,8,0,5,4,0,3,1,1,0,2,0
5755,10,4,11,2,14,0,1,1,1,2,1
5756,10,4,11,2,12,0,1,1,4,2,0
5757,10,4,9,2,10,5,1,0,2,2,1
5758,8,4,11,0,8,4,1,0,1,2,0
5759,7,6,7,2,12,0,1,1,0,2,1
5760,7,4,9,2,4,0,1,1,2,2,0
5761,10,4,1,4,8,4,1,0,2,2,0
5762,5,4,11,2,14,0,1,1,2,2,1
5763,11,4,11,2,3,1,1,1,2,2,0
5764,9,4,15,0,1,4,1,0,1,2,0
5765,10,4,15,2,4,0,1,1,2,2,1
5766,6,4,11,4,1,1,0,0,2,2,0
5767,6,4,6,4,5,1,1,1,2,2,1
5768,4,4,11,4,6,1,1,1,3,2,0
5769,3,4,15,0,4,1,1,1,2,2,1
5770,13,4,12,2,10,5,1,0,2,2,0
5771,11,4,11,2,14,0,1,1,2,2,0
5772,7,4,11,2,8,0,1,1,2,2,1
5773,4,4,11,2,12,0,1,1,1,2,0
5774,7,4,8,0,10,4,1,0,2,2,0
5775,6,7,9,0,1,4,0,0,2,2,0
5776,8,4,15,0,12,1,1,1,2,2,0
5777,9,4,5,2,10,2,1,0,1,2,0
5778,10,5,6,2,5,0,1,1,1,2,0
5779,8,2,9,2,10,0,1,1,2,2,1
5780,3,4,11,4,8,1,1,1,2,2,0
5781,6,4,11,2,1,0,0,1,2,2,1
5782,9,4,11,2,7,0,0,1,2,2,1
5783,4,4,7,4,1,3,1,0,1,2,0
5784,8,4,14,2,3,0,1,1,2,2,1
5785,8,4,1,2,3,0,1,1,2,2,1
5786,11,4,11,2,14,0,1,1,2,2,0
5787,3,4,11,4,3,1,1,1,2,2,0
5788,6,4,11,0,3,1,1,1,2,2,0
5789,5,4,11,4,1,3,1,0,2,2,0
5790,3,4,15,4,1,1,0,0,2,2,0
5791,8,4,15,0,12,4,1,0,2,2,0
5792,6,6,15,0,12,4,1,0,2,2,0
5793,10,4,11,2,3,0,1,1,3,2,1
5794,10,5,11,2,3,0,1,1,1,2,0
5795,10,6,9,2,4,5,1,0,2,2,0
5796,11,4,11,0,8,4,1,0,2,2,0
5797,9,4,15,0,8,1,1,0,2,0,0
5798,5,4,9,2,12,0,1,1,2,2,1
5799,5,4,2,4,13,3,1,0,0,2,0
5800,7,7,15,2,10,0,1,1,2,2,0
5801,3,4,12,4,1,1,0,0,2,2,0
5802,4,4,14,4,10,1,1,0,3,2,0
5803,4,4,9,4,10,1,1,1,2,2,0
5804,4,4,1,4,13,1,0,0,2,2,0
5805,8,4,11,0,6,1,1,1,3,2,0
5806,13,7,9,2,8,0,1,1,0,2,0
5807,3,4,15,4,1,3,1,0,2,2,0
5808,7,4,9,0,1,4,1,0,2,2,0
5809,3,4,9,4,10,3,1,0,2,2,0
5810,5,4,11,2,6,0,1,1,2,2,0
5811,4,4,15,4,3,3,1,1,2,2,0
5812,9,4,15,2,7,0,0,1,2,2,1
5813,12,5,9,2,4,0,0,1,2,2,0
5814,4,4,15,4,3,1,1,1,2,2,0
5815,5,2,15,4,10,3,1,0,1,2,0
5816,10,0,1,6,0,1,1,0,2,2,0
5817,3,4,15,4,12,2,1,1,1,2,0
5818,6,4,9,0,8,1,1,0,1,2,1
5819,12,4,0,2,7,0,1,1,2,2,1
5820,13,4,11,2,14,0,1,1,1,2,0
5821,13,6,11,5,4,1,1,1,2,2,0
5822,9,7,11,2,4,0,1,1,2,2,1
5823,8,4,15,2,1,4,1,0,2,2,0
5824,6,1,15,4,1,3,1,0,2,0,0
5825,10,4,15,0,1,2,0,0,2,2,0
5826,8,4,9,4,4,3,1,0,1,2,0
5827,6,4,15,2,8,5,1,0,0,2,0
5828,7,4,15,5,1,4,1,0,1,2,0
5829,4,3,9,4,13,3,1,1,2,2,0
5830,18,6,15,6,1,1,1,0,4,2,0
5831,11,4,15,4,8,1,1,1,1,2,0
5832,12,4,11,2,3,0,1,1,3,2,0
5833,6,4,14,2,1,5,0,0,2,0,0
5834,8,4,11,2,6,0,1,1,2,2,1
5835,3,4,1,4,12,1,1,0,2,2,0
5836,7,6,9,4,4,1,1,1,3,2,1
5837,11,5,9,4,4,1,1,1,2,2,0
5838,13,2,9,2,12,0,1,1,2,2,1
5839,6,0,11,0,0,1,1,0,2,2,0
5840,5,0,11,4,0,4,1,0,1,2,0
5841,4,4,11,4,3,1,1,1,2,2,0
5842,7,4,8,2,14,0,1,1,2,2,0
5843,4,4,15,2,3,0,1,1,2,2,1
5844,11,4,11,2,3,0,1,1,2,2,0
5845,6,4,11,4,12,3,1,1,2,2,0
5846,7,7,14,2,10,0,1,1,2,2,1
5847,7,4,15,5,5,1,1,1,2,2,0
5848,8,4,11,2,4,0,1,1,2,0,0
5849,7,4,12,2,4,0,1,1,2,2,0
5850,10,4,11,2,12,0,1,1,3,2,1
5851,5,4,1,2,3,0,0,1,2,2,1
5852,9,4,7,0,12,3,1,0,1,2,0
5853,11,6,9,6,12,4,1,0,1,2,0
5854,5,0,9,4,0,3,1,0,0,2,0
5855,4,4,11,4,1,3,1,0,2,2,0
5856,10,4,9,2,13,0,1,1,2,2,0
5857,4,4,11,4,1,4,1,0,1,2,0
5858,7,4,15,2,3,0,1,1,2,2,0
5859,6,4,0,4,6,1,1,1,2,2,0
5860,9,8,11,2,13,0,1,1,2,2,1
5861,6,4,11,4,8,3,1,0,2,2,0
5862,7,4,1,2,13,0,1,1,2,0,0
5863,13,4,6,0,14,3,1,0,2,2,0
5864,8,4,11,2,7,0,1,1,2,2,0
5865,6,4,9,4,10,1,1,0,2,2,0
5866,10,4,12,4,4,1,1,1,3,2,0
5867,7,4,9,3,4,1,1,0,2,2,1
5868,8,4,11,0,1,4,0,0,2,2,0
5869,9,2,9,2,4,0,1,1,3,2,1
5870,11,4,15,0,8,4,1,0,2,2,0
5871,5,1,11,4,7,1,0,1,4,2,0
5872,8,4,9,2,4,0,1,1,2,2,1
5873,3,2,15,4,5,3,1,1,1,2,0
5874,7,6,15,2,12,5,1,0,2,2,1
5875,9,4,12,2,4,0,1,1,4,2,1
5876,16,4,11,2,4,0,1,1,2,2,1
5877,5,5,11,4,5,1,1,1,1,2,0
5878,8,4,11,0,3,1,1,1,1,0,0
5879,5,4,6,2,3,0,1,1,2,1,0
5880,12,4,0,2,7,5,1,0,2,2,0
5881,6,4,15,0,1,4,1,0,2,2,1
5882,9,6,11,2,3,0,1,1,2,0,1
5883,4,3,1,4,13,3,1,0,2,2,0
5884,7,4,12,2,4,0,1,1,2,2,1
5885,9,4,2,2,12,0,1,1,2,2,0
5886,9,4,1,4,3,1,1,1,2,2,0
5887,4,4,15,4,5,3,1,1,1,2,0
5888,5,4,12,4,10,3,1,1,2,2,0
5889,9,4,9,2,12,0,1,1,2,2,1
5890,4,4,12,4,10,3,1,0,2,2,0
5891,8,4,9,0,10,1,1,1,2,2,0
5892,5,4,9,4,10,1,1,1,2,2,0
5893,5,4,9,4,12,3,1,1,1,2,0
5894,6,5,15,0,5,1,1,1,1,2,0
5895,7,4,15,0,12,4,1,0,2,2,0
5896,8,4,12,2,4,0,1,1,2,2,0
5897,9,4,14,4,1,1,1,0,2,2,0
5898,7,4,15,6,1,4,1,0,1,2,0
5899,8,4,11,5,8,1,1,0,2,2,0
5900,4,4,11,4,7,1,1,1,2,2,0
5901,9,4,15,2,8,5,1,0,0,2,1
5902,7,4,0,6,7,1,1,0,2,2,0
5903,8,4,1,2,3,0,1,1,3,2,0
5904,6,4,7,2,12,0,1,1,2,2,0
5905,7,4,11,2,8,2,1,0,0,2,0
5906,5,4,11,2,4,0,0,1,2,2,1
5907,6,2,14,1,10,1,1,1,2,2,1
5908,11,4,15,2,3,4,1,1,0,2,1
5909,7,6,8,2,12,0,1,1,0,2,0
5910,5,4,9,2,4,0,1,1,2,2,1
5911,3,4,11,4,8,3,1,1,0,2,0
5912,5,4,15,4,1,3,0,0,2,2,0
5913,4,4,11,5,12,4,1,1,1,2,0
5914,3,4,8,4,11,3,0,1,1,2,0
5915,5,2,11,2,3,0,1,1,2,2,1
5916,7,4,8,2,13,0,1,1,2,2,1
5917,7,6,11,2,3,0,1,1,2,2,1
5918,6,4,11,0,3,4,1,0,2,2,1
5919,11,6,12,2,4,0,1,1,2,2,1
5920,6,4,15,4,12,3,1,0,1,2,0
5921,3,4,11,4,6,3,1,1,1,4,0
5922,4,4,15,0,1,4,1,0,2,2,0
5923,7,5,9,2,0,0,0,1,1,2,0
5924,12,0,6,5,0,1,1,0,2,2,0
5925,7,7,11,4,12,4,1,0,1,2,0
5926,5,4,15,2,4,0,1,1,2,2,0
5927,13,4,8,0,3,1,1,1,2,2,0
5928,8,4,11,2,3,0,1,1,3,2,0
5929,5,4,11,2,6,0,1,1,3,2,0
5930,4,4,11,4,3,1,1,1,2,2,0
5931,13,4,15,6,13,1,1,0,2,2,0
5932,7,4,15,2,3,0,1,1,3,2,1
5933,11,4,0,0,3,2,1,1,2,2,1
5934,5,0,11,2,6,0,1,1,2,2,0
5935,8,4,9,2,10,0,1,1,2,2,0
5936,13,4,1,6,3,1,1,1,2,2,0
5937,6,6,15,4,1,3,0,0,2,3,0
5938,6,0,1,3,0,4,1,0,1,2,1
5939,4,4,15,4,6,1,1,1,2,2,0
5940,6,0,9,4,0,1,1,1,0,2,0
5941,5,4,11,4,4,3,0,1,2,2,0
5942,8,4,11,2,3,0,1,1,2,2,0
5943,10,6,15,2,4,0,1,1,2,2,0
5944,9,4,11,0,6,1,1,1,1,2,0
5945,4,2,14,2,10,0,1,1,2,2,0
5946,6,4,11,2,7,0,1,1,2,2,0
5947,5,0,15,4,0,4,1,0,0,2,0
5948,13,2,7,2,1,0,1,1,2,2,0
5949,7,4,9,2,12,0,1,1,1,2,1
5950,4,4,15,4,1,3,1,0,1,2,0
5951,11,4,11,6,8,0,1,1,2,2,0
5952,8,6,9,0,8,2,1,1,2,2,0
5953,9,4,15,4,12,1,1,1,1,2,0
5954,11,4,11,2,4,0,1,1,2,2,1
5955,6,4,15,3,1,1,1,1,2,2,0
5956,11,4,9,6,10,4,1,0,2,2,0
5957,13,4,2,2,14,0,1,1,3,2,0
5958,9,4,13,2,13,0,1,1,2,1,0
5959,5,4,9,4,7,3,1,0,2,2,0
5960,10,4,9,0,8,4,0,0,2,2,0
5961,3,4,9,4,4,1,1,0,2,2,0
5962,6,4,5,4,3,1,1,1,2,2,0
5963,7,4,15,2,5,0,1,1,1,0,1
5964,5,4,11,2,14,0,1,1,2,2,0
5965,9,4,11,2,11,0,0,1,2,2,0
5966,3,4,11,4,1,1,1,1,2,2,0
5967,12,4,11,0,3,4,1,0,1,2,0
5968,8,6,11,4,3,1,1,1,2,2,0
5969,10,4,15,2,13,5,1,0,2,2,1
5970,4,4,15,0,1,4,1,0,1,2,1
5971,10,4,11,2,3,0,1,1,3,2,0
5972,10,4,15,2,1,0,0,1,2,2,0
5973,5,2,9,4,10,2,1,0,2,2,0
5974,12,4,15,2,8,0,1,1,1,2,0
5975,3,4,14,4,10,3,1,1,2,2,0
5976,6,4,11,2,3,0,1,1,2,2,1
5977,7,4,0,0,8,1,1,0,2,2,0
5978,6,2,6,3,10,4,1,1,3,2,1
5979,8,4,11,2,7,0,1,1,3,2,0
5980,9,4,12,2,6,0,0,1,2,2,0
5981,7,4,11,2,4,0,1,1,2,2,1
5982,14,2,15,6,10,1,1,1,2,2,0
5983,13,4,15,2,3,0,1,1,2,2,0
5984,4,2,9,4,11,1,1,1,1,2,0
5985,8,7,11,2,8,0,1,1,1,2,0
5986,5,4,11,4,7,2,1,0,4,2,0
5987,9,4,11,0,1,1,1,0,2,2,0
5988,9,4,11,2,1,2,1,1,2,2,0
5989,5,4,12,2,10,5,1,0,1,2,0
5990,8,4,15,4,12,4,0,0,4,2,1
5991,7,4,11,2,3,0,1,1,3,2,0
5992,8,4,1,5,12,1,1,0,4,2,0
5993,8,4,9,2,6,0,1,1,2,0,1
5994,5,4,11,2,3,0,1,1,2,2,0
5995,4,6,10,4,10,2,1,0,1,2,0
5996,7,4,4,2,6,0,1,1,2,2,0
5997,11,4,1,2,8,1,1,0,2,2,1
5998,9,4,11,2,4,0,1,1,2,2,0
5999,4,4,8,0,1,4,1,0,2,2,1
6000,8,4,11,5,7,4,0,0,2,2,0
6001,6,4,12,0,4,3,1,1,2,2,0
6002,9,4,11,2,14,0,1,1,1,2,1
6003,4,4,15,4,10,1,1,1,2,3,0
6004,4,4,9,4,11,3,1,0,2,2,0
6005,6,4,5,2,3,0,1,1,2,2,1
6006,8,6,4,4,12,3,0,1,1,2,0
6007,6,7,14,2,10,5,1,0,2,2,0
6008,4,6,9,6,10,4,1,1,2,2,1
6009,4,4,4,4,6,1,1,1,2,2,0
6010,4,4,9,4,10,1,1,0,2,2,0
6011,4,4,11,4,4,3,1,0,2,2,0
6012,7,6,11,2,4,0,1,1,2,1,1
6013,11,7,5,2,10,0,1,1,2,2,1
6014,6,4,11,2,7,0,1,1,2,2,1
6015,9,6,15,2,3,0,1,1,2,2,0
6016,7,4,12,2,4,0,1,1,2,2,0
6017,8,7,11,0,1,1,1,0,1,2,0
6018,5,4,15,2,3,0,1,1,2,2,0
6019,3,4,11,4,1,1,1,0,2,2,0
6020,9,4,9,2,8,0,1,1,1,2,0
6021,6,5,9,2,0,0,1,1,2,2,1
6022,6,6,15,1,10,1,1,1,2,2,1
6023,10,4,15,2,1,0,1,1,2,2,1
6024,16,5,5,0,0,1,1,0,1,2,0
6025,7,5,9,6,10,1,1,1,2,2,0
6026,6,4,11,2,6,0,1,1,2,2,0
6027,10,6,15,2,3,0,1,1,1,2,1
6028,6,5,11,2,3,0,1,1,1,2,0
6029,12,4,11,2,3,0,1,1,2,2,0
6030,5,4,11,2,7,0,1,1,2,2,1
6031,10,4,15,2,6,0,1,1,2,2,0
6032,6,4,15,4,8,3,0,1,1,2,0
6033,4,4,15,4,12,4,1,1,3,2,0
6034,8,0,10,4,0,1,1,0,1,2,0
6035,6,4,11,4,1,1,1,0,2,2,0
6036,6,4,15,4,12,1,1,1,0,2,0
6037,8,2,5,4,11,3,1,1,2,2,0
6038,9,6,6,2,5,0,1,1,2,2,0
6039,5,4,11,4,3,1,1,1,2,2,0
6040,7,4,6,2,8,0,1,1,1,2,1
6041,10,4,11,0,1,1,1,0,2,2,0
6042,6,4,8,0,10,1,1,1,1,1,1
6043,8,4,11,2,1,5,1,0,2,2,1
6044,11,4,11,2,5,0,1,1,2,2,1
6045,4,4,15,4,1,2,1,0,2,2,0
6046,10,4,9,2,4,0,1,1,1,2,1
6047,8,4,9,2,10,0,1,1,1,2,1
6048,8,2,15,2,4,0,1,1,2,0,1
6049,4,6,9,4,4,1,1,0,2,2,0
6050,9,4,10,2,10,0,1,1,2,2,0
6051,3,4,9,4,4,3,0,1,2,2,0
6052,4,2,5,4,3,3,1,1,2,2,0
6053,3,4,1,0,8,4,1,0,0,2,0
6054,6,7,9,3,4,5,1,0,2,2,1
6055,5,4,11,4,3,4,1,0,1,2,0
6056,6,7,11,1,1,1,1,0,4,2,1
6057,8,4,9,2,12,0,1,1,1,2,0
6058,10,4,11,2,1,5,1,0,2,2,0
6059,6,4,0,0,7,2,0,0,4,2,0
6060,11,4,7,0,14,1,1,1,2,2,0
6061,4,4,11,4,3,3,1,1,2,2,0
6062,3,7,11,4,8,1,1,0,0,2,0
6063,5,4,15,2,3,0,1,1,2,2,1
6064,10,4,11,0,6,1,1,1,1,2,0
6065,6,6,11,4,8,1,1,1,2,2,0
6066,9,4,11,4,1,1,1,0,2,2,0
6067,7,4,11,0,12,1,1,1,4,2,0
6068,7,4,1,4,3,1,1,1,2,2,0
6069,6,6,0,4,3,4,1,1,1,2,0
6070,7,2,15,2,10,0,1,1,2,2,0
6071,7,4,11,2,12,0,0,1,2,2,1
6072,9,5,5,0,0,4,1,0,2,2,0
6073,12,4,11,2,7,5,1,0,2,2,1
6074,8,4,11,4,1,3,1,1,2,2,0
6075,12,0,1,2,0,0,1,1,1,2,0
6076,6,4,12,2,12,0,1,1,2,2,0
6077,6,4,11,4,8,1,1,0,2,2,0
6078,3,4,15,0,1,1,1,0,2,2,0
6079,8,4,15,4,3,3,1,1,2,2,0
6080,8,4,12,2,10,0,1,1,2,2,0
6081,9,4,11,2,7,0,1,1,2,2,0
6082,5,4,11,4,8,1,1,0,1,2,0
6083,6,4,0,2,7,0,1,1,2,2,1
6084,3,4,9,4,13,3,0,0,2,4,0
6085,5,4,11,2,14,0,1,1,2,2,0
6086,8,4,15,2,5,0,1,1,1,2,0
6087,9,4,11,0,3,3,1,1,2,2,0
6088,6,4,10,4,8,1,1,0,1,2,0
6089,5,4,15,4,1,3,1,1,1,1,0
6090,8,4,11,2,12,0,1,1,2,2,1
6091,7,2,14,4,10,2,0,0,2,2,0
6092,6,4,7,0,12,1,1,0,2,2,1
6093,3,4,14,4,1,3,1,0,2,2,0
6094,7,4,11,0,8,1,1,0,1,2,0
6095,12,2,12,0,10,4,1,0,2,2,0
6096,9,4,11,2,1,0,1,1,2,2,0
6097,6,4,15,3,8,1,1,1,2,2,1
6098,8,4,11,0,1,4,1,0,2,2,0
6099,3,7,15,4,11,2,1,1,2,2,0
6100,5,6,12,2,4,0,1,1,2,2,1
6101,8,2,15,0,11,4,1,0,1,2,1
6102,4,6,15,4,5,1,1,1,1,2,0
6103,8,7,9,4,8,3,1,0,1,2,0
6104,4,7,15,5,10,4,1,0,3,2,0
6105,17,4,11,6,1,1,1,0,1,2,0
6106,4,4,11,5,8,4,1,0,1,2,0
6107,10,4,9,2,13,5,1,0,2,2,1
6108,7,4,0,2,7,5,0,0,2,2,0
6109,6,4,11,2,14,0,0,1,1,2,1
6110,12,7,11,0,8,1,0,0,1,2,0
6111,8,4,11,0,14,4,1,1,2,2,1
6112,10,4,15,2,1,5,1,0,2,2,1
6113,12,0,5,0,0,1,1,1,2,2,0
6114,4,0,9,4,0,1,1,0,0,2,0
6115,12,4,15,0,3,1,1,1,3,2,0
6116,8,4,11,0,7,1,1,0,2,2,0
6117,5,4,9,4,12,1,1,1,2,2,0
6118,8,4,0,2,3,0,1,1,2,2,0
6119,5,4,4,4,12,1,1,0,2,2,0
6120,10,4,15,2,3,0,1,1,2,2,0
6121,8,0,1,2,0,0,1,1,2,2,0
6122,6,4,15,2,10,0,1,1,2,2,0
6123,7,4,11,4,13,4,1,1,2,2,0
6124,3,5,12,4,4,3,1,1,2,2,0
6125,6,4,11,2,3,0,1,1,2,2,1
6126,6,2,15,1,11,1,1,0,1,2,1
6127,11,4,11,4,14,3,1,1,2,2,0
6128,10,4,1,2,3,0,1,1,2,2,0
6129,6,4,11,0,3,4,1,1,2,2,0
6130,5,4,1,4,8,3,1,0,1,2,0
6131,7,0,11,2,0,0,1,1,0,2,0
6132,6,6,0,4,3,1,1,1,2,2,0
6133,4,4,12,4,12,1,1,1,3,2,1
6134,3,4,11,4,3,1,1,1,2,0,0
6135,9,4,15,4,1,3,1,0,1,2,0
6136,8,4,9,0,4,4,1,1,2,2,0
6137,6,4,15,2,3,0,1,1,2,2,1
6138,9,4,14,2,3,0,1,1,2,2,0
6139,5,4,15,2,8,5,1,0,2,2,0
6140,4,6,0,4,8,1,1,0,0,2,0
6141,9,4,11,0,8,2,1,0,1,2,0
6142,6,6,1,4,12,3,1,1,2,2,0
6143,9,5,15,2,0,0,1,1,2,2,0
6144,16,4,9,2,6,0,0,1,2,2,0
6145,4,4,15,5,5,1,1,0,3,2,0
6146,7,4,1,2,14,0,1,1,3,2,0
6147,6,8,15,2,8,0,0,1,2,2,1
6148,5,2,5,2,11,0,1,1,2,2,1
6149,6,4,11,0,12,4,1,0,2,2,0
6150,8,4,11,2,12,2,1,0,3,2,0
6151,12,7,11,2,8,0,0,1,1,2,0
6152,13,4,12,2,12,0,1,1,2,2,0
6153,7,4,0,2,3,0,1,1,2,2,0
6154,9,4,15,2,10,0,1,1,2,2,0
6155,11,4,15,6,3,1,1,1,2,2,0
6156,7,2,15,2,1,5,0,0,2,2,0
6157,10,4,11,2,7,0,1,1,2,2,1
6158,10,4,12,6,12,1,0,0,2,2,0
6159,6,4,9,2,10,0,1,1,2,2,0
6160,4,4,11,0,14,1,1,1,2,2,0
6161,4,4,15,0,6,1,1,1,2,2,0
6162,3,4,9,4,1,4,1,0,2,2,0
6163,4,0,11,4,0,3,1,1,2,2,0
6164,5,0,5,2,0,0,1,1,0,1,0
6165,10,4,15,2,1,0,1,1,2,2,0
6166,3,6,10,4,10,3,1,1,1,2,0
6167,8,4,9,4,8,4,1,0,1,2,0
6168,3,4,11,4,12,1,1,1,2,2,0
6169,10,6,6,2,5,0,1,1,2,2,1
6170,10,4,15,2,12,0,1,1,1,2,1
6171,6,4,11,4,1,1,1,0,1,2,0
6172,9,4,11,0,1,1,0,0,2,2,0
6173,5,6,11,4,1,3,1,0,2,2,0
6174,6,0,1,0,0,4,1,0,0,2,1
6175,8,7,15,2,1,5,1,0,1,2,0
6176,5,4,15,2,4,0,1,1,2,3,0
6177,8,4,7,0,8,1,0,0,1,2,0
6178,4,4,13,4,12,1,1,1,2,2,0
6179,9,4,11,0,8,1,1,1,1,2,0
6180,13,4,9,0,4,1,0,1,2,2,0
6181,10,5,15,2,4,0,1,1,2,2,1
6182,9,4,11,2,1,0,1,1,2,2,0
6183,9,4,11,2,7,5,1,0,2,2,0
6184,5,4,11,0,8,1,1,0,2,2,0
6185,4,4,15,4,1,3,1,0,2,2,0
6186,6,4,8,0,3,1,1,1,2,2,0
6187,7,4,11,2,3,0,0,1,2,2,0
6188,10,4,1,2,12,0,1,1,2,2,0
6189,7,4,8,0,10,1,1,0,2,2,0
6190,7,4,11,2,12,0,1,1,1,2,1
6191,7,4,15,5,10,4,0,0,1,2,0
6192,9,6,9,4,10,1,1,1,1,2,0
6193,5,4,9,4,4,1,1,1,2,2,0
6194,7,4,1,5,12,1,1,1,2,2,0
6195,6,4,7,2,12,0,1,1,2,1,0
6196,13,7,15,0,8,4,1,0,1,2,0
6197,8,4,11,2,6,0,0,1,2,2,1
6198,12,4,9,2,10,5,1,0,2,2,0
6199,5,4,15,2,7,5,1,0,2,1,0
6200,12,4,9,2,12,5,1,0,4,2,0
6201,8,4,11,5,7,1,0,1,2,2,0
6202,4,1,12,4,4,3,1,0,1,2,0
6203,11,4,12,4,4,3,1,0,4,2,0
6204,12,4,15,2,4,0,1,1,2,2,0
6205,5,7,14,4,10,1,1,1,2,2,0
6206,4,4,7,4,12,3,1,0,1,2,0
6207,6,4,9,4,8,1,1,0,0,2,0
6208,8,4,0,2,14,0,1,1,2,2,1
6209,6,4,11,2,3,0,1,1,2,1,1
6210,6,7,15,2,1,0,1,1,1,2,0
6211,10,8,9,2,13,0,1,1,1,2,1
6212,4,4,7,4,12,3,0,0,1,2,0
6213,6,3,2,4,8,1,0,0,1,2,0
6214,3,7,11,4,8,3,1,0,2,2,0
6215,7,4,10,2,13,0,1,1,2,2,1
6216,7,4,15,4,3,3,1,1,3,2,0
6217,8,6,11,0,10,3,1,1,1,2,0
6218,3,4,11,4,7,3,0,1,2,2,0
6219,7,4,11,2,12,0,1,1,2,2,0
6220,7,4,11,2,4,0,1,1,2,2,0
6221,5,7,9,2,10,0,1,1,2,2,1
6222,14,4,11,0,1,1,0,0,2,2,0
6223,5,4,15,4,12,3,1,0,3,3,0
6224,4,4,14,2,3,0,1,1,2,2,1
6225,11,0,1,2,0,0,1,1,1,2,0
6226,6,6,8,0,3,1,1,1,3,2,0
6227,7,6,11,4,5,1,1,1,2,2,0
6228,7,4,12,6,1,4,0,0,0,2,0
6229,3,4,11,4,13,4,1,1,2,2,0
6230,4,5,11,4,7,3,1,1,2,2,0
6231,10,4,9,2,1,0,1,1,1,2,0
6232,8,4,11,2,3,0,1,1,3,2,1
6233,7,4,9,2,1,0,1,1,2,2,0
6234,8,4,11,4,12,1,1,1,2,2,1
6235,6,4,9,4,10,1,1,1,2,2,0
6236,12,6,9,2,10,5,1,0,2,2,0
6237,9,2,9,4,4,4,1,0,2,2,0
6238,8,5,15,2,5,0,1,1,3,2,1
6239,4,4,6,4,10,1,1,1,0,2,0
6240,10,4,11,0,7,1,1,1,4,2,0
6241,8,6,11,0,12,4,1,0,3,2,0
6242,4,2,12,4,2,4,0,0,2,2,0
6243,6,2,7,0,12,1,1,1,2,2,0
6244,7,4,0,2,6,0,1,1,3,2,1
6245,7,4,11,2,3,0,1,1,2,2,1
6246,12,4,15,2,9,0,0,1,1,2,0
6247,9,4,11,0,10,1,1,1,2,2,0
6248,6,4,9,0,13,4,1,0,2,2,0
6249,9,4,15,2,8,0,1,1,2,2,1
6250,4,4,12,4,10,3,1,0,1,2,0
6251,9,4,8,2,12,0,1,1,2,2,0
6252,8,4,11,2,1,0,1,1,2,2,0
6253,8,4,11,2,4,0,1,1,2,0,1
6254,4,4,6,6,5,1,1,1,2,2,0
6255,10,3,15,2,13,0,1,1,2,2,0
6256,10,4,9,2,12,0,1,1,2,2,0
6257,7,4,9,2,13,5,0,0,2,2,0
6258,11,6,12,2,10,0,1,1,2,2,0
6259,13,4,9,0,1,4,1,0,4,2,0
6260,9,4,11,0,3,1,1,1,2,2,0
6261,5,4,12,4,4,1,1,1,2,2,0
6262,10,2,11,0,1,4,1,0,2,2,0
6263,12,4,10,6,13,1,1,0,2,2,0
6264,10,4,11,2,3,0,1,1,2,2,1
6265,5,4,15,2,3,0,1,1,2,2,0
6266,9,4,7,0,8,2,1,1,2,2,0
6267,7,4,11,2,3,0,1,1,2,2,0
6268,11,4,11,2,3,0,1,1,2,2,0
6269,10,4,9,0,13,4,1,0,2,2,1
6270,4,4,11,4,1,3,1,0,2,2,0
6271,10,4,15,2,12,0,1,1,2,2,1
6272,7,4,8,2,3,0,1,1,2,2,1
6273,13,0,5,2,0,0,1,1,2,2,0
6274,10,4,7,2,12,5,1,0,2,2,0
6275,6,4,12,2,4,0,1,1,2,2,0
6276,10,4,15,6,1,1,1,0,0,2,0
6277,5,4,8,4,12,1,1,1,2,2,0
6278,9,2,12,2,4,0,1,1,2,2,1
6279,3,2,15,4,6,1,0,1,2,2,0
6280,11,4,15,2,8,0,1,1,2,2,0
6281,12,4,7,0,10,1,0,0,2,2,0
6282,12,4,12,2,10,0,1,1,2,2,0
6283,7,6,8,2,13,0,1,1,2,2,1
6284,4,2,15,4,6,1,1,1,1,2,1
6285,7,4,11,2,1,5,1,0,0,3,0
6286,4,2,1,4,12,1,1,1,1,2,0
6287,8,4,11,2,8,0,0,1,2,2,0
6288,4,4,11,4,14,1,1,1,2,2,1
6289,10,4,11,2,6,0,1,1,2,2,1
6290,5,4,11,6,7,0,0,1,2,2,0
6291,9,4,15,0,8,4,1,0,2,2,0
6292,9,4,11,2,6,0,1,1,2,2,0
6293,6,4,0,2,3,0,1,1,2,2,0
6294,5,4,15,2,1,0,1,1,2,2,0
6295,5,7,10,2,10,0,0,1,2,2,0
6296,3,4,11,4,3,1,1,1,2,3,0
6297,11,4,9,2,12,0,1,1,4,2,1
6298,10,6,15,2,10,0,1,1,1,2,0
6299,4,4,1,4,14,1,1,1,2,2,0
6300,8,4,9,4,12,1,1,1,3,2,0
6301,7,6,15,2,8,0,0,1,2,2,0
6302,9,2,12,2,10,5,1,0,1,2,1
6303,6,4,1,2,3,0,1,1,2,2,1
6304,5,4,8,4,3,1,0,0,2,2,0
6305,4,4,15,4,1,4,1,0,2,2,0
6306,10,4,11,2,8,0,1,1,1,2,0
6307,6,7,11,2,4,0,1,1,2,2,0
6308,8,4,9,2,4,0,1,1,2,2,0
6309,8,5,9,2,4,0,1,1,2,2,1
6310,3,1,5,4,10,3,1,1,2,2,0
6311,10,4,11,2,3,0,1,1,2,2,0
6312,3,5,1,4,0,3,1,1,0,2,0
6313,5,4,11,2,3,0,1,1,2,2,1
6314,5,4,15,4,12,1,1,1,2,2,0
6315,5,2,8,4,11,3,1,1,2,2,0
6316,5,2,9,2,10,0,1,1,2,2,0
6317,10,4,11,0,7,1,1,0,2,2,0
6318,7,4,11,5,3,1,1,1,2,2,0
6319,12,4,14,5,10,4,1,0,2,2,0
6320,9,4,9,2,8,0,1,1,2,2,1
6321,10,4,1,2,14,0,1,1,2,2,1
6322,13,4,8,2,3,0,1,1,2,2,0
6323,5,4,0,2,7,0,1,1,2,2,1
6324,3,4,11,4,12,1,0,0,1,2,0
6325,6,4,0,2,14,0,1,1,2,2,0
6326,5,2,15,4,12,4,1,1,2,2,0
6327,11,5,9,0,1,1,1,0,2,2,0
6328,5,4,8,4,3,1,1,1,1,2,0
6329,10,4,6,2,5,0,1,1,1,3,1
6330,7,4,15,6,12,4,1,1,2,2,0
6331,5,4,15,4,1,3,1,0,1,2,0
6332,14,4,0,0,7,4,1,0,2,2,0
6333,10,0,15,2,0,5,1,0,2,2,1
6334,9,2,11,4,10,3,1,1,1,2,0
6335,8,6,0,2,3,0,1,1,2,2,1
6336,8,2,11,2,3,0,1,1,1,2,0
6337,9,4,11,2,4,0,1,1,3,2,1
6338,8,4,11,2,3,0,1,1,2,2,1
6339,5,4,15,2,7,0,1,1,2,2,1
6340,7,6,14,2,10,0,1,1,1,2,0
6341,9,4,13,2,8,0,0,1,2,2,1
6342,4,4,8,5,3,4,1,0,2,2,0
6343,5,4,15,4,3,1,1,1,2,2,0
6344,7,2,15,4,9,3,1,1,1,2,0
6345,8,4,7,4,12,3,1,0,2,2,0
6346,6,4,1,2,8,0,0,1,2,2,1
6347,7,2,9,2,10,0,1,1,1,2,0
6348,6,4,15,0,8,1,1,0,1,2,0
6349,4,2,15,4,10,1,1,0,2,2,0
6350,5,4,11,4,12,1,1,0,1,2,0
6351,4,2,11,4,4,1,1,1,4,2,0
6352,4,4,15,0,12,3,0,0,2,2,0
6353,8,4,6,2,5,0,1,1,2,2,1
6354,11,4,15,2,11,0,1,1,2,2,1
6355,4,2,15,4,10,3,1,1,2,2,0
6356,9,6,8,4,4,1,1,1,2,2,0
6357,13,4,11,2,7,0,0,1,2,2,1
6358,11,4,9,2,10,0,1,1,1,2,0
6359,9,4,15,2,7,0,1,1,2,2,1
6360,4,4,9,4,1,3,1,0,1,2,0
6361,8,4,11,0,3,1,1,1,2,2,0
6362,7,4,11,5,1,1,1,0,2,2,0
6363,7,1,10,5,10,1,1,1,2,2,0
6364,15,6,11,6,12,1,1,1,2,2,0
6365,8,4,11,2,3,0,1,1,2,2,0
6366,10,4,9,2,11,0,0,1,2,2,0
6367,9,4,11,0,8,1,0,1,2,2,0
6368,4,4,8,4,10,3,1,1,1,2,0
6369,6,4,15,2,10,0,1,1,2,2,0
6370,4,4,11,4,1,1,0,0,2,2,0
6371,13,4,15,2,3,0,1,1,1,2,1
6372,9,4,7,0,12,4,1,0,1,0,0
6373,8,6,11,2,12,5,1,0,2,2,0
6374,4,1,11,6,3,1,1,1,3,2,1
6375,6,4,6,2,5,0,1,1,2,2,1
6376,10,4,11,2,8,0,1,1,1,2,0
6377,6,4,7,2,1,0,1,1,2,0,0
6378,9,4,11,0,7,1,1,0,2,2,0
6379,7,4,15,4,12,1,0,1,2,2,0
6380,5,4,1,2,8,0,1,1,1,2,0
6381,11,4,15,1,3,1,1,1,2,2,0
6382,9,4,15,0,3,1,1,1,2,0,0
6383,11,4,11,2,3,0,1,1,2,2,0
6384,6,4,12,2,6,0,1,1,1,2,1
6385,11,4,11,2,4,0,1,1,3,2,0
6386,5,4,8,2,12,0,1,1,1,2,0
6387,7,5,11,2,1,5,1,0,2,2,1
6388,10,4,1,4,7,3,1,0,2,2,0
6389,4,5,9,4,4,1,1,1,2,2,0
6390,3,4,15,4,1,3,1,1,2,2,0
6391,11,0,11,3,0,1,1,0,0,2,1
6392,4,2,11,4,6,3,1,1,2,2,0
6393,3,7,12,4,2,1,1,1,2,2,0
6394,10,4,11,6,8,3,0,0,2,2,0
6395,8,3,11,0,13,1,1,1,2,2,0
6396,10,4,11,0,12,4,1,0,2,2,0
6397,7,6,11,2,12,0,0,1,2,2,0
6398,4,4,11,4,7,3,1,0,2,3,0
6399,5,4,11,2,4,0,1,1,2,2,1
6400,8,4,11,0,1,1,1,0,1,2,0
6401,10,4,10,0,10,4,0,0,2,2,0
6402,9,4,14,2,1,0,1,1,1,2,1
6403,3,4,15,4,8,3,1,1,2,2,0
6404,8,4,15,5,8,4,1,0,1,2,0
6405,3,4,11,4,1,4,0,0,1,2,0
6406,4,4,12,4,4,1,1,1,4,2,0
6407,5,5,15,4,5,3,1,1,3,2,1
6408,4,4,15,4,10,3,1,0,1,2,0
6409,8,4,7,4,12,1,1,1,2,2,0
6410,10,4,15,0,4,1,1,1,3,2,0
6411,3,1,12,4,10,1,1,0,2,2,0
6412,9,4,12,2,4,0,1,1,2,2,1
6413,11,4,9,2,4,0,1,1,3,2,1
6414,8,4,15,2,1,0,1,1,2,2,0
6415,15,4,15,6,8,3,1,0,4,2,0
6416,4,6,9,6,4,1,1,1,3,2,0
6417,12,4,11,0,1,4,1,0,2,2,0
6418,12,4,11,6,7,1,1,1,2,2,0
6419,5,4,11,4,12,3,1,1,2,2,0
6420,12,2,11,0,11,4,0,0,2,2,1
6421,9,5,15,4,5,3,1,1,2,2,1
6422,5,4,1,4,12,4,1,0,1,2,0
6423,5,0,15,4,0,1,1,1,1,2,1
6424,7,6,12,2,10,0,1,1,2,2,1
6425,6,4,15,0,7,1,1,1,2,2,1
6426,10,4,11,2,6,0,0,1,2,2,1
6427,11,4,14,4,10,3,1,0,2,2,0
6428,10,4,14,2,10,0,1,1,2,2,1
6429,7,4,11,2,7,0,0,1,2,2,0
6430,6,4,11,4,8,3,0,1,1,2,0
6431,6,0,15,4,0,3,1,0,1,2,0
6432,10,5,7,0,4,4,1,1,2,2,0
6433,8,4,11,0,12,1,1,1,1,0,0
6434,6,4,15,1,4,1,1,1,2,2,0
6435,6,4,15,2,12,0,1,1,1,1,0
6436,7,0,5,4,0,1,1,1,1,2,0
6437,8,5,1,4,7,1,0,1,2,2,0
6438,8,1,11,0,1,4,1,0,2,2,0
6439,7,4,1,5,3,4,1,1,2,2,0
6440,3,4,15,4,8,1,0,0,2,2,0
6441,9,4,15,2,4,0,0,1,2,2,0
6442,5,4,15,2,3,0,1,1,2,2,1
6443,9,4,15,2,3,0,1,1,2,2,1
6444,6,4,8,2,10,0,1,1,2,2,1
6445,6,4,15,2,1,5,1,0,2,2,0
6446,6,4,12,1,4,5,1,0,2,2,0
6447,5,1,0,4,14,1,1,1,2,2,0
6448,9,4,11,4,8,3,1,1,1,2,0
6449,7,4,11,2,1,5,1,0,4,2,1
6450,7,6,9,0,4,1,0,1,2,2,0
6451,14,4,11,6,8,4,1,0,2,2,0
6452,8,4,9,2,8,0,1,1,2,2,0
6453,6,4,11,0,4,1,1,0,1,2,0
6454,5,4,11,4,7,3,1,0,2,2,0
6455,7,0,7,2,12,0,1,1,1,2,0
6456,8,4,15,2,4,5,1,0,2,2,1
6457,6,4,12,2,10,0,1,1,3,2,0
6458,6,4,15,0,1,2,1,0,0,2,0
6459,10,4,15,2,8,5,0,0,1,2,1
6460,8,4,9,0,10,2,1,1,2,2,0
6461,7,2,15,2,10,0,1,1,1,2,0
6462,5,4,11,4,8,3,1,0,2,2,0
6463,13,4,11,0,5,4,1,1,1,2,0
6464,7,4,9,2,10,0,1,1,2,2,0
6465,6,4,11,4,14,1,1,1,2,2,0
6466,4,4,11,4,7,3,1,1,2,2,0
6467,7,1,11,2,14,0,1,1,2,2,0
6468,7,4,15,2,11,0,0,1,2,2,0
6469,10,4,11,2,3,0,1,1,2,2,1
6470,9,4,15,4,1,1,1,0,2,2,0
6471,11,4,9,0,8,1,1,1,2,2,1
6472,8,0,6,0,0,1,1,1,0,2,0
6473,5,4,11,4,14,3,1,1,2,2,0
6474,3,4,11,4,8,2,0,1,2,2,0
6475,13,4,9,2,8,3,1,0,1,2,1
6476,3,0,11,4,0,4,1,0,0,2,0
6477,5,4,11,4,1,3,1,0,2,2,0
6478,4,4,11,4,4,1,1,1,2,2,0
6479,8,4,4,4,12,3,1,0,2,2,0
6480,8,7,9,2,11,0,1,1,2,2,0
6481,5,4,11,4,6,1,0,1,3,0,0
6482,5,4,0,4,7,3,1,0,2,4,0
6483,12,4,6,2,8,0,1,1,2,2,1
6484,4,7,11,5,4,4,0,0,2,2,0
6485,6,1,9,4,4,4,1,0,2,2,0
6486,6,4,11,4,10,1,1,0,3,2,0
6487,4,4,11,4,7,3,1,1,2,2,0
6488,6,7,10,2,10,0,1,1,2,2,0
6489,7,4,11,4,8,1,0,0,2,1,0
6490,6,5,9,4,10,3,1,1,1,4,0
6491,18,4,12,2,10,0,0,1,0,2,0
6492,5,4,11,4,8,1,0,0,0,2,0
6493,6,4,11,0,1,1,1,0,1,2,0
6494,11,4,15,2,1,1,1,0,2,2,0
6495,6,4,11,2,12,0,0,1,2,0,0
6496,4,4,12,4,10,1,1,1,2,2,0
6497,8,4,1,2,7,0,1,1,2,2,1
6498,8,4,9,2,4,0,1,1,2,2,0
6499,4,4,14,4,1,3,1,0,1,2,0
6500,5,4,15,4,4,1,1,1,2,2,0
6501,5,5,11,4,4,1,1,1,2,2,0
6502,8,4,11,5,1,4,1,0,2,2,0
6503,9,2,1,2,12,0,1,1,2,2,0
6504,9,4,9,4,8,4,1,0,2,2,0
6505,5,4,11,0,8,4,0,0,1,2,0
6506,9,4,0,2,7,0,1,1,2,0,0
6507,5,6,14,4,1,4,1,0,2,2,0
6508,9,0,11,0,0,1,0,0,1,2,0
6509,3,4,9,4,10,3,1,1,2,2,0
6510,10,4,8,4,1,1,1,0,0,2,0
6511,10,4,15,2,1,5,1,0,1,2,1
6512,6,6,9,2,8,0,1,1,2,2,0
6513,4,4,1,4,8,3,1,1,2,2,0
6514,11,4,12,2,10,0,1,1,2,2,1
6515,10,4,11,2,4,0,1,1,3,2,1
6516,7,1,12,2,4,5,1,0,2,2,0
6517,7,4,8,2,4,0,1,1,2,2,1
6518,10,4,9,2,1,4,1,0,2,2,1
6519,10,6,9,2,10,0,1,1,2,2,0
6520,9,4,11,2,14,0,1,1,2,2,1
6521,5,4,9,6,1,1,1,0,0,2,0
6522,9,4,11,2,3,0,1,1,2,2,1
6523,7,4,11,4,5,1,1,1,3,2,0
6524,3,4,15,4,4,3,1,1,2,2,0
6525,5,4,15,2,4,0,1,1,2,2,1
6526,7,1,11,2,7,1,1,1,2,2,1
6527,9,4,11,2,14,0,0,1,1,2,1
6528,6,6,9,2,4,0,1,1,1,2,1
6529,5,4,9,4,1,3,1,0,2,2,0
6530,4,4,9,4,12,2,1,1,2,2,0
6531,12,4,11,2,14,0,1,1,2,2,0
6532,5,4,9,4,12,1,1,0,1,2,0
6533,10,4,6,2,3,0,1,1,2,2,1
6534,6,4,8,2,3,0,1,1,1,2,1
6535,7,6,9,5,8,4,1,0,2,2,0
6536,12,4,15,0,11,1,1,1,2,2,0
6537,4,0,10,4,0,3,1,0,1,2,0
6538,5,4,0,4,8,4,1,0,2,2,0
6539,9,7,11,2,12,0,1,1,2,2,1
6540,8,4,11,5,1,1,1,0,2,2,0
6541,11,7,9,2,10,0,1,1,2,2,1
6542,8,4,15,3,13,5,1,0,1,2,1
6543,4,6,11,4,3,2,1,1,2,2,0
6544,4,4,9,4,10,3,1,1,2,2,0
6545,4,4,15,2,6,0,1,1,2,2,1
6546,4,5,15,0,1,4,0,0,2,2,0
6547,5,2,9,4,10,4,1,0,1,2,0
6548,9,4,11,0,8,1,0,0,2,2,0
6549,8,4,15,2,1,0,1,1,2,2,1
6550,4,4,11,4,10,3,0,1,1,2,0
6551,9,4,15,0,7,1,1,1,2,2,0
6552,5,4,15,4,12,3,1,1,1,2,0
6553,10,4,15,0,1,1,1,0,2,2,1
6554,9,6,15,0,4,1,1,1,3,2,0
6555,9,4,15,4,12,1,1,0,2,2,0
6556,3,6,11,4,8,2,1,0,2,2,0
6557,10,4,11,2,7,5,0,0,2,2,0
6558,4,4,5,4,3,3,1,0,2,2,0
6559,10,4,12,2,4,0,1,1,2,2,1
6560,5,4,9,4,12,3,1,0,4,2,0
6561,11,6,11,2,3,0,1,1,2,2,0
6562,5,4,11,4,1,1,1,1,1,2,1
6563,6,4,0,4,7,2,0,1,2,2,0
6564,14,2,9,6,4,1,1,1,3,2,0
6565,7,6,9,2,10,0,1,1,2,2,1
6566,6,5,9,0,10,4,0,0,2,2,0
6567,6,4,9,2,10,0,1,1,2,2,0
6568,12,4,15,5,4,4,1,0,2,2,0
6569,9,4,9,2,4,0,1,1,2,2,0
6570,9,4,11,0,12,1,1,0,1,2,0
6571,6,1,9,2,4,5,1,0,2,2,1
6572,8,4,15,4,1,3,1,0,1,2,0
6573,10,4,11,2,3,0,1,1,0,2,1
6574,12,4,11,2,1,0,1,1,2,2,1
6575,5,4,15,4,8,4,1,0,0,2,0
6576,10,4,15,0,1,4,1,0,1,2,0
6577,9,4,11,2,7,0,1,1,2,2,0
6578,6,4,15,2,12,0,1,1,2,2,0
6579,6,4,11,0,1,4,1,0,1,2,0
6580,9,4,11,2,7,0,1,1,2,2,0
6581,13,4,15,2,6,0,1,1,2,2,0
6582,10,4,8,2,14,1,0,1,2,2,1
6583,6,4,15,2,8,0,0,1,0,2,1
6584,5,4,11,4,1,1,1,1,4,3,0
6585,11,4,15,0,1,1,0,1,2,2,0
6586,9,4,15,0,1,1,1,0,0,2,0
6587,4,7,12,2,2,5,1,0,2,2,0
6588,5,4,11,4,8,3,1,1,2,2,1
6589,7,5,9,2,4,0,0,1,2,2,1
6590,17,6,11,0,3,1,1,1,2,2,0
6591,7,4,11,2,1,5,1,0,2,2,0
6592,6,4,11,4,7,3,1,0,2,2,0
6593,5,4,9,2,4,0,1,1,2,2,0
6594,8,4,11,0,8,1,1,1,2,2,0
6595,9,1,15,2,4,0,1,1,2,2,0
6596,10,2,9,4,1,3,1,0,1,2,0
6597,8,6,15,2,12,0,1,1,3,2,1
6598,7,4,15,2,12,0,1,1,2,2,1
6599,8,4,11,2,3,0,1,1,2,2,1
6600,6,0,9,0,4,1,1,1,2,2,0
6601,3,7,12,4,10,1,1,1,2,2,0
6602,4,4,5,4,1,3,0,0,2,2,1
6603,5,4,9,2,10,5,1,0,3,2,1
6604,4,4,1,4,12,1,1,0,2,2,0
6605,8,4,11,2,3,0,1,1,2,2,0
6606,8,4,5,5,3,1,0,0,1,2,0
6607,4,4,12,4,10,2,1,0,2,2,0
6608,6,0,5,4,0,1,1,1,0,2,0
6609,5,7,15,4,1,1,1,0,1,2,0
6610,3,5,12,4,4,1,0,1,3,2,0
6611,12,4,8,2,7,0,1,1,2,2,0
6612,8,4,6,4,8,2,1,1,2,2,0
6613,5,4,11,4,14,3,1,1,2,2,0
6614,11,4,15,2,11,0,0,1,2,2,0
6615,11,0,11,0,0,4,1,0,2,2,0
6616,10,4,6,2,3,0,1,1,2,2,1
6617,8,2,15,2,6,0,1,1,2,2,0
6618,3,4,13,4,13,1,0,0,0,2,0
6619,12,4,9,2,4,0,1,1,2,2,1
6620,10,7,11,0,1,4,1,0,2,2,0
6621,9,4,0,0,13,1,1,0,2,2,0
6622,9,4,15,0,8,4,1,0,1,2,0
6623,7,4,11,2,4,0,1,1,2,2,1
6624,4,4,1,4,8,1,1,1,2,2,0
6625,4,4,8,4,1,3,1,1,2,2,0
6626,11,4,11,2,1,0,1,1,2,2,0
6627,11,2,14,2,10,0,1,1,0,2,1
6628,11,4,9,3,10,1,1,0,2,2,1
6629,4,6,9,5,13,3,1,1,1,2,0
6630,5,4,12,4,6,1,1,1,3,2,0
6631,8,4,15,2,1,0,1,1,2,2,1
6632,4,4,11,2,3,5,1,0,1,2,0
6633,6,4,11,2,12,0,1,1,2,2,0
6634,5,4,11,2,14,0,1,1,2,2,1
6635,12,4,15,0,8,4,1,0,1,2,0
6636,6,4,1,2,8,0,1,1,1,2,0
6637,9,4,9,2,8,5,1,0,0,2,0
6638,8,4,11,2,8,0,1,1,1,2,0
6639,7,4,11,2,7,0,1,1,2,2,0
6640,6,4,11,4,3,1,1,1,1,2,0
6641,7,4,9,2,6,5,0,0,2,2,0
6642,8,4,15,2,12,0,1,1,2,2,0
6643,4,4,15,4,1,4,1,1,2,2,0
6644,10,6,15,0,3,1,1,1,2,2,0
6645,7,4,11,2,12,0,1,1,1,2,1
6646,5,4,15,4,10,3,1,1,2,2,0
6647,3,4,15,4,10,1,1,0,2,2,0
6648,8,6,0,2,3,0,1,1,1,2,1
6649,4,4,11,6,14,3,1,1,2,2,0
6650,5,4,11,2,3,0,1,1,2,2,0
6651,9,7,15,5,4,4,1,0,2,2,0
6652,3,4,11,4,7,1,1,0,2,2,0
6653,7,4,11,2,3,0,1,1,2,2,1
6654,11,5,11,1,4,1,1,1,3,2,1
6655,6,4,8,4,4,3,1,1,2,2,0
6656,5,5,15,2,5,0,1,1,2,2,1
6657,7,4,4,2,13,0,1,1,2,2,0
6658,8,4,11,0,12,1,1,1,2,2,0
6659,12,4,1,0,8,1,1,0,1,2,0
6660,8,5,9,0,1,2,1,0,2,2,0
6661,4,4,0,4,7,1,1,0,2,2,0
6662,7,2,15,2,6,0,1,1,2,0,1
6663,5,6,9,4,12,3,1,0,4,2,0
6664,6,6,15,2,8,0,1,1,2,2,1
6665,8,4,11,2,8,0,1,1,0,2,0
6666,7,4,15,2,1,5,1,0,2,2,0
6667,4,4,15,5,8,1,1,0,1,2,0
6668,10,4,2,2,14,0,0,1,2,2,0
6669,8,4,11,2,4,0,1,1,2,2,1
6670,7,1,9,1,10,4,1,0,1,2,1
6671,8,4,7,2,13,0,1,1,2,2,0
6672,10,4,1,6,8,1,0,0,2,2,0
6673,6,4,11,2,3,0,1,1,2,2,1
6674,15,2,9,6,4,1,1,1,2,2,0
6675,8,4,11,0,1,2,0,0,2,0,0
6676,3,4,1,4,8,3,1,1,1,2,0
6677,8,2,9,2,11,0,1,1,2,2,0
6678,12,4,11,2,12,1,1,0,1,2,0
6679,8,4,8,0,7,3,1,1,2,2,0
6680,6,1,12,2,10,0,1,1,2,2,0
6681,8,5,15,4,4,4,1,0,2,2,0
6682,4,4,9,4,1,2,1,0,2,2,0
6683,5,0,11,4,0,1,1,1,1,2,1
6684,6,4,15,2,12,5,1,0,2,2,0
6685,8,7,11,0,11,1,0,1,2,2,0
6686,6,4,11,4,1,3,0,0,1,2,0
6687,13,4,15,6,4,1,1,1,2,2,0
6688,5,0,15,2,0,0,1,1,2,2,1
6689,7,6,12,4,10,1,1,1,2,2,0
6690,4,0,1,4,0,3,1,1,2,2,1
6691,4,2,12,4,10,3,1,0,1,2,0
6692,6,4,12,4,1,3,1,1,1,2,0
6693,7,4,15,2,4,0,1,1,2,2,1
6694,15,4,12,2,10,0,1,1,2,2,0
6695,4,4,11,4,8,3,1,1,2,2,0
6696,8,4,15,0,12,4,1,0,2,2,1
6697,8,4,9,5,10,1,1,1,2,2,0
6698,10,4,1,2,7,0,1,1,2,2,0
6699,4,4,9,4,1,3,0,0,2,2,0
6700,7,4,11,2,8,5,1,0,2,2,0
6701,5,4,11,4,10,3,1,1,3,2,1
6702,11,4,9,3,4,4,1,0,3,2,1
6703,4,4,11,5,8,4,1,0,2,2,0
6704,10,4,15,2,4,5,1,0,2,2,1
6705,7,4,14,2,10,0,1,1,2,2,1
6706,4,4,11,4,7,3,0,0,2,2,0
6707,9,4,11,2,7,0,1,1,2,2,0
6708,4,4,11,4,12,3,1,0,0,2,0
6709,5,4,11,4,8,1,1,0,2,2,0
6710,11,4,11,2,14,0,1,1,2,2,0
6711,5,4,15,4,3,1,1,1,2,2,0
6712,8,4,11,2,1,5,1,0,0,0,1
6713,10,2,15,2,12,0,1,1,3,2,0
6714,7,4,11,0,7,4,1,0,2,2,0
6715,7,1,15,4,1,4,1,0,2,2,0
6716,4,2,10,4,10,3,0,1,1,2,0
6717,8,4,15,4,13,4,1,0,1,2,0
6718,5,4,9,4,13,1,1,0,1,2,0
6719,8,4,11,2,14,5,1,0,2,0,1
6720,7,6,9,2,10,0,0,1,3,0,1
6721,6,7,11,2,8,0,0,1,2,2,1
6722,7,4,9,2,10,0,1,1,2,2,0
6723,5,4,15,2,4,0,1,1,2,2,0
6724,6,4,15,4,10,1,1,0,2,2,0
6725,8,4,11,0,14,1,1,1,2,2,0
6726,7,4,9,6,10,4,1,0,2,2,0
6727,3,6,11,4,12,1,1,0,3,2,0
6728,10,5,6,4,5,3,1,1,3,2,0
6729,12,4,11,6,12,4,1,0,1,2,0
6730,8,4,12,2,6,0,1,1,1,2,0
6731,3,4,9,4,8,3,1,0,2,2,0
6732,6,6,11,3,13,0,1,1,2,2,1
6733,5,4,15,4,12,3,0,1,4,2,0
6734,3,5,11,4,12,1,1,0,2,2,0
6735,6,4,14,4,1,1,1,0,2,2,0
6736,10,4,15,0,8,4,1,0,2,2,0
6737,6,4,9,4,10,3,0,1,2,2,0
6738,3,4,11,4,3,1,1,1,2,3,0
6739,8,6,8,2,3,0,1,1,2,2,1
6740,9,4,11,2,8,0,0,1,2,2,0
6741,11,4,15,2,12,0,1,1,2,2,1
6742,10,4,11,2,8,5,1,0,1,2,0
6743,11,4,9,1,10,5,1,0,2,2,0
6744,7,4,11,4,12,1,1,0,1,2,0
6745,8,0,1,2,0,0,1,1,0,2,0
6746,11,4,15,2,1,4,1,0,1,2,0
6747,10,4,11,2,4,0,1,1,2,2,0
6748,9,4,15,0,4,1,1,0,3,2,0
6749,10,4,11,2,12,0,1,1,4,2,1
6750,4,7,11,4,1,1,1,0,2,2,0
6751,4,4,11,2,1,0,0,1,1,2,1
6752,8,4,11,0,3,1,1,1,2,2,1
6753,9,4,12,2,4,0,1,1,2,2,1
6754,8,4,11,2,4,0,1,1,2,2,0
6755,5,6,15,4,12,3,1,0,3,2,0
6756,8,4,9,2,1,0,0,1,2,2,1
6757,9,4,9,0,7,4,1,0,2,2,0
6758,7,2,11,4,1,3,1,0,2,2,0
6759,6,0,11,4,0,3,1,0,2,2,0
6760,13,4,15,2,8,0,0,1,1,2,0
6761,11,4,15,2,4,0,1,1,2,2,1
6762,10,4,11,2,6,0,0,1,3,2,1
6763,7,4,12,0,12,3,1,1,2,2,0
6764,7,6,14,2,3,0,1,1,2,2,1
6765,4,6,11,4,8,3,0,0,2,2,0
6766,9,4,9,0,10,1,1,0,2,2,1
6767,6,7,9,4,4,1,0,0,2,2,0
6768,6,4,8,4,3,1,1,1,2,2,0
6769,8,4,15,4,1,1,1,0,1,2,0
6770,6,4,0,3,3,0,1,1,2,2,1
6771,7,4,11,2,14,0,1,1,1,2,0
6772,6,4,0,2,7,0,1,1,4,2,0
6773,12,4,11,6,7,4,0,0,2,2,0
6774,7,4,11,2,7,0,1,1,2,2,1
6775,12,4,11,0,8,4,1,1,2,2,0
6776,15,4,15,6,12,1,1,1,4,2,0
6777,8,1,11,0,12,1,1,0,1,2,0
6778,4,4,11,4,7,4,1,0,2,2,0
6779,13,4,11,2,7,0,1,1,2,2,0
6780,7,6,15,2,12,0,1,1,2,2,1
6781,9,4,11,0,8,4,1,0,2,2,0
6782,10,4,15,0,12,3,1,1,2,2,0
6783,6,6,11,2,8,5,1,0,1,1,1
6784,7,4,12,4,10,3,1,0,2,2,0
6785,7,4,5,2,3,0,1,1,2,2,0
6786,8,5,9,5,4,4,1,0,3,2,0
6787,7,1,15,2,1,0,1,1,1,2,0
6788,9,4,11,2,7,0,1,1,2,2,1
6789,9,2,9,2,11,0,0,1,2,2,1
6790,5,4,11,4,3,3,0,1,2,2,0
6791,4,4,7,4,7,3,1,0,2,2,0
6792,6,4,11,4,3,3,1,1,2,2,0
6793,4,4,11,4,3,3,1,1,3,2,0
6794,13,6,6,2,5,0,1,1,1,2,0
6795,10,6,12,6,10,4,1,0,1,2,0
6796,10,0,15,2,4,0,1,1,2,2,1
6797,7,4,15,0,1,4,0,0,2,2,0
6798,6,4,11,3,8,4,0,0,0,2,0
6799,7,7,11,2,10,0,1,1,2,2,1
6800,9,4,11,0,14,3,1,1,2,2,0
6801,7,4,11,4,3,3,0,1,2,0,0
6802,17,2,12,2,4,0,1,1,2,2,0
6803,11,4,11,2,7,0,0,1,2,2,1
6804,10,4,15,6,1,1,1,1,2,2,0
6805,7,1,11,2,3,0,1,1,2,2,0
6806,4,4,11,4,8,3,1,1,2,2,0
6807,4,4,11,4,10,2,1,0,2,2,0
6808,5,4,11,2,8,0,1,1,2,2,0
6809,11,0,6,2,0,5,0,0,0,2,0
6810,6,4,7,2,4,0,1,1,2,2,0
6811,11,4,11,2,1,5,1,0,0,2,1
6812,11,4,11,2,7,0,1,1,2,2,1
6813,8,4,9,2,13,0,1,1,2,2,1
6814,4,5,9,4,4,1,1,0,2,2,0
6815,8,4,11,2,6,0,0,1,2,2,0
6816,7,6,12,0,4,4,1,0,2,2,0
6817,3,7,7,4,12,1,1,0,2,2,0
6818,9,4,0,2,7,0,0,1,2,2,1
6819,8,4,11,5,1,1,1,0,2,2,0
6820,4,4,0,4,6,3,1,1,2,2,0
6821,8,6,15,2,3,0,1,1,2,2,1
6822,3,4,11,4,8,1,1,0,2,4,0
6823,10,2,11,2,11,4,0,1,2,2,1
6824,6,4,9,0,12,1,1,1,1,2,1
6825,4,4,0,6,2,4,0,0,2,2,0
6826,6,4,9,4,1,3,0,0,1,2,0
6827,12,4,9,2,13,0,1,1,2,2,1
6828,7,4,12,2,10,0,1,1,2,2,0
6829,6,4,9,4,4,3,1,0,2,2,0
6830,3,7,15,4,1,3,1,0,0,2,0
6831,4,6,15,4,8,3,1,1,1,2,0
6832,4,4,15,4,1,3,0,0,1,2,0
6833,4,6,11,4,3,3,1,1,3,2,0
6834,7,6,4,2,12,0,1,1,1,2,1
6835,8,4,11,0,1,4,1,0,2,2,1
6836,10,4,12,0,1,4,1,0,2,4,0
6837,5,1,11,2,3,0,1,1,2,2,1
6838,6,4,11,4,4,3,0,1,1,2,0
6839,9,4,11,2,14,0,1,1,2,0,1
6840,4,4,11,4,8,1,0,1,2,2,0
6841,11,4,9,1,4,1,1,1,2,2,0
6842,4,4,9,4,10,3,0,1,1,2,0
6843,9,4,9,2,8,0,1,1,1,2,0
6844,6,4,8,2,3,0,1,1,2,2,0
6845,10,4,11,0,12,1,1,1,2,2,0
6846,10,4,9,2,10,0,1,1,2,2,1
6847,4,4,14,4,10,3,1,1,2,1,0
6848,4,2,15,4,6,1,1,0,2,2,0
6849,4,5,11,4,12,3,1,0,1,2,0
6850,5,4,15,4,1,1,1,1,2,2,0
6851,5,4,9,4,1,3,0,0,2,2,0
6852,7,4,15,2,4,0,1,1,2,2,0
6853,12,4,11,2,12,0,1,1,1,2,1
6854,7,4,11,2,3,0,0,1,1,2,1
6855,7,4,10,2,7,0,1,1,2,2,0
6856,6,4,11,4,1,4,1,0,2,1,0
6857,10,4,8,2,3,0,1,1,2,2,0
6858,7,4,5,2,10,0,1,1,1,2,0
6859,8,2,1,2,9,0,0,1,2,2,0
6860,9,4,9,5,8,4,1,0,2,2,0
6861,7,4,7,4,4,3,1,1,2,2,0
6862,7,4,15,2,4,0,1,1,2,2,1
6863,4,0,11,4,0,1,1,0,2,2,0
6864,3,4,15,0,12,1,1,0,2,2,0
6865,7,4,15,2,12,0,1,1,2,2,1
6866,6,4,15,2,4,0,1,1,2,2,0
6867,8,4,11,2,14,0,1,1,2,2,1
6868,6,0,9,2,0,0,0,1,2,2,0
6869,8,8,9,2,13,0,1,1,2,2,1
6870,11,4,9,2,8,1,0,0,2,2,0
6871,7,4,9,4,4,4,0,0,2,2,0
6872,4,4,15,4,3,1,0,0,1,2,0
6873,10,7,9,0,1,2,1,0,1,2,0
6874,6,4,15,0,4,1,1,1,1,2,0
6875,5,4,15,4,8,1,1,0,1,2,0
6876,3,6,10,4,10,3,1,0,1,2,0
6877,13,4,9,6,8,3,0,1,2,2,0
6878,9,4,15,2,9,0,1,1,2,2,0
6879,3,4,9,4,1,3,1,0,2,2,0
6880,6,4,0,4,6,1,1,1,2,2,0
6881,7,2,6,4,3,1,1,0,1,0,0
6882,4,4,11,4,7,3,1,0,4,2,0
6883,8,2,6,2,5,0,1,1,2,2,1
6884,4,4,15,4,12,3,1,0,1,2,0
6885,6,4,15,4,10,3,1,0,2,2,0
6886,4,4,7,0,4,1,1,1,4,2,0
6887,9,4,12,2,10,0,1,1,2,2,0
6888,5,4,9,4,10,1,1,0,2,2,0
6889,9,6,5,0,10,1,1,0,2,2,0
6890,9,4,15,4,1,3,1,1,2,2,0
6891,4,4,7,4,1,3,1,0,2,2,0
6892,6,4,0,2,7,5,1,0,2,2,1
6893,9,4,11,4,14,1,1,1,2,2,0
6894,6,4,15,4,4,2,1,0,2,2,0
6895,9,6,11,2,3,0,1,1,2,2,0
6896,8,4,6,2,5,0,1,1,2,2,1
6897,4,4,15,4,8,1,1,1,2,2,0
6898,8,4,11,2,4,0,1,1,2,2,1
6899,10,4,11,2,14,0,1,1,2,3,1
6900,6,4,15,0,1,4,1,0,2,2,0
6901,8,4,11,2,8,0,0,1,2,2,0
6902,7,2,11,2,1,0,1,1,2,2,1
6903,6,4,11,4,7,3,1,1,2,2,0
6904,4,4,11,4,3,3,1,1,3,2,0
6905,11,4,9,6,10,4,1,1,2,2,0
6906,9,4,11,2,8,5,1,0,2,2,1
6907,6,4,15,2,3,0,1,1,2,2,1
6908,13,4,15,2,12,0,1,1,2,2,0
6909,9,4,11,5,7,4,1,0,2,2,0
6910,8,4,11,2,3,0,1,1,2,0,1
6911,6,0,11,2,6,0,1,1,2,2,1
6912,9,4,11,2,4,0,1,1,2,2,0
6913,7,6,15,2,8,0,1,1,1,2,1
6914,6,4,11,4,1,1,1,0,2,0,0
6915,6,2,5,4,1,3,1,1,2,2,0
6916,5,4,15,4,4,1,1,1,2,2,0
6917,6,4,15,4,7,3,0,1,2,2,0
6918,7,4,14,5,10,4,1,0,2,2,0
6919,11,2,9,2,12,0,1,1,1,2,0
6920,4,4,0,4,8,2,1,0,1,2,0
6921,10,2,1,4,12,2,1,1,2,2,0
6922,3,7,11,4,1,3,1,0,2,4,0
6923,3,4,8,4,3,3,1,1,1,2,1
6924,8,6,9,0,10,4,1,1,3,0,0
6925,7,7,12,0,10,1,1,1,2,2,0
6926,3,4,11,4,5,1,1,0,1,2,0
6927,10,1,11,2,14,0,1,1,2,2,1
6928,6,4,11,2,1,0,0,1,2,2,1
6929,7,5,6,2,5,0,1,1,1,2,0
6930,6,4,5,4,3,1,1,0,2,1,0
6931,14,4,11,2,14,0,1,1,1,2,0
6932,4,4,7,4,14,4,1,1,3,2,0
6933,7,4,11,2,3,0,1,1,2,2,1
6934,4,4,11,4,14,3,1,1,3,2,0
6935,11,5,9,0,4,3,1,0,3,2,0
6936,8,1,11,2,7,0,1,1,2,2,0
6937,8,0,6,2,0,0,1,1,0,2,0
6938,4,4,0,4,8,3,1,0,1,2,0
6939,4,4,15,4,1,3,1,1,1,2,0
6940,12,4,11,2,3,0,1,1,1,2,0
6941,5,4,6,4,3,2,1,1,2,2,0
6942,6,0,15,2,0,0,1,1,1,2,1
6943,7,4,15,2,12,0,1,1,2,2,0
6944,7,4,15,2,7,0,1,1,2,2,0
6945,3,4,15,4,3,3,1,1,2,2,0
6946,5,4,1,2,8,0,1,1,0,2,0
6947,9,4,15,0,10,4,0,0,3,2,0
6948,4,4,7,4,1,3,1,1,0,2,0
6949,7,2,11,2,4,0,1,1,2,2,1
6950,7,4,11,2,7,0,1,1,2,2,0
6951,10,4,11,2,14,0,1,1,2,2,1
6952,4,4,11,6,6,1,1,1,3,2,0
6953,13,4,9,5,12,4,1,1,3,2,0
6954,6,4,11,4,8,1,1,1,1,2,0
6955,9,5,11,2,5,0,1,1,2,0,1
6956,9,6,10,4,10,4,1,0,2,0,0
6957,11,4,0,6,6,3,1,0,2,2,0
6958,6,4,11,2,7,0,1,1,2,1,1
6959,4,4,15,2,4,0,1,1,2,2,0
6960,5,4,11,2,14,0,1,1,2,2,0
6961,6,4,12,2,4,0,1,1,2,2,0
6962,14,2,15,2,4,0,1,1,2,2,0
6963,7,4,12,2,4,0,1,1,2,2,0
6964,7,4,9,2,4,5,1,0,1,2,0
6965,11,6,15,2,12,0,1,1,2,2,1
6966,5,2,15,4,12,3,0,0,3,4,0
6967,13,4,11,0,1,4,1,0,2,2,0
6968,4,4,11,4,14,3,1,0,3,2,0
6969,4,4,15,4,12,1,1,0,2,2,0
6970,8,4,9,2,8,4,1,1,1,2,0
6971,4,6,15,4,5,2,1,1,2,2,0
6972,3,4,11,4,14,1,1,1,2,2,0
6973,8,4,15,2,8,5,1,0,2,2,1
6974,5,4,1,2,7,0,0,1,2,2,0
6975,7,4,15,2,11,0,1,1,2,2,1
6976,10,4,9,2,11,0,0,1,2,2,1
6977,8,4,15,2,12,0,1,1,3,2,0
6978,6,4,11,3,7,4,1,0,2,2,0
6979,7,1,11,2,3,0,0,1,2,2,1
6980,8,4,11,2,3,0,1,1,2,2,0
6981,6,4,11,1,3,1,1,1,2,2,1
6982,13,4,2,2,8,0,1,1,0,2,0
6983,9,4,15,2,12,0,1,1,2,2,1
6984,5,7,9,4,8,3,1,0,0,2,0
6985,8,4,12,0,10,1,1,0,2,2,0
6986,5,2,11,4,1,3,1,0,2,2,0
6987,11,4,11,2,8,5,1,0,0,2,0
6988,4,4,11,2,8,0,1,1,0,2,0
6989,6,4,11,1,6,1,1,1,2,2,0
6990,5,4,11,4,13,1,1,0,2,2,0
6991,4,4,15,4,1,1,1,0,1,2,0
6992,5,4,15,4,11,3,1,0,2,2,1
6993,6,4,15,2,4,0,1,1,2,2,1
6994,4,2,1,4,9,4,0,0,1,2,0
6995,8,4,8,0,3,1,1,1,2,2,0
6996,9,4,15,2,4,0,1,1,2,2,0
6997,5,4,11,4,1,1,1,0,2,2,0
6998,10,7,8,0,1,4,1,0,0,2,0
6999,5,4,11,4,4,1,1,1,4,2,0
7000,5,4,15,2,3,5,1,0,2,2,0
7001,8,4,15,2,12,0,1,1,2,2,1
7002,7,4,9,4,13,3,1,0,0,2,0
7003,4,5,6,6,5,3,1,1,1,2,0
7004,11,4,14,0,3,3,1,1,2,2,0
7005,5,2,9,4,10,3,1,1,2,2,0
7006,6,4,11,2,3,0,1,1,2,2,0
7007,7,2,11,5,1,1,1,0,2,2,0
7008,4,4,12,4,4,1,1,1,2,2,0
7009,6,0,1,4,0,4,1,1,2,2,0
7010,3,4,14,4,1,3,1,0,1,2,0
7011,3,4,11,4,6,1,1,1,2,2,0
7012,3,4,11,4,12,3,1,1,4,2,0
7013,18,4,15,2,1,5,1,0,1,2,0
7014,5,4,11,4,1,4,1,0,2,2,0
7015,4,7,11,4,1,1,1,0,2,2,0
7016,11,4,9,2,4,0,1,1,2,2,0
7017,6,4,11,4,12,3,1,1,1,2,0
7018,5,4,0,4,8,1,1,0,1,2,0
7019,10,4,9,2,12,0,1,1,1,2,1
7020,10,6,9,2,10,0,1,1,2,2,0
7021,6,4,11,4,7,1,1,0,3,2,0
7022,9,4,11,0,8,4,0,1,0,2,0
7023,6,6,2,4,12,1,1,0,2,2,0
7024,4,4,11,4,3,1,1,1,2,2,0
7025,5,4,4,2,6,0,1,1,2,2,0
7026,5,4,12,2,12,0,1,1,2,2,0
7027,3,4,11,4,4,3,1,0,2,2,0
7028,7,2,9,0,11,1,0,0,2,2,0
7029,12,4,12,2,6,0,1,1,1,2,0
7030,3,4,15,4,8,1,1,0,1,2,0
7031,9,4,11,5,6,1,1,0,3,2,0
7032,6,2,9,4,10,1,1,0,2,2,0
7033,6,4,11,4,3,3,1,1,2,1,0
7034,5,4,15,4,4,3,1,0,2,1,0
7035,5,4,11,4,4,3,1,1,2,2,0
7036,11,4,0,6,7,4,1,1,2,2,0
7037,12,4,9,0,1,4,1,0,2,2,0
7038,10,4,9,0,13,1,1,0,0,2,1
7039,5,4,11,4,10,3,1,1,1,2,0
7040,10,4,15,0,4,1,1,0,2,2,0
7041,9,5,9,2,10,0,1,1,2,2,0
7042,10,4,15,2,12,0,0,1,2,2,0
7043,7,1,11,4,3,4,1,0,2,2,0
7044,3,4,11,4,4,1,1,0,2,2,0
7045,14,4,11,6,8,4,1,0,0,2,0
7046,6,4,12,2,14,2,1,1,3,2,0
7047,12,2,11,2,10,0,1,1,2,2,1
7048,5,1,15,2,14,0,1,1,2,2,1
7049,5,6,15,4,5,1,1,1,1,2,0
7050,3,4,11,4,7,1,1,1,2,2,0
7051,9,4,0,4,7,3,0,0,2,2,0
7052,6,4,3,2,6,0,1,1,3,2,1
7053,9,6,15,2,4,0,1,1,2,2,0
7054,4,4,15,4,1,4,1,0,2,2,0
7055,7,4,11,2,7,0,1,1,4,2,1
7056,3,4,10,4,10,1,1,0,2,2,0
7057,9,4,8,2,13,0,1,1,2,2,1
7058,8,4,15,4,3,1,1,1,2,2,0
7059,6,1,9,3,4,5,1,0,3,2,0
7060,7,0,6,2,0,0,1,1,1,2,0
7061,9,4,11,2,4,0,1,1,2,2,0
7062,10,6,11,2,3,0,1,1,2,2,1
7063,9,4,2,2,13,0,1,1,2,2,1
7064,6,4,11,0,8,1,1,0,2,2,0
7065,4,1,11,4,7,1,1,1,4,2,0
7066,7,4,5,4,10,1,1,0,0,2,0
7067,6,4,11,4,3,3,1,0,2,2,0
7068,6,4,9,0,1,1,0,1,1,2,1
7069,4,4,5,4,3,1,0,1,2,2,0
7070,9,4,15,2,3,0,1,1,2,2,1
7071,12,4,11,2,3,0,1,1,2,2,1
7072,10,4,11,4,4,3,1,1,3,2,0
7073,8,4,11,2,12,0,1,1,2,2,0
7074,13,4,9,5,4,1,0,0,2,2,0
7075,5,4,8,2,3,0,1,1,2,2,0
7076,5,4,11,4,1,1,1,1,2,2,0
7077,7,7,15,0,1,3,1,1,2,2,0
7078,5,4,11,4,8,3,0,1,2,2,0
7079,9,5,12,2,4,0,1,1,2,2,1
7080,8,4,13,2,6,0,1,1,2,0,0
7081,6,6,11,1,1,5,1,0,2,2,0
7082,4,4,12,4,1,3,1,1,1,2,0
7083,9,6,4,2,8,0,1,1,0,2,0
7084,4,4,6,5,5,4,1,0,1,2,0
7085,13,4,7,0,12,1,1,1,2,2,0
7086,5,4,9,4,1,1,1,0,2,2,0
7087,8,4,9,2,4,0,1,1,2,2,1
7088,3,7,8,4,11,1,1,1,2,2,0
7089,10,6,5,2,3,0,1,1,2,2,0
7090,9,4,11,2,12,0,0,1,3,2,0
7091,9,4,11,0,3,4,0,1,2,2,0
7092,11,4,12,2,4,0,1,1,2,2,0
7093,9,4,8,0,12,1,1,0,3,2,0
7094,4,6,11,4,8,3,0,1,1,2,0
7095,9,4,9,0,10,4,1,0,2,2,1
7096,13,4,14,2,3,0,1,1,2,2,1
7097,7,6,11,0,3,1,0,1,2,2,0
7098,8,6,11,2,5,0,1,1,1,2,0
7099,5,4,5,2,3,0,1,1,2,2,1
7100,13,4,8,2,3,0,1,1,2,2,0
7101,3,4,11,4,12,1,1,1,0,2,0
7102,6,4,11,4,13,2,1,0,2,2,0
7103,8,6,11,0,3,1,1,1,2,2,0
7104,10,1,11,2,3,0,1,1,2,2,1
7105,9,5,15,4,1,3,1,0,1,2,0
7106,12,4,15,2,12,0,1,1,2,2,0
7107,4,4,9,4,10,1,1,0,2,2,0
7108,8,4,10,2,10,0,0,1,1,2,1
7109,8,4,11,5,1,4,1,0,1,2,0
7110,11,4,15,2,1,0,0,1,1,2,0
7111,6,4,11,2,7,0,1,1,2,1,1
7112,9,4,12,4,10,1,1,0,2,2,0
7113,6,4,12,3,10,4,0,0,3,3,0
7114,7,4,1,4,3,3,1,1,3,2,0
7115,4,4,15,4,8,1,1,0,1,2,0
7116,9,4,11,2,12,0,1,1,1,0,1
7117,13,4,15,2,14,0,1,1,2,2,0
7118,8,7,2,4,12,1,1,1,3,2,0
7119,7,6,11,2,3,0,1,1,2,2,1
7120,8,7,15,0,1,1,1,0,3,2,0
7121,6,4,15,0,4,1,0,1,2,2,0
7122,6,4,11,0,1,1,1,0,1,2,0
7123,8,2,1,2,9,0,1,1,1,2,0
7124,10,4,1,2,3,0,1,1,2,2,0
7125,5,7,9,4,8,4,1,0,2,2,0
7126,6,4,12,2,4,0,1,1,2,2,0
7127,8,4,15,4,12,3,1,1,2,2,0
7128,4,4,15,4,3,3,1,1,2,2,0
7129,7,1,1,2,14,0,1,1,2,2,1
7130,8,4,11,2,6,0,0,1,2,2,0
7131,13,4,11,2,1,5,1,0,2,2,0
7132,13,4,14,2,14,0,1,1,2,2,1
7133,8,4,15,5,12,1,1,0,4,2,0
7134,5,4,4,2,13,0,1,1,2,2,0
7135,9,4,11,2,14,0,1,1,2,2,1
7136,7,4,15,2,6,0,1,1,2,2,1
7137,6,6,2,4,13,1,1,0,1,2,0
7138,8,4,11,2,12,0,1,1,2,2,0
7139,9,4,15,4,1,3,1,1,2,2,0
7140,9,2,1,2,12,0,1,1,4,2,0
7141,12,4,9,2,4,0,1,1,2,2,1
7142,7,4,1,4,3,3,1,0,2,0,0
7143,4,6,10,4,10,3,1,1,2,2,0
7144,4,4,12,0,4,1,1,1,1,2,0
7145,5,4,15,4,3,3,1,1,2,2,0
7146,12,4,12,0,4,1,1,1,2,2,0
7147,13,5,9,5,10,1,1,0,2,2,0
7148,7,4,9,6,1,4,1,0,2,2,0
7149,5,4,15,4,6,3,0,1,3,2,0
7150,13,6,8,2,12,0,1,1,2,2,1
7151,7,4,11,6,7,3,1,1,3,2,0
7152,10,0,5,2,0,0,1,1,1,2,0
7153,14,4,11,0,3,4,1,1,2,2,0
7154,8,2,12,0,6,1,1,1,1,2,1
7155,6,2,11,2,3,0,1,1,2,2,0
7156,3,4,7,4,12,3,0,0,2,2,0
7157,6,7,10,2,10,0,1,1,2,1,1
7158,8,5,6,4,5,1,1,1,3,2,0
7159,10,4,11,6,1,1,1,0,2,2,0
7160,12,5,11,2,3,0,1,1,2,2,0
7161,8,4,15,4,2,3,1,0,1,2,0
7162,7,4,15,4,8,1,1,0,2,2,0
7163,5,4,11,2,14,0,1,1,2,0,0
7164,9,4,7,0,3,1,1,1,2,2,0
7165,4,2,5,4,10,3,1,0,1,2,0
7166,3,4,15,4,10,1,0,1,0,2,0
7167,12,4,7,2,1,0,1,1,1,2,1
7168,12,4,11,6,8,1,1,1,2,2,0
7169,4,4,11,4,1,1,1,0,1,2,0
7170,10,4,12,2,6,0,1,1,2,2,0
7171,8,4,14,4,10,3,1,0,1,2,0
7172,7,4,9,4,8,1,0,0,2,2,0
7173,6,4,11,4,14,1,1,1,1,2,1
7174,9,4,11,2,3,0,1,1,2,2,1
7175,6,4,7,4,4,3,1,0,3,2,1
7176,8,4,11,0,6,4,1,0,2,2,0
7177,6,7,11,2,12,0,1,1,2,2,0
7178,10,8,9,2,13,0,1,1,1,3,1
7179,3,4,11,4,3,1,1,1,2,2,0
7180,8,4,13,2,13,0,1,1,0,2,1
7181,11,4,11,2,6,0,1,1,3,2,0
7182,6,4,11,4,1,3,0,0,1,2,0
7183,5,4,11,4,12,3,1,1,2,2,0
7184,11,4,9,2,1,0,1,1,1,2,0
7185,10,4,11,0,3,1,1,1,2,2,0
7186,9,4,9,0,10,1,1,1,2,2,0
7187,6,4,11,4,8,3,1,0,0,2,0
7188,7,4,11,4,3,1,1,1,1,2,0
7189,8,4,15,2,5,0,1,1,1,2,1
7190,16,4,9,6,10,1,0,1,1,2,0
7191,11,4,11,2,7,0,1,1,2,2,1
7192,6,4,7,2,7,0,1,1,2,2,0
7193,5,4,1,6,5,1,1,0,2,2,0
7194,12,4,15,2,1,0,1,1,2,2,0
7195,8,4,2,2,6,0,1,1,2,2,0
7196,11,4,15,2,10,0,1,1,2,2,0
7197,3,4,9,4,1,1,1,1,2,2,0
7198,6,4,5,4,1,2,1,0,2,2,0
7199,10,5,12,2,4,5,1,0,2,2,0
7200,8,6,15,0,10,1,0,0,2,2,0
7201,4,4,11,4,1,3,0,1,2,2,0
7202,8,4,12,0,10,1,1,1,2,2,0
7203,5,4,9,4,4,3,1,0,1,0,0
7204,8,5,15,2,0,0,1,1,2,2,1
7205,9,7,9,2,12,0,1,1,2,2,0
7206,7,4,15,0,4,4,1,0,2,2,0
7207,8,1,7,2,14,0,1,1,2,2,0
7208,4,5,9,2,1,0,1,1,1,2,0
7209,9,4,11,2,14,0,1,1,2,2,1
7210,4,4,14,0,10,1,1,1,3,2,0
7211,5,4,9,4,8,1,1,0,2,2,0
7212,7,4,9,0,4,2,1,0,2,0,0
7213,6,5,9,2,4,0,1,1,3,0,1
7214,15,4,11,0,6,1,1,1,3,2,1
7215,7,6,15,4,3,3,1,1,2,2,0
7216,8,4,15,2,12,0,1,1,2,2,1
7217,11,4,9,2,4,0,1,1,2,2,0
7218,7,4,11,2,3,0,1,1,2,2,0
7219,5,4,6,2,8,0,1,1,1,2,0
7220,4,4,8,4,10,1,1,0,1,2,0
7221,6,4,0,2,8,0,1,1,2,2,0
7222,4,4,15,4,1,1,0,0,2,2,0
7223,7,4,8,4,12,4,1,0,2,0,0
7224,10,4,9,0,1,4,1,0,2,2,0
7225,3,4,8,4,3,1,1,1,1,2,0
7226,4,4,0,4,8,1,1,0,2,2,0
7227,4,4,15,4,1,2,1,0,1,2,0
7228,6,4,15,2,8,5,1,0,1,2,1
7229,4,4,15,4,1,1,0,0,4,2,0
7230,7,4,0,5,7,4,1,1,2,2,0
7231,7,4,11,5,1,4,0,0,2,2,0
7232,5,4,9,4,10,1,1,1,1,2,0
7233,6,4,9,4,10,3,1,0,2,2,0
7234,6,4,15,2,13,0,1,1,2,2,0
7235,4,4,12,6,1,4,1,0,4,2,0
7236,8,4,15,2,4,0,1,1,2,2,0
7237,8,2,9,0,10,1,1,1,1,2,0
7238,11,4,15,2,3,0,1,1,2,2,1
7239,3,4,9,4,13,2,1,0,2,2,0
7240,5,4,11,4,7,3,1,1,4,2,0
7241,6,4,12,1,4,4,1,1,2,2,0
7242,11,4,11,1,3,1,1,1,2,2,0
7243,5,4,12,4,4,4,1,0,2,2,0
7244,5,4,11,4,12,1,1,0,0,2,0
7245,9,4,9,0,8,4,1,0,2,2,0
7246,12,4,8,2,3,0,1,1,2,2,1
7247,7,4,9,2,10,0,1,1,0,2,1
7248,3,4,9,4,1,3,1,0,2,4,0
7249,6,4,15,2,4,0,1,1,3,2,0
7250,17,0,11,0,0,4,1,1,2,2,0
7251,4,6,11,4,3,1,1,1,2,2,0
7252,4,4,9,4,4,3,1,1,2,3,1
7253,11,2,15,2,11,3,1,1,2,2,1
7254,14,6,15,2,10,0,1,1,2,2,1
7255,9,4,8,2,4,0,1,1,2,2,0
7256,6,6,5,2,10,0,1,1,2,2,0
7257,3,2,9,4,10,1,1,1,2,2,0
7258,5,4,12,6,10,1,1,1,1,2,0
7259,5,4,15,2,4,0,1,1,2,2,0
7260,7,4,0,4,3,3,1,1,2,2,0
7261,7,4,15,2,3,0,1,1,2,2,0
7262,7,4,0,2,3,0,1,1,2,2,0
7263,4,4,12,4,4,3,0,1,2,2,0
7264,7,0,10,5,0,4,0,0,2,2,0
7265,4,4,11,4,7,1,1,0,2,2,0
7266,5,4,11,2,8,0,0,1,1,0,1
7267,8,2,11,4,1,4,1,0,1,2,0
7268,5,7,9,2,10,5,1,0,2,1,0
7269,3,4,15,4,3,1,1,1,1,2,0
7270,5,4,11,4,3,3,1,1,2,2,0
7271,10,7,15,2,1,5,1,0,2,2,0
7272,11,4,11,2,8,0,1,1,2,2,0
7273,8,4,11,0,1,4,0,0,2,2,0
7274,9,6,9,2,4,0,1,1,4,2,0
7275,6,4,9,2,4,0,1,1,3,2,1
7276,6,4,11,2,3,0,0,1,2,2,0
7277,9,4,11,2,4,0,1,1,1,2,1
7278,14,4,7,2,12,0,1,1,2,2,0
7279,8,4,15,2,4,0,1,1,2,2,0
7280,4,4,11,2,10,0,1,1,2,1,1
7281,5,4,15,4,10,4,1,0,3,2,0
7282,11,4,12,3,10,4,1,0,2,2,1
7283,10,2,9,2,4,0,1,1,2,2,1
7284,5,2,9,4,11,1,0,1,2,2,1
7285,9,4,8,4,1,4,1,0,2,2,0
7286,6,4,6,0,5,1,1,0,1,2,0
7287,5,7,15,4,1,3,1,1,2,2,0
7288,7,1,11,0,1,1,1,0,2,2,0
7289,12,4,1,2,8,0,0,1,1,2,0
7290,11,5,12,0,5,1,1,1,2,2,0
7291,3,4,0,4,7,4,1,1,2,2,0
7292,6,4,11,4,7,1,1,1,2,2,0
7293,10,7,9,2,10,0,1,1,2,2,1
7294,3,7,12,4,10,3,1,0,2,2,0
7295,11,4,11,2,3,0,1,1,2,2,0
7296,6,2,7,0,11,4,1,0,2,2,0
7297,9,7,14,4,10,3,1,1,2,2,0
7298,7,6,8,2,10,0,1,1,2,2,0
7299,8,4,9,0,12,1,1,0,1,2,0
7300,6,0,12,2,6,0,0,1,1,2,1
7301,5,4,9,2,12,0,0,1,1,2,1
7302,7,4,9,2,6,0,1,1,2,2,0
7303,10,4,11,2,6,0,1,1,2,2,1
7304,8,6,11,2,4,0,1,1,2,2,0
7305,10,3,8,2,13,0,1,1,0,2,0
7306,10,4,11,4,8,3,1,0,2,2,0
7307,6,4,12,1,1,5,1,0,2,2,1
7308,10,7,9,2,10,0,1,1,1,2,0
7309,4,4,11,4,12,1,1,1,2,2,0
7310,10,4,9,2,10,0,1,1,1,2,1
7311,7,4,14,2,3,0,1,1,2,2,0
7312,9,4,9,0,13,1,1,1,2,2,1
7313,4,4,11,4,3,1,1,1,1,2,0
7314,4,4,15,4,12,4,1,1,2,2,0
7315,11,4,9,0,12,1,1,0,4,2,0
7316,5,4,15,6,4,4,0,0,4,2,0
7317,6,7,11,4,11,1,1,1,2,2,0
7318,11,4,15,2,11,0,0,1,2,2,0
7319,9,5,11,2,12,0,1,1,2,2,0
7320,3,6,0,4,13,1,1,0,2,2,0
7321,15,4,0,2,13,0,1,1,2,2,0
7322,3,4,11,4,8,1,0,1,0,2,0
7323,3,4,10,4,10,1,1,0,2,2,0
7324,6,4,2,2,8,0,1,1,0,2,1
7325,7,4,1,2,3,0,1,1,2,1,1
7326,9,5,15,2,3,0,1,1,2,2,0
7327,11,4,10,2,10,0,0,1,2,2,1
7328,4,2,5,2,10,1,0,1,2,2,1
7329,11,7,11,4,1,1,1,0,2,2,0
7330,10,4,11,2,1,0,0,1,2,2,0
7331,3,4,9,4,12,2,1,0,2,2,0
7332,7,4,15,4,3,3,1,1,1,2,0
7333,7,4,15,2,6,0,1,1,2,2,0
7334,6,4,11,2,12,0,1,1,4,3,1
7335,5,6,15,4,3,3,1,0,2,2,0
7336,8,4,11,2,12,0,1,1,1,2,1
7337,5,2,9,4,10,3,1,0,1,2,0
7338,7,2,15,2,12,0,1,1,2,2,1
7339,8,4,7,2,4,0,1,1,1,2,0
7340,4,7,15,2,10,0,0,1,2,2,0
7341,17,6,14,0,3,1,1,1,3,2,0
7342,8,4,15,2,10,0,1,1,2,2,0
7343,6,4,9,4,1,3,0,0,2,2,0
7344,10,4,11,2,8,0,1,1,1,2,0
7345,3,6,11,4,3,3,1,1,2,2,0
7346,12,8,9,2,13,0,1,1,2,2,1
7347,5,2,12,2,5,0,1,1,2,2,1
7348,5,4,11,4,7,1,0,0,2,2,0
7349,5,4,11,4,3,3,1,0,2,2,0
7350,9,4,11,0,4,1,1,0,4,2,0
7351,3,4,11,4,12,3,1,0,2,2,0
7352,5,4,15,4,11,1,1,1,2,2,0
7353,10,4,11,2,8,0,1,1,1,2,0
7354,6,4,15,0,12,1,1,0,3,2,0
7355,3,4,12,4,12,3,1,0,2,0,0
7356,13,4,15,0,7,1,1,1,2,2,0
7357,6,4,15,2,12,0,1,1,2,2,1
7358,5,4,7,2,4,0,1,1,2,1,0
7359,7,4,11,2,3,0,0,1,2,2,1
7360,9,5,15,2,4,0,1,1,2,2,0
7361,8,4,11,4,14,1,1,1,2,2,0
7362,11,4,9,4,4,1,1,1,2,2,1
7363,6,4,9,2,12,0,1,1,3,2,0
7364,8,4,15,2,4,0,1,1,2,2,0
7365,7,4,12,2,5,0,1,1,2,2,0
7366,6,4,11,0,8,4,1,0,0,2,0
7367,6,4,12,2,6,0,1,1,2,2,0
7368,6,4,9,4,4,1,1,1,2,2,0
7369,16,4,15,6,8,1,1,0,2,2,0
7370,7,4,0,0,3,1,1,0,1,2,0
7371,15,4,7,0,7,1,1,0,2,2,0
7372,6,4,12,1,4,1,1,0,2,2,0
7373,4,4,9,4,8,1,1,1,0,2,0
7374,9,4,15,0,4,4,1,0,2,2,0
7375,4,7,15,4,10,1,1,1,2,2,1
7376,6,0,10,2,0,0,0,1,2,2,1
7377,9,4,12,2,6,0,0,1,2,2,0
7378,12,4,15,2,5,0,1,1,3,2,0
7379,6,4,5,2,11,0,0,1,2,2,1
7380,8,2,9,2,10,0,1,1,3,2,0
7381,7,0,9,4,0,3,1,0,0,2,0
7382,4,4,11,0,7,4,1,0,2,2,0
7383,6,4,11,2,5,0,1,1,2,2,0
7384,11,4,1,2,14,0,0,1,1,2,1
7385,8,4,11,2,8,0,1,1,2,2,0
7386,4,5,9,4,10,3,1,1,1,2,0
7387,5,7,14,4,1,1,1,0,1,2,0
7388,8,4,8,2,10,0,1,1,2,2,0
7389,4,4,12,4,4,1,1,0,3,2,1
7390,10,4,11,2,7,0,1,1,2,2,0
7391,4,4,11,4,12,3,1,0,2,2,0
7392,15,5,15,6,5,0,1,1,2,2,1
7393,6,4,12,2,14,0,1,1,2,2,0
7394,7,4,9,5,4,3,1,0,2,2,0
7395,5,6,11,4,4,3,1,1,3,2,0
7396,5,4,15,4,8,3,1,0,1,2,0
7397,8,4,11,2,3,0,1,1,1,2,1
7398,8,6,11,2,12,0,0,1,3,2,0
7399,3,4,15,4,1,3,1,0,2,2,0
7400,6,4,15,2,3,0,1,1,2,1,1
7401,11,0,6,0,0,1,1,1,2,2,0
7402,7,4,1,2,3,0,1,1,2,2,0
7403,5,6,11,4,3,4,1,1,2,2,0
7404,9,4,11,2,4,0,1,1,2,2,0
7405,9,4,9,2,8,5,1,0,1,2,1
7406,6,4,6,4,3,1,1,1,2,2,0
7407,11,6,15,2,8,0,1,1,2,2,1
7408,9,5,15,2,5,0,1,1,2,2,1
7409,8,4,5,0,2,1,1,0,1,2,0
7410,10,4,15,2,1,0,0,1,2,2,0
7411,10,4,1,2,8,0,0,1,1,2,1
7412,5,4,13,2,12,0,1,1,3,2,0
7413,11,4,15,2,8,0,1,1,2,2,1
7414,4,4,9,4,8,1,1,0,2,2,0
7415,4,4,11,2,14,0,1,1,1,2,0
7416,6,6,11,4,12,3,1,0,2,2,0
7417,7,4,11,2,3,0,1,1,2,2,0
7418,3,4,9,4,4,1,1,1,2,2,0
7419,3,7,9,4,10,1,1,1,2,2,0
7420,8,4,9,2,4,5,1,0,2,2,0
7421,5,4,9,4,4,3,1,0,2,2,0
7422,6,4,9,2,8,1,1,0,2,2,1
7423,11,4,11,2,6,0,1,1,2,2,1
7424,8,4,1,2,3,0,0,1,0,2,1
7425,8,4,7,2,12,0,1,1,3,2,0
7426,6,4,15,0,8,1,1,1,1,2,0
7427,8,4,9,2,12,0,1,1,1,2,0
7428,7,4,7,2,12,0,1,1,1,2,0
7429,6,4,8,2,12,5,1,0,1,2,1
7430,7,2,15,6,10,1,1,1,1,2,0
7431,4,4,15,4,12,1,1,1,2,2,0
7432,9,4,0,2,7,0,1,1,2,2,0
7433,8,0,3,2,6,0,1,1,2,2,1
7434,9,4,9,2,4,0,1,1,1,2,0
7435,3,4,15,4,4,3,0,0,2,2,0
7436,6,4,8,0,13,1,1,1,2,2,0
7437,7,4,11,2,14,0,1,1,2,2,1
7438,5,4,14,2,1,0,0,1,2,2,0
7439,7,4,9,4,10,3,1,0,3,2,0
7440,9,4,12,0,4,4,1,0,2,2,0
7441,13,4,11,2,8,0,0,1,2,2,1
7442,12,4,8,2,11,0,1,1,2,2,0
7443,7,6,9,2,10,0,0,1,1,2,0
7444,12,4,11,2,8,5,1,0,0,2,1
7445,8,4,1,2,14,0,1,1,2,2,0
7446,12,4,5,2,3,0,1,1,1,2,0
7447,8,4,14,0,3,4,1,1,1,2,0
7448,8,6,8,2,3,0,1,1,2,2,0
7449,4,4,11,4,8,1,0,0,2,2,0
7450,9,4,15,2,1,0,0,1,4,2,1
7451,5,4,15,4,1,2,1,0,2,1,1
7452,13,4,9,2,10,0,0,1,2,2,1
7453,4,8,9,4,13,1,1,1,2,2,0
7454,7,5,11,2,5,0,1,1,1,2,0
7455,9,4,7,0,1,4,1,0,2,2,1
7456,4,4,12,4,10,4,1,0,2,2,0
7457,6,4,11,1,1,5,1,0,2,1,0
7458,13,4,8,2,13,0,1,1,2,2,1
7459,12,4,11,0,8,1,1,1,1,2,0
7460,4,4,0,4,8,1,1,1,0,2,0
7461,4,5,9,4,10,1,1,1,2,2,0
7462,5,6,11,2,8,0,1,1,2,2,0
7463,7,2,11,2,11,0,1,1,2,2,1
7464,16,6,0,6,8,1,0,0,2,2,1
7465,6,4,1,2,3,0,1,1,2,2,1
7466,13,4,15,2,11,0,1,1,1,2,1
7467,9,4,11,2,8,0,1,1,2,2,0
7468,5,4,9,4,10,1,1,0,1,2,0
7469,5,6,9,6,4,1,1,0,2,2,0
7470,8,6,8,2,3,0,1,1,2,2,0
7471,7,4,9,0,4,1,1,0,3,2,0
7472,6,6,1,2,5,0,1,1,2,2,1
7473,6,4,7,4,1,3,1,0,2,2,0
7474,4,4,9,4,8,1,0,0,2,2,1
7475,12,4,11,2,14,0,1,1,3,2,0
7476,3,4,9,4,12,1,1,0,2,2,0
7477,3,4,15,4,8,1,1,0,1,2,0
7478,8,4,9,2,8,0,0,1,0,2,1
7479,9,4,11,2,1,0,1,1,2,2,0
7480,11,4,11,2,6,2,1,1,2,2,0
7481,10,4,11,2,3,0,1,1,2,2,0
7482,6,4,8,4,12,3,1,1,2,2,0
7483,7,1,11,2,3,0,1,1,2,2,0
7484,5,4,15,4,6,1,1,1,2,1,0
7485,9,5,1,2,3,0,1,1,2,2,1
7486,13,4,15,2,1,5,1,0,1,2,1
7487,6,1,11,2,14,0,1,1,1,2,1
7488,10,7,15,2,8,2,1,1,1,2,0
7489,4,4,9,2,4,0,1,1,4,2,0
7490,10,4,9,2,13,0,0,1,2,2,1
7491,6,7,9,4,10,1,1,0,2,2,0
7492,16,4,11,2,14,0,0,1,1,2,1
7493,4,6,8,4,10,3,1,1,2,2,0
7494,12,4,0,2,7,0,0,1,2,2,0
7495,7,4,9,2,1,5,1,0,2,2,0
7496,4,4,15,4,1,3,1,0,2,2,0
7497,4,4,15,4,1,1,1,1,2,2,0
7498,4,7,12,4,10,2,1,1,3,2,0
7499,13,4,15,0,10,4,1,1,2,2,0
7500,7,4,14,4,10,1,1,1,2,2,0
7501,8,4,9,5,13,1,1,0,2,2,0
7502,7,6,11,4,12,3,0,0,2,2,0
7503,9,4,15,4,1,3,1,0,2,2,0
7504,6,4,15,2,3,0,1,1,2,2,0
7505,7,4,9,2,4,0,1,1,1,2,1
7506,4,2,11,4,10,1,1,0,2,2,0
7507,9,4,11,2,7,0,1,1,2,0,1
7508,16,4,11,0,8,1,1,0,2,2,0
7509,4,4,11,4,1,1,1,0,2,2,0
7510,7,4,11,2,4,0,1,1,1,2,1
7511,4,2,7,5,4,0,1,1,2,2,0
7512,10,4,11,2,14,0,1,1,3,2,0
7513,6,4,11,2,6,0,0,1,3,2,1
7514,11,4,15,2,4,0,1,1,2,2,1
7515,9,2,15,2,10,0,1,1,2,2,1
7516,7,4,11,2,8,0,1,1,2,0,0
7517,12,2,1,2,3,0,1,1,2,2,0
7518,7,4,15,2,12,0,1,1,2,2,0
7519,11,4,15,2,1,5,1,0,1,2,0
7520,9,4,0,0,4,1,1,0,3,2,0
7521,8,4,11,2,7,0,1,1,2,2,0
7522,5,4,9,2,11,0,1,1,2,2,0
7523,3,2,11,4,1,1,1,0,2,3,0
7524,5,6,11,4,5,1,1,1,1,2,0
7525,10,4,15,2,8,0,1,1,1,2,0
7526,3,4,11,4,7,4,1,0,2,2,0
7527,9,4,15,0,1,1,1,0,2,2,0
7528,4,4,9,4,4,3,1,1,2,2,0
7529,7,4,9,2,12,0,1,1,4,1,1
7530,6,6,11,4,5,3,1,1,1,2,0
7531,10,4,5,2,3,0,1,1,3,2,0
7532,4,4,15,4,10,1,1,0,0,2,0
7533,11,4,11,2,3,0,1,1,2,2,0
7534,4,4,15,4,10,1,1,0,1,2,0
7535,5,1,1,4,3,1,1,1,3,2,0
7536,4,2,9,4,10,3,1,0,2,2,1
7537,6,4,4,2,14,0,1,1,2,2,0
7538,7,4,11,0,8,4,1,1,1,2,0
7539,8,4,15,0,7,1,1,0,2,2,0
7540,4,6,15,4,5,1,1,1,2,2,0
7541,9,4,11,0,3,2,1,1,2,2,0
7542,7,4,7,2,12,0,1,1,2,2,1
7543,3,4,9,4,4,1,1,1,4,0,0
7544,11,4,15,4,10,3,0,1,2,2,0
7545,8,4,15,0,1,4,1,0,2,2,0
7546,5,7,15,4,8,3,0,0,0,2,0
7547,3,4,11,4,8,1,1,0,0,2,0
7548,6,4,15,4,12,1,1,0,4,2,0
7549,9,4,15,2,8,0,1,1,2,2,0
7550,9,4,11,2,1,5,1,0,2,2,0
7551,7,0,5,2,0,0,1,1,2,0,1
7552,5,2,12,2,12,0,1,1,2,2,1
7553,10,1,11,0,1,4,1,0,2,2,0
7554,10,4,15,2,8,5,1,0,1,2,0
7555,13,1,11,6,14,3,1,1,3,2,0
7556,8,4,11,0,8,1,1,0,2,2,0
7557,10,4,9,0,10,4,0,0,2,2,0
7558,5,6,15,2,5,0,1,1,2,2,1
7559,7,0,10,2,0,4,1,0,2,2,0
7560,6,4,11,4,1,1,1,0,1,2,0
7561,7,4,11,2,14,0,0,1,1,2,0
7562,4,4,15,4,8,3,1,1,2,2,0
7563,5,2,7,4,12,2,1,0,4,2,0
7564,5,2,10,2,10,5,1,0,1,2,0
7565,9,0,12,2,4,0,1,1,2,2,0
7566,4,2,12,4,10,1,1,0,2,2,1
7567,10,6,6,2,5,0,1,1,1,2,0
7568,11,4,11,2,12,0,1,1,2,2,0
7569,11,6,15,2,10,0,1,1,1,2,1
7570,5,8,3,4,13,3,1,0,2,2,0
7571,5,0,9,4,0,3,1,1,0,2,0
7572,8,0,9,0,0,1,1,1,2,2,0
7573,9,4,15,0,12,2,1,1,2,2,0
7574,9,1,11,4,1,4,1,0,2,2,0
7575,5,6,11,4,3,3,1,1,2,2,0
7576,3,4,15,4,1,1,0,1,1,2,0
7577,10,4,15,2,8,5,0,0,2,2,1
7578,4,4,15,4,1,1,1,1,1,2,0
7579,7,4,11,0,1,1,1,0,2,2,0
7580,7,2,15,2,10,0,1,1,2,2,0
7581,4,4,1,4,12,1,1,0,2,2,0
7582,7,4,12,2,4,0,1,1,2,2,1
7583,6,4,9,2,12,0,1,1,2,2,1
7584,3,5,9,4,10,1,1,1,0,2,0
7585,8,0,5,0,0,1,1,0,1,2,1
7586,4,6,7,4,8,2,1,0,1,1,0
7587,8,4,11,0,8,1,1,0,2,2,1
7588,10,2,9,2,4,0,1,1,4,2,1
7589,3,4,15,4,4,1,1,1,2,2,0
7590,8,4,11,2,12,0,1,1,1,2,1
7591,4,4,9,4,1,2,0,0,1,2,0
7592,3,5,11,4,3,3,1,1,2,2,0
7593,10,4,9,2,4,0,1,1,2,2,1
7594,8,2,12,4,10,2,1,0,1,2,0
7595,11,1,11,2,14,0,1,1,2,2,1
7596,10,4,9,0,4,1,1,0,1,2,0
7597,7,4,7,2,12,0,1,1,1,2,0
7598,6,4,8,0,3,4,1,1,1,2,0
7599,6,4,11,2,3,0,1,1,3,2,0
7600,6,4,11,4,13,1,1,1,2,2,0
7601,7,4,15,2,8,0,1,1,1,2,0
7602,6,4,11,0,7,1,1,0,2,2,0
7603,6,4,15,4,1,1,1,0,2,2,0
7604,18,2,15,0,10,1,0,1,2,2,0
7605,3,4,12,4,4,3,1,1,2,2,0
7606,3,4,1,4,8,1,1,1,2,2,0
7607,8,4,1,0,9,4,1,0,1,2,0
7608,6,4,1,0,14,1,0,1,2,0,1
7609,4,4,11,6,1,4,1,0,2,2,0
7610,7,4,15,2,10,5,1,0,2,2,0
7611,8,4,11,4,3,1,1,0,2,2,0
7612,6,2,11,1,1,0,1,1,2,2,1
7613,8,4,11,2,3,0,1,1,2,2,1
7614,4,4,11,2,12,0,1,1,1,2,0
7615,7,4,12,2,4,0,1,1,3,2,0
7616,6,4,11,2,3,5,1,0,2,2,1
7617,5,6,12,2,4,0,1,1,2,2,0
7618,6,6,11,4,3,3,1,1,2,2,0
7619,7,4,9,4,1,4,1,0,2,2,0
7620,5,4,9,4,10,3,1,0,1,2,0
7621,7,0,15,2,0,0,1,1,2,2,0
7622,5,4,3,2,14,0,1,1,2,2,1
7623,5,7,9,2,10,5,1,0,2,2,0
7624,3,2,15,4,1,2,0,0,2,2,0
7625,5,1,15,2,10,0,1,1,2,2,1
7626,11,4,11,2,3,0,1,1,2,2,0
7627,4,4,7,4,12,4,1,1,2,2,1
7628,4,4,15,6,2,1,0,0,2,2,0
7629,7,6,14,5,10,4,1,0,2,2,0
7630,7,6,6,2,5,0,1,1,2,2,0
7631,6,4,11,4,8,1,1,1,2,2,0
7632,10,4,5,2,3,0,1,1,2,2,0
7633,4,4,15,4,6,3,1,0,2,2,0
7634,8,2,11,2,4,0,1,1,1,2,0
7635,10,4,11,0,7,4,1,0,2,2,0
7636,7,4,2,2,12,0,1,1,3,2,0
7637,7,4,11,4,12,3,1,0,2,2,0
7638,11,7,9,2,8,5,1,0,2,2,1
7639,11,4,0,2,7,0,1,1,2,2,1
7640,6,4,15,2,6,2,1,1,1,2,0
7641,9,4,3,2,13,0,1,1,2,2,0
7642,8,4,11,2,6,0,1,1,2,0,1
7643,7,4,15,2,13,0,0,1,1,2,1
7644,13,5,9,2,4,0,1,1,2,2,0
7645,7,4,11,4,8,3,1,0,1,1,0
7646,12,4,15,2,14,0,1,1,2,2,1
7647,5,2,14,4,10,1,0,0,2,2,0
7648,8,6,12,4,4,3,1,1,2,2,0
7649,12,4,11,5,1,4,1,1,2,2,0
7650,6,4,11,1,12,1,1,0,4,2,1
7651,7,4,3,4,8,3,1,1,1,2,0
7652,4,4,11,4,7,1,1,1,2,2,0
7653,5,4,15,4,1,1,1,0,1,2,0
7654,9,4,15,4,11,4,1,1,2,2,0
7655,8,4,12,2,1,5,1,0,2,2,1
7656,5,4,1,6,14,1,0,1,2,2,0
7657,9,2,9,0,11,1,1,1,2,2,0
7658,8,5,9,4,4,3,0,1,1,2,0
7659,7,6,6,0,5,1,1,1,2,2,0
7660,9,4,5,0,3,1,1,1,2,2,0
7661,11,4,0,2,7,0,1,1,2,2,1
7662,9,4,15,4,1,3,0,0,2,2,0
7663,10,4,15,0,7,4,1,0,2,2,0
7664,8,6,11,2,3,0,1,1,2,2,0
7665,7,4,1,2,8,0,1,1,2,2,1
7666,7,4,11,2,7,0,1,1,2,2,1
7667,13,4,11,2,12,0,1,1,2,2,1
7668,9,4,15,2,10,0,1,1,2,2,0
7669,4,4,11,4,1,3,1,0,1,2,0
7670,4,4,9,5,1,4,1,0,2,2,0
7671,8,2,11,2,10,0,1,1,2,2,1
7672,7,0,11,2,0,0,0,1,0,2,1
7673,6,4,15,4,1,1,1,0,2,2,0
7674,9,5,8,0,4,1,1,1,2,0,0
7675,4,4,11,4,14,1,1,1,2,2,0
7676,4,4,11,4,14,3,1,1,2,2,0
7677,7,4,1,2,3,0,1,1,2,2,1
7678,11,4,15,2,12,0,1,1,2,2,1
7679,9,5,8,2,3,0,1,1,2,2,0
7680,8,4,0,4,3,1,0,1,2,2,0
7681,6,4,8,4,13,3,1,1,2,0,0
7682,9,7,9,2,1,0,1,1,1,2,0
7683,7,4,11,0,1,1,1,0,2,0,0
7684,9,4,9,2,13,5,1,0,2,2,1
7685,5,1,12,2,10,0,1,1,2,2,0
7686,7,2,11,2,3,0,1,1,3,2,1
7687,11,4,11,2,7,0,1,1,2,2,1
7688,9,5,15,2,4,0,1,1,2,2,1
7689,9,4,15,2,12,5,1,0,2,0,0
7690,4,4,14,4,1,3,1,1,2,2,0
7691,11,4,11,2,1,0,1,1,2,2,1
7692,8,6,12,0,12,1,1,0,2,2,0
7693,8,4,9,2,13,0,1,1,2,2,0
7694,5,4,1,4,5,3,1,1,3,2,0
7695,10,4,11,0,6,4,1,1,2,2,0
7696,5,4,12,4,4,2,1,0,2,4,0
7697,8,0,11,2,0,0,1,1,1,2,0
7698,4,4,1,4,12,3,1,0,3,2,0
7699,5,7,11,4,11,3,0,1,2,2,0
7700,8,2,9,2,10,0,1,1,2,2,1
7701,4,4,15,4,14,3,1,1,1,2,0
7702,4,4,9,4,10,4,1,0,2,2,0
7703,7,4,11,4,14,3,1,0,2,2,0
7704,13,4,11,2,3,0,1,1,2,2,0
7705,4,4,15,2,1,0,1,1,2,2,1
7706,7,7,11,6,12,3,1,1,2,2,0
7707,7,4,11,2,6,0,1,1,2,2,1
7708,8,7,10,5,10,1,1,0,2,0,0
7709,4,4,15,4,12,3,1,1,2,2,0
7710,6,4,11,4,4,1,1,1,2,2,0
7711,8,7,14,2,10,1,1,0,0,2,0
7712,9,4,15,2,9,0,0,1,1,2,0
7713,4,4,15,4,4,4,1,0,2,2,0
7714,12,4,11,0,7,1,0,1,2,2,0
7715,9,4,11,0,3,2,1,1,2,2,0
7716,6,1,11,4,10,3,1,1,0,2,0
7717,7,4,11,0,14,1,1,0,2,2,0
7718,13,5,11,2,0,0,1,1,0,2,1
7719,7,4,11,0,1,1,1,0,2,2,0
7720,8,4,9,0,7,1,1,0,2,2,0
7721,7,0,1,2,0,0,0,1,1,2,0
7722,10,0,9,2,0,0,1,1,2,2,1
7723,4,4,0,4,6,1,1,1,2,2,0
7724,12,4,15,0,12,1,1,0,1,2,0
7725,6,4,15,2,8,0,1,1,2,4,0
7726,18,4,12,0,4,4,1,0,2,2,0
7727,4,2,11,4,6,3,1,1,3,2,0
7728,8,4,11,2,12,0,1,1,2,2,1
7729,13,1,11,2,12,5,1,0,2,2,1
7730,11,4,12,2,10,0,0,1,2,2,0
7731,10,4,15,2,4,0,1,1,3,2,0
7732,7,4,11,0,8,4,0,0,1,2,0
7733,9,4,11,2,12,5,1,0,1,2,0
7734,5,4,9,2,4,0,1,1,2,2,1
7735,6,4,11,0,7,1,0,0,2,2,0
7736,10,4,11,2,3,0,1,1,2,2,0
7737,5,4,15,0,1,4,1,0,2,2,0
7738,12,2,11,0,5,1,1,1,3,2,0
7739,10,4,14,2,10,0,0,1,1,2,0
7740,9,6,9,0,4,1,1,0,2,2,0
7741,10,4,3,2,14,0,0,1,2,2,0
7742,10,4,12,2,6,0,1,1,2,2,0
7743,13,6,12,2,4,0,1,1,2,2,0
7744,4,7,5,4,11,3,0,1,2,2,0
7745,5,0,6,4,0,3,1,0,1,2,0
7746,5,4,15,0,1,4,1,0,2,2,0
7747,8,4,0,2,7,0,1,1,2,2,1
7748,5,4,15,6,4,1,1,1,2,2,0
7749,9,4,1,2,3,0,1,1,3,2,0
7750,7,4,11,2,1,0,1,1,2,3,1
7751,5,4,15,4,12,4,1,0,1,2,0
7752,7,6,15,2,5,0,1,1,3,2,1
7753,6,4,11,2,12,0,1,1,4,2,1
7754,6,4,11,0,1,1,0,0,1,2,0
7755,8,2,12,0,2,1,1,0,1,2,0
7756,6,2,15,2,4,0,1,1,2,2,1
7757,5,4,11,6,1,4,1,0,2,2,0
7758,12,4,11,2,11,0,1,1,2,2,1
7759,8,2,11,2,11,2,1,1,2,2,0
7760,8,4,11,4,3,1,1,0,2,2,0
7761,5,4,11,4,3,1,1,0,2,1,0
7762,7,1,9,4,10,1,1,1,2,2,0
7763,7,4,15,0,8,1,1,0,2,2,0
7764,7,4,11,2,13,0,1,1,2,0,1
7765,7,8,15,4,13,1,1,0,2,1,0
7766,5,4,15,2,4,0,1,1,2,2,0
7767,11,1,11,0,14,4,1,1,2,2,0
7768,6,4,11,0,8,1,1,0,2,2,0
7769,15,4,15,0,8,1,1,0,1,2,0
7770,5,4,9,4,10,3,0,0,2,2,0
7771,4,4,9,4,1,3,1,0,1,2,0
7772,7,4,11,2,7,0,0,1,2,2,1
7773,11,4,11,2,8,0,1,1,2,2,1
7774,5,4,1,4,7,1,1,0,2,2,0
7775,10,1,11,0,14,1,1,1,2,2,0
7776,8,4,5,2,3,0,1,1,1,2,0
7777,7,4,1,2,7,5,1,0,4,2,1
7778,10,6,15,2,4,0,1,1,1,2,0
7779,6,4,9,4,4,3,0,0,1,2,0
7780,6,4,11,2,8,0,1,1,2,2,1
7781,6,7,9,4,10,1,1,1,2,2,0
7782,9,4,2,2,6,0,0,1,2,2,1
7783,5,4,0,2,2,0,0,1,1,2,1
7784,3,4,11,4,12,1,1,0,1,2,0
7785,3,4,9,4,10,1,1,0,2,2,0
7786,4,4,14,2,3,0,1,1,2,2,1
7787,5,4,11,4,3,3,1,1,2,2,0
7788,8,4,11,5,3,4,1,1,2,2,0
7789,4,4,3,2,14,0,1,1,1,2,0
7790,6,2,15,2,8,5,1,0,2,2,1
7791,11,4,5,4,3,2,0,1,2,2,0
7792,4,4,11,4,13,4,0,0,2,2,0
7793,4,4,1,4,14,1,1,1,2,2,0
7794,6,4,15,2,12,0,1,1,1,2,1
7795,8,6,7,2,4,0,0,1,2,2,0
7796,10,4,5,2,3,0,1,1,1,2,0
7797,3,4,15,4,1,1,1,0,2,0,0
7798,5,4,9,4,6,3,1,1,2,2,0
7799,8,4,5,2,3,0,1,1,2,2,1
7800,7,4,9,2,4,0,1,1,4,2,0
7801,6,2,1,0,2,1,1,0,1,2,0
7802,4,0,9,4,0,1,1,1,0,2,0
7803,5,6,8,4,10,3,1,0,2,2,0
7804,5,4,15,4,10,1,1,1,2,2,0
7805,10,4,11,2,1,0,1,1,1,2,0
7806,8,4,15,0,1,1,0,0,2,2,0
7807,6,7,15,2,12,0,1,1,2,2,0
7808,6,2,14,2,10,0,1,1,2,2,0
7809,6,4,15,2,12,0,1,1,1,1,1
7810,4,4,8,6,3,1,1,1,2,2,0
7811,13,4,12,2,14,0,1,1,2,2,0
7812,9,4,11,2,7,0,1,1,2,2,1
7813,5,4,9,4,10,3,1,1,2,2,0
7814,10,4,5,2,3,0,1,1,3,2,0
7815,9,0,1,2,0,0,1,1,0,2,0
7816,9,4,15,0,7,4,0,0,2,2,0
7817,10,4,11,2,12,0,0,1,4,2,1
7818,4,4,12,4,4,1,1,0,2,2,0
7819,7,4,11,2,5,0,1,1,1,2,1
7820,11,4,9,2,4,0,1,1,2,2,1
7821,3,4,15,4,12,1,1,1,2,2,0
7822,12,4,15,2,12,0,0,1,2,2,1
7823,11,4,11,0,14,3,1,1,2,2,0
7824,5,4,11,4,14,3,1,1,2,2,0
7825,4,4,15,0,14,4,1,0,1,2,0
7826,7,6,9,2,4,0,1,1,2,2,1
7827,7,4,9,2,10,0,1,1,2,2,1
7828,8,4,11,4,1,3,1,0,0,2,0
7829,14,8,8,2,13,0,0,1,1,2,0
7830,6,4,15,0,10,3,1,1,2,2,1
7831,11,4,11,2,3,0,1,1,2,2,0
7832,6,4,9,3,10,0,1,1,2,2,0
7833,8,4,9,2,10,0,1,1,1,2,0
7834,5,6,9,4,4,3,1,1,2,2,0
7835,5,4,7,2,12,0,1,1,2,2,0
7836,9,4,9,2,1,4,1,0,2,2,0
7837,10,4,13,2,12,0,0,1,4,2,0
7838,6,4,8,2,3,0,1,1,2,2,0
7839,3,4,11,4,14,3,1,1,2,2,0
7840,9,5,11,4,3,4,1,0,1,2,1
7841,5,6,1,2,3,0,0,1,2,2,0
7842,4,4,11,6,8,1,1,1,2,2,0
7843,6,4,9,4,10,3,1,0,2,2,0
7844,15,4,6,6,5,1,1,0,1,2,1
7845,8,4,6,2,5,0,1,1,2,2,0
7846,10,4,11,6,8,1,0,0,2,2,0
7847,6,4,15,2,12,5,1,0,2,2,0
7848,4,4,15,4,8,3,1,0,1,2,0
7849,7,4,11,2,7,0,1,1,2,2,0
7850,13,4,0,5,7,4,1,0,2,2,0
7851,9,4,11,0,6,3,1,1,2,2,0
7852,11,4,0,3,7,1,1,0,2,2,0
7853,12,2,6,2,5,0,1,1,3,2,0
7854,4,0,9,4,0,4,1,0,2,2,1
7855,11,4,11,2,3,0,1,1,3,2,0
7856,7,4,15,2,3,0,1,1,2,2,1
7857,11,6,12,2,5,0,1,1,1,2,0
7858,6,6,10,2,10,0,1,1,2,2,1
7859,7,4,7,5,13,0,1,1,2,2,0
7860,9,4,15,4,10,2,1,0,1,2,0
7861,4,4,11,0,14,1,1,1,1,2,0
7862,8,4,9,5,4,4,1,0,2,2,0
7863,10,4,11,2,4,0,0,1,2,2,0
7864,12,5,6,5,5,0,1,1,1,2,0
7865,7,4,15,4,10,3,1,0,3,2,1
7866,10,7,15,2,8,5,1,0,2,2,0
7867,4,6,11,2,8,0,1,1,2,2,1
7868,5,0,9,2,0,0,1,1,2,2,1
7869,3,4,11,4,7,1,1,1,4,2,0
7870,4,4,11,6,3,4,1,1,2,2,0
7871,8,8,7,2,13,0,1,1,1,2,1
7872,4,6,3,4,8,4,1,0,1,2,0
7873,11,5,15,2,10,5,1,0,1,2,0
7874,8,4,7,2,12,0,1,1,2,2,1
7875,7,4,14,2,3,0,1,1,2,2,1
7876,9,4,11,2,6,0,1,1,2,2,1
7877,3,4,7,4,12,3,1,1,2,2,0
7878,10,4,5,2,11,0,0,1,2,2,0
7879,4,4,1,4,8,1,1,0,2,2,0
7880,8,4,11,2,12,5,1,0,2,2,0
7881,11,1,15,4,1,1,0,0,1,2,0
7882,10,2,15,2,10,0,1,1,2,2,0
7883,7,4,11,2,14,0,1,1,2,2,0
7884,4,5,11,4,4,3,1,1,2,2,0
7885,9,6,14,2,10,0,1,1,2,0,0
7886,8,0,1,0,0,1,1,0,0,2,0
7887,11,4,9,0,4,4,1,1,2,2,0
7888,7,4,9,4,10,3,1,1,2,2,0
7889,4,1,5,4,3,3,1,1,2,2,0
7890,6,6,15,0,10,1,1,0,2,2,0
7891,3,4,15,4,7,1,1,0,1,2,0
7892,10,4,11,2,3,0,1,1,2,2,0
7893,8,4,9,2,4,0,1,1,2,2,0
7894,5,1,15,4,1,3,0,0,2,2,0
7895,4,6,15,4,8,3,1,1,2,2,0
7896,3,4,15,4,10,1,1,1,2,2,0
7897,9,4,8,0,12,4,1,1,2,0,1
7898,3,2,5,4,3,3,1,1,2,2,0
7899,4,4,15,4,1,1,1,0,2,2,0
7900,4,4,15,5,1,4,0,0,1,2,0
7901,8,4,15,2,4,0,1,1,2,2,0
7902,5,4,12,4,4,1,1,1,2,2,0
7903,5,2,9,2,11,0,0,1,2,2,1
7904,5,4,15,2,4,0,1,1,3,2,1
7905,7,4,11,4,3,1,1,1,2,2,0
7906,6,4,12,2,14,0,1,1,3,2,0
7907,8,4,15,2,8,0,0,1,2,2,1
7908,5,4,15,4,10,1,1,0,2,2,0
7909,9,0,11,2,0,5,0,0,2,2,0
7910,7,0,5,0,0,1,1,1,2,2,0
7911,4,4,9,4,8,3,0,0,1,2,0
7912,5,7,15,4,1,2,1,0,2,2,0
7913,5,4,11,4,8,3,1,0,1,2,0
7914,5,4,15,4,1,1,1,0,0,2,0
7915,9,2,0,2,9,5,1,0,1,2,0
7916,8,4,11,2,3,0,1,1,2,2,0
7917,16,4,14,2,1,5,0,0,2,2,0
7918,9,4,11,2,12,0,1,1,2,2,1
7919,8,2,9,0,10,3,1,0,3,2,0
7920,12,4,1,2,12,0,1,1,2,2,0
7921,11,4,11,2,12,0,1,1,2,2,1
7922,5,2,15,4,5,3,1,1,2,2,0
7923,7,4,11,4,10,3,1,0,1,2,0
7924,7,4,11,4,7,3,1,0,2,2,0
7925,5,4,15,2,12,0,1,1,2,2,1
7926,16,4,11,6,8,1,1,0,1,2,0
7927,4,2,8,4,10,1,0,1,3,2,1
7928,6,4,9,4,8,2,1,0,2,1,0
7929,6,0,10,4,0,1,1,0,0,1,0
7930,13,4,9,0,8,1,1,1,2,2,0
7931,9,4,0,0,7,1,1,0,2,2,0
7932,6,4,11,2,3,0,0,1,2,2,0
7933,5,4,9,4,13,3,1,1,0,2,0
7934,5,6,15,4,5,1,1,0,2,2,0
7935,8,4,15,2,4,0,1,1,2,2,0
7936,10,4,12,2,10,0,1,1,1,2,1
7937,6,4,11,1,3,1,1,1,0,2,0
7938,7,4,11,2,8,0,1,1,2,2,1
7939,16,4,11,0,1,3,0,1,1,2,0
7940,7,6,11,2,12,0,1,1,1,2,1
7941,6,4,13,2,12,0,1,1,4,2,1
7942,8,5,0,4,4,1,1,1,2,2,0
7943,10,2,12,2,4,0,1,1,2,2,0
7944,6,4,12,3,1,3,1,0,2,2,0
7945,5,4,9,2,4,0,1,1,2,2,0
7946,8,4,15,2,3,0,1,1,2,2,0
7947,7,7,15,2,8,0,1,1,2,2,1
7948,4,4,11,4,5,1,1,0,1,2,0
7949,6,4,12,2,4,0,1,1,2,2,1
7950,6,4,0,2,3,0,1,1,1,2,0
7951,5,4,15,2,1,0,1,1,2,2,0
7952,10,4,15,2,7,0,1,1,2,2,0
7953,5,2,9,4,10,3,1,1,2,2,0
7954,5,4,11,4,8,4,1,0,2,2,0
7955,5,4,15,4,1,1,1,0,2,2,0
7956,7,7,12,2,2,0,1,1,1,2,0
7957,9,4,15,2,1,0,1,1,2,2,0
7958,4,4,8,4,3,1,1,0,2,2,0
7959,5,7,15,4,1,4,1,0,2,2,0
7960,7,2,15,2,11,0,1,1,2,2,1
7961,3,2,15,4,4,4,1,1,2,3,0
7962,10,4,2,2,14,0,1,1,1,2,1
7963,9,4,0,2,7,0,1,1,2,1,0
7964,5,4,11,4,6,1,0,1,1,2,0
7965,9,4,9,4,10,4,1,1,2,2,0
7966,12,6,2,2,13,0,1,1,0,2,1
7967,9,4,11,4,3,3,0,1,1,2,0
7968,7,4,11,2,6,0,1,1,1,2,1
7969,6,1,15,2,14,0,1,1,3,2,0
7970,5,6,15,4,13,1,1,0,1,2,0
7971,8,4,11,2,3,0,1,1,1,2,1
7972,5,4,11,4,3,3,1,1,2,2,0
7973,6,6,11,2,12,0,1,1,2,2,0
7974,8,4,9,2,12,0,0,1,3,2,1
7975,11,4,11,3,12,1,1,0,2,2,0
7976,6,1,12,0,10,1,1,0,1,2,0
7977,8,4,9,2,10,5,1,0,2,2,1
7978,7,4,14,0,3,4,1,1,2,2,0
7979,4,4,1,4,12,3,1,0,1,2,0
7980,4,4,9,4,1,1,0,0,2,2,0
7981,9,8,9,2,13,0,1,1,0,2,1
7982,8,4,9,4,12,4,0,1,2,2,0
7983,9,4,9,0,8,4,1,0,1,2,0
7984,4,4,11,4,14,1,0,1,2,2,0
7985,6,7,9,4,10,3,1,1,2,2,0
7986,8,6,7,2,12,2,1,0,3,2,1
7987,3,4,9,4,10,1,1,0,2,2,0
7988,7,4,15,2,4,0,1,1,4,2,1
7989,7,4,11,4,7,3,1,0,2,2,0
7990,11,4,9,4,10,3,1,1,1,2,0
7991,3,4,11,4,1,3,1,0,2,2,0
7992,4,4,1,4,12,3,1,0,0,2,0
7993,8,2,15,2,4,1,1,1,2,2,1
7994,6,4,15,0,13,3,0,1,2,2,0
7995,4,4,11,6,6,0,1,1,2,2,0
7996,9,1,14,4,14,1,1,1,2,2,0
7997,9,4,9,0,10,1,1,0,2,2,0
7998,3,8,11,4,13,1,1,0,2,2,0
7999,6,6,15,4,12,3,1,0,1,2,0
8000,10,4,12,2,1,4,1,0,2,2,0
8001,8,7,1,2,8,5,1,0,2,0,1
8002,7,6,15,5,13,4,1,0,2,2,0
8003,7,4,12,2,14,0,0,1,2,2,0
8004,3,2,9,4,10,3,1,1,2,4,0
8005,8,4,12,2,6,0,1,1,2,2,1
8006,7,1,11,0,3,1,1,1,1,2,1
8007,9,4,12,2,4,0,1,1,1,2,1
8008,8,7,11,0,4,4,1,1,2,2,0
8009,6,4,11,2,3,5,1,0,0,2,0
8010,7,4,9,2,4,0,1,1,2,2,0
8011,5,4,9,2,12,0,1,1,1,2,0
8012,9,6,8,4,12,3,1,1,2,2,0
8013,7,4,15,2,7,0,1,1,2,2,1
8014,7,4,9,6,4,1,1,1,4,2,0
8015,15,4,11,2,12,0,1,1,4,2,0
8016,9,6,11,2,10,5,1,0,2,2,0
8017,7,4,9,0,8,1,1,0,2,2,0
8018,6,6,11,0,3,1,1,1,2,2,0
8019,5,4,5,2,6,0,1,1,2,2,0
8020,8,4,5,2,3,0,1,1,2,2,0
8021,4,4,5,4,3,1,0,1,2,2,0
8022,9,4,15,2,10,0,1,1,0,2,0
8023,6,4,12,4,2,1,0,0,2,1,0
8024,6,4,12,1,4,1,1,0,2,2,1
8025,8,7,11,4,1,1,0,0,2,2,0
8026,3,4,11,4,12,4,0,0,1,2,0
8027,5,4,11,4,8,4,0,1,1,2,0
8028,11,2,8,2,12,0,1,1,2,2,0
8029,8,2,12,4,4,4,1,0,2,2,0
8030,10,4,11,2,7,0,1,1,2,2,1
8031,9,4,12,2,5,0,1,1,2,2,1
8032,10,6,0,2,3,0,1,1,2,2,0
8033,7,4,12,2,10,0,1,1,2,2,0
8034,7,4,11,2,1,2,1,0,1,2,1
8035,6,4,1,4,3,1,1,1,2,2,0
8036,4,4,1,4,8,3,1,1,2,2,0
8037,8,4,1,2,7,0,1,1,2,2,0
8038,6,0,11,2,0,0,0,1,1,2,0
8039,9,4,11,2,8,0,1,1,1,2,0
8040,6,4,11,2,5,0,1,1,1,2,0
8041,7,4,15,2,4,0,1,1,2,2,0
8042,5,4,15,2,3,0,1,1,2,2,1
8043,6,2,9,0,11,4,1,0,2,2,0
8044,5,4,11,4,4,1,1,1,2,2,0
8045,10,4,11,2,4,0,0,1,1,2,1
8046,4,4,11,4,8,4,1,1,1,2,0
8047,6,7,11,0,10,1,1,1,0,2,0
8048,5,4,11,4,14,3,1,1,2,2,0
8049,10,4,11,2,3,0,1,1,2,2,1
8050,5,4,9,4,10,1,1,1,2,2,0
8051,9,5,11,0,1,1,1,0,0,2,0
8052,4,4,15,4,12,1,1,1,2,2,0
8053,10,4,9,2,4,0,1,1,1,2,0
8054,6,4,15,4,1,4,0,0,2,2,0
8055,7,4,15,4,3,1,1,1,2,2,0
8056,5,4,13,2,8,5,1,0,1,2,1
8057,3,1,11,4,14,3,1,1,1,2,0
8058,7,4,9,2,12,0,1,1,2,2,0
8059,7,4,0,2,3,0,1,1,2,1,0
8060,5,4,11,4,1,1,1,0,4,2,0
8061,6,4,12,0,4,1,1,1,2,0,0
8062,6,7,5,2,11,0,1,1,2,2,1
8063,6,4,15,0,8,1,1,0,1,2,0
8064,10,4,15,0,4,4,1,0,2,2,0
8065,12,4,11,2,12,0,1,1,3,2,1
8066,9,4,11,2,12,0,0,1,2,2,1
8067,6,7,12,4,4,4,1,1,2,2,0
8068,7,2,9,2,10,0,1,1,2,2,0
8069,9,4,11,2,6,0,1,1,2,2,0
8070,11,6,11,2,5,0,1,1,3,2,0
8071,11,4,11,2,8,0,1,1,2,2,1
8072,10,4,1,0,7,1,1,1,2,2,0
8073,7,5,12,2,4,0,1,1,2,2,1
8074,4,4,11,4,14,3,1,1,1,2,0
8075,4,4,11,4,3,1,1,1,2,2,0
8076,7,2,8,2,11,0,0,1,1,2,0
8077,7,0,11,4,0,3,1,1,1,2,0
8078,5,6,11,2,5,0,1,1,2,2,0
8079,5,4,15,2,4,0,1,1,1,2,0
8080,5,4,15,2,7,0,1,1,2,2,1
8081,9,4,14,2,10,0,1,1,2,0,1
8082,8,4,9,0,10,1,1,0,1,2,0
8083,5,4,15,4,3,1,1,1,2,1,0
8084,5,4,12,4,10,3,1,0,2,1,0
8085,7,6,8,2,12,5,1,0,3,2,1
8086,7,4,9,2,4,5,1,0,2,2,1
8087,3,0,9,0,4,1,1,1,2,2,0
8088,7,4,9,3,10,1,1,1,2,2,0
8089,6,4,11,4,8,3,0,1,0,0,0
8090,6,4,11,2,7,0,0,1,2,2,0
8091,3,0,15,4,0,4,1,0,0,2,0
8092,14,4,9,6,4,0,1,1,2,2,0
8093,18,4,11,6,6,1,1,1,2,2,0
8094,7,4,11,2,3,0,1,1,3,2,1
8095,7,2,9,2,4,0,1,1,2,0,0
8096,9,4,15,0,8,3,1,0,1,2,0
8097,3,4,15,4,1,2,1,0,1,2,0
8098,7,7,9,2,4,0,1,1,2,2,0
8099,5,4,9,4,13,4,1,1,2,2,0
8100,3,5,15,4,4,3,1,1,2,2,0
8101,4,5,11,4,4,3,0,1,2,2,0
8102,3,6,1,4,3,3,1,1,2,2,0
8103,7,4,11,4,8,3,1,0,1,2,0
8104,8,4,11,2,14,0,1,1,3,2,0
8105,4,4,15,4,4,1,1,1,2,2,0
8106,4,4,11,4,8,4,1,1,2,2,0
8107,8,4,11,2,14,0,1,1,2,2,0
8108,8,4,12,2,5,0,1,1,2,2,0
8109,9,4,9,2,10,0,0,1,2,2,1
8110,5,4,8,2,3,0,1,1,2,2,1
8111,5,4,0,6,7,4,0,0,2,2,0
8112,4,4,11,4,7,3,1,0,2,2,0
8113,7,4,11,2,3,0,1,1,2,2,1
8114,8,0,1,2,0,0,1,1,2,2,1
8115,6,4,9,1,1,5,0,0,2,2,1
8116,9,4,9,2,6,0,1,1,2,2,1
8117,7,2,11,2,11,0,1,1,1,2,0
8118,6,4,15,0,7,1,0,0,2,2,1
8119,4,6,11,5,8,1,1,1,0,2,0
8120,8,4,0,2,8,0,1,1,0,2,0
8121,8,4,11,0,7,1,0,0,2,0,0
8122,16,4,15,0,13,1,1,1,2,2,0
8123,12,4,11,4,8,3,1,0,2,2,0
8124,14,7,9,2,10,0,1,1,2,2,0
8125,11,0,1,2,0,0,1,1,0,2,1
8126,3,4,8,4,11,2,0,0,2,2,0
8127,8,5,9,2,0,0,1,1,1,2,0
8128,11,4,12,2,4,5,1,0,2,2,0
8129,8,4,9,2,10,0,1,1,1,2,0
8130,7,4,11,2,12,2,1,0,2,2,0
8131,7,4,15,2,12,0,1,1,3,2,0
8132,6,4,1,2,12,0,0,1,2,2,0
8133,8,5,15,2,4,0,1,1,2,2,1
8134,8,4,15,2,8,2,0,0,1,2,0
8135,7,2,15,2,11,0,0,1,2,4,0
8136,4,4,11,5,3,1,1,0,3,2,0
8137,7,4,0,2,8,0,0,1,0,2,0
8138,5,4,1,4,14,1,1,1,2,2,0
8139,8,4,11,2,14,0,0,1,2,0,0
8140,7,4,11,2,8,0,1,1,1,2,1
8141,8,4,11,0,12,2,1,1,3,2,0
8142,5,2,11,4,6,3,1,1,2,2,0
8143,5,2,11,4,11,1,1,1,2,2,1
8144,7,4,14,2,1,5,1,0,2,2,1
8145,5,4,15,2,14,0,1,1,2,2,0
8146,12,4,9,2,12,0,1,1,3,2,0
8147,5,4,11,4,12,1,1,0,2,2,0
8148,9,4,11,2,14,0,1,1,3,2,1
8149,4,4,11,4,6,1,0,0,1,2,1
8150,5,4,12,4,4,3,1,1,1,2,0
8151,7,4,11,2,1,0,0,1,2,2,0
8152,3,5,11,4,7,1,1,1,2,2,0
8153,4,2,14,2,10,0,0,1,1,2,0
8154,4,4,11,4,1,4,1,0,2,2,0
8155,5,5,15,6,1,4,1,0,2,2,0
8156,10,4,11,4,7,1,0,1,2,2,0
8157,8,4,5,0,11,4,1,1,2,2,0
8158,8,4,11,2,3,0,1,1,2,2,0
8159,5,4,11,0,12,1,1,1,4,2,0
8160,8,4,7,2,4,0,1,1,2,0,0
8161,6,4,5,2,3,0,1,1,2,2,1
8162,7,4,15,2,5,0,1,1,3,2,0
8163,7,4,15,4,1,1,1,1,2,0,0
8164,3,4,9,4,1,3,1,1,1,2,0
8165,11,4,11,2,6,1,0,0,3,2,1
8166,5,2,9,2,1,0,1,1,1,2,0
8167,5,4,15,2,10,0,1,1,1,2,1
8168,5,4,9,0,8,3,1,1,0,2,0
8169,5,0,11,4,0,3,1,1,2,2,0
8170,5,7,12,2,10,0,1,1,2,1,0
8171,7,4,9,4,13,1,0,0,2,2,0
8172,5,6,1,4,3,1,1,1,2,2,0
8173,4,4,9,4,10,3,1,1,1,2,0
8174,7,4,11,4,1,3,1,0,2,2,0
8175,4,6,15,4,1,1,0,0,4,1,0
8176,11,4,15,2,1,0,1,1,2,2,1
8177,9,4,11,0,1,1,1,0,2,2,0
8178,8,2,11,2,4,0,1,1,2,2,0
8179,4,6,11,4,4,2,1,0,2,2,0
8180,6,4,15,0,11,1,0,0,1,2,0
8181,7,6,9,0,10,1,1,1,2,2,0
8182,10,4,11,4,1,3,1,0,1,2,0
8183,7,4,9,2,12,0,1,1,2,2,0
8184,8,4,6,2,8,5,1,0,2,2,0
8185,7,4,0,2,7,0,1,1,2,2,1
8186,11,4,11,0,8,1,1,0,2,2,1
8187,9,1,12,2,10,0,1,1,2,2,0
8188,6,4,9,2,10,0,1,1,2,0,1
8189,5,4,11,4,6,3,1,1,1,2,0
8190,8,5,15,5,3,4,1,1,2,2,0
8191,9,4,14,4,3,1,1,1,2,2,0
8192,5,4,15,2,14,0,1,1,1,2,0
8193,4,4,15,6,12,1,1,0,2,2,0
8194,4,4,9,4,12,1,1,0,4,2,0
8195,11,4,12,2,10,0,1,1,1,2,0
8196,6,0,1,0,0,1,1,1,2,2,0
8197,8,4,11,2,12,0,1,1,2,2,1
8198,13,4,15,2,8,0,1,1,2,2,0
8199,3,6,12,4,4,1,1,0,2,2,0
8200,8,4,9,0,1,1,0,0,2,2,0
8201,8,4,9,2,1,5,0,0,2,2,0
8202,7,4,12,2,5,0,1,1,3,2,0
8203,17,4,12,6,6,1,1,1,2,2,0
8204,6,4,11,2,7,0,0,1,2,4,1
8205,6,6,15,0,1,1,0,0,1,2,0
8206,5,7,7,2,11,0,0,1,2,2,1
8207,4,4,9,6,12,1,1,0,1,2,0
8208,5,6,12,2,4,0,1,1,2,2,0
8209,6,2,15,0,1,1,0,0,2,2,0
8210,13,2,11,2,6,0,1,1,3,2,0
8211,5,4,15,4,12,1,1,0,1,2,0
8212,7,1,11,2,14,0,1,1,3,2,1
8213,4,7,9,4,10,3,1,0,2,2,0
8214,12,4,9,2,7,1,1,1,2,2,1
8215,4,4,15,4,12,1,1,1,2,2,0
8216,12,4,1,2,8,5,1,0,2,2,0
8217,9,0,5,2,0,0,0,1,0,2,0
8218,4,4,11,6,12,1,1,1,4,2,0
8219,4,6,15,0,4,1,1,0,2,2,0
8220,7,4,5,4,3,2,1,1,2,2,0
8221,4,4,11,4,8,1,1,0,1,2,0
8222,10,4,14,0,1,1,1,1,2,2,0
8223,5,4,11,4,10,3,1,0,1,2,0
8224,8,4,7,5,12,4,1,1,2,2,0
8225,4,4,15,4,12,1,1,1,2,2,1
8226,9,6,12,4,4,1,1,1,4,2,0
8227,7,4,8,0,13,1,1,1,1,2,0
8228,6,6,11,4,13,1,1,0,2,2,0
8229,8,4,15,5,6,1,1,1,2,2,0
8230,4,4,9,4,7,1,1,1,2,2,0
8231,11,4,15,2,12,0,1,1,2,2,1
8232,6,4,9,4,7,3,1,0,2,2,0
8233,4,4,11,2,14,0,1,1,1,2,1
8234,7,4,9,0,10,1,1,0,2,2,1
8235,5,4,15,4,4,1,1,1,0,2,0
8236,6,4,15,4,12,1,1,1,3,2,0
8237,9,7,5,2,11,0,1,1,1,2,0
8238,11,4,7,2,12,0,1,1,1,2,0
8239,3,2,9,4,10,3,1,0,3,2,0
8240,8,4,11,2,3,0,1,1,1,2,1
8241,12,4,15,2,12,0,1,1,2,2,1
8242,13,4,15,0,1,4,0,0,2,2,1
8243,9,4,15,2,7,0,0,1,2,2,1
8244,7,2,15,6,1,1,1,0,2,2,0
8245,4,5,1,4,0,3,1,1,0,2,0
8246,10,4,9,2,10,5,1,0,2,2,1
8247,9,2,9,2,6,0,0,1,2,2,0
8248,10,2,7,2,4,0,1,1,2,2,0
8249,15,6,15,0,3,4,1,1,2,2,0
8250,10,5,11,2,4,0,1,1,2,2,0
8251,4,4,5,4,2,1,1,1,2,2,0
8252,7,4,9,2,8,0,1,1,2,2,1
8253,5,4,15,2,12,0,1,1,2,2,0
8254,5,6,0,0,3,1,1,1,1,2,1
8255,11,5,15,2,4,0,1,1,2,2,0
8256,3,4,9,4,4,3,1,1,2,2,0
8257,6,4,14,2,3,0,1,1,2,2,1
8258,4,0,11,2,0,0,0,1,2,2,0
8259,8,6,15,0,3,1,1,1,2,2,0
8260,7,4,11,2,12,0,0,1,2,2,0
8261,9,4,11,2,14,0,1,1,2,2,1
8262,5,4,9,4,13,3,1,0,2,2,0
8263,6,4,0,4,6,1,1,1,1,2,0
8264,10,4,11,2,3,0,1,1,2,2,1
8265,3,2,12,4,10,1,1,0,2,2,0
8266,8,5,1,0,3,1,1,1,2,2,0
8267,8,6,11,2,3,0,1,1,0,2,0
8268,5,5,0,2,3,0,1,1,2,2,1
8269,8,4,5,2,3,0,1,1,2,2,0
8270,6,5,8,2,10,0,0,1,2,2,1
8271,4,8,15,4,13,3,1,0,1,2,0
8272,7,4,1,5,12,4,1,0,2,2,0
8273,11,4,7,2,4,0,0,1,2,2,0
8274,8,4,9,2,12,0,1,1,2,2,1
8275,4,4,11,4,8,3,1,1,2,2,0
8276,8,4,12,0,6,1,1,1,3,2,0
8277,9,4,11,2,6,0,1,1,2,2,0
8278,5,0,11,4,0,3,1,1,0,2,0
8279,10,4,11,2,6,0,1,1,2,2,0
8280,10,2,12,2,10,5,1,0,1,2,1
8281,6,0,6,2,0,0,1,1,2,2,0
8282,7,4,15,5,4,1,1,0,2,2,0
8283,6,4,0,2,7,0,1,1,2,2,0
8284,9,5,9,5,4,4,1,0,2,2,0
8285,9,4,9,2,4,0,1,1,3,2,0
8286,13,4,7,2,14,0,1,1,2,2,1
8287,6,4,11,4,12,3,1,1,2,2,0
8288,5,0,15,4,0,3,1,0,0,2,0
8289,4,4,11,4,3,2,1,1,2,2,0
8290,8,4,11,5,8,4,1,0,1,2,0
8291,9,4,3,2,8,0,1,1,1,2,0
8292,4,0,11,4,0,1,1,1,0,2,0
8293,3,4,13,4,13,1,1,0,0,2,0
8294,4,0,9,4,0,1,1,0,2,2,0
8295,13,4,11,6,6,3,0,0,2,2,0
8296,4,0,9,4,0,3,1,1,0,2,0
8297,12,4,11,4,4,1,1,1,2,2,0
8298,5,0,6,4,0,3,1,0,2,2,0
8299,7,1,8,2,3,0,1,1,2,2,0
8300,6,4,9,4,10,3,1,0,2,2,1
8301,5,2,9,4,12,3,1,0,2,2,0
8302,6,4,9,2,12,0,1,1,2,2,0
8303,10,7,12,2,10,0,1,1,3,2,0
8304,7,4,9,2,10,0,1,1,3,2,0
8305,10,4,11,2,1,5,1,0,1,2,1
8306,6,4,9,1,12,3,1,1,2,0,0
8307,4,4,15,4,14,1,1,1,2,2,0
8308,9,4,11,0,6,4,1,1,2,2,0
8309,4,4,15,4,4,1,1,1,2,2,0
8310,7,4,9,2,8,0,0,1,2,2,0
8311,8,4,11,4,12,1,1,1,1,2,0
8312,4,2,11,4,1,3,0,0,1,2,0
8313,9,1,14,2,10,5,1,0,2,2,0
8314,4,4,11,4,3,3,1,1,2,2,0
8315,8,4,11,2,3,0,1,1,2,2,1
8316,12,6,9,2,10,2,1,0,1,2,1
8317,7,4,15,5,4,4,1,0,2,2,0
8318,8,4,11,2,14,0,1,1,3,2,1
8319,4,4,9,4,12,3,0,0,2,2,0
8320,8,4,11,0,5,1,1,0,3,2,0
8321,11,4,11,3,7,1,0,1,2,2,1
8322,4,4,9,4,10,1,1,1,1,2,0
8323,10,4,9,0,4,1,0,1,2,2,0
8324,10,0,1,2,0,5,1,0,2,2,1
8325,7,4,11,4,4,1,1,0,2,2,0
8326,8,4,7,2,4,0,1,1,2,2,0
8327,4,4,11,4,12,4,1,0,2,2,1
8328,3,7,10,4,10,3,1,1,2,2,0
8329,6,4,15,2,12,5,1,0,1,2,0
8330,12,1,11,6,3,1,1,1,1,2,0
8331,6,4,11,4,13,3,1,0,2,2,0
8332,4,4,9,4,12,3,1,0,2,2,0
8333,8,4,15,2,3,0,1,1,2,2,0
8334,12,4,11,2,3,0,1,1,2,2,1
8335,7,7,9,0,10,4,1,1,2,2,0
8336,12,4,11,2,7,0,1,1,2,2,0
8337,11,6,9,3,12,1,0,1,2,2,0
8338,7,4,15,4,10,3,1,0,2,2,1
8339,8,2,15,2,6,0,1,1,2,2,1
8340,5,5,12,4,1,3,1,0,2,1,0
8341,8,4,11,2,4,0,0,1,3,2,0
8342,6,4,0,4,4,1,1,1,3,1,1
8343,9,5,15,2,7,5,1,0,2,2,0
8344,10,4,11,2,7,0,0,1,2,2,1
8345,13,2,11,2,10,0,1,1,3,2,0
8346,4,4,11,0,1,1,1,0,1,2,0
8347,4,4,15,4,13,3,1,1,0,2,0
8348,4,4,11,4,12,3,0,0,2,2,0
8349,6,4,11,2,1,0,1,1,1,2,0
8350,8,4,11,0,7,1,1,1,2,2,0
8351,8,5,11,2,4,0,1,1,2,2,1
8352,10,6,15,0,12,4,1,0,2,2,0
8353,12,4,7,2,12,0,1,1,2,2,1
8354,10,4,6,0,8,1,1,0,1,2,1
8355,4,6,12,4,4,3,1,0,2,2,0
8356,7,4,11,2,6,0,1,1,2,2,0
8357,10,4,11,0,12,4,1,0,2,2,0
8358,3,4,0,4,4,1,1,1,2,2,0
8359,7,6,15,2,13,0,1,1,2,2,0
8360,7,4,12,2,10,0,0,1,2,2,1
8361,3,4,8,4,6,1,0,1,2,2,0
8362,9,7,12,2,10,5,0,0,0,2,0
8363,8,4,9,2,4,0,1,1,2,2,1
8364,10,4,15,2,3,0,1,1,2,2,0
8365,6,4,3,4,14,1,1,1,2,2,0
8366,5,4,12,4,1,1,1,1,1,2,0
8367,12,2,7,6,14,3,1,1,2,2,0
8368,7,6,11,5,8,4,1,0,2,2,0
8369,12,4,0,2,7,0,1,1,2,2,0
8370,4,4,8,4,12,1,1,1,2,2,0
8371,17,4,15,0,6,1,1,1,3,2,0
8372,11,0,9,4,4,1,1,0,2,2,0
8373,13,2,9,5,6,1,0,1,2,2,0
8374,5,4,15,4,8,1,1,0,2,2,0
8375,12,8,11,2,13,0,1,1,2,2,0
8376,8,6,11,2,5,0,0,1,3,2,0
8377,4,4,11,4,12,3,1,0,2,2,0
8378,4,4,11,6,7,4,0,0,2,2,0
8379,7,4,11,2,1,0,1,1,2,2,1
8380,9,4,11,2,8,0,1,1,2,2,1
8381,8,4,11,4,1,1,0,0,1,2,0
8382,10,0,9,2,0,5,1,0,2,2,0
8383,6,4,15,4,12,1,1,0,2,2,0
8384,18,4,11,6,1,4,0,0,2,2,0
8385,9,4,9,2,13,5,1,0,2,2,0
8386,5,2,15,2,10,0,1,1,2,2,0
8387,4,4,15,4,1,2,1,0,2,2,0
8388,11,4,15,2,5,0,1,1,2,2,1
8389,10,2,15,2,4,0,1,1,1,2,1
8390,9,6,13,2,13,0,1,1,0,2,1
8391,8,4,11,2,1,0,0,1,2,2,0
8392,4,4,11,4,6,1,1,1,3,2,0
8393,6,1,11,2,14,0,1,1,2,2,0
8394,13,4,11,2,8,0,0,1,1,2,0
8395,6,4,15,4,8,4,1,0,2,2,1
8396,9,4,15,2,6,0,1,1,1,2,1
8397,9,4,15,4,8,3,1,1,2,2,0
8398,7,4,7,2,4,0,0,1,2,2,1
8399,4,5,12,4,1,3,1,1,2,2,0
8400,6,4,6,0,5,3,1,1,3,2,0
8401,7,4,15,0,1,4,0,0,2,2,0
8402,12,4,9,2,10,0,1,1,0,2,1
8403,9,4,8,4,4,1,1,1,2,2,0
8404,3,4,11,4,3,3,1,1,2,2,0
8405,3,6,9,4,10,1,1,1,2,2,0
8406,10,4,12,2,4,0,1,1,2,2,1
8407,6,4,11,2,4,0,1,1,2,2,0
8408,4,4,11,4,12,1,1,1,2,2,0
8409,9,0,9,4,0,3,1,0,2,2,0
8410,6,2,12,1,6,0,1,1,3,2,0
8411,10,4,1,0,12,4,1,0,3,2,0
8412,8,0,11,4,0,1,1,1,2,2,0
8413,10,4,12,2,4,0,1,1,2,2,1
8414,5,4,9,2,4,0,1,1,2,2,1
8415,10,4,11,2,4,0,1,1,1,2,1
8416,10,4,8,2,3,0,1,1,2,2,0
8417,8,4,6,2,5,0,1,1,1,2,0
8418,8,1,4,2,14,0,0,1,2,0,1
8419,3,4,6,4,5,1,1,0,1,2,0
8420,10,4,15,2,8,0,1,1,2,2,0
8421,10,4,15,2,12,0,1,1,2,2,0
8422,5,4,11,4,3,3,1,1,1,2,1
8423,10,4,11,6,8,4,0,0,2,2,0
8424,9,2,9,0,1,1,1,1,4,2,1
8425,10,6,0,2,3,0,1,1,2,2,1
8426,8,4,15,2,4,0,1,1,2,2,1
8427,11,4,11,4,3,1,1,1,2,2,0
8428,5,2,15,2,1,0,1,1,2,2,1
8429,13,5,6,2,5,0,1,1,2,2,1
8430,10,4,9,2,4,0,1,1,2,2,1
8431,7,4,11,4,13,1,1,1,0,2,0
8432,9,7,11,2,8,5,1,0,2,0,1
8433,9,5,11,2,4,0,1,1,2,2,1
8434,5,4,11,4,7,4,0,0,2,2,0
8435,5,2,13,4,6,1,1,1,2,2,0
8436,7,4,8,2,4,0,1,1,1,2,0
8437,9,4,11,0,3,1,1,1,2,2,0
8438,8,4,14,0,3,1,1,1,2,2,0
8439,11,7,9,2,10,0,1,1,2,2,1
8440,4,4,12,4,10,1,1,1,2,2,0
8441,5,4,9,2,12,0,1,1,4,2,0
8442,5,2,8,4,6,1,1,1,3,1,0
8443,8,0,11,2,6,0,1,1,2,2,0
8444,7,4,3,4,6,3,1,1,2,1,0
8445,7,4,11,2,12,0,1,1,2,2,0
8446,3,2,12,4,2,4,1,0,1,2,0
8447,4,4,9,4,8,1,0,1,2,2,0
8448,4,4,7,4,7,1,1,0,2,2,0
8449,9,2,15,2,11,0,1,1,1,2,1
8450,13,2,12,2,10,0,1,1,2,2,0
8451,4,4,11,4,3,1,1,1,2,2,0
8452,9,4,9,2,7,0,1,1,2,2,1
8453,8,2,11,4,10,1,1,0,1,2,0
8454,8,4,11,2,7,0,1,1,2,2,1
8455,9,4,11,0,4,1,1,1,3,2,0
8456,12,4,9,2,10,0,1,1,1,2,1
8457,9,0,1,0,0,1,0,0,1,2,0
8458,3,4,11,4,14,3,1,1,1,4,0
8459,13,4,11,2,3,0,0,1,2,2,1
8460,5,6,15,4,14,1,1,1,2,2,0
8461,5,4,1,4,14,1,0,1,2,2,0
8462,7,4,9,4,10,1,1,0,2,2,0
8463,13,4,14,0,3,1,1,0,2,2,0
8464,10,2,11,2,6,0,0,1,2,2,0
8465,10,4,6,2,5,0,1,1,2,2,1
8466,9,4,15,2,4,0,1,1,2,2,0
8467,15,4,9,6,4,1,1,1,2,2,0
8468,5,4,11,6,12,1,1,1,2,2,0
8469,12,6,9,2,4,0,1,1,3,2,1
8470,5,4,15,0,8,1,0,0,2,2,0
8471,9,4,11,5,3,1,1,1,2,2,0
8472,8,2,15,2,3,0,1,1,2,2,0
8473,11,4,15,0,12,1,1,1,2,2,0
8474,6,4,9,2,10,0,1,1,2,2,1
8475,4,4,8,4,13,3,1,1,2,2,0
8476,12,4,11,2,8,0,1,1,2,2,1
8477,8,4,9,2,13,0,1,1,2,2,0
8478,7,4,4,2,14,0,1,1,2,2,1
8479,8,4,1,5,12,1,1,1,2,2,0
8480,8,6,11,2,3,0,1,1,2,2,0
8481,3,4,12,4,4,1,0,0,1,2,0
8482,13,1,15,2,1,0,1,1,2,2,1
8483,7,4,12,2,6,0,1,1,2,2,0
8484,4,2,3,4,6,3,0,1,2,2,0
8485,4,4,11,4,6,4,1,0,2,2,0
8486,7,2,10,2,10,0,1,1,2,2,1
8487,7,7,9,4,1,4,1,0,1,2,0
8488,5,4,11,4,1,1,1,0,2,2,0
8489,3,4,12,4,4,1,1,0,2,2,0
8490,8,4,1,2,8,5,1,0,1,2,1
8491,7,4,1,2,8,5,1,0,2,2,0
8492,11,0,11,2,0,0,1,1,0,2,1
8493,9,5,11,0,7,4,0,1,2,2,0
8494,7,4,11,2,1,0,1,1,1,2,1
8495,7,2,12,2,10,0,1,1,2,2,0
8496,8,0,4,2,6,0,0,1,1,2,0
8497,4,4,11,4,3,1,1,1,1,2,0
8498,6,4,9,4,1,4,1,0,0,2,0
8499,5,6,15,4,4,4,1,0,2,2,0
8500,11,4,7,2,12,5,1,0,4,2,0
8501,8,2,11,2,5,0,1,1,2,2,0
8502,5,4,9,2,12,5,1,0,2,2,1
8503,10,4,11,2,12,0,1,1,1,2,1
8504,9,6,11,2,3,0,1,1,2,2,1
8505,7,6,9,0,10,1,1,0,2,2,0
8506,9,4,15,4,1,3,1,1,2,2,0
8507,8,4,11,0,1,1,0,0,1,2,0
8508,5,5,15,2,4,0,1,1,2,2,0
8509,4,4,11,4,14,1,1,0,3,2,0
8510,7,4,1,0,14,1,1,0,2,2,1
8511,10,4,15,2,3,0,1,1,2,2,0
8512,12,6,9,2,10,0,1,1,2,2,0
8513,8,4,9,0,8,4,0,0,2,2,0
8514,3,7,15,4,1,3,1,0,1,2,0
8515,8,4,8,0,10,1,1,0,1,2,1
8516,6,4,11,2,5,0,1,1,1,2,1
8517,4,4,9,4,12,3,1,1,3,2,0
8518,11,4,15,2,11,0,1,1,2,2,0
8519,10,2,15,2,11,0,1,1,2,2,0
8520,11,6,15,2,12,0,1,1,2,2,1
8521,7,1,11,2,1,5,1,0,2,2,0
8522,4,4,9,2,12,0,1,1,2,2,1
8523,5,4,11,4,8,1,1,0,2,2,0
8524,5,7,9,2,10,0,1,1,1,2,0
8525,6,4,11,4,3,1,1,0,2,2,0
8526,9,4,9,2,8,0,0,1,2,2,1
8527,6,4,7,4,1,1,0,0,2,2,0
8528,6,6,15,2,12,5,1,0,2,2,0
8529,4,4,15,4,1,4,1,1,2,2,0
8530,7,4,15,2,1,0,1,1,1,2,0
8531,5,4,0,4,14,1,1,1,2,2,0
8532,8,4,11,1,14,1,1,0,2,2,1
8533,7,7,12,2,10,0,1,1,2,2,0
8534,6,4,14,0,3,1,1,1,2,2,0
8535,7,4,15,4,3,1,1,1,2,2,0
8536,10,5,9,2,0,5,0,0,1,2,0
8537,4,4,11,4,7,3,1,1,2,2,0
8538,4,4,15,4,12,1,0,1,2,2,0
8539,4,4,14,4,1,1,0,0,1,2,0
8540,10,4,11,2,3,0,1,1,2,2,1
8541,4,4,8,4,3,2,1,1,2,2,0
8542,4,1,15,4,1,1,1,0,2,2,1
8543,7,4,11,2,3,0,1,1,2,2,0
8544,7,6,15,0,3,1,1,1,2,2,1
8545,8,7,15,2,1,0,1,1,1,2,1
8546,7,4,15,2,4,0,1,1,2,2,0
8547,10,2,9,2,10,0,1,1,2,2,0
8548,10,4,15,2,1,0,0,1,2,2,0
8549,8,4,5,2,3,0,0,1,3,2,0
8550,6,4,9,2,4,0,1,1,2,2,1
8551,3,4,11,4,12,3,1,0,2,4,0
8552,7,4,11,2,3,0,1,1,2,2,0
8553,9,4,11,0,1,1,1,0,2,2,0
8554,8,4,12,0,4,1,1,1,2,2,0
8555,6,4,11,2,12,0,1,1,2,1,1
8556,6,4,15,2,12,5,0,0,2,2,0
8557,5,1,11,2,3,0,1,1,2,2,1
8558,9,4,11,0,4,3,1,1,1,2,0
8559,4,4,11,4,4,3,1,1,1,2,0
8560,4,4,15,4,1,4,1,0,2,2,0
8561,8,6,15,2,13,0,1,1,2,2,0
8562,4,4,7,4,12,1,1,1,2,2,0
8563,9,4,9,0,4,2,0,0,1,2,0
8564,11,4,9,0,10,1,0,0,2,2,0
8565,5,4,11,4,7,1,1,0,2,2,0
8566,7,4,15,6,1,3,1,0,4,2,0
8567,5,4,11,4,3,3,1,1,3,2,0
8568,9,4,10,4,7,4,0,0,2,2,0
8569,3,4,0,4,7,3,0,1,2,2,0
8570,5,4,12,6,10,1,1,0,2,2,0
8571,8,0,15,4,0,3,1,1,0,2,0
8572,6,2,11,2,6,0,1,1,2,2,0
8573,8,6,15,2,4,0,1,1,2,2,0
8574,9,8,9,2,13,0,1,1,2,2,0
8575,7,2,12,2,10,5,1,0,2,2,0
8576,12,4,15,2,13,5,1,0,1,2,0
8577,4,5,0,4,4,1,1,0,2,2,0
8578,8,4,11,2,7,0,1,1,2,2,0
8579,7,4,15,4,7,1,1,1,2,2,0
8580,5,4,11,4,14,2,1,1,2,2,0
8581,10,4,9,2,6,0,0,1,2,2,0
8582,11,4,11,2,6,0,1,1,2,2,0
8583,10,4,7,2,3,0,1,1,2,2,1
8584,14,4,11,2,7,0,1,1,2,2,0
8585,3,4,9,4,4,1,1,1,2,2,0
8586,8,4,15,0,12,1,1,1,2,2,0
8587,11,6,15,4,12,1,0,0,2,2,0
8588,8,4,11,2,7,0,1,1,2,2,0
8589,7,4,11,0,7,1,1,0,2,2,0
8590,4,4,9,4,4,3,1,1,2,2,0
8591,5,4,11,4,8,1,0,0,2,2,1
8592,8,0,11,2,0,5,1,0,1,2,1
8593,4,4,12,4,4,3,0,1,2,2,0
8594,5,4,11,4,4,2,1,0,2,2,0
8595,12,4,11,2,8,0,1,1,2,2,0
8596,8,4,11,4,7,3,0,1,2,2,0
8597,6,0,11,2,0,0,1,1,2,0,1
8598,7,4,11,2,3,0,1,1,0,2,1
8599,9,4,11,2,7,0,0,1,2,2,1
8600,8,4,11,4,1,1,1,1,2,2,0
8601,4,4,7,2,7,0,1,1,2,2,1
8602,13,4,15,5,10,1,0,0,2,2,0
8603,8,4,15,2,1,5,1,0,1,2,0
8604,9,5,11,5,4,0,1,1,2,2,0
8605,8,4,11,2,3,0,1,1,2,2,1
8606,13,4,15,2,11,0,1,1,2,2,1
8607,7,4,11,2,12,0,1,1,2,2,1
8608,11,4,8,4,14,3,1,1,3,2,0
8609,5,0,5,2,0,2,1,1,1,2,0
8610,9,4,9,0,12,4,0,0,3,2,0
8611,11,4,9,2,10,0,1,1,2,2,1
8612,5,2,15,4,1,4,1,0,1,2,0
8613,5,4,9,4,1,1,1,1,2,2,0
8614,9,4,15,4,10,1,1,0,2,2,0
8615,6,8,15,4,13,3,1,0,2,2,0
8616,9,4,15,2,1,0,1,1,1,2,0
8617,5,0,1,2,0,0,1,1,1,2,0
8618,7,4,8,2,10,0,1,1,3,2,0
8619,9,7,9,2,10,0,1,1,2,2,0
8620,4,4,8,4,13,4,1,0,2,2,0
8621,5,4,11,2,4,0,1,1,2,2,0
8622,5,4,1,4,8,2,1,0,1,2,0
8623,11,7,15,2,10,5,1,0,2,2,0
8624,12,4,6,2,5,0,1,1,3,2,0
8625,12,4,11,2,1,5,1,0,2,2,1
8626,5,4,11,2,1,0,0,1,0,2,1
8627,3,4,0,4,6,1,1,1,1,2,0
8628,11,4,9,2,10,0,1,1,1,2,1
8629,10,4,15,2,8,0,1,1,2,2,1
8630,12,2,1,2,3,0,1,1,2,2,1
8631,8,4,11,2,4,0,1,1,1,2,1
8632,8,4,15,4,7,2,0,0,2,2,0
8633,7,7,7,0,1,1,1,0,1,2,1
8634,7,5,15,4,4,1,1,1,2,2,0
8635,7,4,15,4,1,1,1,0,2,2,0
8636,3,4,7,4,10,1,1,1,2,2,0
8637,6,4,11,2,3,0,1,1,2,2,0
8638,6,4,0,0,13,4,1,0,2,1,0
8639,8,6,15,2,12,0,0,1,2,2,0
8640,9,4,15,0,8,1,1,0,1,2,0
8641,8,4,10,2,4,0,1,1,2,2,1
8642,6,0,15,0,0,1,1,0,2,2,0
8643,4,4,11,4,1,2,1,0,2,2,0
8644,3,4,0,4,14,1,1,1,2,2,0
8645,7,4,12,2,4,0,1,1,3,2,0
8646,10,5,6,0,5,1,1,0,1,2,0
8647,9,4,11,5,14,4,1,1,2,2,0
8648,8,4,8,2,10,5,1,0,1,2,1
8649,9,2,12,0,5,1,1,0,2,2,0
8650,5,1,11,2,3,0,1,1,2,2,0
8651,7,4,11,2,6,0,1,1,1,2,0
8652,6,2,15,4,10,3,1,1,0,2,0
8653,8,4,8,2,12,5,1,0,3,2,1
8654,7,7,9,6,4,1,1,0,2,2,0
8655,9,4,11,2,8,0,1,1,2,2,0
8656,4,7,8,0,10,1,0,0,1,2,0
8657,7,4,11,2,8,0,1,1,1,2,0
8658,10,6,11,0,3,1,0,1,2,2,1
8659,9,4,12,2,4,5,1,0,2,2,1
8660,8,7,5,4,10,1,1,1,3,2,0
8661,7,4,11,2,12,0,1,1,2,0,0
8662,11,2,9,2,10,0,1,1,2,2,1
8663,11,4,12,2,10,0,1,1,2,2,1
8664,13,4,11,2,3,0,1,1,1,2,0
8665,10,4,11,2,3,2,1,1,2,2,1
8666,5,0,5,4,0,1,1,1,2,2,0
8667,6,6,15,2,12,0,1,1,2,2,1
8668,9,2,9,2,1,0,1,1,2,2,0
8669,6,2,15,2,11,0,1,1,1,2,1
8670,7,6,11,2,5,0,1,1,2,2,0
8671,6,7,9,0,10,2,1,1,2,2,1
8672,6,2,11,4,12,1,1,0,2,2,0
8673,9,4,11,2,3,0,1,1,2,2,0
8674,7,7,9,4,10,3,1,1,2,2,1
8675,3,4,11,4,3,1,1,1,2,2,0
8676,7,4,6,4,3,3,1,1,2,2,0
8677,4,0,9,6,0,3,1,0,0,2,0
8678,6,4,11,2,14,0,0,1,2,2,0
8679,9,4,15,4,2,3,0,1,2,2,0
8680,11,4,6,2,3,0,1,1,2,2,0
8681,12,4,11,2,3,0,1,1,1,2,1
8682,11,4,9,2,4,0,1,1,2,2,1
8683,6,8,9,2,13,5,1,0,1,2,0
8684,8,5,10,0,10,4,1,1,1,2,0
8685,17,4,11,2,3,0,1,1,2,2,1
8686,3,4,15,4,3,2,1,1,2,2,0
8687,5,4,15,4,10,3,1,1,2,2,0
8688,10,4,0,2,6,0,0,1,2,2,1
8689,7,4,1,2,8,0,1,1,2,2,1
8690,6,6,9,4,10,3,1,1,2,2,0
8691,8,4,11,2,4,0,1,1,2,2,1
8692,5,4,15,4,4,4,1,0,2,2,0
8693,6,4,15,2,14,0,1,1,2,1,0
8694,6,6,11,4,4,3,1,1,2,2,1
8695,6,4,1,2,14,0,0,1,2,2,0
8696,3,4,7,4,1,3,1,0,1,2,0
8697,4,4,4,4,8,1,1,1,2,2,0
8698,11,4,15,6,8,1,1,0,2,2,0
8699,10,1,15,0,4,1,1,1,1,2,0
8700,11,4,11,2,14,0,1,1,1,2,1
8701,5,4,15,4,1,4,0,0,2,2,0
8702,4,4,11,4,3,3,1,1,1,2,1
8703,10,4,11,2,3,3,1,1,1,2,0
8704,7,4,0,2,7,0,1,1,2,2,1
8705,10,4,15,2,5,0,1,1,2,2,0
8706,8,7,15,2,1,5,1,0,2,2,0
8707,8,4,15,4,11,2,1,1,2,2,0
8708,4,6,15,4,13,4,1,0,0,2,1
8709,10,4,11,4,1,3,1,0,2,2,0
8710,4,4,12,4,10,1,1,0,2,2,0
8711,6,4,9,0,4,2,1,1,2,2,0
8712,10,5,6,6,5,1,1,1,3,2,0
8713,4,6,11,4,12,1,1,0,2,2,0
8714,12,4,8,2,12,0,1,1,0,2,0
8715,5,0,9,2,6,0,1,1,2,2,0
8716,6,4,11,2,1,0,1,1,2,2,1
8717,8,4,13,2,12,0,1,1,2,2,1
8718,6,7,9,2,1,0,1,1,1,2,0
8719,8,4,9,2,10,0,1,1,2,2,0
8720,7,4,11,0,12,1,1,1,2,0,0
8721,11,4,0,2,6,0,1,1,2,2,1
8722,3,4,11,4,1,1,1,1,2,2,0
8723,6,4,9,0,10,4,0,0,2,2,0
8724,9,4,11,2,4,0,1,1,2,2,0
8725,7,0,9,4,0,1,0,0,2,2,0
8726,3,4,15,4,3,1,1,1,2,2,0
8727,10,4,5,2,3,0,1,1,1,2,1
8728,16,0,15,0,4,4,1,1,2,2,0
8729,6,7,11,4,1,3,1,0,2,2,0
8730,5,2,9,2,11,0,1,1,2,1,0
8731,3,4,15,4,12,3,0,0,2,2,0
8732,5,4,14,2,14,0,0,1,2,2,0
8733,9,4,12,2,14,0,1,1,2,2,1
8734,7,7,12,2,10,0,1,1,2,2,0
8735,6,5,15,2,4,2,1,1,2,2,1
8736,9,4,15,2,3,0,1,1,2,2,0
8737,8,0,11,4,0,2,1,1,0,2,1
8738,9,4,1,2,3,0,1,1,2,2,0
8739,6,4,15,0,4,4,1,1,2,2,1
8740,7,4,11,0,12,4,1,0,2,2,0
8741,9,4,9,2,8,2,1,0,1,2,1
8742,12,4,8,0,3,2,1,0,2,2,0
8743,5,4,15,4,4,3,1,1,2,2,0
8744,7,4,9,2,4,0,1,1,2,2,1
8745,4,4,15,4,3,1,1,1,2,2,0
8746,5,4,15,4,3,1,1,1,2,2,0
8747,6,7,11,4,8,3,1,1,0,2,1
8748,7,0,9,4,0,3,1,1,2,2,0
8749,7,4,11,2,14,0,1,1,2,2,1
8750,5,4,11,6,8,3,0,0,2,2,0
8751,8,7,10,0,10,4,1,0,2,2,0
8752,7,4,1,2,14,0,1,1,3,2,1
8753,6,4,9,2,1,0,0,1,2,0,0
8754,8,4,11,5,1,4,1,1,2,2,0
8755,4,4,9,4,10,3,1,1,3,2,0
8756,10,4,1,4,2,3,1,0,1,4,0
8757,8,4,11,2,3,0,1,1,2,2,1
8758,9,4,11,2,6,0,0,1,3,0,0
8759,9,4,11,4,3,3,1,1,2,2,0
8760,11,4,14,2,10,0,1,1,2,2,0
8761,7,6,9,4,12,3,1,1,2,2,0
8762,4,4,15,4,3,3,1,1,2,2,0
8763,10,1,11,0,4,4,1,0,2,2,0
8764,4,1,11,4,14,1,1,1,2,2,0
8765,10,4,11,0,1,4,1,0,2,2,0
8766,9,6,5,2,3,0,1,1,2,2,1
8767,8,4,15,0,8,3,1,1,3,2,0
8768,5,4,15,2,4,0,1,1,2,2,0
8769,7,4,11,2,14,0,1,1,2,2,0
8770,5,5,8,4,1,3,1,0,4,2,0
8771,11,4,11,6,7,1,0,1,2,2,0
8772,6,4,11,4,4,3,1,1,2,2,0
8773,7,4,11,2,6,0,0,1,3,2,0
8774,11,4,11,2,14,0,1,1,2,2,1
8775,9,4,11,2,12,0,1,1,2,2,1
8776,10,4,15,6,8,3,1,1,1,2,0
8777,3,6,12,4,10,3,1,1,1,2,0
8778,7,4,11,2,12,0,1,1,3,1,1
8779,8,4,15,6,8,1,1,1,2,2,1
8780,3,4,9,4,11,3,0,1,2,2,0
8781,7,4,15,2,4,0,1,1,2,2,1
8782,5,4,11,4,3,3,1,1,2,2,0
8783,8,4,9,2,10,5,1,0,1,2,1
8784,4,4,11,6,7,1,1,1,2,2,0
8785,10,0,11,2,0,0,1,1,2,2,1
8786,8,6,15,2,1,5,1,0,1,2,0
8787,3,4,15,4,1,3,1,0,2,4,0
8788,4,4,9,4,13,3,1,1,2,2,0
8789,8,4,7,2,12,0,1,1,2,2,0
8790,10,4,9,2,8,0,1,1,0,2,1
8791,8,1,11,4,14,3,1,1,2,2,0
8792,4,4,12,4,4,1,1,0,2,2,0
8793,7,2,15,2,1,5,1,0,0,2,0
8794,4,7,11,4,1,1,1,0,1,2,0
8795,8,4,15,0,4,1,1,1,2,2,0
8796,15,4,12,2,4,5,1,0,2,2,1
8797,12,4,7,2,14,0,0,1,1,2,1
8798,8,4,11,2,7,0,1,1,2,0,0
8799,6,0,11,2,4,0,1,1,2,2,1
8800,4,4,15,4,3,3,1,1,2,2,0
8801,8,4,6,4,5,1,1,1,2,2,0
8802,8,4,9,2,8,0,1,1,0,2,1
8803,6,4,11,0,8,2,0,0,2,4,1
8804,4,4,11,4,4,3,1,1,2,2,0
8805,3,4,11,4,12,3,1,0,2,2,0
8806,4,4,9,0,12,4,1,0,3,2,0
8807,8,7,15,0,1,1,1,0,2,0,0
8808,7,7,9,5,10,4,1,0,2,2,0
8809,3,4,11,4,8,1,1,1,1,2,1
8810,7,6,9,6,12,1,1,0,0,2,0
8811,4,2,15,4,4,3,0,1,2,4,0
8812,9,4,15,0,4,1,1,0,2,2,0
8813,5,4,12,2,10,0,1,1,2,2,0
8814,9,4,11,4,3,1,0,1,2,2,0
8815,9,4,15,2,12,0,1,1,4,2,0
8816,3,4,15,4,8,3,1,0,2,2,0
8817,5,4,11,4,8,3,1,1,2,2,0
8818,7,7,12,2,10,0,1,1,0,2,0
8819,5,7,14,4,1,3,0,0,2,3,0
8820,5,4,11,2,6,0,1,1,2,2,0
8821,10,7,7,2,8,0,0,1,1,2,0
8822,8,4,12,0,10,1,1,0,2,2,0
8823,13,4,11,2,7,0,1,1,2,2,1
8824,6,1,14,2,10,0,1,1,2,2,1
8825,5,4,11,4,4,3,1,0,1,2,0
8826,6,4,11,2,7,0,1,1,2,2,0
8827,8,4,12,2,1,0,1,1,1,2,1
8828,4,4,9,4,10,3,1,0,2,2,0
8829,12,6,12,2,5,0,1,1,3,2,1
8830,7,6,8,2,10,0,1,1,2,2,0
8831,3,4,11,4,14,1,1,1,2,2,1
8832,7,4,11,0,12,4,1,1,4,2,0
8833,10,4,9,2,4,0,1,1,2,2,0
8834,18,4,15,6,10,4,1,0,2,2,0
8835,11,6,10,2,10,0,0,1,1,2,0
8836,5,6,12,4,10,1,1,0,1,2,0
8837,7,5,8,2,4,0,1,1,3,2,1
8838,18,4,11,0,4,3,1,1,2,2,0
8839,13,4,11,6,1,1,1,1,2,2,0
8840,10,4,11,2,14,0,1,1,2,2,1
8841,4,4,1,4,12,1,1,1,2,2,0
8842,13,2,15,2,10,0,1,1,1,2,0
8843,7,4,7,2,4,5,1,0,2,0,0
8844,7,4,11,2,3,0,1,1,2,2,0
8845,4,4,11,4,1,4,1,0,1,2,0
8846,7,4,15,3,13,5,1,0,2,2,1
8847,5,5,11,0,3,4,1,0,2,2,0
8848,11,4,11,4,8,3,1,1,2,2,0
8849,6,7,9,1,8,1,1,0,2,2,0
8850,8,4,11,2,12,0,1,1,2,2,0
8851,6,6,11,4,3,3,1,1,2,2,0
8852,10,4,2,6,8,1,1,1,2,2,0
8853,12,4,11,2,7,0,1,1,2,2,1
8854,5,0,1,4,0,3,1,1,2,2,0
8855,4,6,1,4,3,3,1,1,2,2,0
8856,4,4,11,4,8,1,1,1,1,2,0
8857,4,4,15,2,7,5,1,0,2,2,0
8858,5,4,1,4,12,3,1,1,4,2,0
8859,10,4,12,2,4,0,0,1,2,2,1
8860,6,4,9,4,8,3,0,1,1,2,1
8861,12,4,11,2,14,0,1,1,2,2,0
8862,5,4,12,4,4,1,1,0,2,2,1
8863,7,4,9,2,10,0,1,1,1,0,1
8864,6,4,11,2,3,0,1,1,2,4,1
8865,10,2,9,2,10,0,1,1,2,2,0
8866,12,4,15,2,3,0,0,1,2,2,0
8867,17,4,0,6,6,4,1,0,3,2,0
8868,4,4,12,2,6,0,0,1,2,2,1
8869,18,7,15,6,8,1,0,0,2,2,0
8870,7,4,11,0,1,1,1,0,2,2,0
8871,5,4,9,2,10,0,0,1,2,4,1
8872,5,2,11,4,11,3,1,1,1,2,0
8873,4,2,12,4,10,3,1,1,2,2,0
8874,6,4,11,4,12,1,1,0,2,2,0
8875,6,4,15,0,12,1,1,1,2,2,0
8876,13,6,11,2,3,0,1,1,3,2,0
8877,12,7,15,2,12,0,1,1,4,2,1
8878,7,4,11,2,1,5,0,0,2,2,1
8879,7,4,9,4,8,1,1,1,2,2,0
8880,3,4,11,4,1,3,1,0,1,2,0
8881,10,4,11,2,6,0,1,1,3,2,0
8882,5,4,11,4,8,3,0,0,1,2,0
8883,4,4,11,4,4,1,1,0,2,2,0
8884,9,4,1,2,14,0,1,1,2,2,1
8885,10,5,6,6,5,1,1,1,3,2,0
8886,6,4,9,4,1,3,1,0,2,2,0
8887,8,0,15,2,4,0,1,1,2,2,0
8888,5,6,11,4,5,1,1,1,1,2,0
8889,9,5,9,4,4,3,1,0,3,2,0
8890,4,6,15,5,10,1,1,0,2,2,0
8891,11,2,15,2,11,0,1,1,2,2,0
8892,4,4,3,2,8,1,0,0,2,2,1
8893,7,4,11,4,8,1,1,0,2,2,0
8894,9,4,11,2,12,0,1,1,2,2,0
8895,7,4,9,6,12,3,1,1,2,2,0
8896,5,4,13,4,8,1,0,0,2,2,0
8897,12,4,15,5,4,4,1,0,2,2,0
8898,8,4,7,2,4,0,1,1,2,2,1
8899,9,4,15,2,1,0,1,1,2,2,0
8900,9,4,15,5,11,4,1,0,2,2,0
8901,9,4,4,2,13,0,1,1,2,2,0
8902,5,0,11,0,0,3,1,1,0,2,0
8903,7,4,11,4,4,1,1,0,0,2,0
8904,4,4,11,4,14,3,0,1,2,2,0
8905,6,5,8,4,1,1,1,0,2,2,0
8906,5,4,9,4,12,3,0,1,3,2,0
8907,9,2,1,0,12,1,1,0,2,2,0
8908,4,5,9,6,10,4,1,1,2,2,0
8909,6,4,15,2,5,0,0,1,1,2,1
8910,13,7,9,2,1,0,0,1,2,2,1
8911,11,4,13,0,8,1,1,1,2,2,0
8912,6,0,11,4,6,3,1,1,3,2,0
8913,8,1,3,2,14,0,1,1,2,2,0
8914,8,4,15,2,4,0,1,1,2,2,1
8915,7,4,11,0,1,2,0,0,1,2,0
8916,4,4,3,4,8,3,1,0,1,2,0
8917,9,4,7,2,4,0,1,1,2,2,1
8918,4,4,12,4,4,3,1,1,1,2,0
8919,6,0,11,0,0,1,1,1,0,2,0
8920,3,4,9,4,4,3,1,0,3,2,0
8921,4,6,11,4,1,3,0,0,2,2,0
8922,13,4,11,2,1,0,1,1,2,2,1
8923,3,4,15,4,10,3,1,1,2,2,0
8924,5,4,11,4,4,1,1,1,1,2,0
8925,6,4,9,4,6,3,1,1,2,2,0
8926,12,2,9,2,10,5,1,0,2,2,0
8927,6,4,11,2,8,5,1,0,2,2,1
8928,8,4,9,4,11,3,0,0,2,2,0
8929,11,4,11,2,3,0,1,1,2,2,0
8930,11,4,11,2,3,0,1,1,2,2,0
8931,12,4,10,2,14,0,1,1,2,2,0
8932,7,4,11,2,6,0,1,1,2,2,1
8933,5,4,15,4,1,3,1,0,2,2,0
8934,7,7,9,4,10,3,0,1,2,2,0
8935,6,8,15,4,8,3,0,1,2,2,0
8936,10,4,11,2,14,0,1,1,3,2,0
8937,10,4,0,2,7,0,0,1,2,2,0
8938,7,4,9,4,8,3,0,0,2,2,0
8939,11,4,7,2,3,5,1,0,2,2,1
8940,13,4,15,2,13,2,1,0,1,2,0
8941,4,4,9,4,1,4,1,0,0,2,0
8942,3,4,15,4,10,1,1,1,0,2,0
8943,11,4,5,2,3,0,1,1,2,2,1
8944,6,4,11,0,7,4,1,0,2,2,1
8945,16,4,11,6,12,4,1,0,2,2,0
8946,11,2,11,3,4,1,1,1,2,2,0
8947,4,4,15,0,8,4,1,0,2,2,0
8948,6,6,7,4,4,1,1,1,2,2,0
8949,5,4,13,4,8,3,1,1,0,2,1
8950,8,4,9,2,12,5,1,0,2,2,0
8951,7,4,13,5,6,1,0,1,1,2,0
8952,4,4,15,4,8,1,1,0,1,2,0
8953,9,2,9,2,10,0,0,1,1,2,1
8954,7,6,9,0,4,1,1,1,1,2,0
8955,4,4,12,2,6,0,1,1,1,2,0
8956,7,4,11,5,7,1,1,1,2,2,0
8957,7,5,15,2,4,0,1,1,2,2,1
8958,8,4,15,2,14,0,1,1,2,2,1
8959,4,4,11,4,1,3,1,0,2,2,0
8960,11,6,6,6,5,4,1,0,2,2,0
8961,3,4,5,4,10,1,1,0,2,0,0
8962,7,4,13,0,14,1,1,1,2,2,0
8963,8,5,9,2,4,0,1,1,2,2,0
8964,10,4,9,2,4,0,1,1,2,2,0
8965,7,4,5,2,3,0,0,1,2,2,0
8966,12,2,11,2,4,0,1,1,2,2,0
8967,5,4,15,2,6,0,1,1,3,1,0
8968,12,4,0,2,13,0,1,1,1,2,0
8969,4,4,0,4,8,3,1,0,2,2,0
8970,12,4,12,2,4,0,1,1,2,2,1
8971,4,4,11,4,7,3,0,1,2,2,0
8972,4,4,9,4,1,3,1,0,2,2,0
8973,6,4,1,4,14,3,1,1,2,2,0
8974,5,4,11,4,5,1,1,1,1,2,0
8975,3,4,9,4,12,3,1,0,4,3,0
8976,6,4,11,4,13,1,1,1,2,2,0
8977,6,6,15,4,12,3,1,1,2,1,0
8978,18,4,11,2,10,0,1,1,1,2,0
8979,5,7,11,4,8,1,1,0,1,2,0
8980,10,4,11,2,7,0,1,1,2,2,0
8981,8,6,9,4,12,3,1,0,2,2,0
8982,9,4,11,2,14,0,0,1,2,2,0
8983,5,4,15,4,8,3,1,1,2,2,0
8984,11,2,11,2,12,0,1,1,2,2,0
8985,3,4,15,4,13,3,1,0,0,2,0
8986,4,2,9,4,10,1,0,0,1,2,0
8987,4,4,15,4,3,3,1,1,2,2,0
8988,6,4,11,4,1,3,1,0,2,2,0
8989,7,5,11,0,4,2,1,0,2,2,0
8990,9,6,9,0,10,1,1,1,2,2,0
8991,9,2,11,2,12,5,1,0,2,0,1
8992,8,4,6,2,5,0,1,1,3,2,0
8993,10,4,11,4,8,1,0,0,1,3,0
8994,4,2,9,4,1,2,1,0,2,2,0
8995,4,4,11,6,12,4,1,0,2,2,0
8996,10,6,11,2,4,5,1,0,2,2,1
8997,5,4,1,4,3,1,1,1,2,2,0
8998,5,1,11,2,12,0,1,1,2,2,1
8999,9,4,15,2,6,0,1,1,2,2,1
9000,8,4,15,0,4,4,1,0,2,2,0
9001,8,4,11,2,6,0,1,1,2,2,0
9002,6,7,9,4,10,1,1,0,2,1,0
9003,11,4,14,2,1,5,1,0,2,2,0
9004,8,7,11,5,1,1,1,0,2,2,0
9005,8,4,11,2,7,0,1,1,2,2,1
9006,8,4,3,0,13,1,1,0,2,2,0
9007,5,4,15,2,7,0,1,1,2,1,0
9008,7,4,11,2,1,5,1,0,1,2,1
9009,6,4,15,4,4,1,1,1,2,2,0
9010,4,2,9,4,10,1,1,0,2,2,0
9011,11,4,5,2,3,0,1,1,2,2,0
9012,7,4,8,6,3,1,1,1,2,2,0
9013,7,4,15,2,10,0,1,1,2,2,0
9014,12,4,11,2,6,0,1,1,1,2,1
9015,10,4,11,2,3,0,1,1,2,2,1
9016,3,4,11,4,1,3,1,1,2,2,0
9017,7,2,5,2,2,0,0,1,1,2,1
9018,6,4,9,4,10,3,0,1,0,2,0
9019,5,4,11,4,14,1,1,0,2,3,0
9020,11,4,9,2,12,0,0,1,1,2,1
9021,8,4,11,2,7,0,1,1,2,2,0
9022,8,0,11,4,6,1,1,1,3,2,0
9023,9,4,9,0,4,4,1,0,2,0,0
9024,6,4,11,0,1,1,1,0,2,2,0
9025,5,4,1,2,3,0,1,1,2,1,0
9026,9,4,11,2,3,0,1,1,2,2,0
9027,13,4,11,5,12,1,1,0,1,2,0
9028,6,4,9,2,6,0,0,1,3,2,0
9029,11,7,15,2,10,0,1,1,2,2,1
9030,7,4,9,2,10,5,1,0,0,2,0
9031,11,4,9,2,12,0,1,1,1,2,0
9032,3,4,11,4,7,1,0,1,3,2,1
9033,10,7,9,2,1,5,1,0,2,2,1
9034,5,7,10,4,10,2,1,1,2,1,0
9035,5,4,12,2,5,0,1,1,2,2,1
9036,7,4,7,2,7,1,0,0,2,2,1
9037,8,4,11,2,3,0,1,1,2,2,1
9038,5,2,10,2,10,0,1,1,2,2,1
9039,7,6,11,2,12,0,1,1,3,2,1
9040,6,4,7,0,1,4,1,1,2,2,0
9041,7,4,15,2,3,0,1,1,2,2,1
9042,6,4,15,2,8,0,1,1,1,0,0
9043,3,4,9,4,1,3,1,0,2,3,0
9044,6,4,8,4,10,1,1,0,1,2,0
9045,9,4,15,2,5,0,1,1,2,2,1
9046,8,4,8,2,3,0,1,1,2,2,1
9047,5,4,11,2,7,0,1,1,2,2,1
9048,5,4,11,4,12,2,1,0,2,2,0
9049,9,4,9,2,10,0,1,1,2,2,1
9050,7,4,11,2,12,5,1,0,2,2,1
9051,6,7,11,4,3,3,1,1,2,2,0
9052,5,4,9,4,1,1,1,1,2,2,0
9053,9,3,11,2,8,0,0,1,1,2,0
9054,8,4,11,2,4,1,1,1,2,2,0
9055,4,4,11,2,1,0,1,1,1,2,1
9056,7,6,12,2,10,0,1,1,2,2,1
9057,14,4,8,0,3,1,1,0,2,2,0
9058,11,4,9,6,10,4,1,1,2,2,0
9059,7,4,15,5,8,5,0,0,1,2,0
9060,10,4,12,2,12,0,1,1,2,2,1
9061,8,4,9,2,4,0,1,1,3,2,0
9062,7,4,7,5,7,1,1,1,2,2,0
9063,9,2,8,2,3,0,1,1,1,2,1
9064,12,5,1,2,2,0,0,1,1,2,0
9065,9,6,11,0,5,4,1,0,2,2,0
9066,10,4,9,2,4,5,1,0,2,2,1
9067,6,4,3,4,13,1,1,1,2,2,0
9068,5,6,11,2,12,0,1,1,2,2,1
9069,11,4,15,6,12,4,1,0,2,2,0
9070,3,4,0,4,3,2,1,1,2,2,0
9071,3,2,9,4,11,1,1,0,2,2,0
9072,12,4,12,2,10,5,1,0,1,2,0
9073,9,4,0,0,6,1,0,0,3,2,0
9074,4,4,9,4,6,1,0,1,2,2,0
9075,9,6,15,5,10,4,1,1,2,2,0
9076,5,1,11,2,14,0,1,1,2,2,0
9077,7,4,9,2,4,0,1,1,2,2,0
9078,6,4,11,2,14,0,1,1,2,2,0
9079,6,2,11,4,8,4,1,0,2,2,0
9080,8,4,7,2,12,0,1,1,2,2,0
9081,10,4,13,2,6,0,0,1,3,2,0
9082,6,4,11,2,5,0,1,1,2,2,0
9083,3,4,15,4,14,1,0,1,2,2,0
9084,5,4,9,0,10,1,1,1,1,2,0
9085,4,4,15,4,8,3,1,1,2,2,0
9086,4,4,9,4,8,3,1,1,2,2,0
9087,5,4,5,4,2,3,1,0,1,2,0
9088,11,4,8,2,12,0,1,1,2,2,1
9089,6,4,13,4,13,1,1,1,1,2,0
9090,6,4,7,3,12,0,1,1,1,2,1
9091,7,4,9,2,6,0,0,1,1,2,0
9092,7,2,11,2,3,0,1,1,2,2,1
9093,7,4,9,4,8,3,1,0,2,2,0
9094,4,4,1,4,13,3,1,0,0,2,0
9095,8,4,9,4,10,3,1,1,2,2,0
9096,4,4,11,0,8,1,1,1,1,2,0
9097,10,2,9,2,10,0,1,1,2,2,0
9098,6,4,15,2,10,0,1,1,2,1,0
9099,10,4,11,2,8,5,1,0,1,2,1
9100,8,7,11,2,1,0,1,1,1,2,1
9101,7,4,11,4,7,3,1,0,2,2,0
9102,4,4,9,4,10,3,1,0,1,2,0
9103,5,4,11,2,8,0,1,1,1,2,1
9104,9,4,10,2,14,0,1,1,2,2,1
9105,4,4,15,4,12,1,1,0,2,2,0
9106,3,4,9,4,4,1,1,0,2,2,0
9107,4,7,9,4,10,3,1,1,3,2,0
9108,7,0,1,2,0,0,1,1,0,2,1
9109,4,6,15,4,13,3,1,0,2,2,0
9110,9,7,15,2,1,5,1,0,2,2,0
9111,5,4,11,4,14,3,1,1,2,2,0
9112,7,4,11,2,3,0,1,1,2,2,1
9113,7,4,11,0,12,4,1,1,1,2,0
9114,8,6,11,2,4,5,1,0,2,2,0
9115,8,4,9,2,10,0,1,1,2,2,1
9116,13,0,10,2,0,0,1,1,0,2,0
9117,9,4,13,5,13,4,1,0,2,2,0
9118,3,4,11,4,14,1,0,1,2,2,0
9119,9,4,8,2,3,0,1,1,2,2,0
9120,4,6,15,4,3,1,1,1,2,2,0
9121,4,4,9,4,8,3,1,0,2,2,0
9122,8,4,15,2,12,0,0,1,2,2,1
9123,6,5,9,2,4,5,1,0,2,2,0
9124,13,4,11,5,8,1,0,1,1,2,0
9125,10,4,11,2,4,0,1,1,3,2,0
9126,3,4,9,4,12,1,1,1,2,2,0
9127,4,4,15,4,1,1,1,0,2,2,0
9128,8,1,15,2,12,0,1,1,2,2,1
9129,6,4,8,2,3,0,1,1,2,2,1
9130,4,4,1,4,3,4,1,1,2,2,0
9131,10,4,9,2,4,0,1,1,2,2,0
9132,8,4,1,2,7,0,1,1,2,2,0
9133,12,4,10,0,7,1,1,1,2,2,0
9134,4,4,11,4,3,1,1,1,0,2,0
9135,5,5,12,0,4,2,1,1,3,1,0
9136,8,4,9,2,4,5,1,0,2,2,1
9137,9,4,15,4,8,3,1,1,1,2,0
9138,5,4,7,2,11,0,0,1,2,2,0
9139,4,2,15,4,9,1,0,0,1,2,0
9140,8,4,11,2,8,0,1,1,0,2,1
9141,7,4,11,2,12,0,1,1,2,2,0
9142,13,1,8,2,4,0,1,1,2,2,0
9143,4,2,11,4,5,1,1,1,3,2,0
9144,7,4,1,2,8,0,1,1,2,2,0
9145,6,4,7,2,14,0,1,1,3,2,0
9146,10,4,12,2,4,0,0,1,2,2,1
9147,5,2,12,4,6,3,0,1,2,2,0
9148,10,4,4,2,13,5,1,0,1,2,1
9149,7,4,11,2,3,0,1,1,2,2,1
9150,12,4,11,2,1,5,0,0,1,2,1
9151,8,6,11,0,3,1,1,1,2,2,0
9152,7,4,15,0,8,4,1,1,2,2,0
9153,9,4,15,2,1,0,1,1,2,2,0
9154,8,4,11,0,1,4,0,1,2,2,0
9155,8,4,9,2,4,0,1,1,2,2,1
9156,10,4,10,2,10,0,1,1,1,2,1
9157,6,7,9,0,10,4,0,0,2,2,1
9158,5,4,8,2,3,0,1,1,2,2,1
9159,6,6,11,2,3,0,1,1,2,2,0
9160,11,0,9,2,0,0,1,1,2,2,1
9161,10,4,11,2,12,2,1,1,1,2,0
9162,5,4,1,4,8,1,0,0,1,2,0
9163,10,7,8,2,10,0,1,1,2,2,0
9164,4,4,12,6,6,4,1,0,2,2,0
9165,7,4,0,4,7,3,1,0,2,2,0
9166,4,4,11,4,1,3,1,0,2,2,0
9167,9,4,15,2,3,0,1,1,2,2,1
9168,9,4,9,2,4,0,1,1,2,2,0
9169,7,2,15,2,14,0,1,1,1,2,0
9170,6,4,11,0,1,1,1,1,2,2,0
9171,10,5,15,2,4,0,1,1,2,2,1
9172,8,4,0,4,7,1,1,1,2,2,0
9173,3,4,15,4,7,3,1,0,2,2,0
9174,5,0,15,4,0,3,1,1,2,2,0
9175,6,4,11,0,7,4,0,0,2,2,0
9176,5,4,11,4,12,3,1,1,2,2,0
9177,6,0,9,4,0,1,1,0,2,0,0
9178,10,4,11,2,12,0,1,1,4,3,0
9179,7,6,6,2,5,0,1,1,2,2,0
9180,7,4,6,2,5,0,1,1,1,2,1
9181,6,0,9,0,4,1,1,0,2,2,0
9182,8,4,12,4,10,3,1,0,2,2,0
9183,3,4,15,4,4,3,1,0,3,2,0
9184,5,4,11,4,14,3,1,1,2,2,0
9185,9,4,11,2,14,0,1,1,2,2,1
9186,7,4,11,5,7,1,1,1,2,2,0
9187,10,4,9,2,4,0,1,1,2,2,1
9188,4,4,12,4,12,3,1,0,4,2,0
9189,6,2,12,4,1,1,1,1,1,2,0
9190,5,0,6,2,0,5,1,0,1,2,1
9191,5,6,9,2,10,0,1,1,2,2,0
9192,10,4,15,2,14,0,1,1,2,2,1
9193,6,6,11,0,14,4,1,0,2,2,0
9194,4,4,11,4,7,4,0,0,2,2,0
9195,3,2,15,4,12,1,1,0,2,2,0
9196,5,4,11,4,8,1,1,0,2,2,0
9197,10,4,15,2,12,0,1,1,1,2,0
9198,6,4,9,4,8,3,1,0,1,2,0
9199,4,4,9,4,10,3,1,1,2,2,0
9200,8,2,15,4,1,1,0,0,2,2,0
9201,5,4,15,4,13,3,1,1,2,2,0
9202,9,4,1,4,8,1,1,0,1,2,0
9203,6,4,11,2,8,0,1,1,1,2,0
9204,6,4,1,4,3,3,1,1,2,2,0
9205,7,4,15,2,8,0,1,1,2,2,0
9206,6,4,12,2,4,0,1,1,2,2,1
9207,4,6,11,2,3,0,1,1,1,2,1
9208,11,4,1,2,14,0,1,1,2,2,1
9209,9,6,11,2,12,0,1,1,4,2,0
9210,4,7,15,4,1,1,1,1,0,2,0
9211,3,4,6,4,3,1,1,1,2,2,0
9212,3,4,11,4,8,3,0,0,1,2,0
9213,6,4,12,0,10,1,1,1,2,2,0
9214,9,6,9,0,10,1,1,0,2,2,0
9215,6,2,14,2,10,0,1,1,2,2,0
9216,3,4,15,4,12,1,1,0,1,2,0
9217,7,6,12,2,5,0,1,1,1,2,1
9218,8,4,7,2,4,0,1,1,2,2,1
9219,4,4,11,4,3,3,1,1,2,2,0
9220,10,4,11,2,1,5,1,0,0,2,1
9221,4,4,11,4,3,3,1,1,2,2,0
9222,9,4,11,0,1,2,1,0,1,2,0
9223,10,2,11,6,1,3,0,1,2,2,0
9224,6,4,12,2,4,0,1,1,4,2,1
9225,5,4,1,4,14,4,1,1,2,2,0
9226,6,4,11,0,1,4,1,0,2,2,0
9227,5,4,9,4,10,1,1,0,2,2,0
9228,4,2,11,4,4,3,1,0,2,2,0
9229,4,4,11,2,3,0,0,1,2,2,1
9230,10,4,15,2,4,0,1,1,2,2,0
9231,7,4,9,2,10,0,0,1,2,2,1
9232,7,4,11,4,1,4,1,0,2,2,0
9233,11,4,9,2,12,5,1,0,1,2,0
9234,4,4,15,4,8,3,1,0,2,2,0
9235,6,4,9,4,13,1,1,0,1,2,0
9236,5,4,11,4,12,3,1,1,2,2,0
9237,5,4,11,2,4,0,1,1,3,2,0
9238,10,4,9,2,12,0,1,1,3,2,1
9239,8,5,0,2,3,0,1,1,1,2,0
9240,8,4,15,2,1,5,1,0,0,2,0
9241,7,4,11,6,1,1,1,1,0,2,0
9242,5,4,15,2,4,0,1,1,2,2,0
9243,8,0,15,2,0,0,1,1,2,2,1
9244,8,4,15,4,13,2,0,0,2,2,0
9245,6,4,15,4,12,3,1,1,1,2,0
9246,7,4,15,4,3,1,1,0,3,2,0
9247,6,4,5,0,1,1,1,0,1,2,0
9248,8,7,12,2,10,0,1,1,1,2,1
9249,7,4,15,6,10,1,1,1,2,2,0
9250,7,5,14,0,1,1,0,0,2,2,0
9251,14,0,5,6,0,4,1,0,1,2,0
9252,5,2,12,2,11,0,1,1,2,2,0
9253,12,0,15,6,0,1,1,0,0,2,0
9254,6,4,11,4,1,3,1,0,2,2,0
9255,8,1,9,2,4,0,1,1,2,2,1
9256,4,1,7,0,1,4,1,0,2,2,0
9257,5,4,11,2,8,5,1,0,2,2,1
9258,6,4,15,2,4,0,1,1,2,2,0
9259,7,4,9,2,4,0,1,1,2,2,1
9260,9,2,11,2,6,0,1,1,2,2,1
9261,12,4,11,2,14,0,1,1,2,2,0
9262,14,4,15,6,1,1,1,1,2,2,0
9263,10,4,0,0,6,1,1,1,2,2,0
9264,10,4,15,2,8,0,1,1,1,2,0
9265,10,4,11,2,7,0,1,1,2,2,0
9266,6,4,9,4,4,4,1,1,3,2,0
9267,9,4,11,2,13,0,1,1,1,2,1
9268,10,4,9,2,10,5,1,0,2,2,0
9269,3,1,15,4,3,3,1,1,2,2,0
9270,7,4,5,2,3,0,1,1,1,0,0
9271,9,8,15,2,13,0,1,1,2,2,1
9272,5,4,11,4,3,3,1,1,2,2,0
9273,5,4,11,2,4,0,1,1,3,2,1
9274,3,4,11,4,6,3,0,1,2,2,0
9275,5,4,15,4,12,1,1,0,1,2,0
9276,8,1,15,2,14,0,0,1,2,2,1
9277,8,4,11,0,1,4,1,0,2,2,0
9278,9,0,5,2,0,0,0,1,2,2,0
9279,11,4,11,2,14,0,1,1,2,2,0
9280,3,4,9,4,12,1,1,1,1,2,0
9281,4,4,12,4,6,1,1,0,2,2,0
9282,8,4,11,2,14,2,1,1,2,2,1
9283,5,4,11,4,3,1,1,1,2,2,0
9284,4,0,7,4,0,1,1,1,1,2,0
9285,12,4,0,0,7,1,1,0,2,2,0
9286,9,4,8,0,10,4,1,0,1,0,0
9287,5,4,13,4,13,3,1,1,2,2,0
9288,8,6,5,0,3,2,1,1,2,2,0
9289,8,4,15,0,12,1,1,0,2,2,1
9290,4,4,12,4,10,4,1,0,1,2,0
9291,6,4,11,0,8,1,0,0,0,2,0
9292,3,6,9,4,10,3,1,0,2,2,0
9293,17,4,15,0,7,4,1,0,2,2,0
9294,4,4,9,2,12,0,1,1,1,2,0
9295,12,4,15,2,4,0,0,1,3,2,1
9296,10,0,11,2,0,0,1,1,0,2,0
9297,12,4,6,2,5,0,1,1,1,2,0
9298,8,4,11,0,14,1,1,1,2,2,0
9299,4,4,12,4,5,1,1,0,2,2,0
9300,5,4,11,4,4,1,1,0,2,2,0
9301,5,5,5,2,10,5,1,0,2,2,0
9302,10,5,12,2,10,0,0,1,2,2,1
9303,10,4,15,2,1,0,1,1,2,2,1
9304,5,4,11,2,4,0,1,1,1,2,0
9305,9,4,11,0,3,2,1,1,2,2,0
9306,4,4,11,4,1,3,1,1,2,2,0
9307,7,0,1,0,0,1,1,1,1,2,0
9308,3,4,4,4,8,3,0,1,0,2,0
9309,4,4,15,0,12,2,1,0,1,2,0
9310,6,5,15,4,1,4,1,0,2,2,0
9311,6,6,11,2,3,0,1,1,2,2,0
9312,5,4,15,2,1,0,1,1,2,2,1
9313,9,4,13,2,8,0,1,1,1,0,1
9314,5,4,8,0,1,1,1,1,2,2,0
9315,3,2,9,4,10,3,1,0,0,2,0
9316,11,5,12,4,10,4,1,0,2,2,0
9317,6,4,15,2,12,0,1,1,2,2,0
9318,5,4,12,6,2,1,1,1,2,3,1
9319,10,4,11,2,3,0,1,1,2,2,1
9320,4,4,1,4,14,3,1,1,2,2,0
9321,6,8,8,2,13,0,1,1,2,2,0
9322,4,6,15,4,12,3,1,1,2,2,0
9323,4,4,9,4,12,1,0,0,2,2,0
9324,8,7,12,2,12,0,1,1,1,2,0
9325,5,7,15,2,10,0,1,1,2,2,1
9326,7,4,11,2,1,0,1,1,2,2,0
9327,6,0,9,2,0,5,1,0,1,2,0
9328,11,4,11,2,1,0,1,1,2,2,1
9329,7,4,11,4,1,1,1,1,2,2,0
9330,9,4,11,2,1,0,1,1,2,2,0
9331,4,4,11,4,3,3,1,1,2,2,0
9332,5,4,11,4,12,1,0,1,2,2,0
9333,11,4,7,0,4,1,1,0,2,2,0
9334,9,4,11,0,1,1,1,1,2,2,0
9335,4,0,6,4,0,3,1,1,0,2,0
9336,4,8,8,4,13,3,1,0,1,2,0
9337,6,4,15,4,5,1,1,1,2,2,0
9338,5,4,8,2,1,0,1,1,2,2,1
9339,7,4,9,2,10,0,0,1,2,2,0
9340,7,4,12,4,10,3,1,1,2,2,0
9341,8,4,15,0,14,1,1,1,2,0,0
9342,5,6,11,4,1,3,1,0,1,2,0
9343,6,4,11,0,8,4,1,0,1,2,0
9344,7,4,11,0,1,1,1,1,2,2,0
9345,4,4,9,4,1,3,0,0,2,2,0
9346,10,5,8,2,4,0,1,1,2,2,1
9347,4,4,8,2,3,0,1,1,3,2,0
9348,8,7,9,0,10,4,1,0,3,2,0
9349,7,4,11,2,3,0,1,1,2,2,0
9350,10,0,6,2,0,0,0,1,0,2,1
9351,5,7,9,2,10,0,1,1,2,1,0
9352,11,2,11,2,6,0,1,1,1,2,0
9353,6,4,11,4,1,4,1,0,2,2,0
9354,7,5,9,0,10,4,1,0,2,2,0
9355,6,2,8,2,11,0,1,1,2,2,1
9356,12,4,9,2,4,2,1,0,2,2,1
9357,4,4,15,4,10,4,1,0,2,2,0
9358,12,4,9,2,12,0,1,1,1,2,0
9359,10,4,1,0,8,1,1,0,1,2,0
9360,3,4,9,4,13,3,0,0,2,2,0
9361,10,4,11,6,14,0,1,1,2,2,0
9362,8,4,14,2,10,0,1,1,2,2,0
9363,9,4,7,2,12,0,1,1,1,2,1
9364,7,4,9,0,4,4,1,0,2,2,0
9365,5,4,15,4,1,3,1,0,2,2,0
9366,7,4,12,0,10,1,1,1,1,2,1
9367,8,4,15,2,10,0,1,1,0,2,1
9368,6,6,8,2,3,0,1,1,2,2,0
9369,7,4,11,2,7,0,1,1,2,2,0
9370,3,4,11,4,10,3,0,1,2,2,0
9371,3,4,15,4,4,3,0,1,2,2,0
9372,4,4,2,4,8,1,1,0,2,2,0
9373,6,4,15,0,7,4,0,1,2,2,0
9374,9,2,14,2,10,0,1,1,2,2,0
9375,6,4,11,4,4,4,1,0,2,2,0
9376,4,2,11,4,1,3,1,0,2,2,0
9377,4,4,11,4,12,1,1,1,2,2,0
9378,5,4,11,4,8,3,0,0,2,1,0
9379,4,0,11,0,0,1,1,0,0,2,0
9380,5,4,11,4,8,1,0,0,2,0,0
9381,7,4,15,6,7,1,0,0,2,2,0
9382,5,4,15,4,8,1,1,0,0,2,0
9383,4,4,0,2,7,0,0,1,2,2,1
9384,7,6,9,2,10,0,1,1,0,2,0
9385,4,4,11,4,1,3,1,0,2,2,0
9386,18,4,11,0,4,4,1,0,2,2,0
9387,11,4,9,2,1,0,1,1,1,2,1
9388,6,0,11,2,0,0,1,1,2,2,0
9389,8,4,11,2,12,0,1,1,2,2,0
9390,4,4,11,4,12,3,1,0,2,2,0
9391,8,4,2,0,13,4,1,0,2,2,0
9392,6,4,11,1,7,1,1,1,2,2,0
9393,5,4,15,4,5,3,1,1,3,2,0
9394,7,4,1,0,14,1,1,1,2,2,0
9395,6,6,11,0,5,4,1,0,2,2,0
9396,7,1,12,6,4,4,1,0,3,2,0
9397,8,0,13,2,6,0,1,1,2,2,0
9398,3,4,9,4,10,3,1,0,2,2,0
9399,5,2,15,4,10,1,1,0,0,2,0
9400,7,4,8,0,10,4,1,0,2,2,0
9401,9,4,8,2,3,0,1,1,2,2,1
9402,11,4,2,2,8,0,1,1,1,2,0
9403,7,4,11,2,14,0,1,1,3,2,0
9404,11,4,11,0,12,1,0,1,2,2,0
9405,9,4,14,0,1,4,1,0,2,2,1
9406,8,4,9,2,10,0,1,1,1,2,0
9407,8,4,11,2,6,0,1,1,2,2,1
9408,9,4,0,2,8,5,0,0,2,2,0
9409,8,4,11,2,7,0,1,1,2,2,1
9410,11,2,9,2,4,2,1,1,1,2,1
9411,5,4,15,4,8,1,1,1,1,1,0
9412,4,1,15,4,7,3,1,0,2,2,0
9413,7,4,7,5,14,1,1,0,2,2,0
9414,9,4,12,2,4,0,1,1,2,2,0
9415,9,6,15,2,4,0,1,1,2,2,1
9416,8,4,11,4,7,1,1,1,4,2,0
9417,4,7,3,4,8,1,1,1,2,2,0
9418,8,0,11,2,0,0,1,1,1,2,0
9419,5,4,15,4,8,1,1,1,0,2,0
9420,10,4,14,2,10,5,1,0,2,2,0
9421,9,4,15,2,4,0,1,1,2,2,1
9422,13,4,9,2,12,0,1,1,2,2,1
9423,5,4,9,2,12,0,1,1,1,2,0
9424,9,4,11,2,12,0,1,1,3,2,1
9425,9,4,11,2,3,0,1,1,2,2,0
9426,4,1,11,4,1,3,0,0,2,2,0
9427,9,4,9,0,13,1,1,0,2,2,0
9428,7,4,11,4,10,1,1,0,2,2,0
9429,6,4,6,1,5,4,1,0,3,2,1
9430,6,0,1,4,0,3,1,0,2,2,0
9431,4,5,9,4,4,1,1,1,2,2,0
9432,10,6,11,2,5,0,1,1,2,2,0
9433,12,4,9,2,4,0,1,1,2,2,1
9434,10,4,9,4,1,1,1,0,2,2,0
9435,10,0,9,4,0,1,1,1,1,2,0
9436,9,4,11,0,6,1,1,1,2,2,1
9437,10,4,0,2,6,0,1,1,1,2,0
9438,11,4,12,2,6,0,1,1,2,2,1
9439,5,4,9,4,1,3,1,0,2,2,0
9440,5,4,8,6,10,3,1,1,2,2,0
9441,4,8,15,4,13,3,1,0,2,2,0
9442,7,4,15,2,12,0,1,1,1,2,1
9443,4,4,11,6,6,1,1,1,3,2,0
9444,5,4,0,2,6,0,1,1,3,2,0
9445,10,4,15,0,12,4,1,0,4,2,0
9446,4,4,11,4,8,3,0,1,2,2,0
9447,3,2,12,4,10,1,1,1,2,2,0
9448,9,5,9,0,10,4,1,0,2,2,0
9449,5,4,15,4,8,3,1,0,1,2,0
9450,9,4,12,2,10,0,1,1,1,2,0
9451,4,5,9,4,0,3,1,1,2,2,0
9452,10,4,11,2,6,0,0,1,3,2,0
9453,5,4,15,4,8,3,1,0,0,2,0
9454,10,4,15,4,4,3,1,1,3,2,0
9455,8,4,14,2,14,0,1,1,2,2,0
9456,8,4,11,2,4,0,1,1,3,2,1
9457,6,4,8,0,10,1,0,0,1,2,0
9458,8,4,11,4,12,1,1,1,1,2,0
9459,7,4,9,5,1,1,1,0,2,2,0
9460,7,1,15,2,3,0,1,1,1,2,0
9461,11,4,9,2,10,0,1,1,2,2,1
9462,3,4,9,4,12,2,1,0,2,4,0
9463,3,4,11,4,1,1,1,0,2,2,0
9464,9,7,15,0,10,4,1,0,3,0,1
9465,10,4,8,2,11,0,0,1,2,2,0
9466,9,6,11,0,12,1,1,1,4,2,0
9467,4,4,11,4,7,1,1,1,2,2,0
9468,4,6,9,4,12,2,0,1,3,4,0
9469,12,4,15,2,7,5,1,0,2,2,1
9470,6,0,1,2,0,0,1,1,2,2,0
9471,4,4,15,4,8,3,0,0,1,2,0
9472,3,4,11,4,8,3,1,0,2,2,0
9473,9,2,15,2,1,5,1,0,2,2,0
9474,8,4,11,2,1,0,1,1,2,2,1
9475,8,6,15,3,12,1,1,0,4,2,0
9476,13,7,15,5,11,4,1,1,2,2,0
9477,4,4,0,4,13,4,1,0,2,2,0
9478,4,4,11,4,12,3,1,1,3,2,0
9479,5,4,0,4,7,3,1,0,2,2,0
9480,8,6,0,4,4,3,1,1,2,2,0
9481,9,4,11,2,3,0,1,1,2,2,0
9482,4,1,15,4,14,3,1,1,1,2,0
9483,12,4,15,0,4,2,1,0,2,2,0
9484,16,4,9,6,10,4,1,0,2,2,0
9485,4,2,9,4,10,1,1,1,2,2,0
9486,7,4,9,2,13,0,1,1,0,2,1
9487,5,5,11,4,4,1,1,1,2,2,0
9488,6,4,11,2,12,0,1,1,3,2,0
9489,6,4,12,2,4,0,1,1,2,2,0
9490,4,4,11,4,12,1,1,0,2,2,0
9491,7,4,0,2,7,5,0,0,2,2,0
9492,11,4,8,2,4,0,1,1,2,2,1
9493,4,4,11,4,7,3,1,1,2,2,0
9494,12,0,15,0,0,4,1,1,2,2,0
9495,7,4,11,2,3,0,1,1,2,2,0
9496,8,4,12,5,10,1,1,0,2,2,0
9497,9,4,8,2,3,0,1,1,2,2,1
9498,5,4,14,4,1,1,1,0,2,2,0
9499,8,4,15,2,14,0,1,1,2,2,1
9500,11,4,11,2,7,0,1,1,2,2,1
9501,3,4,7,4,12,3,1,0,2,2,0
9502,7,4,8,4,12,3,1,0,1,3,0
9503,5,4,1,2,8,0,1,1,2,2,0
9504,9,6,3,0,8,4,1,0,1,2,0
9505,3,4,12,4,4,1,1,1,4,0,0
9506,9,4,2,2,12,0,1,1,2,0,0
9507,6,4,9,0,8,1,1,1,1,2,1
9508,5,7,15,4,4,1,1,1,2,2,0
9509,9,4,11,2,12,0,1,1,2,2,1
9510,5,4,5,2,11,0,0,1,2,2,0
9511,6,4,11,4,5,3,1,1,2,1,0
9512,5,4,9,4,13,3,1,1,2,2,0
9513,7,4,11,2,14,0,0,1,2,2,0
9514,5,4,15,4,4,1,1,0,2,2,0
9515,7,4,11,2,3,0,1,1,2,2,0
9516,9,4,11,0,7,4,1,0,2,2,1
9517,5,4,11,4,8,1,1,0,2,2,0
9518,3,4,8,4,1,1,0,0,2,2,0
9519,7,4,15,4,1,1,0,1,1,2,0
9520,7,4,11,0,8,1,1,1,1,2,0
9521,6,1,11,4,14,1,1,1,2,2,0
9522,4,4,15,4,4,1,1,1,4,2,0
9523,8,2,12,2,6,0,1,1,1,2,1
9524,18,4,9,6,8,1,1,0,1,2,0
9525,4,4,11,4,12,4,0,0,1,2,0
9526,5,4,11,2,3,0,1,1,2,2,0
9527,7,4,15,4,3,3,1,1,2,2,0
9528,9,2,15,2,1,5,0,0,2,2,0
9529,4,4,11,4,1,1,1,0,2,2,0
9530,11,4,15,2,8,4,1,0,2,2,1
9531,4,4,6,4,5,1,1,0,2,2,0
9532,12,4,15,2,6,0,0,1,3,2,0
9533,12,4,11,2,3,0,1,1,2,2,1
9534,4,4,11,4,4,1,0,0,2,2,0
9535,10,2,15,2,10,0,1,1,0,2,0
9536,8,7,11,2,4,0,1,1,2,2,0
9537,9,4,11,2,3,0,0,1,1,2,0
9538,10,4,0,6,13,4,1,0,2,2,0
9539,13,4,9,2,12,0,1,1,2,2,1
9540,12,4,15,6,3,4,1,1,2,2,0
9541,8,4,9,0,4,1,1,1,2,2,0
9542,5,4,15,4,1,1,1,0,2,3,0
9543,11,7,11,2,1,1,1,0,2,2,0
9544,8,0,11,4,0,3,1,1,0,2,0
9545,5,4,15,2,4,0,1,1,2,2,1
9546,5,4,15,4,1,2,1,0,0,2,0
9547,7,7,15,4,8,4,0,0,2,2,1
9548,8,2,11,2,1,0,1,1,1,2,1
9549,13,5,1,5,0,4,1,0,0,2,0
9550,9,1,11,2,3,0,1,1,2,2,1
9551,10,4,11,0,7,1,1,0,2,2,0
9552,6,0,9,0,0,1,1,1,0,2,0
9553,10,4,9,2,4,0,1,1,2,2,0
9554,8,4,15,5,8,1,1,0,1,2,0
9555,7,4,15,4,1,3,1,1,2,2,0
9556,5,4,11,4,8,1,1,1,1,2,0
9557,7,6,15,2,5,0,1,1,2,2,1
9558,8,4,15,0,4,2,1,1,2,2,0
9559,7,4,15,2,4,0,0,1,2,2,1
9560,11,4,9,2,4,0,1,1,2,2,1
9561,9,4,11,2,6,0,1,1,2,2,0
9562,6,2,9,2,4,0,1,1,2,2,0
9563,8,4,5,0,10,4,1,0,1,2,0
9564,5,4,15,4,12,3,1,1,4,2,0
9565,4,2,12,4,9,1,1,0,1,2,0
9566,8,4,15,4,8,3,1,0,0,2,0
9567,10,7,11,6,4,1,1,0,3,2,0
9568,4,4,12,2,4,0,0,1,2,2,1
9569,8,7,7,2,1,0,1,1,2,2,1
9570,13,4,11,2,7,0,1,1,2,2,0
9571,6,4,15,2,8,0,0,1,1,2,0
9572,5,6,11,4,13,3,0,1,2,2,0
9573,6,7,8,4,11,1,0,1,2,2,0
9574,6,6,7,2,4,0,1,1,1,2,1
9575,10,4,0,2,7,0,0,1,2,2,0
9576,9,4,11,2,4,5,1,0,2,2,0
9577,4,4,9,4,13,1,0,0,1,2,0
9578,10,4,9,0,4,4,1,0,2,2,1
9579,7,4,11,2,14,0,1,1,2,2,0
9580,6,6,8,2,12,0,1,1,2,2,0
9581,7,4,11,2,6,0,1,1,3,2,0
9582,12,0,15,0,0,4,0,0,1,2,1
9583,4,6,5,4,3,3,1,0,2,2,0
9584,11,4,9,6,10,4,1,0,2,2,0
9585,8,4,11,5,12,0,1,1,2,2,0
9586,6,4,15,4,10,1,1,0,2,2,0
9587,6,4,12,2,14,0,1,1,2,2,0
9588,7,6,15,2,4,0,1,1,1,2,1
9589,7,8,9,4,13,3,1,1,1,2,0
9590,4,4,11,5,1,1,1,0,2,2,0
9591,4,6,11,4,3,3,1,1,2,2,0
9592,4,4,15,4,12,1,0,0,4,2,0
9593,3,4,15,4,4,3,1,1,2,2,0
9594,5,4,11,4,7,1,1,1,2,2,0
9595,9,4,15,2,1,4,1,0,2,2,0
9596,12,1,9,2,1,0,1,1,2,2,0
9597,6,4,9,2,12,0,1,1,2,2,0
9598,11,4,11,0,3,4,1,0,2,2,0
9599,7,4,15,4,1,1,1,0,2,2,0
9600,8,4,11,4,8,3,1,0,1,2,0
9601,5,4,15,6,1,4,0,0,0,2,0
9602,10,5,9,2,10,0,1,1,2,2,1
9603,4,4,11,0,3,1,1,1,0,2,0
9604,10,4,15,2,4,0,1,1,2,2,0
9605,6,4,11,0,14,1,1,1,1,2,0
9606,6,4,9,2,4,0,1,1,2,2,0
9607,5,6,8,4,12,1,1,1,2,2,0
9608,6,4,7,3,7,1,1,1,2,2,0
9609,7,4,7,0,14,1,1,1,1,2,1
9610,11,6,15,2,4,5,1,0,2,2,0
9611,8,4,12,2,10,0,1,1,2,2,0
9612,8,5,9,4,0,3,1,1,2,2,0
9613,5,4,15,4,3,2,1,1,2,2,0
9614,9,4,11,2,1,0,1,1,2,2,1
9615,9,4,15,0,4,4,0,0,2,2,0
9616,5,4,7,4,4,3,1,0,2,2,0
9617,4,4,0,4,7,2,0,0,2,2,0
9618,10,4,8,2,3,0,1,1,1,2,0
9619,4,4,13,4,13,1,1,0,1,2,0
9620,5,4,1,4,3,1,0,1,2,2,0
9621,4,4,15,4,3,4,1,1,2,2,0
9622,12,4,15,2,13,5,1,0,1,2,0
9623,6,4,11,2,12,0,1,1,3,2,0
9624,6,4,6,2,8,5,1,0,2,2,0
9625,4,4,11,4,8,3,0,0,2,2,0
9626,5,4,11,4,6,1,0,1,2,2,0
9627,9,4,11,2,14,0,1,1,1,2,0
9628,9,7,9,4,10,4,1,1,2,2,0
9629,10,4,0,2,7,5,1,0,2,2,1
9630,9,4,9,2,10,0,0,1,2,2,0
9631,5,6,9,4,13,3,1,0,2,2,0
9632,7,4,0,2,7,5,0,0,2,2,1
9633,3,4,15,4,13,1,1,0,2,2,0
9634,8,6,15,2,5,0,1,1,2,2,1
9635,8,4,3,2,8,0,1,1,2,2,0
9636,6,2,11,4,4,3,1,0,2,2,0
9637,8,4,1,2,3,0,1,1,2,2,0
9638,9,6,12,2,4,0,1,1,2,0,0
9639,11,5,11,3,4,1,1,1,2,2,1
9640,7,4,15,2,4,0,1,1,2,2,0
9641,4,4,11,4,7,3,1,0,2,2,0
9642,16,6,14,6,3,4,1,1,2,2,0
9643,8,4,11,0,8,1,0,1,2,2,0
9644,3,4,11,4,8,1,1,0,2,2,0
9645,10,4,11,0,14,1,1,1,2,2,0
9646,7,1,11,0,3,1,1,0,1,2,1
9647,7,4,15,2,5,0,1,1,2,2,1
9648,10,7,15,0,1,4,1,1,2,2,1
9649,8,4,15,4,13,1,0,1,2,2,0
9650,5,6,11,4,1,3,1,0,1,1,0
9651,9,4,9,2,13,0,1,1,2,2,0
9652,9,4,9,0,4,1,1,0,2,2,1
9653,8,4,8,2,12,0,1,1,2,2,1
9654,5,4,11,2,7,0,1,1,2,2,1
9655,5,4,13,2,6,0,1,1,3,2,1
9656,11,6,8,2,4,0,1,1,2,2,0
9657,18,1,9,0,10,4,1,0,2,2,0
9658,4,4,11,4,12,1,1,0,2,2,0
9659,8,4,15,2,10,1,0,0,2,1,1
9660,7,4,11,2,6,0,1,1,3,2,0
9661,6,6,9,4,1,4,0,1,1,2,0
9662,10,8,11,2,8,0,1,1,2,2,0
9663,6,4,15,2,3,0,1,1,1,2,0
9664,6,2,9,4,6,3,1,1,3,2,0
9665,7,4,15,2,12,5,1,0,2,2,0
9666,8,7,12,4,2,1,1,1,2,2,0
9667,4,4,11,4,1,4,1,0,1,2,0
9668,8,4,12,2,4,0,1,1,2,2,0
9669,4,4,15,4,12,3,1,0,2,2,0
9670,11,1,11,3,7,1,1,0,2,2,0
9671,4,5,9,4,4,1,1,1,2,2,0
9672,7,6,15,2,1,0,1,1,2,2,0
9673,5,4,11,2,8,0,1,1,0,2,0
9674,3,6,11,4,5,3,1,1,1,2,0
9675,13,4,0,2,3,0,1,1,1,2,1
9676,6,1,11,2,10,0,1,1,2,2,1
9677,10,7,6,2,10,0,1,1,1,2,0
9678,3,4,15,4,1,1,1,0,2,2,0
9679,5,6,6,4,5,1,1,1,1,2,0
9680,6,4,1,4,8,3,1,1,1,2,0
9681,5,4,13,4,8,1,1,0,2,2,0
9682,12,6,15,2,3,0,1,1,2,2,1
9683,5,4,11,4,14,3,1,1,2,2,0
9684,3,4,11,4,12,1,1,0,4,2,0
9685,10,4,0,2,6,0,1,1,2,2,0
9686,4,7,9,4,10,1,1,0,3,2,0
9687,3,4,9,4,10,3,1,0,2,2,0
9688,8,0,11,2,0,5,1,0,2,2,1
9689,16,0,6,2,0,0,1,1,1,2,1
9690,12,4,1,0,14,1,1,1,2,2,0
9691,7,4,9,4,12,3,1,1,2,2,0
9692,5,4,15,2,4,0,1,1,3,2,1
9693,4,2,11,4,6,1,1,1,2,2,0
9694,5,4,8,2,12,0,1,1,2,2,0
9695,7,4,9,2,6,0,1,1,3,2,0
9696,6,6,5,4,3,1,1,1,3,2,1
9697,5,0,5,0,0,4,1,0,1,2,0
9698,4,4,11,0,3,1,1,1,2,2,1
9699,4,4,12,2,4,0,1,1,4,2,1
9700,7,4,9,2,12,5,1,0,3,0,0
9701,5,4,11,2,7,0,0,1,2,2,1
9702,7,6,11,2,12,0,1,1,2,2,0
9703,9,0,9,0,0,1,1,1,0,2,0
9704,12,4,11,0,1,4,1,0,2,2,0
9705,15,4,15,6,1,1,0,0,2,2,0
9706,4,4,11,4,3,3,1,1,2,2,0
9707,8,4,9,2,6,0,0,1,3,2,1
9708,13,4,7,2,14,0,1,1,2,2,0
9709,7,4,11,0,7,4,1,0,2,2,0
9710,7,4,9,2,8,0,1,1,2,2,0
9711,10,4,15,0,1,4,0,0,2,2,0
9712,3,4,14,4,1,3,1,0,1,2,0
9713,6,4,9,4,10,1,1,1,2,2,0
9714,8,4,11,0,8,4,1,0,2,2,0
9715,10,4,15,2,3,0,1,1,2,2,1
9716,7,4,12,2,4,0,1,1,2,2,1
9717,6,6,14,3,3,1,1,1,2,2,1
9718,6,4,7,2,12,0,1,1,1,2,1
9719,9,4,15,0,7,1,1,1,2,2,0
9720,7,2,9,2,4,5,1,0,1,2,1
9721,6,4,11,2,4,0,1,1,2,0,0
9722,8,4,11,4,8,1,1,0,0,2,0
9723,8,2,9,2,10,0,1,1,2,2,0
9724,4,4,6,4,8,4,1,0,1,2,0
9725,10,0,1,2,0,0,1,1,0,3,0
9726,9,4,15,2,12,0,1,1,1,2,1
9727,10,4,9,2,12,0,0,1,2,2,0
9728,9,0,10,2,0,0,1,1,2,2,1
9729,6,7,11,2,1,0,0,1,2,2,0
9730,4,5,11,4,12,4,0,0,1,2,0
9731,4,2,15,4,1,4,0,0,2,2,0
9732,4,4,4,4,14,1,1,1,2,2,0
9733,10,4,11,2,6,5,1,0,2,2,0
9734,8,4,15,5,3,1,1,1,2,0,0
9735,7,5,11,0,5,1,1,0,2,2,1
9736,8,4,12,0,4,4,1,0,2,2,1
9737,5,4,11,2,7,1,0,0,2,1,0
9738,9,4,11,0,1,1,1,0,2,2,0
9739,8,4,9,2,12,0,1,1,2,2,0
9740,10,4,9,2,4,0,1,1,2,2,1
9741,7,4,1,2,7,2,0,0,2,2,0
9742,8,4,11,0,1,1,0,0,2,2,0
9743,8,4,11,2,14,2,1,1,2,2,1
9744,7,4,15,2,7,0,1,1,2,2,0
9745,7,4,1,2,3,0,1,1,2,2,1
9746,10,4,11,4,8,4,1,0,1,2,0
9747,9,4,11,2,3,0,1,1,2,2,1
9748,10,5,9,2,10,0,1,1,2,2,0
9749,3,4,11,4,14,1,0,1,1,4,0
9750,7,4,15,2,4,0,1,1,3,2,1
9751,6,4,9,2,12,0,1,1,1,2,0
9752,4,6,11,4,12,1,1,0,1,2,0
9753,13,4,11,2,8,5,1,0,1,2,1
9754,10,7,15,2,10,0,1,1,1,2,1
9755,12,4,9,2,4,0,1,1,2,2,0
9756,4,4,15,4,12,1,1,0,2,2,0
9757,18,4,11,0,1,1,1,0,2,2,0
9758,4,4,11,4,1,4,1,0,4,2,0
9759,3,5,11,4,7,3,1,0,2,2,0
9760,13,0,11,2,0,0,1,1,0,2,1
9761,4,4,9,4,4,3,1,0,2,2,0
9762,8,4,12,4,10,1,1,0,2,2,0
9763,7,4,12,2,4,0,1,1,2,2,1
9764,7,4,4,2,14,0,1,1,2,2,1
9765,16,4,13,2,14,0,1,1,2,2,0
9766,5,4,11,4,8,1,1,0,2,2,0
9767,4,4,11,6,7,1,1,0,2,2,0
9768,5,4,9,4,6,1,0,0,2,2,0
9769,10,2,15,2,4,0,1,1,2,2,1
9770,7,4,0,4,3,1,1,1,2,2,0
9771,8,4,11,2,3,0,1,1,2,2,1
9772,5,6,15,2,3,0,1,1,2,2,0
9773,4,4,7,4,4,1,1,1,2,2,0
9774,3,4,15,4,12,3,1,1,1,2,0
9775,5,2,11,4,12,1,1,1,2,2,0
9776,7,4,7,5,12,1,1,0,4,2,0
9777,7,4,15,0,10,4,1,0,1,2,1
9778,13,4,11,2,14,0,1,1,2,2,1
9779,5,4,11,2,1,0,1,1,2,2,1
9780,8,0,11,2,0,0,1,1,2,2,1
9781,5,4,15,4,10,3,1,1,0,2,0
9782,5,4,12,2,4,0,1,1,3,2,0
9783,8,4,9,2,13,0,1,1,0,2,1
9784,9,4,9,0,12,4,1,0,0,2,0
9785,13,4,11,2,4,0,0,1,2,2,1
9786,10,5,12,2,10,0,1,1,2,2,0
9787,8,4,5,2,3,0,1,1,1,2,1
9788,4,4,9,4,10,4,0,0,1,2,0
9789,5,0,9,4,0,3,1,1,1,2,0
9790,4,4,12,4,12,1,1,1,1,2,0
9791,5,4,8,4,10,2,1,0,2,2,0
9792,7,6,0,2,8,5,1,0,2,2,1
9793,9,4,15,0,8,4,1,0,2,2,0
9794,9,4,11,2,3,0,1,1,2,2,0
9795,11,4,12,2,4,0,1,1,2,2,1
9796,4,2,10,4,10,4,1,0,2,2,0
9797,3,4,15,4,8,2,1,0,2,2,0
9798,4,6,15,0,4,1,1,1,2,2,0
9799,6,4,11,2,1,0,1,1,2,2,0
9800,8,4,11,2,1,5,1,0,2,2,0
9801,4,4,11,4,3,1,1,1,2,2,0
9802,5,4,7,4,7,1,0,1,2,2,0
9803,5,4,9,4,12,1,1,1,3,2,0
9804,9,2,11,2,6,0,1,1,2,2,0
9805,15,4,11,6,12,1,1,1,2,2,0
9806,6,4,15,2,14,0,1,1,2,2,0
9807,6,6,6,4,5,3,1,0,2,2,0
9808,6,4,15,0,1,4,1,1,1,2,0
9809,3,4,14,4,10,1,0,0,2,2,0
9810,7,4,11,2,3,0,1,1,2,2,1
9811,12,4,11,2,5,0,1,1,2,2,0
9812,13,4,11,2,6,0,1,1,2,2,1
9813,3,4,15,4,1,3,1,0,0,2,0
9814,13,4,11,0,7,4,1,0,2,2,0
9815,8,4,6,0,3,1,0,1,2,2,0
9816,10,4,9,2,12,0,1,1,2,2,0
9817,7,4,8,2,3,0,1,1,2,0,0
9818,3,4,0,4,7,1,1,1,2,2,0
9819,8,4,9,4,4,3,1,0,2,2,0
9820,5,4,9,0,12,2,0,1,4,2,0
9821,12,4,10,2,10,0,0,1,3,2,1
9822,8,4,9,2,12,0,1,1,1,2,1
9823,5,4,15,4,1,3,1,1,2,0,0
9824,3,4,15,0,10,1,1,1,1,2,0
9825,5,4,14,0,10,1,1,0,2,2,0
9826,12,0,10,2,0,5,1,0,1,2,0
9827,8,6,11,0,8,1,1,0,2,2,0
9828,6,0,10,0,0,1,1,0,2,2,0
9829,5,2,9,4,1,3,0,0,1,2,0
9830,9,4,15,2,10,4,1,0,1,2,0
9831,7,4,9,2,8,0,1,1,2,2,0
9832,7,4,15,2,8,0,1,1,1,2,1
9833,5,4,11,4,12,1,1,1,4,2,0
9834,10,7,11,2,8,0,1,1,0,2,1
9835,6,4,1,2,7,0,1,1,2,1,1
9836,6,4,15,4,1,1,1,1,1,2,0
9837,4,4,9,5,4,4,0,0,3,2,0
9838,9,4,11,0,4,1,1,0,3,2,0
9839,12,4,6,2,10,0,1,1,1,2,1
9840,6,4,11,2,3,0,1,1,2,0,0
9841,5,4,11,2,7,0,1,1,2,2,0
9842,5,4,12,4,10,1,1,0,2,2,0
9843,7,4,11,2,7,0,1,1,2,2,0
9844,6,6,12,4,5,3,1,1,2,1,0
9845,6,4,1,0,7,4,0,0,4,2,0
9846,5,2,15,4,10,1,1,1,2,2,0
9847,9,6,9,2,10,0,1,1,2,2,1
9848,7,2,15,2,10,0,1,1,0,2,0
9849,5,4,11,4,1,1,1,1,1,2,0
9850,9,4,15,2,1,0,0,1,1,2,1
9851,10,4,9,2,8,5,1,0,2,2,1
9852,12,4,9,2,10,5,1,0,2,2,1
9853,8,6,11,2,8,0,1,1,1,2,1
9854,7,4,12,2,5,0,1,1,3,2,1
9855,6,2,12,2,10,5,1,0,2,2,0
9856,5,4,11,4,1,3,1,0,2,2,0
9857,5,4,15,4,4,1,1,0,2,2,0
9858,4,4,4,4,14,1,1,1,2,2,0
9859,7,4,0,5,8,4,0,0,2,2,0
9860,6,2,12,4,10,2,1,0,2,2,0
9861,17,4,12,0,6,1,1,1,2,2,0
9862,8,4,11,2,7,0,1,1,2,2,1
9863,10,4,11,2,6,0,1,1,2,2,1
9864,4,4,15,4,1,1,0,0,2,2,0
9865,4,4,11,4,14,1,1,1,3,2,0
9866,7,4,3,2,6,0,0,1,2,2,1
9867,9,4,8,2,10,0,1,1,2,2,0
9868,7,2,12,4,4,4,1,1,2,2,0
9869,11,4,11,2,7,0,1,1,4,2,0
9870,4,4,11,4,7,3,1,1,2,2,0
9871,10,4,11,2,3,0,1,1,2,2,1
9872,4,4,15,6,7,4,1,0,2,2,0
9873,6,4,9,4,1,1,0,1,1,2,0
9874,5,4,11,2,12,0,1,1,2,2,1
9875,8,4,11,5,12,1,1,0,2,2,0
9876,4,7,9,4,1,4,0,0,2,2,0
9877,8,2,11,0,6,4,1,1,2,0,0
9878,7,1,12,2,4,0,1,1,2,2,0
9879,5,4,11,2,6,0,1,1,3,2,0
9880,8,4,9,2,10,0,1,1,2,2,1
9881,6,4,15,2,12,5,1,0,2,2,0
9882,10,4,2,2,13,0,1,1,2,2,1
9883,6,6,11,4,1,1,0,0,2,1,0
9884,11,4,1,6,12,4,1,1,2,2,0
9885,5,4,11,2,4,0,1,1,2,2,0
9886,8,4,9,2,4,0,1,1,3,2,1
9887,11,4,1,2,3,0,1,1,2,2,0
9888,7,2,9,2,10,5,1,0,1,2,0
9889,10,4,11,2,8,0,0,1,2,2,1
9890,4,4,11,4,14,3,1,1,2,2,0
9891,8,4,11,5,12,1,1,0,2,2,0
9892,5,0,6,4,0,4,0,0,1,2,0
9893,9,0,5,0,0,1,1,0,1,1,0
9894,6,6,15,2,3,0,1,1,2,4,0
9895,5,7,14,4,10,1,1,0,2,2,0
9896,6,7,11,3,8,1,1,1,1,2,1
9897,9,4,12,2,6,0,1,1,2,2,0
9898,5,1,11,4,3,1,1,1,2,2,0
9899,8,4,11,2,3,0,1,1,2,2,0
9900,8,4,12,0,12,4,0,0,2,2,0
9901,12,4,13,2,14,0,0,1,2,2,0
9902,8,4,11,2,14,0,1,1,2,2,1
9903,9,0,15,2,0,0,1,1,2,2,1
9904,10,4,11,2,7,0,0,1,2,2,0
9905,7,5,11,2,4,0,1,1,2,2,1
9906,8,4,11,2,6,5,1,0,2,2,0
9907,4,1,11,2,1,0,0,1,2,2,0
9908,9,4,11,0,12,1,1,1,2,2,0
9909,10,4,10,2,10,0,1,1,2,2,1
9910,8,7,15,2,1,0,1,1,1,2,0
9911,9,6,8,4,13,1,1,1,2,2,0
9912,10,4,15,2,12,0,0,1,3,2,0
9913,6,2,15,4,4,1,1,1,1,1,0
9914,8,4,1,2,8,5,0,0,1,2,0
9915,7,2,11,4,6,3,0,1,2,2,0
9916,3,4,11,4,7,4,0,0,4,2,0
9917,9,4,11,4,7,4,1,0,2,2,0
9918,4,4,8,4,10,1,1,1,1,2,0
9919,9,4,9,2,6,0,1,1,2,2,0
9920,5,4,11,4,8,1,1,1,1,2,0
9921,7,5,11,2,4,0,1,1,2,2,0
9922,10,4,2,0,8,3,1,0,1,2,0
9923,8,2,15,2,11,0,1,1,1,2,1
9924,7,4,7,2,1,5,1,0,2,2,0
9925,7,2,15,0,2,1,0,0,1,2,1
9926,12,2,0,2,6,0,0,1,2,2,1
9927,10,4,0,0,6,1,1,1,2,2,0
9928,4,6,11,4,12,3,1,0,1,2,0
9929,4,2,9,4,1,3,1,0,2,2,0
9930,12,2,11,2,12,0,1,1,2,2,1
9931,9,4,11,2,12,0,1,1,3,2,0
9932,5,5,11,4,4,3,1,1,2,2,0
9933,8,4,11,2,3,0,1,1,2,2,1
9934,7,4,12,2,4,5,1,0,2,2,0
9935,13,4,12,2,6,0,1,1,3,2,1
9936,13,7,12,2,10,0,1,1,2,2,1
9937,8,4,15,2,8,0,0,1,2,2,1
9938,6,4,12,2,4,0,1,1,2,2,0
9939,5,4,14,4,3,1,1,1,2,2,0
9940,6,4,15,2,4,0,1,1,2,1,1
9941,7,7,15,2,4,0,1,1,2,2,1
9942,5,4,9,4,1,3,1,0,2,2,0
9943,6,4,15,2,1,0,0,1,2,2,0
9944,7,4,11,6,8,4,1,0,1,2,0
9945,7,4,0,2,14,0,1,1,3,2,0
9946,12,4,14,0,10,4,0,0,2,2,0
9947,8,2,7,0,4,4,1,1,0,2,0
9948,7,4,15,2,7,0,1,1,2,2,0
9949,3,6,15,4,3,4,1,0,1,2,0
9950,3,0,9,4,0,3,1,1,0,2,0
9951,9,4,15,2,3,0,1,1,2,2,0
9952,4,4,11,4,1,1,1,0,1,2,0
9953,8,6,9,0,12,1,1,0,1,0,0
9954,8,4,11,0,7,4,1,0,2,2,0
9955,5,0,15,4,0,1,1,0,2,2,0
9956,7,6,15,4,1,3,1,1,1,2,0
9957,11,7,15,2,10,0,1,1,3,2,0
9958,7,4,9,2,12,0,1,1,2,2,0
9959,6,2,11,0,4,1,1,0,2,2,0
9960,6,4,7,2,4,0,1,1,3,2,1
9961,7,6,5,4,3,1,1,1,1,2,0
9962,9,6,15,0,13,4,1,0,2,2,0
9963,6,6,15,2,12,0,1,1,1,2,1
9964,4,4,9,6,1,1,1,0,2,1,0
9965,12,7,12,4,10,2,1,1,2,2,0
9966,5,2,9,4,10,2,1,0,2,2,0
9967,5,6,15,4,12,1,0,1,2,2,0
9968,3,4,8,4,13,3,1,0,2,2,0
9969,8,4,12,2,2,0,1,1,1,2,0
9970,10,4,12,0,4,1,0,0,3,2,0
9971,6,2,12,2,6,0,1,1,2,2,1
9972,14,4,15,2,14,1,1,1,2,2,1
9973,7,4,15,2,4,0,0,1,2,2,1
9974,11,4,9,4,12,1,1,1,2,2,0
9975,4,6,9,6,10,1,0,0,2,2,0
9976,5,4,11,4,14,1,1,1,3,2,0
9977,10,4,5,2,10,5,1,0,2,2,0
9978,4,4,11,4,14,1,1,1,2,2,0
9979,9,4,0,2,4,0,1,1,2,2,1
9980,8,4,15,2,1,0,1,1,2,2,0
9981,5,4,15,4,3,4,0,0,2,2,0
9982,7,1,15,5,4,1,1,1,3,2,0
9983,9,4,9,4,1,3,1,0,2,2,0
9984,9,4,11,0,3,1,1,0,2,2,0
9985,11,4,9,2,10,0,1,1,2,2,1
9986,11,4,9,3,10,0,1,1,2,2,0
9987,3,4,15,4,12,3,1,0,2,2,0
9988,6,4,0,3,7,5,1,0,2,2,0
9989,4,4,11,4,7,3,1,0,2,2,0
9990,9,4,11,2,7,0,1,1,2,2,1
9991,8,4,11,0,6,1,1,0,2,2,0
9992,5,4,15,4,12,1,1,1,2,2,0
9993,4,4,15,4,12,3,1,0,1,2,0
9994,12,4,9,2,10,0,1,1,2,2,0
9995,11,3,15,6,13,1,1,1,2,2,0
9996,3,4,9,4,12,1,1,1,2,2,0
9997,4,4,11,4,8,4,1,0,2,2,0
9998,5,4,9,2,4,0,1,1,2,2,1
9999,7,4,11,2,5,0,1,1,1,2,0
10000,6,4,11,2,6,0,0,1,2,2,0
10001,4,6,9,4,13,2,1,0,2,2,0
10002,5,4,11,4,14,1,0,1,3,2,0
10003,11,7,11,2,10,0,1,1,1,2,0
10004,3,6,11,4,1,2,1,0,2,2,0
10005,6,4,4,2,3,0,1,1,2,2,0
10006,6,4,7,2,11,0,0,1,1,2,0
10007,7,4,4,4,12,1,1,1,2,2,0
10008,6,4,15,4,14,3,1,1,2,2,0
10009,9,7,11,0,1,4,0,0,1,2,0
10010,5,4,11,4,3,3,1,0,3,2,0
10011,9,4,9,2,10,5,1,0,2,2,1
10012,7,4,15,4,1,1,0,0,2,2,0
10013,6,4,15,4,1,2,1,1,2,2,0
10014,8,0,1,2,0,5,1,0,0,2,0
10015,7,2,9,2,1,5,1,0,2,2,0
10016,8,4,15,4,8,1,1,0,2,2,0
10017,6,4,11,2,12,0,1,1,3,2,1
10018,3,4,11,4,12,3,1,0,2,2,0
10019,5,4,11,2,12,0,1,1,2,2,0
10020,6,4,11,4,8,1,1,0,2,0,0
10021,6,4,15,2,12,0,1,1,2,2,0
10022,4,4,15,2,12,0,0,1,2,2,1
10023,7,4,2,2,12,5,1,0,2,2,0
10024,4,4,0,4,7,4,1,1,2,2,0
10025,10,2,9,2,10,0,1,1,3,2,1
10026,6,4,7,4,1,1,1,0,2,2,0
10027,8,4,11,3,8,5,0,0,2,2,0
10028,12,7,15,2,1,5,1,0,2,2,0
10029,4,4,15,4,8,3,1,0,2,2,0
10030,4,4,15,4,1,4,1,0,2,2,0
10031,8,4,9,2,12,0,1,1,1,2,1
10032,7,6,15,2,12,4,1,0,2,2,1
10033,10,4,11,6,3,1,1,1,3,2,0
10034,15,5,11,6,1,1,0,0,2,2,0
10035,4,2,12,4,5,3,1,0,2,2,0
10036,4,4,11,2,1,0,1,1,1,2,1
10037,7,4,11,4,1,4,1,0,0,2,0
10038,9,4,12,2,12,0,1,1,3,2,1
10039,6,4,11,2,7,0,1,1,2,2,1
10040,8,7,12,2,9,0,0,1,1,2,1
10041,11,6,11,2,5,0,1,1,2,2,1
10042,7,4,14,0,10,1,1,1,1,2,0
10043,9,4,15,5,4,4,1,0,2,2,0
10044,4,6,14,4,3,3,1,1,2,2,0
10045,9,4,8,4,1,1,1,0,1,2,0
10046,3,4,0,4,3,1,1,1,2,2,0
10047,11,0,15,2,0,0,1,1,1,2,0
10048,3,5,8,4,4,3,1,1,3,2,0
10049,5,4,11,4,3,1,1,1,2,2,0
10050,8,5,11,4,5,1,0,1,2,2,0
10051,8,6,11,2,5,0,1,1,3,2,1
10052,8,1,11,2,14,0,1,1,2,2,0
10053,8,4,11,2,4,0,1,1,4,2,0
10054,6,2,11,2,6,0,1,1,3,2,0
10055,3,4,11,4,3,3,1,1,2,2,0
10056,9,6,8,2,10,0,1,1,2,2,0
10057,6,4,15,4,8,3,1,1,2,2,0
10058,8,4,15,2,4,0,1,1,2,2,1
10059,6,2,10,0,10,1,1,1,2,2,0
10060,7,4,9,2,4,0,1,1,2,2,1
10061,3,5,1,4,0,3,1,1,2,2,0
10062,13,4,11,5,12,1,1,0,2,2,0
10063,8,4,11,2,12,0,1,1,3,2,1
10064,7,4,9,2,10,0,1,1,2,2,0
10065,7,4,11,2,3,0,1,1,2,2,1
10066,7,7,9,4,10,1,1,1,2,2,0
10067,8,0,11,0,0,4,1,1,0,2,0
10068,5,6,2,4,8,2,1,1,1,2,0
10069,11,6,15,2,13,0,1,1,1,2,0
10070,7,1,11,2,14,0,1,1,2,2,0
10071,8,4,11,4,12,1,1,0,1,2,0
10072,7,4,9,2,4,0,1,1,3,2,1
10073,5,2,9,4,1,1,1,0,1,1,0
10074,5,4,9,4,12,3,1,0,2,2,0
10075,7,4,14,6,10,1,1,0,2,2,0
10076,5,2,11,2,11,0,1,1,2,2,1
10077,7,4,11,2,14,0,1,1,2,2,0
10078,6,4,11,0,5,4,1,0,2,2,0
10079,11,6,11,2,5,0,1,1,2,2,1
10080,5,4,11,2,10,0,1,1,2,2,0
10081,9,4,11,2,12,0,0,1,4,2,0
10082,5,4,11,4,8,1,1,0,2,2,0
10083,11,4,11,2,7,0,1,1,2,2,1
10084,5,6,9,4,10,3,1,1,1,2,0
10085,5,2,12,2,6,0,1,1,1,1,0
10086,6,7,15,2,1,3,1,0,2,1,1
10087,10,0,9,2,0,0,1,1,0,2,0
10088,5,6,7,4,4,3,1,1,2,2,0
10089,7,4,12,4,4,3,1,1,2,0,0
10090,8,6,5,2,3,0,1,1,2,2,0
10091,8,4,9,2,10,0,1,1,2,2,0
10092,12,4,12,5,4,4,1,0,1,2,0
10093,13,4,11,2,4,0,1,1,2,2,0
10094,12,4,15,5,10,4,1,0,2,2,0
10095,3,7,2,4,8,3,1,1,1,2,0
10096,4,4,6,4,3,3,0,1,2,2,0
10097,4,4,11,4,6,3,1,1,1,2,0
10098,8,4,11,2,1,5,1,0,2,2,1
10099,7,1,0,4,7,1,0,1,2,2,0
10100,5,4,11,2,3,0,1,1,2,2,0
10101,5,5,11,4,5,1,1,1,2,2,0
10102,3,4,9,4,10,3,1,0,2,2,0
10103,4,4,15,2,4,0,1,1,2,2,0
10104,7,4,15,4,6,3,1,1,2,2,0
10105,8,4,2,2,14,0,1,1,2,2,0
10106,7,4,11,2,6,5,0,0,2,2,1
10107,9,4,11,0,1,1,0,0,1,2,0
10108,6,4,11,4,8,3,1,0,1,2,0
10109,8,7,10,2,10,0,1,1,2,2,1
10110,8,4,0,0,7,4,1,0,4,2,0
10111,4,5,9,4,10,3,1,0,2,2,0
10112,12,4,9,6,12,1,1,1,2,2,0
10113,12,4,9,2,8,0,1,1,1,2,0
10114,9,4,11,4,12,1,1,0,2,2,0
10115,5,0,9,4,0,3,0,1,0,2,1
10116,12,4,15,2,10,0,1,1,1,2,0
10117,11,4,11,2,7,0,1,1,2,2,1
10118,8,4,11,2,3,0,1,1,2,2,1
10119,9,4,15,4,10,3,1,0,3,2,0
10120,7,6,15,4,4,1,1,0,2,2,0
10121,8,4,11,2,4,0,1,1,2,0,1
10122,11,4,8,6,3,1,1,1,2,2,0
10123,5,4,11,4,12,3,1,1,3,1,0
10124,6,4,11,4,14,1,1,1,2,2,0
10125,10,4,11,0,8,1,1,0,0,2,0
10126,8,4,11,0,3,1,1,1,2,2,0
10127,7,4,14,2,10,0,0,1,2,2,1
10128,11,4,11,2,1,0,0,1,2,2,0
10129,9,2,2,2,6,0,1,1,2,0,1
10130,9,4,11,2,12,5,1,0,4,2,1
10131,9,4,2,2,6,0,1,1,2,2,0
10132,7,4,15,2,1,5,0,0,1,2,0
10133,7,4,11,0,3,1,1,1,2,2,0
10134,4,4,14,4,10,1,1,1,2,2,0
10135,6,2,11,4,1,3,0,1,2,2,0
10136,12,5,6,2,5,0,1,1,2,2,1
10137,13,4,7,2,12,0,1,1,2,2,1
10138,9,2,9,2,10,0,1,1,1,2,0
10139,4,4,11,4,3,1,1,0,2,2,0
10140,6,2,14,2,10,0,0,1,1,2,0
10141,8,1,15,2,3,0,0,1,1,2,0
10142,4,4,12,4,1,2,1,0,0,1,0
10143,6,4,14,4,3,1,0,1,2,2,0
10144,8,4,6,2,8,0,0,1,1,2,0
10145,5,4,9,4,7,1,1,1,4,2,0
10146,5,4,11,4,3,1,1,0,2,2,0
10147,5,2,7,4,11,1,0,1,2,2,0
10148,11,2,11,2,1,0,0,1,2,2,1
10149,4,4,15,4,10,1,1,0,2,2,0
10150,13,4,9,2,4,0,0,1,2,2,0
10151,9,6,8,4,10,1,1,1,2,2,0
10152,6,6,1,0,8,1,1,0,2,2,0
10153,5,4,10,4,10,3,1,1,2,2,0
10154,7,4,11,2,8,3,1,1,2,2,1
10155,7,2,11,2,3,0,1,1,2,2,0
10156,12,4,9,2,10,0,1,1,0,2,0
10157,7,4,8,5,13,0,1,1,2,0,0
10158,3,4,11,4,7,3,1,1,2,2,0
10159,6,4,15,4,10,1,0,1,1,2,0
10160,10,4,12,2,12,0,0,1,1,2,0
10161,6,4,9,4,8,4,1,0,1,2,0
10162,10,4,9,2,12,0,1,1,4,2,0
10163,11,2,12,2,10,0,0,1,2,2,0
10164,6,4,4,3,8,4,1,0,1,2,0
10165,5,4,0,4,7,1,1,1,2,2,0
10166,8,0,15,2,0,0,0,1,2,2,0
10167,5,4,15,4,6,3,0,1,3,2,0
10168,10,4,12,2,12,0,1,1,2,2,0
10169,4,4,9,4,12,1,1,0,1,2,0
10170,5,6,11,4,13,3,1,1,2,2,0
10171,4,0,11,5,0,0,1,1,1,2,0
10172,3,4,11,4,3,1,1,1,3,2,0
10173,4,4,11,4,4,3,1,1,2,2,0
10174,7,4,11,4,14,1,1,1,3,2,0
10175,10,6,11,0,12,1,1,0,3,2,0
10176,4,6,15,4,3,1,1,1,2,2,0
10177,15,1,11,0,14,4,1,1,2,2,0
10178,5,7,15,4,10,2,1,0,2,2,0
10179,4,4,15,4,12,1,1,1,2,2,0
10180,9,4,11,2,7,0,0,1,2,2,1
10181,4,2,15,5,10,1,1,1,0,2,0
10182,5,4,11,2,3,0,1,1,2,2,1
10183,7,4,9,2,4,0,1,1,3,2,0
10184,12,4,8,2,3,0,1,1,2,2,1
10185,13,4,15,6,12,1,0,1,3,2,0
10186,9,4,9,2,6,0,1,1,2,2,1
10187,6,4,5,4,2,3,0,0,2,2,0
10188,10,2,0,2,6,0,1,1,2,2,0
10189,4,4,15,6,10,4,1,0,1,2,0
10190,8,4,0,0,3,1,1,1,2,2,0
10191,7,4,8,0,3,4,1,1,2,2,0
10192,6,4,15,2,14,0,1,1,2,0,1
10193,5,4,9,4,6,1,1,1,3,2,0
10194,5,4,11,2,7,0,1,1,4,2,0
10195,6,4,9,2,10,0,0,1,2,2,1
10196,7,4,15,2,8,0,0,1,1,2,1
10197,6,4,9,2,12,5,1,0,2,2,0
10198,6,1,0,2,7,0,1,1,2,2,1
10199,4,2,9,4,11,1,0,1,2,2,0
10200,9,4,11,2,3,0,1,1,2,2,0
10201,7,4,9,2,10,0,1,1,2,2,1
10202,11,4,11,3,12,1,1,1,2,2,0
10203,8,4,15,2,12,0,1,1,2,2,0
10204,10,6,6,2,5,0,1,1,3,2,0
10205,6,4,11,4,8,1,1,0,2,2,0
10206,7,0,7,2,0,0,1,1,2,2,0
10207,5,4,11,4,3,3,1,1,2,4,0
10208,4,5,9,4,10,4,1,0,2,2,0
10209,6,4,9,2,1,0,1,1,0,2,0
10210,4,2,8,4,14,1,1,1,2,2,0
10211,4,4,15,6,1,3,1,0,2,2,0
10212,10,0,1,2,0,0,1,1,2,2,1
10213,6,4,11,2,3,0,1,1,2,2,0
10214,11,7,11,2,4,1,1,1,4,2,1
10215,5,4,11,2,4,0,1,1,2,2,0
10216,7,2,8,2,11,0,0,1,2,0,0
10217,4,6,15,4,12,1,1,1,0,2,0
10218,5,4,7,4,14,1,1,1,2,2,0
10219,8,4,1,2,3,0,1,1,2,2,0
10220,6,7,9,4,12,3,1,0,0,2,0
10221,11,4,1,2,3,0,1,1,2,2,0
10222,4,7,15,4,1,1,0,0,2,2,0
10223,8,4,11,2,7,0,1,1,2,2,0
10224,9,2,15,4,10,3,1,1,3,2,0
10225,8,4,11,0,4,1,1,1,1,2,0
10226,6,4,11,0,6,4,0,1,2,0,0
10227,4,4,11,5,8,3,1,0,2,2,0
10228,5,4,11,2,5,0,1,1,1,2,0
10229,7,7,15,2,4,0,1,1,3,2,1
10230,13,4,9,5,4,4,1,1,2,2,0
10231,11,2,7,2,4,0,1,1,2,2,0
10232,8,4,11,1,3,0,1,1,2,2,1
10233,8,4,15,2,13,5,1,0,2,2,0
10234,5,4,9,2,10,0,1,1,2,2,1
10235,9,4,11,2,14,0,1,1,2,2,0
10236,7,5,11,2,5,5,1,0,1,2,0
10237,5,6,8,4,12,1,1,0,4,2,0
10238,13,4,11,2,1,5,0,0,2,2,1
10239,4,4,1,4,7,1,1,1,2,2,0
10240,10,4,15,2,4,5,1,0,2,2,1
10241,8,4,15,4,7,1,1,1,2,2,0
10242,6,0,4,2,6,0,1,1,2,2,1
10243,11,5,6,0,0,1,1,0,0,2,0
10244,4,5,14,4,1,1,1,0,2,2,0
10245,4,1,11,4,1,4,1,0,2,2,0
10246,8,5,6,2,5,0,1,1,2,2,1
10247,10,2,0,2,6,0,1,1,3,2,0
10248,10,4,12,2,10,0,1,1,2,2,0
10249,4,6,9,4,12,4,1,0,2,2,0
10250,5,4,11,4,12,1,0,0,1,2,0
10251,4,4,11,4,7,1,1,1,2,2,0
10252,3,5,7,4,4,1,0,1,3,2,0
10253,8,4,7,2,1,0,1,1,2,2,1
10254,3,4,15,4,10,4,1,0,1,2,0
10255,7,4,11,0,1,4,0,0,2,2,0
10256,10,4,15,0,6,4,0,1,2,2,0
10257,9,2,5,2,11,0,1,1,2,2,0
10258,9,2,5,2,11,0,0,1,2,2,1
10259,8,4,11,0,8,1,1,1,2,2,0
10260,4,4,7,4,12,1,1,0,4,2,0
10261,4,4,15,4,7,1,1,0,2,2,0
10262,6,2,14,4,10,1,0,0,1,2,0
10263,5,4,11,4,3,1,1,1,2,2,0
10264,11,4,7,2,12,0,0,1,2,2,0
10265,9,6,15,4,1,1,1,0,1,0,0
10266,11,5,15,1,10,5,0,0,2,2,0
10267,8,4,15,0,1,4,1,0,2,2,0
10268,4,4,1,6,14,1,0,1,2,2,0
10269,7,6,11,2,3,0,1,1,2,2,1
10270,10,4,9,2,8,0,1,1,2,2,1
10271,4,4,0,4,3,3,1,1,1,2,0
10272,10,7,10,2,10,5,0,0,1,2,0
10273,5,4,11,4,8,3,1,0,2,2,0
10274,7,4,11,2,3,0,1,1,2,2,0
10275,9,4,4,2,14,0,0,1,2,2,1
10276,10,4,11,2,14,0,1,1,1,2,1
10277,8,6,7,2,12,0,1,1,1,2,0
10278,7,4,10,6,10,1,1,1,1,2,0
10279,7,5,11,2,4,0,0,1,4,2,0
10280,15,2,15,2,12,0,1,1,2,2,0
10281,7,4,9,5,10,3,1,1,1,2,0
10282,5,4,15,2,14,0,1,1,3,2,1
10283,4,1,11,4,4,3,1,1,2,2,0
10284,12,0,11,2,0,5,1,0,0,2,1
10285,6,4,11,4,8,1,1,1,2,1,0
10286,9,0,9,2,0,0,1,1,2,2,0
10287,8,5,15,5,1,1,0,1,2,2,0
10288,5,7,9,4,10,3,1,0,1,2,0
10289,10,4,15,2,1,0,1,1,1,2,1
10290,12,2,9,4,10,2,1,0,0,2,0
10291,5,4,11,2,1,0,0,1,2,1,0
10292,12,4,9,0,12,1,1,1,2,2,0
10293,10,4,9,6,10,4,1,0,2,2,0
10294,7,4,11,2,4,0,1,1,2,2,0
10295,8,4,11,2,8,0,1,1,2,2,0
10296,11,6,5,2,3,0,1,1,2,2,0
10297,4,4,5,6,3,1,1,1,2,2,1
10298,10,4,10,2,10,0,1,1,1,2,0
10299,17,4,15,6,1,3,1,0,2,2,0
10300,9,0,11,2,12,0,0,1,2,2,0
10301,9,4,11,4,14,3,1,1,3,2,0
10302,8,4,7,4,10,1,1,1,2,2,0
10303,10,4,9,0,8,1,1,0,2,2,0
10304,8,4,11,2,7,0,1,1,2,2,0
10305,8,4,15,2,12,0,1,1,2,2,0
10306,8,5,9,2,10,0,1,1,1,2,0
10307,4,4,9,4,1,1,1,0,2,2,0
10308,4,4,0,4,7,4,1,0,2,2,0
10309,6,4,15,1,3,1,1,1,2,2,0
10310,6,2,9,1,1,4,1,0,2,2,1
10311,7,7,6,2,10,0,1,1,2,2,1
10312,7,4,15,2,4,0,1,1,1,2,1
10313,10,7,15,2,8,5,1,0,2,2,1
10314,5,4,10,4,10,2,0,0,2,3,1
10315,5,4,1,4,7,1,1,0,2,2,0
10316,3,4,1,4,14,3,1,1,2,2,0
10317,5,4,11,0,3,4,1,1,2,2,0
10318,7,4,11,0,3,1,1,1,2,2,0
10319,7,4,11,0,4,4,1,0,4,2,0
10320,4,4,11,4,4,3,1,1,2,2,0
10321,8,1,4,0,14,4,1,1,2,2,0
10322,12,4,11,2,3,0,1,1,2,2,0
10323,5,4,0,4,6,1,0,1,2,2,0
10324,4,4,11,4,7,1,1,1,2,2,0
10325,9,1,11,0,4,2,1,0,2,2,0
10326,4,4,11,4,13,4,1,0,2,2,0
10327,7,4,7,3,12,1,1,0,3,2,1
10328,12,4,11,2,14,0,1,1,2,2,0
10329,4,4,10,4,10,1,0,1,2,2,0
10330,9,4,8,2,14,0,1,1,2,2,0
10331,7,4,11,2,1,0,1,1,1,2,0
10332,8,4,15,2,3,0,1,1,2,2,1
10333,8,4,0,2,6,0,1,1,2,2,0
10334,7,4,1,1,12,1,0,1,2,2,0
10335,6,0,5,2,0,0,1,1,0,2,0
10336,10,4,15,2,3,0,1,1,2,2,1
10337,4,4,15,6,8,4,0,0,2,2,0
10338,8,4,15,0,13,1,1,0,2,2,0
10339,10,4,10,2,14,0,1,1,1,2,1
10340,8,4,8,4,1,3,1,1,2,2,0
10341,6,4,11,4,3,4,1,0,2,2,0
10342,4,4,0,4,14,2,0,0,2,2,0
10343,5,4,1,4,14,2,0,1,2,2,0
10344,10,7,11,4,1,4,1,0,0,2,0
10345,8,4,9,2,1,5,0,0,2,2,0
10346,5,4,7,4,12,1,1,0,2,2,0
10347,4,4,11,6,7,4,0,1,2,2,0
10348,7,0,15,0,4,4,1,0,2,2,0
10349,8,6,15,4,5,4,1,0,3,2,0
10350,9,6,7,2,3,0,1,1,2,2,1
10351,15,4,11,6,1,1,1,0,2,2,0
10352,6,4,1,2,12,0,1,1,2,2,1
10353,9,4,11,0,7,4,1,0,2,2,0
10354,12,5,15,2,4,0,1,1,2,2,1
10355,4,4,11,4,1,4,0,0,0,2,0
10356,9,4,11,2,8,0,1,1,2,2,1
10357,5,4,9,4,4,1,1,1,2,2,0
10358,9,4,15,0,8,4,0,0,1,2,0
10359,6,1,11,0,14,1,1,1,2,2,0
10360,5,4,15,2,5,0,1,1,2,2,0
10361,7,4,11,0,12,4,1,0,2,0,0
10362,6,2,11,0,6,1,1,1,2,2,0
10363,6,4,11,4,8,1,1,1,2,2,0
10364,10,2,15,2,11,0,0,1,2,2,0
10365,8,4,9,2,13,0,1,1,2,2,1
10366,18,6,11,6,5,1,1,1,3,2,0
10367,10,6,11,2,8,0,1,1,2,2,1
10368,4,4,9,4,12,3,1,0,1,2,0
10369,7,4,9,2,6,0,1,1,2,2,0
10370,5,0,9,4,0,1,1,1,0,4,0
10371,6,4,9,2,8,0,0,1,2,2,0
10372,6,4,11,2,6,0,0,1,2,2,1
10373,6,4,15,0,4,1,1,0,2,2,1
10374,3,4,11,4,14,1,1,1,1,2,0
10375,7,4,15,5,3,0,1,1,2,2,0
10376,6,5,9,2,4,0,1,1,3,2,0
10377,6,4,11,0,4,1,1,1,2,2,0
10378,3,4,13,4,13,1,1,0,2,2,0
10379,7,1,11,5,14,1,1,1,2,2,0
10380,7,6,15,2,3,0,1,1,2,2,1
10381,7,6,9,2,12,0,1,1,3,2,0
10382,11,6,11,3,12,1,1,0,4,2,0
10383,8,0,11,2,0,5,1,0,2,2,0
10384,4,4,0,2,13,5,0,0,2,2,1
10385,6,4,0,0,6,1,0,1,2,1,0
10386,7,4,15,2,6,0,0,1,2,0,0
10387,5,5,9,2,4,0,1,1,2,2,0
10388,9,4,11,2,6,0,0,1,2,2,0
10389,7,4,1,4,13,3,0,1,2,2,0
10390,7,4,7,2,3,0,0,1,2,2,1
10391,5,4,15,4,4,1,1,0,2,2,0
10392,7,4,11,6,1,4,1,0,1,2,0
10393,3,4,12,4,6,3,1,1,1,3,1
10394,5,6,9,4,8,1,1,1,1,2,0
10395,6,4,15,0,1,4,1,0,1,2,0
10396,4,4,11,4,5,1,1,1,2,2,0
10397,12,4,9,2,12,5,1,0,2,2,0
10398,4,4,11,4,14,1,0,1,2,2,0
10399,6,0,5,0,0,1,1,0,0,2,0
10400,3,4,9,4,10,1,1,0,2,3,0
10401,7,4,5,4,3,1,1,1,3,2,0
10402,9,4,0,2,8,0,0,1,2,2,0
10403,4,2,8,4,10,1,1,1,3,2,0
10404,11,4,1,2,12,5,1,0,2,2,1
10405,5,4,11,4,1,4,0,0,1,2,0
10406,3,4,11,4,1,1,1,0,2,2,0
10407,10,2,12,2,6,0,1,1,3,2,1
10408,7,4,15,6,12,3,0,1,2,2,0
10409,7,5,11,4,0,1,1,1,1,2,0
10410,6,4,15,4,3,1,1,1,2,2,0
10411,13,4,11,2,1,5,1,0,2,2,0
10412,4,6,11,4,12,3,0,1,2,2,1
10413,7,4,11,0,4,4,1,0,3,2,0
10414,6,4,11,2,7,0,1,1,4,2,1
10415,9,4,6,2,8,4,1,0,2,2,0
10416,12,4,11,2,8,0,1,1,2,2,1
10417,7,4,10,0,10,4,1,1,2,2,0
10418,6,5,11,3,0,1,1,1,0,2,0
10419,9,4,11,0,8,1,1,0,0,2,0
10420,5,1,11,2,14,0,1,1,1,2,0
10421,11,4,11,2,12,0,1,1,0,2,0
10422,8,4,15,2,7,0,1,1,2,2,0
10423,4,4,9,4,4,1,1,1,2,2,0
10424,10,4,9,2,12,0,1,1,1,2,0
10425,8,4,15,2,8,5,1,0,1,2,0
10426,6,4,2,2,8,1,0,1,1,2,0
10427,3,6,15,4,3,3,1,1,2,2,0
10428,10,4,11,6,3,3,1,1,2,2,0
10429,13,4,11,2,3,4,1,1,2,2,1
10430,6,7,15,0,1,4,1,0,0,2,0
10431,7,4,0,1,7,5,1,0,2,2,1
10432,4,6,11,0,3,1,1,1,2,2,0
10433,6,4,9,0,10,3,1,0,2,2,0
10434,3,1,12,4,10,3,1,1,2,2,0
10435,11,4,9,6,12,4,1,1,2,2,0
10436,4,0,15,2,0,0,1,1,1,2,0
10437,9,4,15,2,3,0,0,1,2,2,0
10438,9,4,14,4,10,4,1,0,1,2,0
10439,7,4,1,0,7,1,0,0,2,2,0
10440,7,4,11,2,14,0,1,1,2,2,0
10441,6,4,8,2,3,0,1,1,2,2,0
10442,5,4,11,2,3,0,1,1,2,2,0
10443,9,6,9,0,8,1,1,1,0,2,0
10444,6,4,9,4,12,1,0,1,1,2,0
10445,6,4,11,0,1,1,1,0,1,2,0
10446,6,4,14,4,10,3,1,1,2,2,0
10447,5,4,0,0,7,4,1,0,2,2,0
10448,3,5,9,4,0,3,1,1,2,2,0
10449,8,4,4,2,13,0,1,1,0,2,1
10450,6,4,12,4,6,3,1,1,2,2,0
10451,7,4,13,2,14,0,1,1,2,2,0
10452,9,4,11,4,12,3,1,0,2,2,0
10453,5,4,15,2,4,0,1,1,2,2,1
10454,4,4,11,4,7,3,1,0,2,2,0
10455,4,4,11,4,8,1,0,0,1,2,0
10456,8,6,11,2,3,0,1,1,2,2,0
10457,9,4,15,0,8,4,1,0,0,2,1
10458,4,4,15,4,10,1,1,1,2,2,0
10459,9,4,12,0,10,1,0,1,2,2,0
10460,8,4,12,2,4,0,1,1,4,2,1
10461,5,7,15,2,11,0,0,1,2,2,1
10462,3,4,8,4,14,1,1,1,2,2,0
10463,7,4,11,2,7,5,0,0,2,2,1
10464,8,4,11,2,4,0,1,1,2,2,0
10465,7,4,11,0,12,1,1,1,2,2,0
10466,6,2,8,2,10,0,1,1,2,2,0
10467,6,4,11,2,3,0,1,1,2,2,1
10468,5,4,1,2,5,0,1,1,3,2,0
10469,8,4,0,4,7,1,1,0,2,2,0
10470,8,4,9,4,8,3,0,1,0,0,0
10471,5,7,5,4,10,1,1,0,2,2,0
10472,8,2,10,2,10,0,1,1,1,2,0
10473,11,6,15,6,1,1,1,0,2,2,0
10474,9,2,12,2,10,0,1,1,1,0,1
10475,6,4,1,2,12,0,1,1,1,2,0
10476,3,4,11,4,7,3,1,0,2,4,0
10477,7,4,0,2,7,5,1,0,2,2,1
10478,10,5,0,0,7,1,0,1,2,2,0
10479,6,4,15,0,12,1,1,0,2,2,0
10480,8,6,11,2,3,0,1,1,2,2,1
10481,11,4,15,0,1,2,1,0,2,2,0
10482,5,4,14,2,14,0,1,1,2,2,0
10483,10,4,15,2,8,1,1,0,2,2,0
10484,7,4,11,5,1,4,1,0,2,2,0
10485,8,4,11,0,14,1,1,1,1,2,0
10486,12,4,15,2,6,0,0,1,2,2,0
10487,7,4,11,2,14,0,1,1,2,2,0
10488,10,7,14,2,10,0,1,1,2,2,0
10489,6,4,10,1,10,1,1,0,2,3,1
10490,6,4,11,2,4,0,1,1,2,0,1
10491,4,4,11,0,8,4,1,0,2,2,0
10492,8,0,11,2,12,0,1,1,2,2,0
10493,9,4,11,2,3,0,0,1,2,2,0
10494,7,4,15,2,3,2,1,1,2,0,0
10495,6,2,9,2,10,0,1,1,2,2,1
10496,4,4,15,0,12,4,0,1,2,2,0
10497,12,4,7,2,12,0,1,1,2,2,0
10498,13,2,15,5,2,1,0,1,1,2,0
10499,4,4,7,4,4,1,1,0,2,2,0
10500,8,4,11,0,1,3,1,0,2,2,0
10501,11,2,9,6,10,4,1,0,0,2,0
10502,9,1,15,0,1,1,1,0,3,2,1
10503,9,4,12,0,1,1,1,0,1,0,0
10504,6,4,15,3,8,5,1,0,2,2,1
10505,8,4,12,1,4,1,1,1,2,2,0
10506,4,4,11,5,14,1,1,1,2,2,0
10507,6,4,15,4,4,2,1,0,2,2,0
10508,15,4,9,6,10,4,1,0,2,2,0
10509,9,4,9,2,4,5,1,0,2,2,1
10510,4,4,11,4,3,1,1,1,2,2,0
10511,3,4,1,4,8,1,0,0,2,2,0
10512,12,4,11,2,11,0,0,1,2,2,0
10513,6,6,11,2,3,0,1,1,1,2,1
10514,6,4,9,4,8,3,0,0,2,2,0
10515,6,0,11,2,6,0,1,1,2,2,1
10516,13,2,9,2,10,0,1,1,3,2,1
10517,7,4,15,4,3,3,1,1,2,2,0
10518,11,0,6,2,0,0,1,1,0,2,1
10519,5,4,5,2,11,0,1,1,2,2,0
10520,9,4,12,2,10,0,1,1,1,0,1
10521,8,4,9,4,10,4,1,0,2,2,0
10522,9,4,7,2,1,0,0,1,1,2,1
10523,11,4,9,2,13,5,1,0,1,2,1
10524,10,4,9,2,4,0,1,1,2,2,1
10525,12,4,11,2,7,0,1,1,4,2,1
10526,3,4,13,4,14,1,1,1,1,2,0
10527,7,4,12,2,4,0,1,1,2,2,1
10528,6,1,14,4,10,3,1,1,3,2,0
10529,6,4,15,4,12,1,1,1,4,2,0
10530,12,4,11,2,1,0,1,1,1,2,0
10531,11,4,2,0,6,1,1,1,2,2,0
10532,7,4,15,2,4,0,1,1,2,2,0
10533,6,4,15,2,1,3,1,0,2,2,0
10534,5,4,15,4,4,3,1,0,2,2,0
10535,8,4,15,4,8,1,1,0,0,2,0
10536,4,6,11,4,10,3,1,0,1,2,0
10537,3,4,0,4,7,4,1,0,2,2,0
10538,5,4,11,2,4,0,0,1,2,2,0
10539,9,0,15,2,0,0,1,1,2,2,0
10540,7,6,11,2,3,0,1,1,2,2,0
10541,6,5,15,4,3,1,1,1,2,2,0
10542,6,4,15,0,8,1,0,1,1,2,0
10543,4,4,9,4,8,1,0,1,2,2,0
10544,8,6,14,2,3,0,1,1,2,2,0
10545,8,2,15,4,1,3,1,0,1,2,0
10546,11,7,15,2,8,5,1,0,0,2,0
10547,7,4,11,2,3,0,1,1,2,2,1
10548,11,4,9,2,13,0,1,1,2,2,0
10549,5,6,9,6,4,1,1,1,4,2,0
10550,8,4,9,2,8,5,1,0,1,2,1
10551,6,4,6,4,5,1,1,0,2,2,0
10552,6,4,8,4,3,3,0,1,2,2,0
10553,12,0,6,2,0,0,1,1,1,2,1
10554,11,4,15,2,12,0,1,1,1,2,1
10555,3,4,9,4,4,2,1,0,2,2,1
10556,10,0,1,2,0,0,1,1,0,2,1
10557,8,2,9,2,11,0,0,1,2,2,0
10558,9,4,11,0,3,1,1,1,2,2,0
10559,5,4,15,4,12,4,0,0,2,2,0
10560,9,4,11,5,8,1,1,0,2,2,0
10561,7,0,6,2,0,0,1,1,1,2,0
10562,7,4,15,2,8,0,1,1,2,2,0
10563,7,4,15,0,1,4,1,0,1,2,0
10564,10,4,15,2,3,0,1,1,2,2,0
10565,11,4,11,2,12,0,1,1,2,2,0
10566,8,4,11,2,3,0,1,1,2,2,1
10567,10,2,11,2,1,0,1,1,1,2,0
10568,13,4,12,5,10,1,1,1,2,2,0
10569,10,4,9,0,4,4,1,1,2,2,0
10570,5,4,0,2,14,0,1,1,1,2,0
10571,4,4,1,4,8,1,0,1,2,2,0
10572,13,4,9,2,10,0,1,1,2,2,1
10573,11,4,11,2,3,0,1,1,2,2,0
10574,4,4,10,4,10,4,1,0,1,2,1
10575,4,6,12,4,4,1,1,1,2,2,0
10576,10,4,1,2,14,0,1,1,2,2,0
10577,9,4,11,2,14,0,1,1,2,2,0
10578,11,6,11,3,8,0,0,1,2,2,0
10579,6,4,0,4,2,1,1,0,1,2,0
10580,8,6,5,2,3,0,1,1,2,2,0
10581,5,4,15,2,1,5,1,0,1,2,0
10582,9,4,14,2,3,0,1,1,2,2,1
10583,7,2,15,2,1,0,1,1,1,2,0
10584,4,4,14,4,14,3,1,1,2,2,0
10585,4,4,11,5,12,1,1,1,2,2,0
10586,4,4,11,4,12,1,1,1,2,2,0
10587,6,4,8,2,3,0,1,1,2,2,0
10588,6,4,11,4,7,3,1,1,2,2,0
10589,7,4,11,2,3,0,1,1,2,2,0
10590,9,4,12,5,10,4,1,0,1,2,0
10591,3,2,11,4,8,3,1,1,2,2,0
10592,8,7,15,2,11,0,0,1,2,2,1
10593,8,4,11,0,14,3,1,1,3,2,0
10594,9,4,10,5,4,1,1,1,2,2,0
10595,11,4,11,2,6,0,0,1,2,2,1
10596,11,4,11,2,1,0,1,1,2,2,1
10597,5,4,15,4,12,3,1,1,1,2,0
10598,5,4,9,4,1,4,1,0,2,2,0
10599,9,4,9,2,8,0,1,1,2,2,1
10600,6,1,11,4,3,3,1,1,2,2,0
10601,5,4,11,4,8,1,1,0,2,2,0
10602,4,4,9,4,1,3,1,0,2,2,0
10603,4,6,11,4,10,3,1,1,1,2,0
10604,7,4,15,2,12,0,0,1,2,2,0
10605,7,4,9,4,4,3,1,0,2,2,0
10606,10,4,15,2,10,0,1,1,2,2,1
10607,8,4,11,4,3,1,1,1,2,2,0
10608,8,4,11,2,3,0,1,1,2,2,1
10609,5,4,11,2,8,0,0,1,1,2,1
10610,6,4,11,0,14,1,0,1,2,2,0
10611,8,4,11,2,7,0,1,1,2,2,1
10612,4,4,9,4,4,4,1,0,2,2,0
10613,7,4,12,2,4,0,1,1,2,2,1
10614,5,4,11,2,12,0,1,1,2,2,0
10615,9,4,0,2,3,0,1,1,2,0,1
10616,12,4,7,2,12,0,0,1,2,2,0
10617,8,4,7,0,12,4,0,0,1,2,0
10618,9,4,11,2,4,0,1,1,2,2,1
10619,8,4,15,2,4,0,1,1,2,2,0
10620,11,4,11,2,7,0,1,1,2,2,0
10621,12,4,1,2,14,0,1,1,1,2,1
10622,4,4,12,4,10,1,1,1,2,2,0
10623,8,4,11,2,12,0,1,1,1,2,1
10624,11,0,15,2,0,0,1,1,0,2,1
10625,4,4,11,4,3,3,1,1,2,2,0
10626,6,4,11,2,6,0,1,1,2,2,1
10627,4,4,0,4,3,3,1,1,2,2,0
10628,7,4,11,2,4,0,1,1,2,2,1
10629,12,4,11,2,5,0,1,1,3,2,1
10630,5,4,15,4,1,1,1,0,2,2,0
10631,6,2,11,2,5,0,1,1,2,2,0
10632,4,5,15,4,1,1,1,0,2,2,0
10633,8,4,9,2,4,0,1,1,2,2,1
10634,7,4,11,2,1,0,1,1,2,2,1
10635,6,1,9,4,10,1,1,1,2,2,0
10636,12,4,11,2,4,0,1,1,2,2,1
10637,5,4,11,2,3,0,1,1,2,2,1
10638,13,5,9,2,4,0,1,1,2,2,0
10639,8,4,11,2,7,0,0,1,2,2,1
10640,5,4,12,2,1,0,0,1,2,2,0
10641,13,4,0,2,6,0,0,1,3,2,1
10642,6,6,15,2,3,0,1,1,2,2,0
10643,8,2,10,0,10,4,1,0,1,2,0
10644,11,6,15,2,8,0,0,1,0,2,1
10645,7,4,7,2,12,0,1,1,2,2,0
10646,7,4,11,2,12,0,1,1,2,2,0
10647,9,4,9,5,4,1,1,1,2,2,0
10648,8,2,7,2,11,0,1,1,1,2,1
10649,9,4,12,0,12,1,0,0,4,2,0
10650,12,4,15,2,1,0,0,1,1,2,1
10651,7,4,11,2,8,0,1,1,2,2,0
10652,4,4,11,5,1,1,1,0,0,2,0
10653,9,4,15,4,1,1,1,0,2,2,0
10654,6,4,7,4,4,3,1,1,2,1,0
10655,6,4,15,2,4,0,1,1,2,0,1
10656,7,6,5,2,3,0,1,1,3,0,0
10657,6,4,15,4,1,1,1,0,2,2,0
10658,10,4,9,2,10,5,1,0,3,2,1
10659,7,4,8,2,6,0,1,1,2,2,0
10660,6,4,15,4,1,1,1,0,2,2,0
10661,10,2,8,2,6,0,1,1,3,2,1
10662,6,4,9,4,13,3,1,0,2,2,0
10663,5,4,11,4,12,4,1,0,1,2,0
10664,6,6,15,0,8,4,1,1,2,1,0
10665,11,4,11,4,8,3,1,0,1,2,0
10666,8,4,11,0,1,4,1,0,2,2,0
10667,5,4,15,0,1,1,1,1,2,2,0
10668,4,4,11,4,14,1,1,1,1,2,0
10669,4,4,11,6,7,1,1,1,2,2,0
10670,11,4,11,2,5,0,1,1,3,2,0
10671,10,4,12,2,10,0,1,1,2,2,0
10672,4,2,11,4,6,1,1,0,3,2,0
10673,11,4,11,3,1,1,0,1,2,2,0
10674,8,6,15,2,5,0,1,1,3,2,1
10675,10,4,8,2,14,0,1,1,2,2,1
10676,12,2,10,0,10,4,1,0,2,2,0
10677,5,4,11,4,14,3,0,1,2,2,0
10678,8,4,15,2,13,0,1,1,2,2,1
10679,9,4,11,0,8,1,1,1,1,2,0
10680,4,4,7,4,13,4,0,0,2,2,0
10681,8,4,5,2,3,0,1,1,1,2,0
10682,6,4,5,2,10,0,1,1,1,2,1
10683,8,4,11,2,11,0,0,1,2,2,1
10684,7,4,15,2,1,0,1,1,1,2,1
10685,7,6,9,4,10,3,1,0,2,2,0
10686,4,6,11,4,8,4,1,0,2,2,0
10687,7,4,15,4,11,2,0,0,2,2,0
10688,6,7,5,2,9,0,1,1,1,2,0
10689,6,4,14,4,10,1,1,1,1,2,0
10690,11,4,8,2,3,0,1,1,2,2,0
10691,8,4,11,2,3,0,0,1,2,2,0
10692,9,2,9,2,10,0,0,1,0,2,0
10693,8,4,11,2,1,5,0,0,2,2,1
10694,3,4,11,4,7,1,1,1,2,2,1
10695,7,1,11,2,1,5,1,0,1,2,1
10696,10,2,11,0,3,2,0,0,2,2,0
10697,8,4,11,2,12,0,1,1,2,2,1
10698,9,4,1,2,3,0,0,1,2,0,1
10699,10,4,11,2,7,0,1,1,2,2,0
10700,7,7,9,2,10,0,1,1,2,2,1
10701,6,4,12,2,4,0,1,1,2,2,1
10702,10,4,1,2,8,0,1,1,2,2,1
10703,3,0,11,4,0,3,1,1,1,2,1
10704,6,7,11,2,4,0,1,1,2,2,0
10705,10,4,9,2,8,0,1,1,1,2,1
10706,9,6,11,2,12,0,1,1,2,2,1
10707,6,4,0,4,7,1,0,1,2,2,0
10708,5,4,15,4,4,3,1,1,2,2,0
10709,9,4,11,2,6,0,1,1,2,2,0
10710,10,4,9,6,4,4,1,0,2,2,0
10711,8,4,1,2,3,0,1,1,1,2,0
10712,11,4,11,2,8,0,1,1,2,2,1
10713,3,4,12,4,12,3,1,0,2,2,0
10714,8,4,11,0,7,3,1,0,2,0,1
10715,4,5,9,4,10,1,1,1,2,2,0
10716,11,4,11,2,7,0,1,1,2,2,1
10717,11,4,5,2,3,0,1,1,2,2,0
10718,12,6,11,2,4,0,1,1,2,2,0
10719,7,4,11,2,3,0,1,1,2,2,0
10720,4,4,11,2,3,1,1,1,2,2,0
10721,7,4,9,4,1,3,1,0,2,2,0
10722,6,4,1,4,5,3,1,1,2,0,0
10723,10,4,15,2,8,5,1,0,2,2,0
10724,7,5,11,4,4,3,1,0,2,2,0
10725,7,4,11,0,3,1,1,0,2,2,0
10726,9,4,11,0,1,1,1,1,4,2,0
10727,5,4,15,4,7,1,1,1,2,2,0
10728,4,4,11,2,1,5,1,0,2,2,0
10729,11,0,15,2,0,0,1,1,1,2,1
10730,5,6,9,4,10,3,1,0,1,2,0
10731,9,4,11,0,12,1,1,0,3,2,0
10732,6,4,11,2,14,0,1,1,2,2,0
10733,3,7,11,4,1,1,1,1,2,2,0
10734,8,0,5,0,0,1,1,0,2,2,0
10735,9,4,15,2,10,0,1,1,1,2,1
10736,12,6,6,2,3,0,1,1,2,2,1
10737,6,4,7,2,12,0,1,1,2,2,0
10738,4,2,5,4,11,3,0,0,2,2,1
10739,6,4,7,4,12,1,1,0,1,2,0
10740,5,4,0,4,6,1,1,1,1,2,0
10741,8,4,11,2,12,0,1,1,2,2,1
10742,11,4,13,2,13,0,0,1,2,2,1
10743,9,5,15,2,4,0,1,1,2,2,0
10744,11,4,15,6,4,1,1,1,2,2,0
10745,5,4,9,4,10,1,1,0,1,1,0
10746,6,4,11,4,8,1,1,1,2,2,0
10747,7,4,9,6,4,1,1,1,2,2,0
10748,7,4,9,5,8,4,1,0,1,1,0
10749,11,5,1,2,5,0,1,1,1,2,0
10750,8,4,11,2,8,5,1,0,2,2,0
10751,8,4,11,2,4,0,1,1,2,2,0
10752,8,4,15,2,8,0,1,1,1,2,0
10753,11,4,15,2,5,0,1,1,1,2,0
10754,5,4,11,2,7,0,0,1,2,2,1
10755,9,4,15,2,3,0,1,1,1,2,1
10756,11,4,1,2,7,0,1,1,2,2,0
10757,5,4,8,4,3,1,1,1,1,2,0
10758,6,4,15,4,4,3,1,1,2,2,0
10759,7,4,14,2,3,0,1,1,0,2,1
10760,8,4,1,4,12,1,1,0,3,2,0
10761,8,4,11,0,1,4,1,0,2,2,1
10762,6,4,15,4,4,1,1,1,2,2,1
10763,13,4,9,2,8,0,1,1,1,2,1
10764,8,0,11,0,0,1,1,0,2,2,0
10765,7,4,12,4,10,2,1,1,2,2,1
10766,9,4,8,0,1,4,1,0,2,2,0
10767,5,6,9,2,8,0,1,1,2,2,1
10768,4,4,11,4,1,3,0,0,1,2,0
10769,7,4,1,2,12,0,0,1,4,2,0
10770,10,4,11,6,8,3,1,1,1,2,0
10771,4,2,5,2,11,0,1,1,2,2,1
10772,8,4,4,0,8,1,1,0,2,2,0
10773,8,4,12,4,10,3,1,0,1,2,0
10774,10,6,9,0,12,4,1,1,1,2,0
10775,6,4,11,2,8,5,0,0,1,2,0
10776,5,4,11,2,3,0,1,1,2,2,0
10777,7,4,9,5,1,4,1,0,2,2,0
10778,12,4,0,6,13,3,1,0,2,2,0
10779,4,0,11,4,0,1,1,0,1,2,0
10780,8,4,9,2,6,0,1,1,2,2,1
10781,8,4,9,0,12,2,1,0,2,2,0
10782,9,4,9,4,4,1,1,0,3,2,0
10783,5,4,9,0,13,1,1,0,2,2,0
10784,12,4,9,0,13,1,1,0,2,2,0
10785,9,4,9,0,13,4,1,0,2,2,0
10786,14,4,5,6,3,1,1,1,2,2,0
10787,6,4,15,0,5,4,1,0,2,2,0
10788,6,4,5,4,10,3,1,0,1,2,0
10789,6,4,8,3,13,4,0,0,1,2,0
10790,9,2,15,2,6,0,1,1,2,2,0
10791,3,4,9,4,8,3,1,0,2,2,0
10792,7,4,15,4,1,1,0,0,2,2,0
10793,9,1,1,0,14,1,1,1,3,2,0
10794,5,0,15,4,0,4,1,1,2,2,0
10795,7,2,11,4,4,1,1,0,2,2,0
10796,4,4,15,4,1,3,1,0,1,2,0
10797,9,4,11,2,12,5,1,0,3,2,1
10798,10,4,15,6,10,4,1,0,2,2,0
10799,9,4,11,5,8,1,1,1,2,2,0
10800,5,4,11,4,3,1,1,1,2,2,0
10801,4,4,9,4,12,2,1,1,3,2,0
10802,15,4,9,0,4,1,1,0,2,2,1
10803,4,4,12,4,4,1,1,1,3,2,0
10804,6,4,9,2,6,0,1,1,2,2,0
10805,7,4,11,2,4,0,1,1,2,2,0
10806,6,4,15,4,1,3,0,0,2,2,0
10807,7,4,7,2,3,0,1,1,2,2,0
10808,7,6,9,2,10,0,1,1,2,2,0
10809,8,4,0,2,3,0,1,1,2,2,0
10810,10,2,7,2,11,0,0,1,2,2,0
10811,11,4,11,2,14,0,1,1,3,2,1
10812,5,4,9,6,13,1,1,0,2,2,0
10813,7,6,11,5,12,4,1,1,2,2,0
10814,8,4,9,2,12,0,1,1,2,2,1
10815,10,4,11,2,8,0,1,1,2,2,1
10816,4,4,15,4,4,4,1,1,2,2,0
10817,4,4,11,4,1,3,1,1,0,2,0
10818,7,7,9,2,11,0,1,1,2,2,0
10819,6,4,12,2,4,0,1,1,2,2,1
10820,9,4,1,2,3,0,1,1,2,2,1
10821,5,0,1,4,0,1,1,1,2,2,0
10822,5,4,9,0,1,4,1,0,0,2,0
10823,7,4,15,4,1,3,1,0,1,2,0
10824,10,4,11,2,4,0,1,1,2,2,0
10825,5,4,9,2,4,0,0,1,2,2,0
10826,4,5,7,4,1,3,1,0,2,2,0
10827,12,4,9,2,12,0,0,1,3,2,0
10828,7,4,13,2,8,0,0,1,0,2,0
10829,4,4,0,4,8,1,1,0,2,2,0
10830,11,7,15,4,10,1,1,1,2,2,0
10831,5,4,15,4,4,3,1,1,2,2,0
10832,4,4,9,4,10,1,1,1,2,2,0
10833,12,6,15,2,5,0,1,1,1,2,1
10834,3,7,12,4,10,1,0,1,2,2,0
10835,4,6,11,4,1,3,1,0,2,2,0
10836,4,4,15,4,3,3,0,1,2,2,0
10837,5,4,8,4,12,1,1,1,2,2,0
10838,12,0,1,2,0,0,1,1,0,2,1
10839,5,4,15,4,1,1,0,1,2,2,0
10840,7,4,15,4,8,4,1,0,2,2,0
10841,3,4,11,4,7,3,1,0,4,3,0
10842,6,4,11,4,1,1,1,1,2,2,0
10843,7,2,6,2,5,0,1,1,2,2,0
10844,7,4,11,4,6,3,1,1,2,2,0
10845,5,4,0,2,7,0,1,1,2,2,0
10846,13,4,11,2,7,0,0,1,2,2,0
10847,10,4,1,2,7,0,1,1,2,2,1
10848,9,6,9,0,4,2,1,0,4,2,0
10849,4,4,11,4,14,3,1,1,2,2,0
10850,9,0,15,4,0,3,1,1,2,2,0
10851,4,4,11,4,3,3,1,1,3,2,0
10852,8,4,11,4,7,1,1,1,2,0,0
10853,6,2,11,4,12,4,1,1,3,2,0
10854,3,4,0,4,13,4,1,1,0,2,0
10855,5,4,15,2,8,5,0,0,2,1,0
10856,7,4,7,4,12,1,1,1,2,2,0
10857,4,4,12,5,5,4,1,0,2,2,0
10858,5,4,11,2,7,0,0,1,2,2,1
10859,6,4,9,0,13,4,1,1,0,2,1
10860,9,4,11,2,8,5,1,0,1,2,0
10861,5,4,14,4,3,3,1,1,2,2,0
10862,6,4,9,4,4,3,1,0,2,2,0
10863,10,4,11,2,4,0,1,1,2,2,0
10864,8,4,11,0,3,4,1,0,2,2,0
10865,12,4,11,2,13,5,1,0,2,2,0
10866,3,4,8,4,1,3,1,1,2,2,0
10867,13,4,6,2,5,0,1,1,2,2,1
10868,9,4,11,4,4,1,1,1,2,2,1
10869,5,0,1,4,0,4,1,1,1,2,0
10870,4,1,1,2,14,0,1,1,2,2,0
10871,8,4,11,2,12,0,1,1,1,2,1
10872,5,4,1,4,8,4,1,1,1,2,0
10873,10,4,11,0,10,4,1,0,2,2,0
10874,5,5,11,4,3,1,1,1,2,0,0
10875,6,4,9,4,4,3,1,1,2,0,0
10876,11,7,12,2,10,0,1,1,3,2,0
10877,11,4,15,2,4,0,1,1,2,2,0
10878,11,4,11,2,7,0,1,1,2,2,1
10879,8,2,7,2,12,0,1,1,2,2,1
10880,8,4,11,2,3,0,1,1,2,2,0
10881,7,4,15,2,11,0,1,1,2,2,0
10882,11,4,15,2,12,0,1,1,4,2,0
10883,5,1,12,2,10,5,1,0,2,2,1
10884,10,4,15,2,4,0,1,1,2,2,0
10885,5,4,15,4,12,3,1,1,1,2,0
10886,4,0,5,4,0,3,1,1,1,2,0
10887,6,0,10,2,0,0,0,1,1,2,1
10888,4,5,12,0,4,1,1,1,2,2,0
10889,8,4,11,4,3,3,1,1,2,2,0
10890,9,4,15,2,11,0,1,1,2,2,1
10891,8,4,11,2,1,5,1,0,2,2,0
10892,4,4,15,4,12,3,1,0,1,2,1
10893,7,4,12,0,10,1,0,1,3,2,0
10894,7,4,11,2,14,0,1,1,2,2,1
10895,7,6,11,2,3,0,1,1,2,2,0
10896,4,5,11,4,4,2,1,0,2,2,0
10897,9,4,11,2,8,0,0,1,2,2,0
10898,4,0,11,4,0,4,0,0,2,2,0
10899,6,6,1,4,3,3,1,1,2,1,0
10900,8,6,11,2,12,0,1,1,2,2,0
10901,5,1,11,2,1,0,1,1,2,2,0
10902,9,6,11,0,12,1,1,0,1,2,0
10903,3,4,12,4,10,3,0,1,2,3,0
10904,9,4,11,0,1,4,0,0,1,2,0
10905,9,4,0,0,13,1,1,0,2,2,0
10906,12,6,11,0,7,4,0,0,2,2,0
10907,10,4,11,2,3,0,1,1,1,4,0
10908,5,4,0,2,7,0,1,1,2,2,1
10909,10,7,11,0,8,1,1,0,1,2,0
10910,7,4,5,2,3,0,1,1,2,2,1
10911,12,4,15,5,4,1,1,0,2,2,0
10912,12,5,14,2,10,2,1,1,1,2,0
10913,9,4,10,2,10,0,1,1,2,2,1
10914,9,6,1,0,3,3,1,1,2,2,0
10915,8,2,11,5,1,1,0,1,2,0,0
10916,12,4,11,4,12,3,1,1,4,2,0
10917,6,0,9,0,0,1,1,1,1,2,0
10918,5,4,12,4,5,3,1,1,2,2,0
10919,10,4,6,2,5,0,1,1,1,2,1
10920,9,4,11,2,14,0,1,1,2,2,0
10921,5,4,11,4,10,3,1,0,2,2,0
10922,9,7,15,2,10,2,1,1,2,2,1
10923,4,2,11,4,4,1,1,0,2,2,0
10924,4,4,11,0,3,1,1,1,2,2,0
10925,8,4,15,4,1,1,1,0,2,2,0
10926,5,4,11,4,12,4,1,0,2,1,0
10927,6,7,9,0,10,4,1,0,1,1,0
10928,5,4,4,2,14,0,0,1,3,2,0
10929,4,4,9,4,10,3,1,1,2,2,1
10930,7,4,12,2,5,0,1,1,1,2,0
10931,4,4,11,4,1,1,1,0,2,1,0
10932,8,2,15,2,1,0,1,1,2,2,1
10933,8,4,10,4,10,3,1,0,2,2,0
10934,5,4,9,4,13,2,1,0,2,2,0
10935,6,4,11,2,7,0,1,1,3,2,0
10936,11,1,15,2,4,0,1,1,2,2,0
10937,12,4,5,2,3,0,0,1,2,2,1
10938,11,7,9,2,10,0,0,1,2,2,1
10939,7,4,11,2,3,0,1,1,3,2,0
10940,7,4,1,2,3,0,1,1,2,2,0
10941,7,4,12,4,10,3,1,1,1,2,0
10942,3,4,11,4,3,3,1,1,2,2,1
10943,5,4,11,4,1,4,1,0,2,2,0
10944,11,4,11,2,4,0,1,1,2,2,1
10945,9,0,9,2,0,0,1,1,2,2,1
10946,8,1,7,0,1,1,1,1,2,2,0
10947,4,4,12,4,6,3,1,1,2,2,0
10948,12,0,11,2,0,0,0,1,1,2,0
10949,7,4,11,2,4,0,1,1,2,2,1
10950,7,4,15,0,8,4,1,0,2,2,1
10951,11,4,11,2,8,0,1,1,2,2,1
10952,7,4,15,0,3,1,1,1,2,2,1
10953,7,4,11,4,13,1,1,1,2,2,0
10954,6,7,15,0,1,4,1,0,2,2,0
10955,7,4,11,2,3,0,1,1,1,2,0
10956,7,4,11,2,3,0,1,1,2,2,1
10957,7,5,9,2,4,0,1,1,2,2,0
10958,9,1,11,0,14,1,0,1,1,2,0
10959,11,4,9,2,4,3,1,0,2,2,1
10960,5,4,9,2,4,0,1,1,2,2,0
10961,4,4,1,5,3,4,1,1,1,2,0
10962,8,4,15,2,10,0,1,1,2,2,0
10963,8,4,11,2,8,5,0,0,0,2,1
10964,7,4,11,6,12,1,1,1,3,2,0
10965,3,4,15,4,8,1,0,1,1,2,0
10966,5,4,14,2,10,0,1,1,0,2,0
10967,6,4,1,4,3,1,1,1,2,2,0
10968,10,4,9,2,13,0,1,1,2,2,0
10969,8,2,9,2,11,1,1,0,1,2,1
10970,9,4,15,2,1,0,0,1,2,2,0
10971,5,4,11,4,7,3,1,1,2,2,0
10972,7,4,15,2,4,0,1,1,2,2,1
10973,7,2,15,2,10,0,1,1,2,2,0
10974,9,4,14,2,14,0,1,1,2,2,0
10975,7,4,11,4,1,4,0,0,2,2,0
10976,6,4,15,2,12,0,1,1,1,0,0
10977,13,4,9,2,10,0,1,1,2,2,0
10978,7,5,6,2,5,0,1,1,3,2,1
10979,12,0,11,0,0,1,1,0,2,2,0
10980,9,4,11,0,7,1,1,0,2,2,0
10981,7,4,11,5,1,4,0,0,1,2,0
10982,5,4,15,4,11,1,0,1,2,2,0
10983,10,4,1,2,7,2,1,1,2,2,1
10984,6,5,11,2,3,0,1,1,2,1,1
10985,8,4,11,0,6,2,1,0,2,2,0
10986,5,4,11,2,1,5,0,0,2,2,1
10987,8,5,9,2,1,5,1,0,0,2,1
10988,5,4,11,4,3,2,1,1,2,2,0
10989,6,4,11,3,8,1,1,0,2,2,0
10990,12,4,11,2,14,0,1,1,1,2,1
10991,10,4,12,2,4,0,1,1,1,2,0
10992,8,4,9,2,10,0,0,1,2,2,0
10993,11,4,11,2,7,0,0,1,2,2,0
10994,6,6,12,4,10,1,1,1,2,2,0
10995,10,4,15,2,3,0,1,1,2,2,1
10996,11,4,12,2,10,0,1,1,2,2,0
10997,7,4,9,2,12,0,1,1,1,2,0
10998,7,4,9,0,12,1,1,1,2,0,0
10999,8,7,15,2,4,0,1,1,2,2,0
11000,8,4,15,2,4,0,1,1,2,2,0
11001,5,4,9,4,7,1,0,0,2,2,0
11002,4,0,9,4,0,1,1,0,1,2,0
11003,11,0,5,2,0,0,1,1,2,2,0
11004,4,4,11,4,8,3,0,0,2,2,0
11005,3,4,11,0,1,1,1,0,2,2,0
11006,4,4,9,4,8,3,1,1,1,2,0
11007,7,1,15,2,10,0,1,1,2,2,0
11008,7,4,15,0,4,1,1,1,3,2,0
11009,7,4,15,2,1,5,1,0,2,2,0
11010,6,6,6,2,5,0,1,1,3,2,0
11011,8,4,9,2,10,0,1,1,2,2,0
11012,5,0,9,2,0,0,1,1,2,2,1
11013,10,4,11,0,8,4,1,0,3,2,0
11014,3,5,11,4,1,1,1,0,2,2,0
11015,4,6,9,2,10,0,1,1,2,2,1
11016,5,4,12,2,4,0,1,1,2,2,0
11017,6,2,15,2,11,0,1,1,2,2,1
11018,10,4,15,6,10,4,0,0,2,2,0
11019,8,0,5,2,0,0,1,1,0,2,0
11020,6,4,11,4,1,3,1,0,2,2,0
11021,7,4,5,2,3,0,1,1,2,2,0
11022,8,2,15,2,12,0,1,1,4,2,1
11023,7,6,15,2,10,0,1,1,2,2,1
11024,15,4,1,6,8,4,1,0,2,2,1
11025,12,4,15,2,4,0,1,1,1,2,0
11026,5,4,6,2,8,0,1,1,0,2,0
11027,7,4,11,5,1,4,1,0,2,2,0
11028,5,4,9,2,4,0,1,1,2,2,0
11029,4,4,11,5,4,4,1,0,2,2,0
11030,8,4,11,4,8,4,0,0,2,2,0
11031,9,6,15,2,3,0,1,1,2,2,0
11032,11,2,11,2,10,0,1,1,2,2,1
11033,8,4,11,4,4,3,1,1,2,2,0
11034,4,7,1,6,12,4,1,1,1,2,0
11035,6,4,11,2,7,0,1,1,2,1,0
11036,7,4,11,2,8,0,0,1,0,2,1
11037,8,7,8,0,4,1,1,0,4,2,0
11038,12,4,0,2,6,0,1,1,2,2,1
11039,7,2,15,2,6,0,1,1,2,2,0
11040,6,4,12,2,5,0,1,1,2,2,1
11041,10,4,11,2,8,0,1,1,1,2,0
11042,10,4,11,2,14,0,1,1,3,2,0
11043,7,4,9,0,10,4,1,0,2,1,0
11044,4,4,9,4,10,1,0,1,2,2,0
11045,7,4,11,2,3,0,1,1,3,2,0
11046,9,4,11,2,1,0,1,1,1,2,0
11047,7,4,11,2,1,1,1,0,2,2,0
11048,7,4,9,2,6,0,1,1,3,2,1
11049,7,0,9,2,0,0,1,1,2,2,0
11050,5,4,7,4,4,3,1,0,2,2,0
11051,4,4,15,4,12,1,1,1,1,2,0
11052,11,4,11,2,1,0,0,1,2,2,1
11053,6,4,11,4,7,1,1,0,2,2,0
11054,5,4,2,2,12,0,1,1,4,2,0
11055,6,4,9,2,10,0,1,1,2,1,0
11056,7,4,11,2,6,0,1,1,2,2,0
11057,12,5,11,2,5,0,1,1,2,2,1
11058,8,4,11,0,14,4,1,1,2,2,0
11059,8,4,12,0,10,1,1,0,0,2,0
11060,4,4,9,4,12,1,1,0,1,2,0
11061,10,6,15,2,13,0,1,1,2,2,1
11062,7,1,7,5,7,1,0,1,2,2,0
11063,11,4,11,2,6,0,0,1,3,2,1
11064,5,7,5,2,11,0,0,1,1,4,1
11065,9,4,7,2,4,0,1,1,4,0,0
11066,8,4,15,2,3,0,1,1,0,2,1
11067,8,0,3,0,12,2,1,0,2,2,0
11068,12,4,11,2,6,0,1,1,3,2,0
11069,7,5,1,2,0,0,1,1,2,2,0
11070,6,1,11,2,14,5,1,0,2,1,1
11071,7,6,11,2,3,0,1,1,2,2,0
11072,4,4,9,4,1,3,1,0,1,2,0
11073,7,4,15,2,6,0,1,1,2,2,0
11074,8,4,11,0,8,2,0,0,2,2,0
11075,10,6,15,2,4,0,1,1,2,2,1
11076,7,2,9,2,12,0,1,1,2,2,0
11077,5,4,11,2,3,0,1,1,2,2,1
11078,6,4,11,4,1,1,0,0,2,2,0
11079,6,4,11,4,3,1,1,1,2,2,0
11080,8,4,15,0,4,1,1,1,2,2,0
11081,15,4,15,6,14,1,1,1,1,2,0
11082,8,4,9,0,10,4,1,1,2,2,0
11083,10,4,9,4,12,1,1,0,2,2,0
11084,4,4,9,4,8,2,1,0,1,2,0
11085,8,4,8,2,3,0,1,1,2,2,1
11086,6,6,11,4,7,3,1,1,2,2,0
11087,5,4,1,2,7,0,1,1,2,2,0
11088,6,4,15,0,4,2,1,1,2,2,0
11089,8,4,9,4,10,3,1,1,2,2,0
11090,9,4,11,2,4,0,1,1,2,2,0
11091,4,4,11,4,12,3,1,0,1,2,0
11092,7,4,15,0,12,1,1,1,2,2,0
11093,5,4,9,0,10,1,1,1,2,2,0
11094,8,2,15,2,1,5,1,0,2,2,0
11095,5,4,9,4,1,3,1,1,1,2,0
11096,12,2,9,2,10,0,1,1,2,2,1
11097,8,4,15,0,7,1,0,0,2,2,0
11098,7,4,11,4,1,3,1,0,4,2,0
11099,8,4,11,2,1,0,1,1,0,2,1
11100,9,7,15,2,10,5,1,0,1,2,0
11101,4,2,8,4,1,3,1,0,0,2,0
11102,4,4,15,4,4,3,1,1,2,2,0
11103,12,0,9,2,0,0,1,1,1,2,1
11104,8,2,9,2,6,0,0,1,2,2,1
11105,11,4,15,2,13,0,0,1,2,2,0
11106,8,4,14,0,10,1,1,0,2,2,0
11107,8,4,9,2,12,0,1,1,3,2,0
11108,9,4,2,2,6,0,0,1,3,0,1
11109,5,4,11,2,6,5,0,0,2,2,1
11110,11,6,12,2,4,0,1,1,2,2,0
11111,9,4,15,2,8,0,0,1,1,2,1
11112,5,5,1,0,0,1,0,1,0,2,0
11113,4,4,11,4,6,3,1,0,2,2,0
11114,8,0,5,0,0,4,1,0,0,2,0
11115,6,1,11,4,7,4,1,1,2,2,0
11116,5,4,15,2,12,0,1,1,2,2,0
11117,10,6,11,0,3,1,1,1,2,2,0
11118,5,4,6,2,14,0,1,1,2,2,0
11119,4,4,11,4,1,3,1,0,2,2,0
11120,4,6,11,4,4,3,1,0,2,2,0
11121,8,6,11,0,3,1,1,1,2,2,0
11122,8,2,9,2,10,0,1,1,3,2,0
11123,3,4,12,4,10,1,1,0,0,2,0
11124,4,6,11,4,12,3,1,0,2,2,0
11125,4,4,11,4,8,1,0,0,2,2,0
11126,10,5,14,2,10,5,1,0,2,2,0
11127,5,0,11,2,0,0,1,1,1,1,0
11128,3,4,9,4,4,2,1,1,2,2,0
11129,5,4,15,4,8,1,1,0,2,2,0
11130,11,4,6,2,8,0,1,1,2,2,1
11131,7,2,8,2,10,0,0,1,3,2,0
11132,11,2,11,2,1,0,0,1,2,2,1
11133,8,4,6,2,5,0,1,1,2,2,1
11134,8,4,0,2,7,0,0,1,2,0,0
11135,9,1,12,4,10,3,0,0,2,2,0
11136,9,4,9,2,10,0,1,1,2,2,1
11137,8,4,9,2,12,0,1,1,1,2,1
11138,11,4,15,2,8,0,0,1,1,2,0
11139,6,4,11,2,3,0,1,1,3,1,0
11140,10,4,15,2,4,0,1,1,2,2,0
11141,6,4,15,2,4,0,1,1,2,2,1
11142,9,4,14,2,1,0,1,1,2,2,0
11143,3,5,12,4,4,4,1,0,3,2,0
11144,8,4,15,4,1,1,1,0,0,2,0
11145,7,6,5,2,3,0,1,1,2,2,1
11146,5,4,2,4,13,1,1,1,2,2,0
11147,6,4,7,0,1,4,1,0,2,2,0
11148,8,4,11,4,7,1,0,1,2,2,0
11149,10,4,11,0,8,1,1,1,2,2,0
11150,10,4,9,2,12,0,1,1,2,2,1
11151,6,6,9,4,10,1,1,1,2,2,0
11152,9,4,12,2,4,5,1,0,2,2,1
11153,6,4,11,2,1,0,1,1,2,2,1
11154,8,4,14,0,1,4,0,0,0,2,0
11155,7,4,1,4,12,3,0,1,2,2,0
11156,3,4,9,4,10,3,1,0,2,2,0
11157,7,4,11,0,8,1,0,0,1,2,0
11158,8,5,9,2,10,0,1,1,1,2,1
11159,6,4,11,0,8,3,1,0,1,2,0
11160,15,0,11,2,6,0,1,1,3,2,1
11161,7,4,0,2,6,0,1,1,1,2,1
11162,8,4,11,0,1,4,1,0,2,2,0
11163,4,4,9,4,1,4,0,0,2,2,0
11164,8,4,15,1,4,1,1,0,1,2,0
11165,11,4,11,1,8,4,1,0,2,2,0
11166,7,6,9,4,13,2,1,0,2,2,0
11167,6,4,15,2,3,0,1,1,2,2,0
11168,14,4,12,2,4,0,1,1,2,2,1
11169,18,7,14,6,10,4,1,0,2,2,0
11170,11,4,11,2,7,0,0,1,2,2,0
11171,3,7,11,4,1,4,1,0,1,2,0
11172,8,4,11,2,12,0,1,1,2,2,1
11173,5,2,11,4,6,1,1,1,2,2,0
11174,7,4,11,2,13,0,1,1,2,2,1
11175,9,4,9,0,1,4,1,0,0,2,0
11176,10,7,9,2,10,0,1,1,2,2,1
11177,16,5,7,6,4,1,1,0,3,2,0
11178,10,0,1,4,0,3,0,0,2,2,0
11179,5,4,15,4,4,2,1,1,3,2,0
11180,6,0,11,0,0,1,1,1,0,2,1
11181,5,6,11,4,8,1,1,0,2,2,0
11182,7,4,15,2,12,0,1,1,2,2,0
11183,6,4,11,2,8,0,1,1,2,2,0
11184,4,4,11,4,1,1,1,0,1,2,0
11185,9,0,9,0,0,4,1,0,2,2,0
11186,11,2,11,2,6,0,0,1,2,2,0
11187,7,4,9,2,8,0,1,1,2,2,0
11188,8,4,9,2,12,5,1,0,1,2,0
11189,6,4,10,4,10,1,1,0,2,2,0
11190,4,4,15,4,11,1,1,1,1,2,0
11191,10,5,11,6,4,1,1,1,2,2,0
11192,3,4,8,4,12,1,0,0,2,2,0
11193,8,4,11,6,8,1,1,0,2,2,0
11194,7,4,9,2,1,5,1,0,2,2,1
11195,4,4,15,4,1,1,1,0,2,2,0
11196,5,0,11,2,0,0,1,1,2,2,1
11197,6,4,15,2,4,0,1,1,3,2,1
11198,8,4,8,2,3,0,1,1,2,2,0
11199,8,0,1,2,0,0,1,1,0,2,1
11200,8,4,5,4,3,1,1,1,1,2,0
11201,5,4,0,4,7,3,1,0,2,2,0
11202,6,4,15,2,10,0,1,1,2,2,0
11203,3,4,11,4,6,2,1,1,2,2,0
11204,3,6,15,4,8,3,1,1,2,3,0
11205,11,4,14,2,10,0,1,1,2,2,0
11206,11,7,12,2,10,0,1,1,2,4,0
11207,8,6,0,1,3,1,1,1,2,2,0
11208,6,4,9,2,4,0,0,1,2,2,0
11209,11,7,15,0,1,1,1,0,2,2,0
11210,8,4,11,2,7,0,1,1,2,2,0
11211,8,2,11,2,10,0,1,1,1,2,0
11212,6,2,12,2,2,0,1,1,1,2,0
11213,5,4,15,4,1,1,1,0,2,2,0
11214,11,6,11,2,4,5,1,0,2,2,0
11215,4,6,1,4,8,4,1,0,1,2,0
11216,8,4,11,2,1,5,1,0,2,2,0
11217,8,4,9,2,4,0,1,1,2,2,0
11218,8,2,9,2,11,0,1,1,2,2,0
11219,12,4,11,2,3,0,1,1,2,2,1
11220,8,4,11,4,14,3,0,1,2,2,0
11221,12,4,11,0,12,1,1,0,1,2,0
11222,11,4,15,2,10,4,1,0,3,2,1
11223,8,4,15,2,1,0,1,1,2,2,1
11224,9,4,11,2,3,0,0,1,2,2,0
11225,9,2,12,2,9,0,1,1,2,2,0
11226,6,4,9,2,12,0,1,1,3,2,0
11227,9,4,8,2,12,0,1,1,2,2,0
11228,5,0,1,4,0,3,1,0,0,2,1
11229,9,4,15,2,1,0,1,1,2,2,0
11230,9,4,11,2,8,0,1,1,2,2,0
11231,8,6,15,4,12,3,0,1,4,2,0
11232,6,4,1,2,7,0,1,1,2,2,0
11233,9,7,15,2,10,0,1,1,1,2,0
11234,9,4,5,0,3,1,1,1,2,2,1
11235,13,4,11,2,3,0,1,1,2,2,0
11236,7,2,15,2,1,0,0,1,2,0,1
11237,8,7,11,2,1,0,1,1,2,2,1
11238,4,4,9,4,13,3,1,0,2,2,0
11239,6,4,9,4,8,1,1,1,2,2,0
11240,4,4,1,4,7,1,1,1,2,2,0
11241,5,4,15,4,12,3,1,0,3,1,0
11242,6,4,15,2,4,0,1,1,2,2,0
11243,10,4,15,2,11,0,1,1,2,2,0
11244,9,6,14,4,3,1,1,0,2,2,0
11245,3,4,9,4,12,4,1,1,3,2,0
11246,12,4,0,2,3,0,0,1,2,2,1
11247,12,4,8,2,10,1,1,1,2,2,1
11248,3,0,15,4,4,1,1,1,2,2,0
11249,6,1,10,2,10,0,1,1,2,2,0
11250,8,4,9,1,10,1,1,0,2,2,0
11251,10,4,9,2,13,0,1,1,0,2,0
11252,5,7,9,4,10,1,1,1,2,2,0
11253,10,4,15,2,4,0,1,1,4,2,1
11254,10,0,9,0,0,4,1,0,0,2,0
11255,6,4,11,4,1,3,1,0,2,2,0
11256,4,5,11,0,4,4,1,0,2,2,0
11257,10,4,10,2,10,5,1,0,2,2,0
11258,7,0,1,6,0,1,1,0,0,2,0
11259,10,1,9,2,4,0,1,1,4,2,0
11260,8,4,11,0,6,4,1,1,2,2,0
11261,6,7,1,2,8,0,1,1,2,2,0
11262,7,4,12,2,5,0,1,1,1,2,1
11263,4,0,11,4,0,4,1,0,1,2,0
11264,7,4,11,2,6,0,1,1,3,2,1
11265,7,4,15,2,12,0,1,1,2,2,1
11266,16,4,15,2,10,0,1,1,2,2,0
11267,3,4,15,4,11,3,0,1,2,2,0
11268,10,4,9,2,10,0,1,1,2,2,0
11269,12,4,9,2,11,0,1,1,2,2,1
11270,3,4,11,4,7,1,1,0,2,2,0
11271,9,4,11,2,1,0,1,1,2,2,0
11272,5,6,11,4,3,3,1,1,2,2,0
11273,4,4,11,4,1,1,1,1,2,2,0
11274,4,4,9,4,12,1,0,1,4,2,0
11275,5,4,12,4,10,1,1,0,2,2,0
11276,5,4,11,4,1,3,1,1,1,2,0
11277,9,4,11,0,12,1,1,0,4,2,0
11278,10,4,8,2,3,0,1,1,2,2,0
11279,8,1,11,2,7,0,0,1,2,2,0
11280,5,4,15,4,8,1,1,1,1,1,0
11281,11,4,11,2,8,0,0,1,1,2,1
11282,8,4,6,0,5,1,1,1,3,2,0
11283,12,4,12,2,4,0,1,1,1,2,1
11284,7,1,11,2,3,0,1,1,2,0,0
11285,8,6,15,0,10,4,1,0,2,2,1
11286,7,4,11,2,3,0,1,1,2,2,1
11287,10,2,11,2,8,0,1,1,1,2,0
11288,5,6,15,2,12,5,1,0,2,2,0
11289,5,4,12,2,10,0,1,1,0,2,1
11290,7,4,11,5,12,4,0,0,4,2,0
11291,6,4,11,2,3,0,1,1,2,2,0
11292,10,7,8,2,10,0,1,1,0,2,1
11293,4,4,11,4,12,1,1,0,2,2,0
11294,11,4,11,2,7,0,0,1,2,2,1
11295,9,4,1,5,3,1,1,1,2,2,0
11296,4,4,5,6,3,4,1,1,2,2,0
11297,6,4,11,4,1,3,1,0,1,2,0
11298,7,4,0,2,7,0,1,1,2,2,0
11299,4,4,15,4,4,1,1,1,3,2,0
11300,11,7,15,6,1,1,1,0,2,2,0
11301,9,4,9,2,10,2,1,1,2,2,0
11302,6,7,8,4,10,3,1,0,1,2,0
11303,4,4,11,4,6,1,1,1,2,2,0
11304,11,4,7,2,10,2,1,1,2,2,1
11305,4,4,1,4,3,2,1,0,2,2,0
11306,4,4,11,4,3,1,1,1,2,2,0
11307,7,4,1,0,12,4,1,0,3,2,0
11308,8,5,15,2,4,0,1,1,2,2,0
11309,8,4,8,2,14,0,1,1,2,2,1
11310,9,5,15,2,1,0,1,1,2,2,0
11311,13,6,6,2,3,0,1,1,2,2,1
11312,9,4,11,0,7,1,1,1,2,2,1
11313,6,4,11,2,3,0,1,1,2,2,0
11314,9,7,11,2,8,0,0,1,2,2,0
11315,7,4,11,2,1,0,1,1,2,2,0
11316,5,0,5,2,0,5,1,0,2,2,0
11317,7,4,1,2,7,0,1,1,2,2,0
11318,6,4,11,1,3,0,1,1,2,2,0
11319,7,4,8,2,12,0,1,1,4,2,0
11320,4,7,9,4,11,3,1,1,2,2,0
11321,8,4,1,2,12,0,1,1,0,2,1
11322,11,2,14,1,10,1,1,0,0,2,1
11323,9,7,12,2,10,0,0,1,2,2,1
11324,8,4,11,5,1,1,1,0,2,2,0
11325,5,4,0,4,7,1,0,1,2,2,0
11326,3,4,11,4,12,1,1,1,1,2,0
11327,10,4,15,2,5,0,1,1,3,2,0
11328,7,4,15,2,1,0,1,1,2,2,0
11329,7,4,15,0,1,4,1,0,1,2,0
11330,18,4,11,6,1,1,1,1,2,2,0
11331,6,0,5,4,0,1,1,1,2,2,0
11332,6,4,11,2,7,0,1,1,2,2,0
11333,4,4,9,4,8,3,1,0,2,2,0
11334,12,4,15,2,10,0,1,1,2,2,1
11335,5,4,15,4,8,3,1,1,2,2,0
11336,4,6,5,4,3,1,1,1,2,4,0
11337,6,4,9,0,10,4,1,0,2,0,0
11338,12,7,11,0,1,4,1,0,1,2,0
11339,6,4,9,2,13,0,0,1,0,2,1
11340,9,0,1,2,0,3,1,1,1,2,0
11341,6,4,12,4,4,3,1,1,1,2,0
11342,4,4,9,4,4,3,1,0,2,2,0
11343,4,4,15,6,1,1,0,0,1,2,0
11344,8,7,9,2,10,5,1,0,2,2,0
11345,6,4,14,2,14,0,1,1,1,0,0
11346,7,0,9,2,0,0,1,1,0,2,0
11347,8,4,9,4,8,1,1,0,2,2,0
11348,5,4,15,4,7,4,1,0,2,2,0
11349,9,4,11,2,12,0,1,1,2,2,0
11350,12,4,0,2,3,0,1,1,2,2,0
11351,10,4,12,2,4,0,1,1,2,2,1
11352,4,4,15,4,12,3,1,0,2,2,0
11353,5,4,15,2,3,0,1,1,2,2,0
11354,7,2,15,0,1,4,1,0,2,2,0
11355,4,4,7,2,12,0,1,1,2,2,0
11356,8,4,7,2,4,0,1,1,4,2,0
11357,10,4,1,2,12,0,1,1,2,2,0
11358,11,7,11,2,8,5,1,0,1,2,0
11359,10,6,12,2,4,0,1,1,4,2,1
11360,6,4,11,2,3,0,1,1,2,2,0
11361,8,4,15,4,13,4,1,0,1,2,0
11362,8,0,9,2,0,5,1,0,0,2,0
11363,6,4,9,4,4,3,1,1,2,2,0
11364,4,4,15,4,3,3,1,1,1,2,0
11365,7,0,5,0,0,1,1,0,2,0,0
11366,10,4,11,2,3,0,1,1,2,2,0
11367,5,4,8,2,10,0,1,1,2,2,0
11368,7,4,0,2,14,0,1,1,2,2,0
11369,4,4,15,5,12,1,0,0,3,2,0
11370,12,4,11,4,3,1,1,1,2,2,0
11371,6,6,11,4,13,4,1,0,2,2,0
11372,4,6,14,4,10,3,1,1,2,2,0
11373,8,4,15,4,10,3,1,0,2,2,0
11374,6,5,7,2,4,0,1,1,2,2,1
11375,4,4,12,4,1,3,1,0,2,2,0
11376,10,2,15,2,10,0,1,1,2,2,1
11377,8,6,15,2,10,0,1,1,1,2,0
11378,5,4,12,4,10,3,1,0,2,2,0
11379,6,4,15,2,4,0,1,1,2,2,1
11380,9,4,11,4,3,3,1,1,2,2,0
11381,5,4,9,4,8,4,1,0,2,2,0
11382,8,4,15,0,1,3,0,1,2,2,0
11383,9,4,11,2,8,0,1,1,1,2,1
11384,5,4,9,2,6,0,1,1,2,2,0
11385,4,4,9,2,4,0,1,1,2,2,1
11386,6,4,11,4,14,3,1,1,2,1,0
11387,4,4,9,4,4,4,0,0,3,2,0
11388,6,4,12,0,4,1,0,0,2,2,0
11389,15,6,11,2,3,0,1,1,2,2,1
11390,5,4,11,4,6,4,0,1,3,2,0
11391,7,4,11,2,5,0,1,1,1,2,1
11392,9,4,11,5,1,1,1,0,1,0,0
11393,6,0,9,0,0,1,1,0,1,2,1
11394,11,4,11,2,6,0,1,1,2,2,0
11395,7,4,12,0,12,4,1,0,4,2,0
11396,7,4,10,0,10,1,1,0,1,2,0
11397,9,7,15,2,10,0,1,1,2,2,0
11398,7,4,9,2,8,0,1,1,2,2,1
11399,3,6,7,4,12,3,1,0,3,2,0
11400,10,4,11,2,4,0,0,1,2,2,1
11401,8,4,9,2,4,0,1,1,1,2,0
11402,11,4,11,2,3,0,1,1,2,2,0
11403,6,4,11,0,8,4,1,0,2,2,0
11404,7,4,1,2,5,0,1,1,2,2,0
11405,3,4,0,4,6,3,1,1,2,0,0
11406,6,4,15,2,8,0,1,1,1,2,0
11407,10,4,9,2,10,0,1,1,0,2,0
11408,6,4,11,2,6,0,1,1,2,2,0
11409,6,4,11,4,7,2,1,1,2,2,0
11410,3,4,11,4,1,1,1,0,2,2,1
11411,4,4,9,4,1,1,1,1,1,2,0
11412,9,4,9,0,1,4,1,0,2,0,0
11413,12,7,7,5,1,4,1,0,2,2,0
11414,12,2,15,2,6,0,0,1,2,2,1
11415,4,4,11,4,1,3,0,0,2,2,0
11416,9,0,15,0,0,4,1,0,0,2,0
11417,5,4,11,2,12,0,1,1,2,2,0
11418,5,4,15,4,13,4,1,0,2,2,0
11419,4,4,8,4,4,1,1,1,2,2,0
11420,9,4,11,2,12,0,0,1,2,2,1
11421,9,6,12,2,5,0,1,1,2,2,1
11422,4,4,11,4,3,3,1,1,1,2,0
11423,4,1,9,6,12,1,1,1,2,2,0
11424,6,4,15,4,12,1,1,0,0,2,0
11425,7,4,15,4,4,1,1,1,3,2,0
11426,5,4,11,4,8,3,1,1,1,2,0
11427,9,4,11,2,4,0,1,1,2,2,1
11428,5,4,0,4,7,3,0,1,2,2,0
11429,3,4,11,4,7,3,0,1,2,2,1
11430,11,4,8,4,4,3,1,1,1,2,0
11431,6,4,8,2,4,0,1,1,2,2,1
11432,12,4,15,5,1,1,1,0,2,2,0
11433,3,0,9,4,0,1,1,0,1,2,0
11434,11,4,11,2,8,5,0,0,2,2,0
11435,5,4,15,4,1,3,1,0,2,2,0
11436,7,4,9,2,8,0,1,1,2,2,1
11437,7,7,9,2,4,0,1,1,2,2,1
11438,4,5,12,4,5,4,1,0,2,2,0
11439,4,4,0,4,6,3,1,1,2,2,0
11440,4,4,11,4,3,1,1,1,2,2,0
11441,12,2,9,2,6,0,1,1,2,2,0
11442,12,4,11,6,3,1,1,1,2,2,0
11443,5,4,11,2,3,0,1,1,2,2,1
11444,5,4,15,4,7,4,1,1,2,2,0
11445,5,4,11,2,14,0,1,1,2,2,1
11446,3,4,9,4,10,1,1,1,2,2,0
11447,9,7,11,0,1,1,1,1,2,2,0
11448,7,5,11,2,1,0,1,1,2,2,1
11449,6,4,15,4,1,1,1,0,2,2,0
11450,7,4,11,0,7,4,1,0,2,2,0
11451,6,7,15,4,10,1,1,0,2,2,0
11452,5,4,11,4,12,1,1,0,4,2,0
11453,6,4,11,4,8,1,1,0,2,2,0
11454,10,4,8,2,3,0,1,1,2,2,1
11455,7,4,8,4,3,1,1,1,2,2,0
11456,11,4,11,2,14,0,1,1,2,2,1
11457,9,4,11,2,13,0,1,1,2,2,1
11458,6,6,5,2,10,0,1,1,1,2,0
11459,4,4,14,2,10,0,1,1,3,2,0
11460,10,7,1,0,8,4,0,0,2,2,0
11461,6,4,10,2,10,0,1,1,2,2,1
11462,7,4,11,4,8,4,0,0,2,2,0
11463,7,4,0,2,13,0,1,1,2,2,0
11464,4,4,15,4,3,3,1,0,2,2,0
11465,6,4,12,4,10,3,1,1,2,2,0
11466,13,2,11,2,5,0,1,1,2,2,0
11467,7,7,9,2,1,0,0,1,2,2,0
11468,8,4,11,4,8,3,1,1,2,2,0
11469,12,4,0,2,3,0,1,1,2,2,0
11470,7,2,3,2,6,0,1,1,2,2,1
11471,8,6,14,0,10,4,1,1,2,2,0
11472,6,4,11,0,3,1,1,1,1,2,0
11473,7,5,9,2,4,0,1,1,2,2,1
11474,8,4,11,5,8,1,0,0,1,2,0
11475,9,4,11,2,3,0,1,1,2,2,1
11476,7,4,15,2,1,0,0,1,2,2,1
11477,12,4,9,2,12,0,1,1,2,2,1
11478,4,0,6,4,0,1,1,1,0,2,0
11479,12,4,9,2,10,0,1,1,1,2,0
11480,8,4,15,4,8,1,1,1,2,2,0
11481,7,6,15,2,5,0,1,1,1,2,0
11482,8,6,12,0,4,1,1,1,2,2,0
11483,7,4,9,2,10,0,1,1,2,2,0
11484,6,4,8,4,3,1,1,1,2,2,0
11485,10,4,10,2,7,5,1,0,4,2,0
11486,8,4,11,5,1,3,0,0,1,2,0
11487,8,4,11,0,14,1,1,1,2,2,0
11488,4,4,15,4,8,1,1,1,2,2,0
11489,7,7,11,2,4,0,1,1,2,2,1
11490,17,4,12,2,4,0,1,1,2,2,0
11491,6,6,15,2,5,0,1,1,2,2,0
11492,4,4,9,4,10,1,1,1,2,2,0
11493,10,4,14,2,14,0,1,1,3,2,1
11494,9,2,9,0,4,1,1,1,3,2,0
11495,10,4,11,2,5,0,1,1,1,2,1
11496,4,4,9,4,12,1,0,1,1,2,0
11497,6,4,11,4,11,1,1,1,2,2,0
11498,11,4,11,6,1,4,1,0,2,2,0
11499,11,1,9,2,10,0,1,1,2,2,0
11500,8,4,9,2,10,0,1,1,2,2,0
11501,3,4,5,4,2,3,0,0,2,2,0
11502,7,4,11,0,11,4,1,1,2,2,1
11503,9,4,12,2,14,0,1,1,2,2,0
11504,5,4,11,4,5,3,1,1,2,2,0
11505,8,6,15,2,4,0,0,1,2,2,0
11506,10,4,9,4,1,1,1,0,2,2,0
11507,3,4,11,4,13,1,1,0,1,2,0
11508,5,6,11,2,3,0,1,1,1,2,0
11509,8,1,13,2,14,0,1,1,2,2,1
11510,8,4,15,2,4,0,1,1,2,2,0
11511,4,4,5,4,10,3,1,0,1,2,0
11512,7,4,7,2,13,0,1,1,2,2,0
11513,9,4,11,2,1,5,0,0,2,2,1
11514,8,4,0,0,7,4,1,0,2,2,0
11515,4,4,9,4,7,3,1,1,2,2,0
11516,6,4,7,0,4,4,1,0,3,2,0
11517,10,5,0,2,7,0,0,1,2,2,1
11518,10,4,11,0,6,1,0,1,2,2,0
11519,6,0,9,2,0,0,1,1,1,2,0
11520,5,4,11,4,14,4,1,0,2,2,0
11521,5,4,9,4,1,2,1,0,1,0,0
11522,6,4,15,2,4,0,1,1,2,2,1
11523,3,4,15,4,10,3,1,0,3,2,0
11524,3,7,11,4,1,1,1,0,2,2,0
11525,3,4,11,4,1,3,1,0,2,2,0
11526,8,2,11,2,4,0,1,1,2,2,1
11527,8,4,8,2,14,0,1,1,1,2,1
11528,7,4,11,2,7,0,1,1,2,2,1
11529,7,4,7,5,12,4,1,1,2,2,0
11530,9,6,15,2,5,0,1,1,2,2,0
11531,8,4,9,1,4,1,1,1,1,2,0
11532,8,4,1,2,3,0,1,1,2,2,1
11533,7,1,1,2,3,0,1,1,2,2,0
11534,5,4,11,4,1,1,1,0,1,2,0
11535,11,4,15,2,12,0,1,1,2,2,0
11536,10,8,11,2,13,5,1,0,2,2,1
11537,10,4,11,6,6,4,1,0,1,2,0
11538,7,0,5,4,0,1,1,1,0,2,0
11539,11,2,9,2,10,0,0,1,2,2,1
11540,4,4,11,4,12,1,1,1,2,2,0
11541,7,2,15,2,10,0,1,1,2,0,0
11542,9,4,15,2,12,0,0,1,2,2,1
11543,7,4,15,2,1,4,1,0,2,2,0
11544,5,5,11,4,3,1,1,1,2,2,0
11545,6,2,9,2,4,0,1,1,2,2,1
11546,6,2,11,2,6,0,1,1,2,2,1
11547,4,4,15,4,1,3,1,0,2,2,0
11548,6,0,9,4,0,1,1,1,0,1,0
11549,7,4,0,5,8,4,1,0,0,2,0
11550,5,4,11,2,10,0,1,1,2,2,1
11551,5,7,15,0,8,1,1,1,1,2,0
11552,5,2,9,2,4,2,1,1,2,2,0
11553,9,4,9,0,1,2,1,0,2,2,0
11554,8,2,10,0,10,4,1,0,2,2,0
11555,17,0,9,0,0,4,1,0,1,2,0
11556,8,4,11,2,8,0,1,1,1,2,1
11557,6,0,9,3,0,1,1,1,0,2,0
11558,6,4,9,3,13,1,0,0,2,2,0
11559,8,4,11,0,1,1,1,1,2,2,0
11560,6,4,15,3,1,5,1,0,1,2,0
11561,7,2,9,4,1,2,1,1,1,2,0
11562,6,4,11,3,14,0,0,1,2,2,0
11563,8,4,9,0,8,1,1,0,2,2,0
11564,8,4,11,2,3,0,1,1,2,2,0
11565,4,4,15,4,8,1,1,0,2,2,0
11566,7,4,8,2,3,0,1,1,2,2,1
11567,9,4,15,2,4,0,1,1,2,0,0
11568,6,4,11,2,14,0,1,1,3,2,0
11569,9,0,15,0,0,1,1,0,1,2,1
11570,6,4,11,2,8,0,1,1,1,2,0
11571,3,4,15,4,1,1,1,0,2,2,0
11572,10,2,9,0,10,1,1,0,1,2,0
11573,7,4,0,2,8,5,0,0,0,2,1
11574,13,4,7,5,4,1,1,1,2,2,0
11575,8,4,2,0,12,4,1,0,2,2,0
11576,5,0,6,2,0,0,1,1,2,2,1
11577,7,4,11,2,3,0,1,1,2,2,0
11578,10,4,0,2,7,0,1,1,2,2,0
11579,9,4,11,2,3,0,1,1,2,2,1
11580,9,6,9,2,12,0,0,1,3,1,1
11581,11,4,11,2,3,0,1,1,2,2,1
11582,7,2,15,2,4,0,1,1,2,2,1
11583,10,0,1,2,0,0,1,1,2,2,0
11584,5,4,11,2,7,0,0,1,2,2,0
11585,5,4,11,4,6,3,1,1,2,2,0
11586,6,4,15,4,8,3,1,1,2,2,0
11587,7,4,15,2,12,0,1,1,1,2,1
11588,11,4,9,2,4,0,1,1,1,2,0
11589,7,6,1,2,5,0,1,1,3,2,0
11590,12,4,11,2,8,0,1,1,2,2,1
11591,7,4,15,2,10,0,1,1,2,2,0
11592,4,4,9,4,4,1,1,0,1,2,0
11593,3,4,1,4,12,2,1,0,2,2,0
11594,5,4,11,4,8,3,0,0,2,2,0
11595,3,4,9,4,12,3,1,1,2,4,0
11596,3,5,15,4,0,3,1,1,2,2,0
11597,4,4,9,2,10,0,1,1,2,2,0
11598,8,4,11,4,11,1,1,0,2,2,0
11599,7,4,15,4,4,3,1,1,2,2,0
11600,6,0,11,2,0,5,1,0,2,2,1
11601,8,4,11,2,1,5,1,0,2,2,0
11602,8,4,15,2,10,0,1,1,2,0,1
11603,11,4,15,6,3,1,1,1,2,2,1
11604,9,4,11,2,13,0,1,1,2,2,0
11605,5,7,7,4,1,3,1,0,2,2,0
11606,3,4,7,4,4,4,1,1,2,0,0
11607,4,1,15,4,1,1,1,0,2,2,1
11608,4,4,15,4,8,3,1,0,2,2,0
11609,6,2,11,2,1,0,1,1,2,2,0
11610,7,4,12,4,10,1,1,0,1,2,0
11611,9,4,8,2,3,0,0,1,2,2,1
11612,4,6,12,2,4,0,1,1,2,2,0
11613,9,4,11,0,1,4,1,0,1,2,0
11614,10,4,15,2,7,0,1,1,2,2,1
11615,5,2,11,4,4,1,1,1,2,2,0
11616,10,4,4,2,12,0,1,1,2,2,1
11617,9,6,12,0,12,1,1,0,3,2,0
11618,5,4,0,4,7,3,0,1,2,2,0
11619,7,4,6,0,5,4,1,1,2,2,0
11620,5,4,9,4,11,1,1,1,2,2,0
11621,5,4,11,2,6,0,1,1,2,1,0
11622,6,2,15,4,4,3,1,1,2,2,0
11623,7,4,15,0,1,1,1,0,2,2,0
11624,13,4,0,0,6,1,1,1,1,2,0
11625,8,6,9,2,4,0,1,1,2,2,1
11626,3,4,15,4,12,1,1,1,2,3,0
11627,17,4,15,6,8,4,0,0,2,2,0
11628,10,4,15,2,10,0,1,1,1,2,0
11629,11,4,9,2,4,0,1,1,1,2,1
11630,10,4,9,2,1,5,1,0,2,2,0
11631,6,7,9,1,1,5,1,0,2,2,0
11632,6,4,11,2,4,0,1,1,2,3,0
11633,10,4,7,0,1,1,1,0,0,2,1
11634,9,5,15,4,0,3,1,0,2,2,0
11635,4,4,11,2,4,0,1,1,2,2,0
11636,7,4,9,2,4,0,1,1,2,2,1
11637,4,5,11,2,1,1,1,0,2,2,0
11638,10,4,15,2,1,0,0,1,2,2,0
11639,8,4,11,0,8,4,1,0,2,2,0
11640,6,4,11,2,4,0,1,1,2,2,1
11641,9,4,12,0,10,4,0,0,1,2,0
11642,7,2,11,2,14,0,1,1,2,2,1
11643,4,4,11,4,8,3,1,0,2,2,0
11644,7,4,15,2,10,5,1,0,2,2,0
11645,9,4,11,2,7,0,0,1,2,2,0
11646,9,0,1,2,0,0,1,1,2,2,0
11647,10,4,11,2,3,0,0,1,2,2,0
11648,5,4,11,4,7,3,1,1,2,2,0
11649,6,4,11,4,12,3,1,0,2,2,1
11650,12,4,7,2,1,0,1,1,2,2,0
11651,12,2,9,2,10,0,1,1,2,2,0
11652,11,4,11,2,6,0,1,1,2,2,0
11653,8,4,15,4,4,3,1,1,2,2,0
11654,4,4,13,4,13,1,1,0,2,2,0
11655,12,4,15,2,12,0,1,1,2,2,0
11656,4,3,9,4,13,1,1,0,2,2,0
11657,6,7,15,4,10,3,1,0,2,2,0
11658,11,1,9,2,10,0,1,1,2,2,1
11659,9,7,12,2,10,5,0,0,1,2,0
11660,9,4,11,0,12,4,1,0,2,2,0
11661,8,4,15,2,7,0,1,1,2,2,1
11662,5,4,11,4,1,3,0,0,2,2,0
11663,4,7,15,0,1,1,1,0,2,2,0
11664,10,1,15,0,3,3,1,1,2,2,0
11665,9,4,8,0,11,1,1,1,2,2,0
11666,7,4,11,2,14,0,1,1,2,0,1
11667,3,4,11,4,10,1,1,0,2,3,0
11668,6,4,15,2,10,0,1,1,2,2,0
11669,6,4,15,2,14,0,1,1,1,0,1
11670,6,5,9,4,10,3,1,1,2,2,0
11671,7,6,8,2,13,0,1,1,2,2,0
11672,7,4,9,2,13,0,1,1,1,2,1
11673,4,4,11,4,8,1,1,1,2,2,0
11674,3,4,15,4,1,3,1,0,1,2,0
11675,8,6,9,4,8,1,0,0,2,2,0
11676,13,4,15,2,3,0,0,1,2,2,0
11677,11,4,12,2,14,0,1,1,1,2,1
11678,7,6,9,4,10,3,1,0,1,2,0
11679,10,4,9,0,4,4,1,0,2,2,0
11680,3,7,9,4,11,1,1,0,1,2,0
11681,9,2,15,0,4,1,1,0,2,2,0
11682,12,4,14,2,10,0,1,1,2,2,1
11683,13,4,14,2,10,5,1,0,2,2,1
11684,8,4,5,4,3,3,1,1,2,2,1
11685,4,4,9,5,12,1,1,0,1,2,0
11686,7,4,14,2,10,5,1,0,2,2,0
11687,6,4,11,4,7,1,1,1,2,2,1
11688,5,5,15,2,4,0,1,1,2,2,1
11689,11,4,9,2,4,0,1,1,2,2,1
11690,12,4,11,2,12,5,1,0,2,2,0
11691,7,4,11,2,1,0,1,1,0,2,1
11692,7,0,5,2,0,0,1,1,2,2,0
11693,9,0,5,0,0,4,1,0,0,2,0
11694,9,2,9,2,4,0,1,1,2,2,0
11695,8,4,15,2,4,0,1,1,2,2,0
11696,13,4,15,5,6,4,1,0,3,2,0
11697,5,4,9,4,10,3,0,0,2,2,0
11698,7,4,10,2,10,5,1,0,2,2,0
11699,7,4,11,2,3,0,1,1,2,2,1
11700,6,4,10,2,13,0,1,1,2,2,1
11701,4,4,15,4,12,3,1,1,2,2,0
11702,17,4,15,0,1,4,0,0,1,2,0
11703,10,0,11,2,0,0,1,1,1,2,0
11704,9,4,11,0,7,1,1,0,2,2,0
11705,8,7,9,2,10,0,1,1,1,2,1
11706,5,6,11,4,4,3,1,1,2,2,0
11707,12,4,15,2,6,0,1,1,2,2,1
11708,12,4,11,2,7,0,1,1,2,2,0
11709,5,4,8,2,4,0,0,1,2,2,0
11710,9,4,11,0,7,4,1,0,2,2,1
11711,7,4,11,0,12,4,0,0,4,2,0
11712,5,4,11,2,6,0,1,1,2,2,0
11713,7,4,9,2,4,0,1,1,2,2,0
11714,6,7,9,0,10,1,1,1,2,2,0
11715,5,6,8,2,10,0,0,1,3,2,1
11716,7,4,11,5,12,5,1,0,2,2,0
11717,6,4,15,3,8,5,1,0,2,1,0
11718,11,4,14,6,10,4,1,0,2,2,0
11719,9,4,0,4,3,2,1,1,1,0,0
11720,7,4,0,2,6,0,1,1,2,2,1
11721,7,4,11,2,3,0,1,1,2,0,0
11722,4,4,11,4,8,3,1,1,2,2,0
11723,5,4,15,4,8,3,0,0,1,2,0
11724,6,4,15,2,12,0,1,1,2,2,1
11725,4,2,12,6,10,3,1,1,2,2,0
11726,6,4,1,2,8,5,1,0,1,2,0
11727,7,5,9,2,10,0,1,1,3,2,0
11728,9,4,11,2,14,0,1,1,2,0,0
11729,9,5,7,2,3,0,1,1,2,2,0
11730,4,4,11,4,8,1,1,0,2,2,0
11731,4,4,15,4,1,3,1,0,2,2,0
11732,7,4,11,5,3,0,1,1,2,2,0
11733,6,6,6,4,5,3,1,0,2,2,0
11734,10,4,11,2,8,0,1,1,2,2,0
11735,4,7,11,4,12,3,1,1,1,2,0
11736,6,6,9,2,10,0,1,1,2,1,0
11737,11,4,4,2,8,0,1,1,2,2,0
11738,6,4,11,4,8,3,1,0,1,2,0
11739,9,2,11,2,1,0,1,1,2,2,0
11740,14,4,11,0,5,1,1,1,1,2,0
11741,7,4,1,4,8,1,1,1,1,2,0
11742,7,4,9,2,10,0,1,1,3,2,0
11743,9,4,11,0,1,4,1,0,2,2,0
11744,4,4,12,4,12,1,1,1,3,2,0
11745,11,4,8,2,4,0,1,1,2,2,1
11746,7,1,11,5,1,4,0,0,4,2,0
11747,3,4,12,4,4,3,1,0,2,2,0
11748,5,4,7,0,4,1,1,1,2,2,0
11749,4,4,11,4,8,1,1,1,1,2,0
11750,7,5,10,1,10,5,1,0,2,0,0
11751,4,4,15,6,1,1,0,0,1,2,0
11752,4,2,9,4,11,3,1,1,2,2,0
11753,6,4,15,3,13,5,1,0,2,2,0
11754,11,6,11,0,8,4,0,0,2,2,1
11755,9,4,7,2,7,0,0,1,2,2,0
11756,5,4,8,2,6,0,0,1,2,2,0
11757,10,7,15,2,8,0,1,1,2,2,1
11758,9,4,11,0,4,4,1,0,2,2,0
11759,9,6,1,0,5,1,1,1,2,2,0
11760,4,7,9,2,10,0,1,1,2,2,1
11761,8,7,9,2,10,0,1,1,2,2,0
11762,11,4,12,2,4,0,1,1,2,2,0
11763,6,4,15,4,3,3,0,0,2,2,0
11764,9,4,11,0,3,1,1,1,1,2,0
11765,5,6,8,2,13,0,1,1,0,2,0
11766,8,4,11,2,3,0,1,1,2,2,0
11767,8,4,11,2,3,0,1,1,0,2,0
11768,9,4,15,2,12,0,1,1,2,2,0
11769,12,5,11,2,4,0,1,1,2,2,0
11770,7,4,11,4,7,1,1,1,2,2,0
11771,7,4,14,2,3,0,1,1,2,2,0
11772,10,5,11,2,3,0,1,1,2,2,0
11773,8,4,9,0,12,4,1,0,4,2,0
11774,11,4,1,3,12,1,0,1,2,2,0
11775,7,4,11,2,1,0,1,1,1,2,1
11776,7,4,15,2,8,5,0,0,2,2,0
11777,5,4,11,2,4,0,1,1,2,2,0
11778,6,4,11,4,1,1,1,1,2,2,0
11779,8,4,15,4,10,1,1,0,3,0,0
11780,9,4,12,0,10,4,1,0,2,2,0
11781,12,4,0,6,7,1,1,1,2,2,0
11782,10,4,11,2,7,0,1,1,2,2,0
11783,8,4,11,0,1,4,1,0,2,2,0
11784,8,4,11,4,14,3,1,1,2,2,0
11785,10,4,9,2,7,0,0,1,2,2,0
11786,8,4,3,0,6,1,1,1,2,2,0
11787,7,4,11,2,3,0,0,1,2,2,1
11788,4,4,15,4,8,1,1,1,1,2,0
11789,7,4,11,6,10,1,1,1,1,2,0
11790,6,6,15,4,8,1,1,0,1,2,0
11791,7,4,15,2,8,0,1,1,2,2,0
11792,4,4,11,4,3,3,1,1,2,2,0
11793,9,4,15,4,14,3,1,1,2,2,0
11794,6,4,11,2,14,0,0,1,2,2,0
11795,9,7,11,0,1,4,1,0,2,2,0
11796,5,4,15,2,7,0,1,1,2,2,0
11797,6,2,7,2,12,0,1,1,1,2,1
11798,12,4,9,5,10,4,1,0,2,2,0
11799,6,4,11,2,7,0,1,1,2,2,1
11800,5,4,0,4,7,3,1,1,2,2,0
11801,5,4,11,4,1,1,1,0,2,2,0
11802,6,4,9,4,10,1,1,1,3,2,0
11803,13,1,11,2,14,0,1,1,2,2,0
11804,6,4,15,4,10,1,1,1,2,2,0
11805,7,4,15,2,4,0,1,1,2,2,0
11806,8,4,15,4,10,3,1,1,2,2,1
11807,3,4,11,4,1,1,1,0,1,2,0
11808,4,4,15,4,12,1,1,0,1,2,1
11809,8,4,9,2,6,0,0,1,1,2,0
11810,6,4,9,2,4,5,1,0,1,2,0
11811,4,4,15,4,4,3,1,0,2,2,0
11812,5,4,12,6,4,1,1,0,2,4,1
11813,8,4,9,2,8,5,1,0,1,2,0
11814,4,2,9,2,11,0,1,1,2,2,1
11815,11,4,11,2,7,0,0,1,2,2,0
11816,5,2,14,4,10,3,1,1,3,2,0
11817,7,4,11,4,12,3,1,0,2,2,1
11818,6,2,12,2,9,5,1,0,2,2,1
11819,5,0,5,4,0,3,1,0,0,2,0
11820,3,4,11,4,8,1,1,1,2,2,0
11821,5,4,11,4,3,3,1,1,2,1,0
11822,15,4,11,0,10,1,1,0,2,2,0
11823,5,4,9,4,8,1,1,0,0,2,0
11824,7,4,11,2,8,0,1,1,1,2,0
11825,11,4,11,3,12,1,1,0,1,2,0
11826,8,4,11,2,8,0,1,1,2,2,0
11827,8,4,15,2,12,0,1,1,2,2,0
11828,7,4,9,4,4,1,1,0,2,2,0
11829,4,4,11,4,1,3,1,0,2,2,0
11830,8,6,8,2,10,0,1,1,2,2,0
11831,8,4,11,2,3,0,1,1,2,2,1
11832,6,6,11,4,4,3,1,1,2,0,0
11833,6,0,11,4,4,3,1,1,2,2,0
11834,5,4,15,4,10,1,1,0,2,2,0
11835,10,6,11,2,1,0,0,1,2,2,0
11836,9,4,15,2,7,0,1,1,2,2,0
11837,10,4,13,2,6,0,0,1,2,2,1
11838,3,4,5,4,3,3,1,0,2,2,0
11839,8,4,15,2,4,5,1,0,3,2,1
11840,4,4,8,4,1,3,0,0,2,2,0
11841,11,4,11,2,3,0,1,1,2,2,0
11842,10,4,15,2,3,0,1,1,1,2,1
11843,5,6,11,2,12,0,1,1,2,2,1
11844,3,4,15,4,7,3,1,1,2,2,0
11845,8,5,15,2,10,0,1,1,0,2,0
11846,4,4,11,4,8,1,0,0,2,2,0
11847,6,4,11,0,3,1,1,1,2,2,0
11848,8,4,9,2,13,0,1,1,2,2,1
11849,12,7,11,2,8,0,0,1,2,2,0
11850,8,4,11,2,1,0,1,1,2,2,0
11851,9,4,11,2,12,0,1,1,2,2,1
11852,11,5,9,2,1,0,0,1,2,2,0
11853,6,4,11,4,5,1,1,1,2,2,0
11854,9,4,0,2,3,0,1,1,2,2,0
11855,5,2,8,4,10,3,1,0,1,3,0
11856,6,4,7,3,12,1,1,0,2,1,1
11857,10,4,6,2,3,0,1,1,2,2,0
11858,7,6,0,4,8,4,0,0,1,2,0
11859,3,4,6,4,5,3,1,1,2,2,0
11860,18,4,11,0,7,4,1,0,2,2,0
11861,10,4,9,2,12,0,1,1,1,2,0
11862,4,4,9,4,12,1,1,0,1,2,0
11863,4,2,0,4,6,1,1,1,2,2,0
11864,5,2,9,2,10,0,1,1,2,2,1
11865,6,2,9,2,10,0,1,1,2,2,0
11866,15,4,11,6,6,4,1,1,3,2,0
11867,8,4,11,2,6,0,0,1,3,2,1
11868,4,5,1,4,7,3,1,0,4,2,0
11869,12,4,12,4,4,4,1,0,2,2,0
11870,7,4,11,2,6,0,1,1,3,2,1
11871,5,5,11,4,4,3,1,1,2,2,0
11872,7,4,15,6,12,1,0,0,3,2,0
11873,10,4,11,0,3,4,1,0,2,2,0
11874,7,4,15,4,7,1,1,0,2,2,0
11875,11,4,15,0,10,1,1,1,2,2,0
11876,10,4,9,2,8,0,1,1,1,2,0
11877,3,4,15,4,12,1,1,0,3,2,0
11878,6,4,15,3,7,1,1,0,2,2,0
11879,3,4,10,4,7,2,1,1,2,2,0
11880,8,4,11,0,1,4,1,0,2,2,0
11881,6,4,6,0,5,1,1,1,2,2,0
11882,5,4,11,2,1,0,1,1,1,2,1
11883,7,4,12,2,6,0,0,1,3,2,1
11884,8,4,11,2,8,0,1,1,2,2,1
11885,7,4,15,0,8,1,1,1,1,2,1
11886,4,5,1,4,0,1,1,0,2,2,0
11887,5,4,15,2,1,0,1,1,2,2,0
11888,10,0,10,2,0,0,1,1,0,2,1
11889,6,4,9,2,1,0,0,1,1,2,1
11890,7,4,15,2,3,0,1,1,2,0,1
11891,9,5,8,0,4,4,1,0,2,0,0
11892,12,4,9,2,12,5,1,0,2,2,0
11893,7,2,15,5,11,4,1,0,2,2,0
11894,4,4,15,4,13,1,1,0,0,2,0
11895,5,4,11,2,4,0,1,1,2,2,1
11896,10,2,11,2,6,0,0,1,1,2,1
11897,7,4,11,4,13,1,0,0,2,2,0
11898,3,4,0,4,7,3,0,0,2,2,0
11899,6,4,1,2,8,5,1,0,2,2,0
11900,6,4,11,2,6,0,1,1,3,0,0
11901,11,0,6,2,0,0,1,1,0,2,0
11902,8,4,11,4,1,1,1,0,2,2,1
11903,3,5,9,4,10,1,1,0,2,2,0
11904,10,4,0,2,6,0,0,1,2,2,0
11905,11,4,11,2,12,0,1,1,2,2,1
11906,9,4,15,2,1,0,1,1,1,2,0
11907,11,4,0,2,3,0,1,1,2,2,0
11908,9,4,12,2,10,0,1,1,2,2,0
11909,9,4,11,2,3,0,1,1,2,2,1
11910,4,3,9,4,13,1,1,1,2,2,0
11911,4,7,15,4,1,3,0,0,2,2,0
11912,4,7,7,4,12,3,1,1,2,2,0
11913,3,4,15,4,13,3,1,1,2,2,0
11914,8,4,2,4,14,1,1,1,2,0,0
11915,13,6,14,0,10,1,1,0,1,2,0
11916,4,4,7,4,7,2,1,1,2,2,0
11917,7,4,9,0,10,3,1,1,2,2,0
11918,8,4,9,2,6,0,0,1,2,2,1
11919,8,2,12,0,10,4,1,0,3,2,0
11920,9,7,9,0,10,1,1,1,2,2,0
11921,3,7,14,4,10,2,1,1,2,2,0
11922,6,4,11,2,14,0,1,1,2,0,1
11923,7,2,11,2,3,0,1,1,2,0,1
11924,8,8,2,2,13,0,1,1,1,2,1
11925,10,4,0,2,6,0,1,1,2,2,1
11926,6,4,11,3,7,5,1,0,2,2,1
11927,9,4,11,2,7,0,0,1,2,2,1
11928,4,4,11,6,1,4,1,0,2,2,0
11929,12,4,7,2,10,0,0,1,2,2,0
11930,6,4,1,2,3,0,1,1,1,2,1
11931,8,4,9,2,12,0,1,1,2,2,0
11932,9,5,15,0,4,4,1,0,2,2,0
11933,8,6,9,4,12,1,1,1,2,2,0
11934,7,4,11,2,14,0,1,1,3,2,0
11935,8,4,11,2,4,0,1,1,2,2,0
11936,7,4,11,0,1,4,1,0,2,2,0
11937,5,2,12,4,1,4,0,0,2,2,0
11938,4,4,11,6,8,4,0,0,1,2,0
11939,10,4,3,4,8,2,1,0,1,2,0
11940,11,1,8,2,14,0,1,1,2,2,0
11941,5,4,0,4,8,2,1,0,1,2,0
11942,4,5,11,4,0,3,1,1,2,2,0
11943,4,4,9,5,10,1,1,1,1,2,0
11944,9,4,8,2,3,0,1,1,2,2,0
11945,8,4,11,0,1,1,0,0,2,2,0
11946,9,1,9,2,1,0,1,1,2,2,1
11947,8,4,6,2,3,0,1,1,2,2,0
11948,3,4,11,4,3,3,1,1,2,2,1
11949,5,0,11,2,0,0,1,1,1,2,1
11950,7,4,15,6,13,4,1,0,2,2,0
11951,6,4,11,2,14,0,1,1,2,0,0
11952,3,4,11,4,1,1,1,0,1,2,0
11953,9,4,11,0,1,1,1,0,0,2,0
11954,12,4,11,2,3,5,1,0,2,2,1
11955,4,1,11,4,3,1,1,1,3,2,0
11956,10,4,11,2,7,5,1,0,2,2,0
11957,5,3,15,2,13,1,1,1,2,2,0
11958,4,4,7,4,7,1,1,0,2,2,0
11959,8,4,11,4,1,1,1,0,2,2,1
11960,6,4,15,2,4,0,1,1,2,2,0
11961,8,4,15,0,5,1,1,0,1,2,0
11962,10,6,0,2,13,0,1,1,2,2,1
11963,4,4,14,4,10,1,1,0,2,2,0
11964,6,4,11,2,3,0,1,1,2,2,0
11965,5,4,7,4,1,3,1,1,2,2,0
11966,9,7,8,4,10,1,1,0,0,2,0
11967,12,2,12,4,9,1,0,0,2,2,1
11968,9,2,12,2,5,0,1,1,2,2,0
11969,8,4,11,4,5,1,1,1,2,2,0
11970,8,4,11,0,10,4,1,0,0,2,0
11971,7,4,9,2,1,5,1,0,2,2,1
11972,8,6,9,2,10,0,1,1,3,2,0
11973,7,5,11,2,4,0,1,1,2,1,0
11974,6,4,12,4,4,1,1,1,2,2,0
11975,6,6,0,2,8,5,1,0,1,2,0
11976,6,4,11,2,10,5,1,0,2,2,1
11977,4,4,15,4,8,3,1,0,2,2,0
11978,8,4,9,0,10,1,1,0,3,2,0
11979,3,5,15,4,5,3,1,1,2,2,0
11980,12,4,12,2,6,0,1,1,2,2,1
11981,6,4,12,4,5,1,1,1,3,2,0
11982,12,4,9,2,13,0,1,1,1,2,0
11983,10,4,11,2,12,0,1,1,2,2,0
11984,9,7,15,2,4,0,1,1,2,2,0
11985,5,4,15,4,3,3,1,1,2,2,0
11986,12,4,13,0,13,4,1,1,2,2,0
11987,8,4,9,2,4,0,1,1,2,2,0
11988,10,0,5,2,0,5,1,0,0,2,1
11989,8,4,0,4,7,2,1,0,2,2,0
11990,5,4,11,4,7,3,1,1,2,2,0
11991,6,4,15,1,8,1,1,0,1,2,1
11992,11,4,15,2,4,0,1,1,1,2,0
11993,10,4,15,2,7,5,1,0,2,2,0
11994,7,5,15,2,0,0,1,1,0,2,0
11995,5,4,9,4,4,1,1,0,2,2,0
11996,6,6,15,2,8,0,1,1,1,2,0
11997,4,4,11,2,13,0,1,1,2,2,1
11998,10,6,7,0,12,4,1,0,2,2,0
11999,7,0,15,2,0,0,1,1,1,2,0
12000,7,4,12,0,10,1,1,0,2,2,0
12001,3,4,12,4,10,1,1,0,1,2,0
12002,12,2,15,6,1,4,1,0,1,2,0
12003,13,4,9,2,12,0,0,1,2,2,1
12004,10,4,15,2,4,0,1,1,2,2,0
12005,5,4,15,4,8,4,0,0,2,2,0
12006,6,4,9,4,10,3,1,1,1,2,0
12007,4,5,11,4,7,1,1,1,2,2,0
12008,7,4,11,2,3,0,1,1,2,2,0
12009,7,4,11,5,3,0,1,1,1,2,0
12010,9,5,1,2,0,0,1,1,1,2,0
12011,11,1,1,2,14,0,1,1,1,2,1
12012,9,4,15,0,8,4,1,1,2,2,0
12013,7,4,15,2,1,0,1,1,2,2,1
12014,10,4,0,2,7,0,1,1,2,2,1
12015,7,2,12,2,2,0,1,1,1,2,1
12016,10,5,9,2,4,0,1,1,2,2,1
12017,7,1,11,2,1,0,1,1,2,2,1
12018,5,4,9,2,12,0,0,1,1,2,0
12019,5,4,11,4,1,3,1,0,2,2,0
12020,4,2,11,4,1,3,1,0,2,2,0
12021,9,2,14,4,10,3,0,1,1,2,0
12022,3,4,4,4,8,3,0,1,2,2,0
12023,7,4,15,2,3,0,1,1,1,2,0
12024,9,4,11,5,11,1,1,0,2,2,0
12025,3,4,9,4,10,3,1,0,1,2,0
12026,8,4,15,0,1,4,1,0,1,2,0
12027,5,4,15,4,4,1,1,1,2,2,0
12028,9,2,15,0,6,1,1,1,2,2,1
12029,5,2,9,2,10,0,1,1,2,2,1
12030,10,4,15,2,12,5,0,0,1,2,1
12031,6,4,11,2,3,0,1,1,2,2,0
12032,12,4,11,5,12,4,1,0,1,2,0
12033,4,4,11,4,3,1,1,1,2,2,1
12034,8,4,6,2,14,0,1,1,3,2,0
12035,13,4,11,2,14,0,1,1,1,2,0
12036,8,4,9,0,1,4,0,0,2,2,0
12037,8,2,12,2,10,0,1,1,2,2,0
12038,14,4,11,6,12,4,1,1,3,2,0
12039,5,4,15,4,1,2,1,0,2,2,0
12040,3,4,15,4,12,1,1,1,2,2,0
12041,9,4,11,2,3,0,1,1,2,2,0
12042,10,2,15,2,11,0,1,1,2,2,1
12043,5,2,15,2,9,0,0,1,1,2,1
12044,10,0,11,2,0,0,1,1,1,2,0
12045,3,6,7,4,1,3,1,1,2,2,0
12046,6,5,1,4,5,3,1,1,1,2,0
12047,5,2,11,4,3,1,1,1,2,2,0
12048,6,4,11,2,3,0,1,1,2,2,1
12049,8,2,12,5,10,4,1,0,2,2,0
12050,6,4,15,4,5,3,1,1,3,2,1
12051,11,4,15,4,12,1,1,1,2,2,0
12052,6,4,7,1,13,5,1,0,1,2,0
12053,8,4,9,2,4,0,1,1,2,2,1
12054,5,2,15,4,6,1,1,1,2,2,0
12055,7,4,15,2,10,0,1,1,2,2,0
12056,9,4,9,5,10,1,1,1,2,2,0
12057,4,0,9,4,0,3,1,1,1,2,0
12058,9,4,9,2,10,0,1,1,2,2,1
12059,8,4,9,4,12,3,1,1,2,2,0
12060,12,5,15,0,4,4,1,0,2,2,0
12061,5,4,9,4,12,2,1,0,1,2,0
12062,4,4,0,5,8,4,0,0,1,2,0
12063,9,6,5,4,3,3,1,1,2,2,0
12064,7,4,9,2,7,3,1,1,2,2,1
12065,12,4,0,2,7,0,1,1,2,2,1
12066,4,4,11,6,7,1,1,0,2,2,0
12067,9,4,0,2,6,0,1,1,2,2,1
12068,3,4,11,4,1,1,0,0,1,2,0
12069,11,4,11,2,14,0,1,1,2,2,0
12070,6,4,9,2,6,0,0,1,3,0,1
12071,8,4,11,0,1,1,1,1,2,2,0
12072,4,4,11,4,3,1,1,0,2,2,0
12073,6,4,15,2,4,0,0,1,2,0,0
12074,11,6,11,0,12,4,1,0,1,2,0
12075,9,4,7,0,3,4,1,0,1,2,0
12076,4,7,9,4,10,3,1,1,2,2,0
12077,3,6,15,4,8,1,0,0,2,2,0
12078,5,7,11,4,1,3,0,0,3,2,0
12079,9,4,11,0,3,4,1,1,2,2,0
12080,11,6,11,2,5,0,1,1,3,2,0
12081,8,4,11,2,12,0,1,1,1,2,0
12082,10,4,11,2,7,5,1,0,2,2,0
12083,8,1,15,2,3,4,1,0,3,2,1
12084,7,4,11,4,6,3,0,1,2,2,0
12085,3,7,9,4,10,4,0,0,2,2,0
12086,8,4,11,4,6,3,1,1,3,2,0
12087,5,4,11,2,5,0,1,1,1,2,1
12088,8,6,11,4,12,3,1,1,2,2,0
12089,4,4,15,4,8,3,1,1,1,2,0
12090,5,4,11,4,1,1,1,0,1,2,0
12091,12,1,11,2,3,0,1,1,2,2,1
12092,6,1,14,2,3,0,1,1,2,2,1
12093,12,4,1,2,14,0,1,1,2,2,0
12094,11,4,12,6,6,0,1,1,2,2,0
12095,5,4,7,4,7,3,1,0,2,2,0
12096,9,4,11,2,14,0,1,1,2,2,1
12097,6,0,15,2,12,0,1,1,2,3,0
12098,6,4,1,2,12,0,0,1,2,2,0
12099,7,4,11,4,3,1,1,1,2,2,0
12100,11,3,0,0,8,1,1,0,1,2,0
12101,9,4,11,2,7,0,1,1,2,2,1
12102,6,4,15,4,1,1,1,0,2,2,0
12103,17,4,11,0,3,1,1,1,2,2,0
12104,6,4,9,2,12,0,1,1,2,2,0
12105,4,0,9,4,4,3,1,0,2,2,0
12106,8,4,6,0,5,1,1,1,3,2,1
12107,5,4,5,4,3,1,1,1,2,2,0
12108,6,4,11,2,3,0,1,1,2,2,0
12109,9,4,9,2,6,0,1,1,1,2,1
12110,8,4,5,0,3,1,1,1,2,2,1
12111,11,0,6,4,0,3,1,1,1,2,0
12112,15,4,11,2,3,0,1,1,2,2,1
12113,7,4,11,2,6,0,1,1,2,2,1
12114,6,4,9,2,10,5,1,0,2,2,0
12115,5,4,11,0,8,1,1,0,2,2,0
12116,8,7,6,4,10,1,1,0,2,2,0
12117,4,4,10,4,10,3,1,1,2,2,0
12118,8,4,8,4,4,1,1,0,2,2,0
12119,4,4,11,4,4,3,1,1,2,2,0
12120,5,4,6,2,3,0,1,1,3,2,0
12121,5,4,11,2,4,0,1,1,2,2,1
12122,8,4,3,2,13,5,1,0,2,2,1
12123,12,2,12,2,10,0,1,1,2,2,1
12124,4,4,11,4,6,3,1,1,1,2,0
12125,5,7,11,2,10,0,1,1,2,2,1
12126,13,4,11,2,1,5,1,0,1,2,1
12127,6,4,4,0,13,1,1,0,2,2,0
12128,7,4,15,4,10,1,1,0,2,2,0
12129,10,4,11,2,12,0,1,1,2,2,1
12130,6,4,8,2,3,0,1,1,2,2,0
12131,12,4,1,2,7,0,1,1,2,2,1
12132,7,1,11,2,1,0,0,1,2,2,1
12133,8,4,11,0,1,4,1,0,0,2,0
12134,8,4,13,2,6,2,0,0,2,2,0
12135,8,7,15,2,11,0,1,1,2,2,1
12136,12,4,9,4,1,1,1,0,1,2,0
12137,5,4,9,4,4,4,1,0,2,2,0
12138,8,4,11,2,3,0,1,1,2,2,1
12139,4,4,15,4,12,1,1,1,2,2,0
12140,6,4,11,1,3,1,1,1,2,1,0
12141,7,2,8,2,3,0,1,1,2,2,0
12142,11,4,2,1,14,1,1,1,2,2,0
12143,7,6,11,2,12,4,1,0,2,2,0
12144,5,7,9,4,10,1,1,1,2,2,0
12145,8,4,11,0,7,1,1,1,2,2,0
12146,4,4,15,4,12,3,1,0,2,2,0
12147,7,4,9,2,1,5,1,0,2,2,1
12148,7,4,11,5,1,4,1,0,1,2,0
12149,9,4,8,2,3,0,1,1,1,2,0
12150,17,4,11,0,6,1,0,1,3,2,0
12151,11,4,9,2,12,0,1,1,1,2,1
12152,8,0,7,2,0,0,1,1,1,2,0
12153,8,2,9,4,11,1,1,0,2,2,1
12154,8,4,9,2,10,0,1,1,2,0,1
12155,7,5,9,2,4,0,1,1,3,2,1
12156,8,4,11,0,12,4,0,1,2,2,0
12157,7,4,9,2,10,0,1,1,2,2,1
12158,3,4,11,4,7,4,1,0,2,2,0
12159,8,4,11,4,1,3,1,0,2,2,0
12160,12,4,1,2,7,5,1,0,2,2,0
12161,4,4,0,4,6,1,1,0,2,2,0
12162,11,4,6,2,5,0,1,1,2,2,0
12163,10,4,11,4,4,1,1,0,3,2,0
12164,5,6,11,4,3,1,1,1,2,2,0
12165,7,5,0,2,3,0,1,1,2,0,0
12166,5,4,11,4,1,1,0,0,1,2,0
12167,6,4,4,4,8,4,1,0,2,2,0
12168,6,4,5,4,3,3,0,1,3,0,1
12169,8,4,11,2,1,5,0,0,2,2,0
12170,8,7,9,0,1,1,1,0,1,2,0
12171,7,4,12,4,10,1,1,0,1,2,0
12172,10,4,11,2,6,0,1,1,2,2,1
12173,8,7,14,2,10,0,1,1,2,2,0
12174,10,4,15,2,6,0,0,1,2,2,0
12175,7,2,12,0,10,1,0,0,2,2,0
12176,7,4,11,6,1,4,1,0,2,2,0
12177,6,4,7,2,12,5,1,0,4,2,1
12178,10,4,11,2,7,0,1,1,2,2,1
12179,7,6,2,2,12,0,1,1,3,2,0
12180,9,2,11,0,6,1,1,1,2,2,0
12181,9,4,15,2,13,0,1,1,2,1,0
12182,7,1,11,0,7,1,1,1,2,2,0
12183,6,4,9,2,10,0,1,1,0,2,0
12184,4,5,5,2,0,0,1,1,1,2,1
12185,10,6,9,2,10,0,1,1,2,2,0
12186,6,4,15,0,12,4,1,0,1,2,1
12187,6,4,11,2,6,0,1,1,3,2,0
12188,4,4,12,4,10,3,1,1,2,2,1
12189,9,2,9,2,10,0,1,1,2,2,0
12190,8,5,15,2,3,0,1,1,2,2,1
12191,6,4,0,4,7,1,1,0,2,2,0
12192,4,4,11,6,3,1,1,1,1,2,0
12193,8,4,11,2,14,0,0,1,2,2,0
12194,4,4,15,4,8,4,1,0,1,2,0
12195,5,0,6,0,0,1,1,1,0,2,0
12196,7,4,8,4,3,1,1,1,1,2,0
12197,8,4,9,0,10,1,1,1,2,2,1
12198,8,8,15,4,13,3,1,1,0,2,0
12199,7,0,5,2,0,0,1,1,1,2,0
12200,9,4,12,5,10,1,1,1,2,2,0
12201,4,6,11,0,3,1,1,1,2,2,1
12202,9,6,11,2,12,0,1,1,2,2,1
12203,7,4,15,2,1,0,0,1,2,2,0
12204,7,5,12,4,5,1,1,1,2,2,0
12205,7,4,3,2,12,0,0,1,2,2,0
12206,4,0,11,4,0,1,1,0,0,2,0
12207,7,4,11,2,13,0,0,1,0,2,0
12208,5,4,1,6,8,1,0,1,1,2,0
12209,7,4,15,2,12,0,1,1,2,2,0
12210,6,4,11,4,14,3,1,1,3,2,0
12211,9,4,11,2,4,0,1,1,2,2,1
12212,8,4,11,2,14,0,1,1,2,2,1
12213,3,4,15,4,3,4,1,1,2,2,0
12214,8,2,11,2,3,0,1,1,2,2,1
12215,8,4,15,0,4,1,1,1,1,2,0
12216,6,4,12,4,12,1,0,1,2,2,0
12217,9,4,9,2,8,0,1,1,2,2,1
12218,4,4,12,5,1,4,1,0,2,2,0
12219,15,5,0,2,4,2,1,0,2,2,0
12220,3,4,7,4,1,1,0,0,2,2,0
12221,9,4,15,0,1,4,1,0,2,2,0
12222,4,4,11,4,3,1,1,1,2,2,0
12223,8,4,5,2,3,0,1,1,2,2,1
12224,8,4,5,2,1,0,1,1,2,2,1
12225,9,2,12,2,10,0,0,1,2,2,0
12226,4,4,15,4,8,4,0,0,1,4,0
12227,7,4,9,2,8,0,1,1,2,2,0
12228,14,1,11,2,14,0,1,1,2,2,0
12229,6,4,15,2,14,0,1,1,2,2,0
12230,8,6,11,2,3,0,1,1,2,2,1
12231,10,1,7,2,12,0,1,1,1,2,1
12232,7,2,10,2,10,0,1,1,2,2,0
12233,3,0,11,4,0,3,1,1,1,2,0
12234,4,4,15,4,14,3,1,1,2,2,0
12235,9,4,1,2,7,0,1,1,4,2,1
12236,7,4,11,2,14,5,1,0,2,2,1
12237,8,4,15,2,4,0,1,1,2,2,0
12238,5,4,12,2,10,0,1,1,2,2,0
12239,7,0,15,2,0,0,1,1,1,2,0
12240,6,4,15,2,3,0,1,1,2,2,0
12241,4,4,8,4,6,1,1,1,2,2,0
12242,8,4,11,2,8,0,1,1,1,2,0
12243,7,4,9,2,4,0,1,1,2,2,1
12244,10,4,9,2,10,0,1,1,2,2,0
12245,7,0,9,2,0,0,1,1,2,2,1
12246,6,0,5,4,0,1,0,0,1,2,0
12247,4,4,15,2,4,0,1,1,2,2,1
12248,3,4,11,4,1,3,1,1,2,2,0
12249,5,4,9,2,11,0,0,1,2,2,0
12250,5,4,15,2,6,0,1,1,3,2,0
12251,11,4,1,2,14,0,1,1,3,2,1
12252,10,4,11,2,4,0,1,1,2,2,0
12253,12,4,15,5,8,4,0,0,0,2,0
12254,7,4,11,2,3,0,1,1,2,2,0
12255,9,4,15,2,4,0,0,1,2,2,0
12256,6,4,11,4,7,1,1,0,2,2,0
12257,8,4,11,0,1,4,1,1,2,2,0
12258,7,4,9,4,1,1,0,0,2,2,0
12259,10,4,12,2,10,0,1,1,3,2,1
12260,9,4,9,0,4,4,0,0,2,2,0
12261,5,2,12,4,6,3,1,1,2,2,0
12262,6,4,1,4,14,3,0,1,2,2,0
12263,9,4,5,2,3,0,1,1,2,2,0
12264,9,4,11,5,4,0,1,1,2,2,0
12265,8,4,11,0,1,1,1,1,2,2,0
12266,5,4,12,4,10,3,1,0,3,2,0
12267,5,4,15,2,1,0,1,1,2,2,0
12268,5,4,9,4,10,3,1,0,2,2,0
12269,12,4,9,2,10,0,1,1,2,2,1
12270,3,5,15,4,4,1,1,1,2,2,0
12271,10,1,13,2,14,0,1,1,2,2,0
12272,5,6,9,4,10,3,1,1,2,2,0
12273,9,5,5,2,3,0,1,1,2,2,0
12274,4,6,15,4,10,1,1,0,2,2,0
12275,9,4,15,2,12,0,1,1,1,0,1
12276,6,2,9,2,10,5,1,0,2,2,0
12277,8,2,15,0,11,1,0,0,2,2,1
12278,8,4,15,2,5,0,1,1,3,2,0
12279,12,4,14,2,3,0,1,1,2,2,0
12280,9,4,0,2,3,0,1,1,2,2,1
12281,7,6,9,4,12,4,1,1,1,2,0
12282,8,4,11,2,14,0,1,1,3,2,1
12283,15,4,9,0,10,4,1,0,1,2,1
12284,6,4,11,4,3,1,1,1,2,2,0
12285,9,4,11,2,14,0,1,1,2,2,0
12286,13,4,15,2,8,0,1,1,2,2,1
12287,7,6,11,0,12,1,1,0,2,2,0
12288,3,7,9,4,10,3,1,0,2,2,0
12289,4,4,15,4,1,4,1,0,2,2,0
12290,6,4,11,2,8,2,1,0,0,2,0
12291,5,4,11,2,3,0,1,1,2,2,1
12292,4,4,11,4,12,1,0,1,2,2,1
12293,4,4,9,4,4,3,0,1,1,2,0
12294,4,2,11,2,6,0,1,1,2,2,0
12295,12,4,0,2,7,0,1,1,2,2,0
12296,5,4,9,4,12,1,1,0,2,2,0
12297,12,4,8,2,3,0,1,1,1,2,1
12298,7,4,1,2,14,0,0,1,2,2,0
12299,10,2,15,2,6,0,1,1,1,2,0
12300,9,4,14,4,10,1,1,0,3,2,0
12301,5,4,11,4,1,3,1,0,0,2,0
12302,5,4,12,4,5,1,1,0,3,2,0
12303,10,4,11,2,12,0,1,1,2,2,0
12304,9,4,15,2,4,0,1,1,2,2,1
12305,11,1,8,2,10,0,1,1,1,2,1
12306,8,4,11,0,14,1,1,1,3,2,0
12307,6,4,15,4,7,3,1,1,2,2,0
12308,7,4,11,0,14,1,1,1,2,1,0
12309,4,4,15,4,14,3,1,1,1,4,1
12310,7,4,12,2,10,0,1,1,1,2,0
12311,9,4,11,2,1,0,1,1,2,2,0
12312,7,4,11,2,4,0,1,1,2,2,1
12313,14,4,11,2,12,5,1,0,2,2,1
12314,6,4,11,2,8,0,1,1,1,2,0
12315,4,4,15,4,1,3,1,0,2,2,0
12316,3,4,11,4,8,3,1,0,2,2,0
12317,10,4,11,2,8,0,0,1,0,2,0
12318,17,4,9,6,10,4,1,0,2,2,0
12319,9,4,11,2,7,0,1,1,2,2,0
12320,6,0,0,4,6,2,1,1,2,2,0
12321,4,4,11,4,4,1,1,1,1,2,0
12322,5,4,9,4,1,4,1,1,2,2,0
12323,6,4,11,2,4,0,1,1,3,2,1
12324,12,4,11,0,3,1,1,1,2,2,0
12325,8,4,15,2,12,0,1,1,2,2,0
12326,6,4,15,2,8,0,1,1,2,2,1
12327,15,4,11,0,12,4,1,0,2,2,0
12328,6,6,7,4,12,3,1,1,2,2,0
12329,7,4,9,5,10,3,1,1,1,2,0
12330,6,6,15,2,5,0,1,1,1,2,0
12331,11,6,11,3,3,0,1,1,2,2,1
12332,4,5,15,4,3,3,1,1,2,2,0
12333,9,4,11,2,7,0,1,1,4,2,0
12334,7,6,9,3,4,0,1,1,2,2,0
12335,4,4,14,2,10,0,1,1,2,1,1
12336,8,6,12,2,5,0,1,1,2,2,1
12337,5,4,11,4,6,3,1,1,2,2,0
12338,4,2,12,0,10,4,1,1,2,2,0
12339,11,4,9,2,13,0,1,1,2,2,0
12340,10,4,15,2,8,0,1,1,2,2,0
12341,5,5,0,4,7,3,0,1,2,2,0
12342,7,7,8,2,10,0,1,1,0,2,0
12343,16,4,1,2,14,0,1,1,2,2,0
12344,10,2,9,2,10,0,1,1,1,2,1
12345,6,4,11,2,7,0,0,1,2,2,1
12346,13,1,12,2,10,0,0,1,2,2,0
12347,4,4,11,4,7,3,1,1,2,2,0
12348,6,6,11,4,8,1,0,0,3,2,0
12349,5,4,1,4,7,1,1,0,2,2,0
12350,4,2,9,4,10,3,1,0,2,2,1
12351,11,4,12,2,12,2,0,0,2,2,0
12352,5,4,11,2,14,0,1,1,2,2,1
12353,6,4,11,4,8,1,0,0,3,2,0
12354,7,4,11,2,14,0,1,1,2,2,1
12355,5,4,15,6,5,1,1,1,2,2,0
12356,6,6,11,2,3,0,1,1,2,1,1
12357,9,4,9,2,4,0,1,1,2,2,0
12358,12,2,11,2,5,0,1,1,3,2,1
12359,9,8,9,0,13,4,1,0,2,2,0
12360,7,4,15,5,1,1,1,1,1,2,0
12361,6,7,12,0,10,1,1,1,2,2,0
12362,9,4,11,2,12,0,1,1,2,2,0
12363,5,4,0,4,7,1,1,0,2,2,0
12364,7,4,15,2,10,0,1,1,2,2,1
12365,6,4,11,2,3,0,1,1,2,0,1
12366,4,2,14,4,10,3,1,0,1,2,0
12367,11,4,1,0,12,1,1,0,2,2,0
12368,11,5,15,0,4,1,1,1,2,2,0
12369,11,4,11,1,3,1,1,1,2,2,1
12370,10,4,11,2,7,0,1,1,2,2,0
12371,6,4,9,2,10,0,1,1,2,3,0
12372,6,5,9,0,4,1,1,0,2,2,0
12373,12,4,11,2,12,0,1,1,2,2,0
12374,4,1,1,4,14,1,1,0,1,2,0
12375,9,3,9,0,8,4,0,0,2,0,0
12376,4,4,11,4,8,3,1,0,2,2,0
12377,3,4,15,4,1,3,0,0,2,4,0
12378,8,5,11,2,0,5,1,0,1,2,1
12379,12,0,15,2,0,0,1,1,0,2,0
12380,8,4,11,0,7,1,0,1,4,2,0
12381,7,1,10,4,10,1,1,0,1,2,0
12382,7,4,15,3,1,5,1,0,2,0,0
12383,8,4,1,4,7,1,1,1,2,2,0
12384,7,7,12,0,10,4,1,1,2,2,0
12385,6,4,15,4,8,3,1,0,1,1,0
12386,4,4,10,4,7,3,1,0,2,2,0
12387,10,4,11,2,7,0,1,1,2,2,0
12388,8,4,11,5,1,4,1,0,2,2,0
12389,9,4,1,4,12,1,1,0,1,2,0
12390,5,4,12,4,4,3,1,1,2,2,0
12391,8,4,11,0,12,4,1,1,2,2,0
12392,4,4,15,4,8,1,1,0,1,2,0
12393,7,4,15,5,1,1,1,0,1,2,0
12394,5,4,9,4,10,1,0,0,1,2,0
12395,7,6,12,0,10,4,1,0,2,2,0
12396,8,4,8,2,3,0,1,1,2,2,0
12397,4,4,15,4,7,1,1,1,2,2,0
12398,4,4,11,4,8,3,0,0,2,2,0
12399,6,6,9,2,13,0,0,1,2,2,0
12400,8,4,11,2,4,0,1,1,2,2,0
12401,9,4,11,4,7,4,1,0,2,2,0
12402,6,4,15,2,12,0,1,1,2,2,1
12403,5,4,11,2,3,0,0,1,2,2,0
12404,8,4,11,4,10,3,1,1,2,2,0
12405,7,2,12,2,10,0,1,1,2,2,1
12406,7,4,15,2,8,1,1,0,2,2,0
12407,9,4,9,2,10,0,1,1,2,2,1
12408,7,2,15,2,11,0,0,1,1,2,0
12409,4,4,15,6,5,4,1,1,1,2,0
12410,16,4,15,0,8,4,1,0,1,2,0
12411,6,2,11,0,14,4,1,1,1,2,0
12412,8,4,11,2,14,0,1,1,2,2,0
12413,11,4,11,2,3,0,1,1,2,2,0
12414,6,4,11,4,3,3,1,1,2,2,0
12415,8,4,12,2,4,0,1,1,2,2,1
12416,18,4,0,0,7,1,0,1,2,2,0
12417,5,4,9,4,4,3,1,0,2,2,1
12418,4,7,12,4,1,3,1,0,2,2,0
12419,13,4,11,2,4,5,1,0,2,2,1
12420,13,4,9,0,1,1,0,1,2,2,0
12421,8,4,0,0,13,1,1,1,0,2,0
12422,3,0,6,4,0,1,1,0,0,2,0
12423,8,4,11,2,7,0,1,1,2,2,0
12424,5,4,15,4,4,3,1,0,2,2,1
12425,3,7,9,4,10,3,0,0,1,2,0
12426,8,4,8,0,13,1,1,0,2,2,0
12427,10,4,15,2,1,0,0,1,2,2,0
12428,13,4,15,2,1,0,1,1,0,2,1
12429,6,2,14,1,10,1,1,0,2,1,1
12430,3,4,11,4,3,1,1,1,2,2,0
12431,6,2,11,2,4,0,1,1,2,2,1
12432,4,4,11,4,1,4,1,0,1,2,0
12433,6,4,12,2,10,0,1,1,1,2,1
12434,11,4,1,2,8,0,1,1,1,2,0
12435,9,4,15,2,3,0,1,1,2,2,0
12436,3,4,9,4,4,3,1,1,2,2,0
12437,6,4,15,0,7,1,1,0,1,2,0
12438,8,4,9,2,4,0,1,1,2,2,0
12439,8,4,11,2,8,0,1,1,0,1,1
12440,10,4,12,2,1,0,0,1,2,2,0
12441,9,4,15,0,12,3,1,1,0,2,0
12442,13,4,9,0,10,1,1,1,2,2,0
12443,5,6,9,2,10,0,1,1,2,2,1
12444,6,4,5,0,11,3,1,1,2,2,0
12445,13,5,11,2,5,0,1,1,3,2,0
12446,8,7,9,2,1,0,1,1,0,2,1
12447,8,4,0,2,7,0,1,1,2,2,0
12448,4,2,9,4,10,1,1,1,2,2,0
12449,10,4,15,2,12,0,1,1,1,2,1
12450,5,4,8,4,4,3,1,0,2,2,0
12451,12,4,12,2,10,0,1,1,3,2,1
12452,11,6,8,6,10,1,1,0,1,2,0
12453,5,4,14,2,1,0,1,1,1,2,1
12454,6,4,11,4,1,1,1,0,2,2,0
12455,7,4,14,3,3,1,1,1,2,2,0
12456,8,4,15,4,12,3,1,1,2,2,0
12457,12,4,7,4,12,1,1,1,4,2,0
12458,6,7,11,4,8,1,1,1,2,2,0
12459,11,4,12,2,10,0,1,1,3,2,0
12460,9,0,11,0,0,4,1,0,0,2,0
12461,5,4,11,4,12,4,1,1,2,2,0
12462,7,4,11,4,14,3,1,1,3,2,0
12463,6,6,11,4,4,2,1,1,2,2,0
12464,4,4,11,4,8,3,1,0,0,2,0
12465,11,7,12,2,10,0,1,1,2,2,0
12466,7,0,11,5,0,1,1,0,1,2,0
12467,10,4,11,2,3,0,1,1,2,2,0
12468,10,4,1,2,8,0,1,1,2,2,1
12469,8,4,8,4,3,1,1,1,2,2,0
12470,8,4,1,2,12,0,1,1,1,2,1
12471,5,4,15,2,10,0,1,1,2,2,1
12472,9,4,0,0,6,1,1,1,3,2,0
12473,4,4,11,6,6,1,1,1,3,2,0
12474,5,4,9,4,4,1,1,1,2,2,0
12475,4,4,11,4,3,1,1,1,2,2,0
12476,8,2,11,2,14,0,1,1,2,2,0
12477,5,4,15,4,10,3,0,1,2,2,0
12478,11,2,15,2,11,0,0,1,1,2,1
12479,9,4,15,5,7,0,1,1,4,1,0
12480,7,4,9,4,4,3,1,0,2,2,0
12481,16,4,11,0,8,1,1,0,2,2,0
12482,4,4,9,4,1,1,1,0,2,2,0
12483,12,5,9,0,0,4,0,0,1,2,0
12484,4,1,11,4,14,3,1,1,1,2,0
12485,7,4,12,4,10,3,0,0,3,2,0
12486,7,4,9,2,10,0,1,1,0,2,0
12487,6,7,0,2,8,5,1,0,1,2,0
12488,9,4,5,0,1,1,1,0,0,0,0
12489,4,4,15,4,4,1,1,0,2,2,0
12490,8,4,15,2,12,0,1,1,2,2,0
12491,4,2,15,4,1,3,1,0,1,2,0
12492,5,4,7,0,3,1,1,0,2,2,0
12493,11,4,0,2,8,0,1,1,2,2,1
12494,8,4,11,2,12,5,1,0,2,2,0
12495,6,4,11,2,3,0,1,1,2,2,1
12496,8,6,11,2,3,0,0,1,1,2,1
12497,4,4,11,4,3,3,1,1,2,2,0
12498,7,4,9,6,1,1,1,0,0,4,0
12499,10,7,11,0,8,4,1,0,2,2,0
12500,4,4,9,4,8,3,1,0,2,2,0
12501,4,2,11,4,1,3,1,0,2,2,0
12502,13,5,10,2,0,0,1,1,2,2,0
12503,5,4,9,4,10,4,1,1,2,2,0
12504,7,0,15,2,0,5,1,0,2,2,1
12505,6,7,15,2,1,5,1,0,2,0,1
12506,7,2,9,0,6,1,0,0,3,2,1
12507,11,5,9,2,0,0,1,1,0,2,0
12508,7,4,11,5,7,3,1,1,2,2,0
12509,7,6,7,2,12,0,1,1,2,2,0
12510,10,1,9,2,1,5,1,0,2,2,0
12511,11,4,15,2,4,0,1,1,3,2,1
12512,4,4,1,6,8,4,0,0,1,2,0
12513,12,4,9,2,10,0,1,1,1,2,0
12514,5,4,15,4,4,3,1,0,4,2,0
12515,6,4,8,4,13,1,1,1,2,2,0
12516,8,4,14,0,1,1,1,0,4,2,1
12517,8,4,11,4,14,3,1,0,2,2,0
12518,13,4,9,0,8,4,0,0,2,2,0
12519,8,6,12,4,10,3,1,1,2,2,0
12520,7,4,15,2,12,0,1,1,1,2,0
12521,8,6,15,4,8,3,0,1,1,2,0
12522,3,4,9,4,12,1,1,0,4,2,0
12523,6,0,0,4,6,1,1,1,2,2,0
12524,8,4,9,2,4,0,1,1,2,0,0
12525,5,5,9,4,4,4,1,0,2,2,0
12526,7,1,14,0,14,4,1,0,2,2,0
12527,7,4,2,2,8,0,1,1,2,2,1
12528,7,4,11,2,6,0,1,1,2,2,1
12529,3,4,7,4,1,1,1,0,2,2,0
12530,6,4,7,2,12,0,1,1,2,2,0
12531,13,4,2,2,12,0,1,1,2,2,0
12532,6,4,15,2,10,0,1,1,2,2,1
12533,13,4,1,6,3,4,1,1,1,2,0
12534,6,4,15,0,1,4,0,0,2,2,0
12535,11,4,11,2,12,0,1,1,1,2,0
12536,8,4,15,2,12,0,1,1,2,2,0
12537,5,0,5,4,0,3,0,0,2,2,0
12538,4,0,9,4,4,1,1,1,2,2,0
12539,8,4,8,2,3,0,1,1,2,2,1
12540,5,4,11,0,7,1,1,0,2,2,0
12541,9,4,11,2,14,0,0,1,1,2,0
12542,5,4,15,2,12,0,1,1,2,2,0
12543,15,4,11,6,6,1,0,1,2,2,0
12544,6,4,11,4,8,1,1,0,2,0,0
12545,3,4,11,4,12,1,1,0,2,4,0
12546,9,4,11,2,7,0,0,1,2,2,1
12547,12,4,15,6,7,3,1,1,2,2,0
12548,10,4,9,2,10,0,0,1,2,2,0
12549,8,4,8,2,3,0,1,1,2,2,0
12550,8,0,5,2,0,5,1,0,2,2,0
12551,13,6,11,2,12,0,1,1,2,2,0
12552,4,4,11,4,1,3,1,0,1,2,0
12553,8,7,9,2,10,0,1,1,2,2,1
12554,11,4,0,2,6,0,0,1,2,2,0
12555,9,4,15,2,1,5,0,0,2,2,0
12556,5,4,9,4,4,3,1,1,2,2,0
12557,4,6,15,4,4,1,1,0,2,2,0
12558,4,4,9,5,8,1,1,1,3,2,0
12559,6,2,9,4,10,1,1,1,2,2,0
12560,5,4,15,2,13,5,1,0,2,2,1
12561,9,4,15,2,6,5,1,0,2,2,0
12562,6,4,15,2,8,0,1,1,2,2,0
12563,8,6,9,2,10,0,1,1,2,2,0
12564,5,4,15,4,4,1,1,0,2,2,0
12565,10,4,15,2,1,5,1,0,0,2,0
12566,5,4,9,4,1,1,1,0,2,2,0
12567,6,4,15,2,8,5,1,0,2,2,0
12568,9,4,9,4,4,1,1,1,4,2,0
12569,13,6,9,2,12,0,1,1,2,2,0
12570,12,4,11,2,6,0,1,1,3,2,0
12571,8,0,1,2,0,0,1,1,2,2,1
12572,12,2,14,4,10,1,1,0,2,2,0
12573,4,4,11,4,12,1,1,0,2,2,0
12574,5,4,0,2,6,0,1,1,2,2,1
12575,4,4,1,4,8,1,1,0,2,2,0
12576,8,4,15,0,8,1,1,0,1,0,0
12577,6,4,6,2,5,5,1,0,2,2,1
12578,9,4,11,0,1,1,1,0,4,2,0
12579,11,4,15,2,12,0,1,1,2,2,0
12580,7,4,9,4,8,1,0,0,1,2,0
12581,4,4,11,4,14,3,1,1,2,2,0
12582,11,4,9,4,12,3,1,0,4,2,0
12583,4,4,11,5,7,4,1,1,2,2,0
12584,13,7,15,2,10,0,1,1,2,2,0
12585,5,4,8,4,3,3,1,1,2,2,0
12586,5,2,11,2,10,0,1,1,1,2,0
12587,6,7,14,2,10,0,1,1,2,2,1
12588,3,4,11,4,3,3,1,1,2,2,0
12589,7,0,11,4,0,3,1,1,2,2,0
12590,7,4,11,3,7,5,1,0,1,2,0
12591,12,4,15,2,7,0,0,1,2,2,1
12592,5,4,0,4,7,3,1,0,2,2,0
12593,12,4,5,6,3,1,1,1,1,2,0
12594,3,7,15,4,8,3,0,0,2,2,0
12595,9,5,0,2,3,5,1,0,2,2,0
12596,8,4,7,2,7,0,1,1,2,2,1
12597,7,4,13,2,6,0,1,1,2,0,1
12598,10,2,11,2,1,5,1,0,2,2,1
12599,5,4,11,2,13,0,0,1,2,2,1
12600,4,4,11,4,1,3,1,0,2,2,0
12601,6,2,12,4,10,3,1,0,2,2,0
12602,9,4,11,2,8,0,1,1,1,2,1
12603,5,4,12,4,4,3,1,1,2,2,0
12604,12,4,15,5,1,1,1,0,1,2,0
12605,10,4,11,2,1,5,1,0,1,2,1
12606,8,4,11,2,8,0,1,1,2,2,0
12607,4,4,11,4,12,3,1,1,2,2,0
12608,8,7,12,2,10,0,1,1,3,2,1
12609,10,4,15,2,1,5,1,0,1,2,1
12610,8,4,11,4,14,3,1,0,2,2,0
12611,4,4,11,4,8,1,1,1,2,2,0
12612,7,4,7,2,11,0,0,1,2,2,0
12613,5,4,15,0,5,4,1,0,3,2,0
12614,4,4,11,0,1,1,1,0,2,2,0
12615,11,7,15,2,4,0,1,1,2,2,0
12616,13,4,11,2,1,0,1,1,2,2,0
12617,4,2,15,4,10,3,0,1,2,2,0
12618,5,4,9,4,8,1,1,0,1,2,0
12619,13,4,0,2,13,0,1,1,2,2,1
12620,5,4,15,2,6,0,1,1,3,2,1
12621,7,4,11,2,3,0,1,1,2,2,1
12622,8,0,1,2,0,0,1,1,1,2,1
12623,5,6,9,4,8,3,1,0,1,2,1
12624,5,4,15,2,4,0,0,1,2,2,1
12625,7,4,12,2,10,0,1,1,2,0,1
12626,3,4,11,4,8,3,1,1,1,2,0
12627,10,7,9,2,10,0,0,1,1,2,1
12628,7,7,15,5,10,4,1,0,2,2,0
12629,7,4,11,2,1,0,0,1,1,2,1
12630,10,4,5,2,3,0,1,1,1,2,0
12631,12,4,9,6,1,1,1,1,2,2,0
12632,6,4,11,0,4,4,1,0,2,2,0
12633,10,2,9,2,1,0,1,1,2,2,0
12634,10,4,1,2,3,0,1,1,2,2,0
12635,9,4,9,0,12,3,1,1,2,2,0
12636,5,7,8,0,11,1,0,1,2,2,0
12637,4,4,11,4,1,3,0,0,2,2,0
12638,10,7,12,0,10,1,0,1,2,2,0
12639,9,4,11,0,8,1,0,0,2,2,0
12640,10,4,1,2,12,0,1,1,2,2,0
12641,11,6,6,0,5,1,1,1,1,2,0
12642,11,7,15,2,4,0,1,1,2,2,1
12643,5,4,7,4,12,1,1,0,2,2,0
12644,11,4,11,2,14,0,1,1,2,2,1
12645,5,4,9,2,11,0,0,1,2,2,1
12646,7,2,12,2,2,5,1,0,1,2,0
12647,7,4,15,5,4,4,1,0,2,2,0
12648,7,4,11,2,4,5,1,0,2,2,0
12649,7,7,15,4,1,3,0,0,2,2,0
12650,7,5,12,4,4,1,1,1,4,2,0
12651,5,4,11,4,8,4,1,0,2,2,0
12652,18,4,8,0,11,4,1,0,2,2,0
12653,6,4,9,4,12,3,1,1,2,2,0
12654,8,4,11,2,13,0,1,1,2,2,1
12655,6,7,4,2,8,0,1,1,1,2,0
12656,11,4,13,2,14,0,1,1,2,2,0
12657,10,4,11,2,7,0,1,1,4,2,1
12658,10,4,9,6,12,3,1,1,4,2,0
12659,7,4,11,2,13,5,1,0,2,2,1
12660,10,4,15,2,1,5,1,0,2,2,0
12661,8,4,11,2,8,0,1,1,2,2,1
12662,13,4,11,2,7,0,1,1,2,2,0
12663,4,4,9,4,10,1,1,0,2,2,1
12664,8,4,11,2,6,0,0,1,2,2,1
12665,7,0,11,4,0,1,1,1,0,2,0
12666,8,4,11,2,3,0,1,1,2,2,1
12667,9,4,5,0,1,1,1,0,2,2,0
12668,8,4,15,2,14,0,1,1,2,2,1
12669,11,5,1,1,7,4,0,0,2,2,0
12670,3,6,8,4,12,2,1,1,1,2,0
12671,5,4,9,2,12,0,1,1,2,2,1
12672,6,7,10,4,10,3,1,1,2,2,0
12673,9,4,11,0,7,4,1,0,2,2,0
12674,9,4,15,0,1,1,1,0,1,1,0
12675,8,4,9,4,4,3,1,0,2,2,0
12676,4,4,15,4,12,1,1,1,1,2,0
12677,6,4,9,4,1,1,1,0,2,2,0
12678,4,4,13,4,8,1,1,1,0,2,0
12679,10,4,0,2,3,0,1,1,2,2,1
12680,8,4,15,2,14,0,1,1,3,1,0
12681,4,0,11,4,0,1,0,1,2,2,0
12682,12,4,8,2,14,0,0,1,2,2,1
12683,5,0,15,6,0,1,1,0,1,2,0
12684,4,6,15,4,4,1,1,0,4,2,0
12685,6,4,7,4,1,3,1,0,2,2,0
12686,4,4,11,6,3,1,0,1,2,2,0
12687,9,2,15,2,12,0,1,1,4,2,1
12688,6,4,9,2,13,0,1,1,2,2,0
12689,5,4,15,2,12,0,1,1,2,2,1
12690,7,4,11,2,3,0,1,1,2,2,1
12691,5,4,12,4,4,3,1,0,2,2,0
12692,7,7,9,2,10,0,1,1,2,2,0
12693,8,4,11,0,14,1,1,1,2,2,0
12694,7,4,12,4,4,1,1,1,2,2,0
12695,7,4,0,0,3,4,1,0,2,2,0
12696,10,4,0,6,3,1,1,1,2,2,0
12697,8,1,15,2,14,0,0,1,2,2,0
12698,10,4,15,0,14,1,1,1,2,2,0
12699,5,6,11,2,5,0,0,1,2,2,0
12700,10,4,15,2,8,0,0,1,1,2,1
12701,5,4,11,4,14,3,1,1,2,2,0
12702,11,4,11,2,3,0,1,1,1,2,0
12703,6,2,8,4,10,4,1,0,2,2,0
12704,6,0,11,2,0,5,1,0,1,2,0
12705,6,4,11,2,5,0,1,1,3,2,0
12706,7,4,9,2,12,2,1,1,2,2,1
12707,5,1,1,4,3,1,1,1,2,2,0
12708,8,4,11,4,12,3,1,0,2,2,1
12709,11,4,15,2,3,0,1,1,2,2,0
12710,5,4,9,2,4,0,1,1,2,2,1
12711,10,4,15,2,4,5,1,0,2,2,1
12712,4,4,11,4,12,3,1,0,1,2,0
12713,6,4,15,4,5,4,1,0,2,0,0
12714,8,4,15,5,12,4,1,0,1,2,0
12715,6,4,11,4,8,3,0,0,0,2,0
12716,3,4,15,4,11,4,0,1,2,2,0
12717,5,4,15,2,4,0,1,1,4,2,1
12718,3,4,15,4,12,3,1,0,2,0,0
12719,7,4,11,2,3,0,0,1,2,2,0
12720,11,4,11,2,3,0,1,1,2,2,1
12721,7,4,11,2,3,0,1,1,1,2,1
12722,5,4,11,4,6,1,1,1,2,2,0
12723,5,2,15,2,4,0,1,1,1,2,1
12724,5,4,9,4,4,4,1,0,2,2,0
12725,11,6,15,4,3,4,0,0,2,2,0
12726,6,4,11,2,3,0,1,1,2,0,0
12727,10,4,7,2,4,0,1,1,1,2,1
12728,10,2,11,2,4,0,1,1,1,2,0
12729,3,4,15,4,4,3,1,1,2,2,0
12730,9,7,8,2,11,0,1,1,1,2,0
12731,4,4,1,6,8,4,0,0,0,2,0
12732,8,4,11,4,4,1,1,0,0,2,0
12733,5,4,1,4,14,1,1,1,2,2,0
12734,4,4,8,4,3,2,1,1,2,2,0
12735,6,6,14,0,3,1,1,1,2,2,0
12736,7,2,11,0,1,4,1,0,2,2,0
12737,6,4,8,3,7,0,0,1,2,2,1
12738,7,2,11,0,14,1,1,0,2,2,0
12739,17,4,15,6,1,4,1,0,2,2,0
12740,6,4,12,2,4,0,1,1,2,2,1
12741,8,4,11,2,7,0,1,1,2,2,1
12742,15,4,9,2,12,0,1,1,2,2,1
12743,9,4,11,0,14,1,1,1,2,0,0
12744,5,4,11,2,8,0,1,1,2,2,0
12745,8,4,15,0,4,1,1,1,2,2,1
12746,5,4,6,4,3,3,1,1,2,2,0
12747,8,4,4,2,8,0,1,1,2,2,1
12748,10,4,15,0,1,4,0,0,2,2,0
12749,9,2,7,2,11,0,0,1,2,2,0
12750,7,4,10,2,10,4,1,0,2,2,0
12751,6,4,10,1,10,5,1,0,3,1,1
12752,10,4,9,2,8,0,1,1,2,2,0
12753,7,0,10,2,0,0,1,1,1,2,1
12754,6,6,0,4,3,1,1,0,2,2,0
12755,7,4,15,2,8,5,1,0,1,2,0
12756,11,4,1,2,12,0,1,1,2,2,0
12757,6,5,9,3,10,1,1,1,2,2,1
12758,6,4,12,4,4,1,1,1,2,2,0
12759,12,4,9,2,8,3,1,0,2,2,0
12760,8,4,11,2,12,0,1,1,4,2,0
12761,9,4,11,2,3,0,1,1,2,2,0
12762,12,4,15,2,10,0,1,1,2,2,0
12763,6,7,15,4,12,1,1,0,1,2,0
12764,3,0,5,4,0,3,1,0,0,2,0
12765,5,4,14,2,3,0,0,1,2,2,0
12766,4,4,15,2,1,0,1,1,2,2,1
12767,8,1,11,4,1,1,1,0,0,2,0
12768,9,6,11,2,3,0,1,1,2,0,0
12769,9,4,12,2,6,0,1,1,3,2,0
12770,3,4,15,4,1,1,1,1,2,2,0
12771,7,6,11,0,3,1,1,1,2,0,0
12772,9,4,11,2,3,0,1,1,1,2,0
12773,4,4,11,0,12,4,1,0,1,2,0
12774,17,4,12,2,10,5,1,0,3,2,0
12775,4,4,11,6,5,1,1,1,1,2,0
12776,4,4,11,4,7,4,0,0,2,2,0
12777,13,4,11,2,11,0,0,1,1,2,0
12778,4,4,5,4,3,2,1,1,2,2,0
12779,12,7,11,2,12,0,1,1,3,2,0
12780,7,4,11,4,3,1,1,1,2,2,0
12781,4,2,8,4,11,1,0,1,2,2,0
12782,4,4,6,4,5,2,1,0,2,2,0
12783,13,4,15,6,1,4,0,0,1,2,0
12784,9,7,15,2,10,5,1,0,3,2,1
12785,5,6,11,4,8,2,1,0,2,2,0
12786,10,0,15,6,12,4,1,1,4,2,0
12787,8,4,8,2,10,0,0,1,2,2,0
12788,12,4,11,6,12,4,1,0,0,2,0
12789,9,4,8,4,6,1,0,1,2,2,0
12790,9,4,9,2,6,0,1,1,1,2,0
12791,4,4,15,4,4,3,1,0,2,2,0
12792,5,4,5,2,10,0,1,1,2,2,1
12793,4,4,11,4,7,1,1,0,4,2,0
12794,3,7,15,4,1,1,0,0,2,2,0
12795,10,6,11,0,1,1,1,0,2,2,0
12796,8,1,9,2,10,0,1,1,1,2,1
12797,8,4,15,0,13,1,1,0,0,2,0
12798,5,4,11,4,8,2,1,0,1,2,0
12799,10,4,15,2,1,0,1,1,2,2,0
12800,9,4,11,2,8,0,0,1,0,2,0
12801,6,4,15,0,13,1,1,0,2,2,0
12802,4,4,11,4,1,4,1,0,1,2,0
12803,9,4,11,0,1,2,1,1,3,0,0
12804,8,4,3,4,13,1,0,1,2,2,0
12805,6,7,11,2,11,0,0,1,2,2,0
12806,8,6,1,2,3,0,1,1,2,2,0
12807,9,4,11,0,1,4,0,0,1,2,0
12808,12,4,12,2,5,0,1,1,2,2,0
12809,10,4,11,2,3,0,0,1,2,2,1
12810,6,2,9,4,10,3,1,0,1,2,0
12811,9,4,9,0,10,4,1,0,1,2,0
12812,6,4,9,0,10,4,1,0,2,2,0
12813,7,4,1,2,7,0,1,1,2,2,1
12814,4,4,11,4,1,1,1,0,2,2,0
12815,6,4,9,2,12,0,1,1,1,2,1
12816,4,4,15,4,7,2,1,0,2,2,1
12817,13,4,9,2,10,0,1,1,2,2,1
12818,6,4,9,4,10,2,0,1,2,2,0
12819,5,4,14,4,3,3,1,0,2,2,0
12820,7,4,1,4,12,3,1,0,1,2,0
12821,4,4,0,4,3,1,1,1,2,2,0
12822,8,4,11,2,3,0,0,1,1,2,1
12823,7,6,11,4,8,3,1,0,1,0,0
12824,9,6,10,2,10,0,1,1,2,2,0
12825,3,6,9,4,4,3,1,1,2,2,0
12826,11,4,11,2,7,5,1,0,4,2,0
12827,9,2,9,2,11,0,1,1,2,2,1
12828,9,4,9,0,8,1,1,1,1,2,0
12829,6,2,9,4,10,1,1,1,1,1,0
12830,10,4,15,2,4,0,1,1,3,2,0
12831,9,4,12,0,10,1,1,1,2,2,0
12832,5,4,11,6,7,1,1,0,2,2,0
12833,6,4,11,2,1,5,0,0,1,2,1
12834,5,4,7,4,4,3,1,0,2,2,0
12835,6,6,11,2,8,5,1,0,1,2,0
12836,7,8,9,2,13,0,1,1,1,2,0
12837,6,4,11,2,3,0,1,1,2,1,0
12838,4,4,10,4,13,3,1,0,2,2,0
12839,9,4,11,4,14,3,1,1,3,2,0
12840,6,0,11,0,0,4,1,0,2,2,0
12841,11,4,9,2,12,0,1,1,1,2,0
12842,6,4,9,4,10,1,1,1,1,2,0
12843,7,4,0,2,6,0,1,1,2,2,0
12844,10,4,11,2,6,0,1,1,3,2,1
12845,3,4,15,4,1,3,1,1,2,2,0
12846,4,4,14,4,10,3,1,1,1,2,0
12847,7,4,0,2,7,0,1,1,2,2,1
12848,7,4,2,2,8,0,1,1,2,2,1
12849,9,4,11,2,8,2,0,1,0,2,1
12850,11,4,8,2,6,0,0,1,1,2,1
12851,13,2,5,2,11,0,1,1,2,2,0
12852,10,0,12,2,4,0,1,1,2,2,0
12853,8,4,11,2,3,0,1,1,1,2,1
12854,7,5,11,0,4,3,1,1,2,2,0
12855,3,4,11,4,12,4,1,0,4,2,0
12856,9,4,11,2,6,0,1,1,2,2,1
12857,7,5,6,0,5,1,1,0,2,2,1
12858,5,4,7,4,4,2,1,1,2,2,0
12859,4,0,11,4,0,3,1,0,1,2,0
12860,4,2,10,2,10,5,1,0,1,2,1
12861,5,4,11,2,12,0,1,1,2,2,0
12862,4,7,10,0,10,1,1,0,2,2,1
12863,10,4,11,2,4,5,1,0,2,2,0
12864,6,0,1,4,0,3,1,0,2,2,0
12865,6,6,11,2,4,0,1,1,2,2,1
12866,10,4,15,2,1,5,0,0,2,2,0
12867,10,4,0,2,3,0,1,1,2,2,0
12868,7,4,15,4,1,1,1,1,2,1,1
12869,11,4,9,2,4,0,1,1,2,2,0
12870,7,4,4,2,13,0,1,1,1,2,1
12871,7,4,11,2,7,0,1,1,2,2,0
12872,11,4,7,2,3,0,1,1,1,2,1
12873,8,6,11,0,3,1,1,1,2,2,0
12874,9,4,11,0,12,1,1,1,2,2,0
12875,8,4,8,2,3,0,1,1,2,2,0
12876,6,4,8,0,4,1,1,1,2,2,0
12877,6,4,11,2,7,0,1,1,2,2,1
12878,9,4,15,0,8,1,1,1,1,2,0
12879,8,4,15,4,4,3,1,1,3,2,0
12880,11,6,9,2,13,0,1,1,2,2,1
12881,6,4,5,2,3,0,1,1,2,2,1
12882,11,4,12,2,6,0,1,1,2,2,1
12883,6,4,12,2,4,0,1,1,2,2,1
12884,9,6,15,2,3,0,1,1,2,0,0
12885,5,6,15,2,4,0,1,1,1,2,0
12886,8,4,0,2,3,5,1,0,2,2,0
12887,11,4,11,2,14,0,1,1,2,2,1
12888,4,4,11,4,12,1,1,1,2,2,0
12889,15,4,11,0,14,1,1,1,2,2,0
12890,6,4,12,4,4,3,1,1,2,2,0
12891,7,4,15,2,12,5,0,0,2,2,1
12892,5,4,11,2,3,0,0,1,3,2,1
12893,4,4,15,4,3,3,1,1,2,2,0
12894,7,4,9,0,13,4,1,0,0,2,0
12895,11,4,11,2,3,0,1,1,2,2,0
12896,7,4,15,2,13,0,1,1,1,2,1
12897,4,4,0,4,7,4,1,0,2,2,0
12898,8,4,11,2,3,0,0,1,2,2,1
12899,8,4,11,4,14,1,1,1,2,2,0
12900,6,7,8,2,10,0,1,1,2,2,1
12901,9,2,8,0,11,4,1,1,2,2,0
12902,7,4,9,2,4,0,1,1,2,2,1
12903,3,4,15,4,4,1,1,0,2,2,0
12904,7,4,11,5,7,4,1,0,2,2,0
12905,12,4,9,0,10,4,1,0,1,2,0
12906,11,4,9,4,13,3,1,0,0,2,0
12907,4,4,15,4,12,1,1,0,2,2,0
12908,5,4,8,4,1,3,1,0,2,2,0
12909,6,4,11,4,4,4,1,0,2,2,0
12910,6,7,15,2,1,0,1,1,2,2,1
12911,6,2,9,4,11,1,1,1,2,2,0
12912,5,7,15,2,10,0,1,1,2,1,0
12913,8,4,11,2,4,0,1,1,2,0,0
12914,10,4,15,2,1,0,1,1,2,2,1
12915,4,4,11,4,8,1,1,0,1,2,0
12916,5,4,12,4,10,1,1,0,2,1,0
12917,6,7,11,2,10,0,1,1,1,2,0
12918,9,4,9,2,10,0,1,1,0,2,1
12919,11,4,11,2,4,0,1,1,2,2,0
12920,9,4,15,2,7,5,1,0,2,2,0
12921,11,7,9,2,10,0,1,1,2,2,0
12922,6,4,11,2,8,0,1,1,0,2,1
12923,8,4,9,2,8,0,1,1,0,2,0
12924,9,4,15,0,8,1,0,0,2,2,0
12925,5,4,11,4,12,1,1,1,2,2,0
12926,4,4,11,4,13,1,1,0,1,2,0
12927,11,3,8,2,13,0,1,1,2,2,1
12928,4,4,9,2,10,0,1,1,1,2,0
12929,12,1,5,0,10,1,1,1,2,2,0
12930,5,4,0,4,13,3,1,1,2,2,0
12931,7,7,15,4,8,1,1,0,1,2,0
12932,7,2,12,2,10,0,1,1,1,2,1
12933,14,4,8,0,3,1,1,1,2,2,0
12934,3,4,9,4,13,1,1,0,2,2,0
12935,9,7,12,2,10,0,1,1,2,2,1
12936,6,4,15,2,10,0,1,1,2,2,0
12937,4,4,9,2,10,0,1,1,2,2,0
12938,4,4,11,4,8,1,1,0,1,2,0
12939,9,4,0,4,6,3,1,0,3,2,0
12940,13,4,15,2,8,0,0,1,0,2,1
12941,4,4,15,2,10,0,1,1,2,2,0
12942,12,4,11,2,3,0,1,1,2,2,1
12943,7,4,0,0,7,2,1,1,2,2,0
12944,9,2,8,2,4,0,1,1,2,2,0
12945,10,4,11,2,3,0,1,1,2,2,0
12946,9,4,12,2,6,0,1,1,3,2,0
12947,10,4,11,2,12,0,1,1,2,2,1
12948,4,4,11,4,7,3,1,1,4,2,0
12949,9,6,9,0,10,4,1,0,2,2,0
12950,7,4,11,2,7,0,1,1,2,2,0
12951,7,4,15,6,1,4,0,0,2,2,0
12952,13,2,15,0,11,1,1,1,1,2,0
12953,4,4,11,4,6,1,1,1,2,2,0
12954,7,4,11,4,8,1,1,0,2,2,0
12955,11,4,15,2,10,0,1,1,2,2,0
12956,6,4,11,4,7,3,1,1,2,2,0
12957,7,4,8,4,10,1,1,0,2,2,0
12958,6,2,9,4,11,1,1,1,2,2,0
12959,8,4,13,2,6,0,1,1,3,2,1
12960,4,4,15,4,7,1,1,0,2,2,0
12961,12,4,11,6,3,1,1,1,2,2,0
12962,11,7,15,3,10,0,1,1,3,2,1
12963,5,4,1,4,12,3,0,0,1,2,0
12964,9,4,9,2,8,0,1,1,2,2,0
12965,7,4,12,5,10,3,1,0,2,2,0
12966,7,1,15,5,1,4,0,0,0,2,0
12967,7,5,9,4,4,3,0,1,2,2,0
12968,7,4,11,0,3,1,1,1,3,2,0
12969,9,0,1,4,0,1,1,1,2,2,0
12970,5,4,11,4,3,1,1,1,3,2,0
12971,10,4,3,2,12,0,1,1,2,2,0
12972,13,4,15,0,8,4,0,0,2,2,0
12973,10,4,9,2,4,0,1,1,2,2,1
12974,6,4,9,2,12,0,1,1,1,2,1
12975,6,4,15,2,7,0,1,1,2,2,1
12976,3,4,14,4,3,3,1,0,2,2,0
12977,7,4,11,4,10,1,1,1,2,2,0
12978,3,7,12,4,4,1,1,0,2,2,0
12979,10,2,15,4,1,1,1,0,1,2,0
12980,15,7,14,0,10,1,1,0,2,2,0
12981,7,4,11,3,1,1,0,0,2,2,1
12982,13,4,15,2,3,0,1,1,2,2,1
12983,7,4,9,0,12,3,1,0,2,3,0
12984,7,4,11,2,3,0,1,1,2,2,1
12985,5,4,15,2,12,0,1,1,1,2,0
12986,5,7,1,4,8,4,1,0,0,2,0
12987,6,4,11,0,7,1,1,1,2,2,0
12988,8,4,11,2,8,0,1,1,0,0,0
12989,8,6,15,2,8,2,1,1,2,2,1
12990,6,0,15,2,0,0,1,1,1,2,1
12991,10,4,15,0,10,1,1,0,2,2,0
12992,9,0,11,0,0,1,1,0,2,0,0
12993,9,2,11,2,1,0,1,1,2,2,1
12994,7,4,5,2,10,0,1,1,2,2,0
12995,9,4,15,2,7,0,1,1,2,2,1
12996,5,4,15,0,4,1,1,1,1,2,1
12997,9,4,12,2,10,0,1,1,0,2,1
12998,3,4,9,4,10,4,1,0,2,2,0
12999,6,4,7,4,12,3,1,1,4,2,0
13000,7,4,9,4,13,3,1,0,2,2,0
13001,3,6,9,4,12,3,1,1,1,2,0
13002,6,4,9,4,6,2,1,0,2,2,0
13003,7,4,11,2,3,0,1,1,2,2,0
13004,18,4,15,0,8,1,1,0,2,2,0
13005,3,4,15,4,10,3,0,1,0,2,0
13006,7,4,11,0,4,4,1,0,2,2,1
13007,11,4,11,2,7,0,1,1,2,2,1
13008,6,4,11,4,4,3,1,1,2,2,0
13009,7,2,15,2,9,0,0,1,1,2,1
13010,8,4,0,2,7,1,0,1,2,2,1
13011,7,7,11,6,1,4,0,0,2,2,0
13012,8,4,1,2,3,0,1,1,1,2,1
13013,8,2,11,2,1,5,1,0,2,2,0
13014,11,4,6,2,5,2,1,1,3,2,0
13015,9,6,11,2,12,0,1,1,2,2,0
13016,6,4,6,4,8,1,1,1,1,2,0
13017,6,4,11,2,14,0,1,1,2,2,1
13018,5,4,3,4,8,1,1,1,2,2,0
13019,10,4,4,2,6,0,1,1,2,2,0
13020,8,4,12,2,5,0,1,1,2,2,1
13021,6,4,11,0,8,4,1,0,2,2,0
13022,6,3,9,2,13,5,1,0,2,2,0
13023,5,0,9,2,0,0,1,1,0,2,0
13024,9,6,11,2,12,0,1,1,1,2,0
13025,10,4,0,2,7,0,1,1,2,2,1
13026,4,2,15,4,5,4,1,0,1,2,0
13027,5,0,11,4,0,1,1,0,2,2,0
13028,4,4,9,4,1,1,1,0,2,2,0
13029,9,4,1,2,7,2,1,0,2,0,1
13030,10,6,15,2,5,0,1,1,2,2,1
13031,4,7,15,6,4,4,1,0,2,2,0
13032,10,4,15,2,3,5,1,0,2,2,0
13033,5,6,15,0,12,1,1,0,2,2,0
13034,7,4,11,2,6,0,1,1,1,2,0
13035,9,4,9,2,10,0,1,1,0,2,0
13036,5,4,9,4,12,1,0,1,2,2,0
13037,12,4,12,4,4,2,0,0,2,2,0
13038,9,4,9,2,4,0,1,1,2,2,0
13039,11,4,12,2,10,0,1,1,3,2,0
13040,3,4,11,4,8,4,0,0,1,2,0
13041,7,2,0,0,3,4,1,0,2,2,0
13042,18,1,12,6,1,4,1,0,2,2,0
13043,9,5,1,2,3,0,1,1,2,2,0
13044,5,4,0,4,3,3,1,1,2,2,0
13045,7,2,5,2,10,0,1,1,2,2,1
13046,4,4,9,2,10,0,1,1,2,2,0
13047,4,4,11,4,3,2,1,1,2,2,0
13048,6,4,11,2,12,0,0,1,2,2,1
13049,6,4,11,2,3,0,1,1,2,2,0
13050,6,4,15,0,8,1,1,0,0,2,0
13051,4,2,9,0,10,4,1,0,2,2,0
13052,7,7,6,2,8,0,0,1,2,2,0
13053,4,4,15,4,12,1,1,0,2,2,0
13054,9,4,9,0,1,1,1,0,2,2,0
13055,17,4,11,0,6,3,1,0,3,2,0
13056,17,6,11,2,5,0,1,1,2,2,0
13057,3,6,15,4,12,3,1,0,2,2,0
13058,8,6,1,2,8,0,0,1,1,2,1
13059,13,7,9,6,1,1,1,1,2,2,0
13060,12,4,2,6,13,1,0,0,2,2,0
13061,6,4,15,2,12,0,1,1,1,2,1
13062,11,6,15,2,5,0,1,1,3,2,1
13063,4,4,9,4,8,1,1,0,2,2,0
13064,5,7,12,4,1,2,1,0,2,2,0
13065,9,5,9,2,4,0,1,1,2,2,0
13066,3,4,4,4,8,1,1,0,1,2,0
13067,7,4,11,2,6,0,1,1,2,0,1
13068,4,4,11,4,1,3,1,1,2,1,0
13069,9,4,15,4,3,1,1,1,2,2,0
13070,4,4,0,4,4,3,1,1,2,2,0
13071,9,7,11,0,1,3,1,0,1,2,1
13072,5,4,12,4,4,3,1,1,2,2,0
13073,18,6,8,0,3,1,1,1,2,2,0
13074,8,4,12,0,4,1,1,0,2,2,0
13075,7,4,15,2,3,0,0,1,2,2,0
13076,4,5,9,4,4,3,1,0,2,2,0
13077,8,4,11,0,6,3,1,1,2,2,0
13078,7,4,15,4,12,3,1,1,2,2,0
13079,9,1,11,2,7,0,1,1,4,2,1
13080,6,4,11,2,14,0,1,1,2,2,0
13081,12,4,15,2,8,0,1,1,1,2,0
13082,10,4,11,2,3,0,1,1,2,2,0
13083,8,4,11,5,4,0,1,1,2,2,0
13084,8,4,15,4,6,3,0,1,1,2,0
13085,3,4,7,4,12,4,1,0,2,2,0
13086,10,4,11,2,7,0,1,1,2,2,0
13087,11,4,2,6,13,4,1,1,2,2,0
13088,5,4,9,4,12,1,1,1,2,2,0
13089,4,4,15,4,1,1,1,0,2,2,0
13090,7,4,11,0,3,1,1,1,2,2,0
13091,5,4,15,2,12,4,1,0,2,2,0
13092,7,4,9,0,1,4,1,0,2,2,0
13093,6,4,15,4,12,3,0,0,2,2,0
13094,7,4,5,0,1,4,1,0,2,2,0
13095,9,2,15,2,12,0,1,1,2,2,0
13096,9,4,8,0,1,4,0,1,2,2,1
13097,6,4,11,4,7,3,1,0,2,1,0
13098,12,4,11,2,3,0,1,1,2,2,0
13099,5,2,9,2,12,0,0,1,2,2,1
13100,12,4,11,5,6,1,1,1,2,2,0
13101,6,4,11,2,6,0,1,1,2,2,1
13102,9,5,15,0,10,1,0,0,2,2,0
13103,7,4,11,4,4,1,1,0,2,2,0
13104,8,0,6,0,0,1,1,0,1,2,1
13105,7,4,11,2,14,0,1,1,2,2,1
13106,5,4,11,4,14,3,1,0,2,2,0
13107,7,4,13,4,8,1,1,0,1,2,0
13108,3,4,9,4,1,1,1,0,2,2,0
13109,11,4,11,2,4,0,0,1,2,2,0
13110,11,4,11,2,3,0,1,1,2,2,1
13111,14,4,8,2,14,0,1,1,2,2,1
13112,5,4,11,4,12,3,0,1,2,2,0
13113,10,4,3,2,12,2,1,1,2,2,1
13114,4,4,15,4,1,4,1,0,0,2,0
13115,13,4,12,2,6,0,1,1,2,2,0
13116,4,7,15,4,4,3,1,0,2,2,0
13117,12,4,9,2,10,0,1,1,2,2,1
13118,4,6,15,4,8,1,0,0,2,2,0
13119,7,4,15,5,8,1,1,0,2,2,0
13120,10,5,11,2,1,0,0,1,2,2,0
13121,8,4,9,5,8,4,1,0,3,2,0
13122,7,1,11,2,3,0,1,1,2,2,1
13123,9,4,15,0,1,1,1,1,2,2,0
13124,10,4,11,2,8,0,1,1,1,2,1
13125,8,4,15,0,7,4,0,0,2,2,0
13126,8,4,15,4,3,1,1,1,2,2,0
13127,8,4,7,2,12,5,1,0,4,2,1
13128,4,2,15,2,10,0,1,1,1,2,0
13129,3,4,15,4,12,1,1,0,1,2,0
13130,5,4,12,2,4,0,1,1,3,2,0
13131,8,1,7,2,14,0,1,1,2,2,0
13132,5,4,8,2,12,0,1,1,2,2,0
13133,9,4,11,2,12,0,1,1,1,2,1
13134,4,4,9,4,10,1,1,0,2,2,0
13135,9,4,11,2,4,0,1,1,2,2,0
13136,6,2,9,0,10,4,1,0,0,2,0
13137,4,0,9,4,0,2,1,0,1,2,0
13138,8,4,11,0,4,1,1,1,3,2,0
13139,8,4,11,2,12,0,0,1,2,2,0
13140,6,4,12,2,10,0,0,1,1,2,0
13141,6,4,9,2,12,0,1,1,1,2,1
13142,3,4,11,4,1,3,0,0,2,2,0
13143,5,4,15,4,12,1,1,1,2,3,0
13144,7,4,11,2,3,0,1,1,2,2,0
13145,14,2,15,2,5,0,1,1,2,2,0
13146,8,2,5,4,11,1,0,1,2,2,0
13147,5,0,11,2,0,0,1,1,1,2,0
13148,6,6,15,4,12,1,1,1,2,2,0
13149,3,2,15,4,4,1,1,1,3,2,0
13150,11,4,11,2,3,0,1,1,2,2,0
13151,7,5,12,4,4,1,1,1,2,2,0
13152,5,5,11,2,0,0,1,1,2,2,1
13153,8,4,12,2,6,0,0,1,2,2,1
13154,5,4,7,2,4,0,1,1,2,2,0
13155,6,4,11,2,8,0,1,1,2,2,1
13156,4,4,5,4,10,4,1,1,2,2,0
13157,4,4,9,6,4,3,1,0,1,2,0
13158,8,4,8,2,10,0,1,1,1,2,1
13159,7,6,9,0,4,1,1,1,2,2,0
13160,9,2,11,2,6,0,1,1,2,0,1
13161,11,4,4,1,8,1,1,1,2,2,1
13162,6,4,15,4,8,1,1,0,1,2,0
13163,9,2,11,2,11,0,0,1,2,2,1
13164,12,4,11,6,7,1,0,1,2,2,0
13165,3,6,11,4,12,3,1,1,1,2,0
13166,6,4,8,2,3,0,1,1,2,2,1
13167,5,4,7,2,12,0,1,1,2,2,1
13168,5,4,8,6,14,1,1,1,2,2,0
13169,5,0,9,4,0,4,1,0,0,2,0
13170,5,4,11,4,1,3,1,1,1,2,0
13171,4,4,15,4,10,1,1,0,2,2,0
13172,13,4,11,5,14,4,1,0,3,2,0
13173,5,4,15,0,1,4,1,0,2,2,0
13174,9,4,15,0,7,1,1,0,2,0,0
13175,5,4,8,2,3,0,1,1,2,2,1
13176,6,4,11,4,14,1,1,1,2,2,0
13177,7,4,15,5,1,1,0,0,2,2,0
13178,8,4,11,0,12,1,0,0,4,2,0
13179,9,4,12,2,10,0,1,1,2,2,1
13180,7,1,15,2,1,5,1,0,2,2,0
13181,8,2,10,2,10,0,1,1,3,2,1
13182,12,4,15,4,4,1,1,0,2,2,0
13183,4,4,9,2,10,0,1,1,2,2,0
13184,9,4,11,2,8,0,0,1,1,2,0
13185,7,4,12,0,10,1,1,1,2,0,1
13186,4,0,11,4,0,1,1,0,1,2,0
13187,4,4,15,4,12,1,1,1,2,2,0
13188,3,4,15,4,7,1,1,1,2,2,0
13189,5,5,12,4,4,3,1,0,3,2,0
13190,6,4,11,0,11,4,1,0,2,2,0
13191,3,4,9,4,1,3,1,0,2,2,0
13192,11,5,11,2,5,0,1,1,2,2,0
13193,8,0,1,4,0,3,1,1,1,2,0
13194,9,4,15,2,7,0,1,1,2,2,0
13195,4,4,9,4,8,1,1,1,1,2,0
13196,13,4,0,2,7,2,0,0,4,2,1
13197,11,4,11,2,1,0,0,1,2,2,0
13198,11,4,15,2,3,0,1,1,2,2,0
13199,7,4,11,2,3,0,1,1,2,2,1
13200,10,4,15,0,12,1,1,0,1,2,0
13201,7,4,15,2,6,0,1,1,2,0,0
13202,7,4,15,2,6,0,1,1,2,2,1
13203,12,6,4,5,13,4,0,0,2,2,0
13204,4,4,11,2,3,0,1,1,2,2,0
13205,9,4,11,2,14,0,1,1,2,2,0
13206,4,6,9,4,12,3,1,1,2,2,0
13207,14,4,5,2,3,0,0,1,2,2,1
13208,4,4,1,4,14,3,0,1,2,2,0
13209,5,4,11,2,3,0,1,1,2,2,1
13210,5,4,15,2,8,5,1,0,1,2,1
13211,5,1,7,4,4,3,1,0,3,2,0
13212,8,2,12,2,10,0,1,1,2,2,0
13213,9,4,13,0,8,4,1,0,2,2,0
13214,8,4,11,0,1,1,1,0,1,2,0
13215,6,4,9,2,4,0,1,1,2,2,1
13216,6,4,9,2,10,5,0,0,1,0,1
13217,9,4,1,2,8,0,1,1,2,2,1
13218,5,4,11,4,4,3,1,1,2,2,0
13219,9,4,11,4,14,4,1,0,2,2,0
13220,3,4,11,4,14,1,0,1,1,2,1
13221,4,4,11,4,1,1,1,1,2,2,0
13222,7,4,8,2,3,0,1,1,2,2,0
13223,5,4,12,2,6,0,1,1,2,2,0
13224,8,4,8,2,13,0,1,1,2,2,0
13225,5,1,4,4,14,1,1,1,2,2,0
13226,5,6,15,2,4,0,1,1,2,2,0
13227,9,4,9,2,8,0,0,1,2,2,1
13228,10,4,15,0,1,4,1,0,2,2,1
13229,6,1,11,2,14,0,1,1,2,2,1
13230,7,4,9,4,12,3,1,0,2,2,0
13231,4,6,11,4,12,3,1,0,2,3,0
13232,11,1,11,2,3,0,1,1,2,2,0
13233,10,0,9,2,0,0,0,1,1,2,1
13234,10,7,11,2,8,0,1,1,1,2,0
13235,11,2,11,2,11,0,0,1,2,2,1
13236,8,4,11,4,12,1,1,0,3,2,0
13237,7,4,9,2,10,0,1,1,2,2,0
13238,4,4,11,4,7,3,1,0,2,2,0
13239,5,4,15,4,8,1,1,0,2,2,0
13240,6,4,13,2,6,0,1,1,3,2,0
13241,13,4,7,2,4,0,1,1,2,2,0
13242,7,6,11,2,5,0,1,1,3,2,1
13243,10,4,11,4,3,3,1,1,2,2,0
13244,7,4,15,2,4,0,1,1,2,2,1
13245,4,4,11,4,3,3,1,1,3,1,0
13246,8,6,12,2,4,0,1,1,1,2,0
13247,6,4,11,2,3,0,1,1,1,2,0
13248,9,4,11,0,12,1,1,0,2,2,0
13249,7,4,11,2,8,0,1,1,2,2,1
13250,3,4,15,4,4,3,1,0,2,2,0
13251,6,4,4,2,8,0,0,1,0,2,1
13252,6,4,11,0,8,4,0,0,2,2,0
13253,4,4,15,4,3,1,1,1,2,2,1
13254,7,6,11,0,3,1,1,0,2,2,0
13255,11,6,15,2,4,0,1,1,3,2,1
13256,10,5,15,2,4,0,1,1,2,2,1
13257,12,4,11,0,14,1,1,0,2,2,0
13258,4,4,11,4,6,4,1,1,2,2,0
13259,8,7,11,4,1,4,1,0,0,2,1
13260,4,4,11,4,5,3,1,1,3,2,0
13261,7,4,0,0,7,3,1,1,2,2,1
13262,3,4,11,4,3,1,1,1,2,4,0
13263,8,2,11,4,8,3,1,0,1,2,1
13264,13,4,15,5,14,1,1,1,2,2,0
13265,3,2,9,4,4,2,1,0,2,2,0
13266,4,5,6,4,5,3,1,1,2,2,0
13267,4,4,9,2,12,4,1,1,2,2,0
13268,7,4,15,0,1,4,1,0,2,0,1
13269,4,4,15,2,1,0,1,1,2,2,0
13270,9,4,13,0,12,4,1,0,1,2,0
13271,8,2,15,0,10,1,1,0,2,2,0
13272,4,4,11,4,3,2,1,1,2,2,0
13273,7,4,6,5,5,1,1,0,2,2,0
13274,6,4,11,4,7,3,1,0,2,2,0
13275,10,4,11,2,12,0,1,1,2,2,0
13276,9,2,11,2,1,0,1,1,2,2,1
13277,7,4,11,2,3,0,1,1,2,2,1
13278,18,7,9,6,10,3,1,0,2,2,0
13279,9,4,11,2,7,0,1,1,2,2,1
13280,6,5,11,6,4,1,1,0,2,2,0
13281,7,4,9,0,1,1,0,0,2,2,0
13282,6,4,11,4,6,1,1,1,3,2,0
13283,8,4,8,2,3,0,1,1,2,0,1
13284,7,4,9,4,4,3,1,1,2,2,0
13285,6,4,15,1,1,4,1,0,2,2,1
13286,12,2,9,2,6,0,1,1,1,2,0
13287,6,0,15,2,0,0,1,1,2,2,1
13288,7,4,9,4,12,1,1,1,2,2,0
13289,7,4,0,2,13,0,1,1,1,2,0
13290,8,4,11,2,1,0,0,1,0,2,0
13291,5,4,11,2,4,0,1,1,2,2,0
13292,9,0,11,2,0,0,1,1,2,2,1
13293,8,4,6,2,5,0,1,1,2,2,1
13294,7,4,15,4,8,3,0,0,1,2,0
13295,5,4,11,4,3,1,1,1,2,2,0
13296,9,6,15,0,4,3,1,1,2,2,0
13297,4,2,11,4,4,1,1,0,3,2,0
13298,9,4,11,2,14,0,1,1,2,2,0
13299,7,4,0,2,2,5,1,0,2,2,1
13300,5,1,11,4,1,1,1,0,1,2,0
13301,9,4,12,2,4,5,1,0,3,2,0
13302,9,5,12,2,4,0,1,1,2,2,0
13303,13,4,15,6,10,1,1,1,1,2,0
13304,12,4,6,4,8,1,1,1,2,2,0
13305,10,5,9,2,4,0,1,1,1,2,0
13306,11,4,11,2,14,0,1,1,2,2,1
13307,5,2,11,2,12,0,1,1,3,2,0
13308,6,4,11,0,7,1,0,0,2,2,1
13309,6,4,15,4,5,4,1,1,1,2,0
13310,5,4,9,4,8,1,1,0,2,2,0
13311,7,7,9,4,10,3,1,1,2,2,0
13312,8,1,8,4,14,2,1,1,2,0,0
13313,12,4,11,0,1,4,1,0,2,2,0
13314,5,4,15,2,8,0,0,1,2,2,0
13315,6,4,11,2,10,0,1,1,1,2,0
13316,6,4,9,2,4,0,1,1,2,2,1
13317,9,4,15,2,12,0,1,1,2,2,0
13318,13,4,5,2,3,0,1,1,2,2,0
13319,7,1,9,2,10,0,1,1,0,1,1
13320,7,2,6,2,5,0,1,1,1,2,0
13321,11,4,15,2,3,0,1,1,1,2,1
13322,7,6,5,2,10,0,1,1,1,2,1
13323,9,0,15,0,0,1,1,1,1,2,0
13324,7,4,14,2,3,0,1,1,2,2,1
13325,10,4,11,2,3,0,1,1,2,2,0
13326,8,1,11,2,4,0,1,1,2,2,0
13327,7,4,0,2,7,0,0,1,2,2,0
13328,4,4,15,2,3,0,1,1,2,2,0
13329,4,4,0,5,8,4,1,0,2,2,0
13330,9,4,15,2,8,2,1,1,2,2,1
13331,10,4,9,2,10,5,1,0,2,2,0
13332,10,4,11,2,12,0,1,1,2,2,0
13333,3,4,15,4,10,3,1,0,2,2,0
13334,5,4,11,4,13,3,1,0,2,2,0
13335,10,6,9,2,4,0,1,1,2,2,1
13336,4,4,15,4,12,3,1,1,1,2,0
13337,4,4,15,4,8,1,1,0,2,2,0
13338,3,0,1,4,0,3,1,1,1,2,0
13339,8,1,11,2,3,0,1,1,2,2,0
13340,8,7,9,4,1,3,1,0,0,2,0
13341,13,4,9,2,12,0,1,1,2,2,0
13342,9,4,11,0,5,2,1,1,2,2,0
13343,11,0,9,1,0,1,1,1,0,2,1
13344,6,4,15,4,8,1,1,0,1,2,0
13345,8,2,11,2,4,0,1,1,2,2,0
13346,4,7,1,4,12,3,1,1,3,2,0
13347,5,7,15,4,10,4,1,0,2,2,0
13348,5,7,12,2,10,0,1,1,1,2,0
13349,6,4,11,2,12,0,1,1,3,2,1
13350,13,2,5,0,10,3,1,1,2,2,0
13351,11,4,1,1,14,1,1,1,2,2,1
13352,5,7,15,4,12,3,1,1,2,2,0
13353,4,4,11,4,7,1,0,0,2,2,0
13354,3,7,10,4,10,1,1,1,1,2,0
13355,9,4,15,0,10,1,0,1,2,2,0
13356,9,4,8,2,4,0,1,1,2,2,1
13357,8,4,14,6,10,1,1,1,2,2,0
13358,9,4,1,2,12,0,1,1,2,2,0
13359,5,4,11,4,4,3,1,1,2,1,0
13360,9,4,13,2,6,0,1,1,2,2,1
13361,6,4,9,0,8,4,1,0,1,2,0
13362,13,5,6,5,0,0,1,1,1,2,0
13363,4,4,9,4,7,3,1,0,2,2,0
13364,9,0,9,2,4,0,1,1,2,2,1
13365,9,2,15,0,1,4,0,0,2,2,0
13366,7,5,15,0,5,4,1,1,3,2,0
13367,7,4,11,4,3,1,1,1,2,2,0
13368,10,4,11,2,8,1,1,1,1,2,0
13369,11,4,9,0,10,1,1,0,2,2,0
13370,6,4,15,3,13,5,1,0,1,2,1
13371,7,4,15,2,5,0,1,1,1,2,0
13372,4,0,9,4,0,1,1,1,2,2,0
13373,7,4,9,2,10,1,1,0,3,2,1
13374,6,4,11,4,12,1,1,0,2,2,0
13375,11,6,9,0,8,1,1,1,2,2,0
13376,6,4,11,4,3,1,1,0,3,2,0
13377,8,4,5,2,3,0,1,1,2,2,1
13378,6,4,11,4,7,3,1,0,2,2,0
13379,10,4,8,0,3,1,1,1,2,2,0
13380,5,6,0,4,8,1,1,0,2,2,0
13381,7,4,2,2,8,0,0,1,2,2,1
13382,6,4,11,2,7,0,1,1,4,2,0
13383,4,4,9,6,8,1,0,1,1,2,0
13384,7,2,9,0,12,1,1,1,2,2,0
13385,7,4,9,2,12,0,1,1,2,2,1
13386,6,4,15,2,6,0,1,1,2,2,0
13387,12,6,11,2,3,0,0,1,2,2,0
13388,7,1,11,2,14,0,1,1,1,2,0
13389,8,4,12,2,12,0,1,1,2,0,1
13390,9,7,11,0,8,4,1,0,2,2,0
13391,7,4,7,0,12,1,0,0,2,2,0
13392,9,4,1,2,8,1,0,0,1,2,1
13393,13,0,11,5,0,4,1,0,2,2,0
13394,10,4,11,2,6,0,0,1,2,2,0
13395,5,4,11,2,7,0,1,1,2,2,0
13396,15,4,11,6,8,3,1,1,1,2,0
13397,13,4,15,0,12,1,1,1,2,2,0
13398,3,6,0,4,13,4,1,1,2,2,0
13399,8,4,7,0,12,1,0,1,2,2,0
13400,9,4,15,0,1,1,1,0,2,2,0
13401,4,6,12,4,5,3,1,1,2,2,0
13402,5,2,15,4,10,3,0,1,1,1,0
13403,9,4,9,2,10,0,1,1,1,2,0
13404,7,4,11,5,12,1,1,1,2,2,0
13405,6,4,11,4,8,1,1,0,1,2,0
13406,6,4,15,4,8,3,1,0,2,2,0
13407,14,4,9,2,10,0,1,1,2,2,0
13408,7,4,9,2,12,0,1,1,1,2,1
13409,5,6,11,4,3,4,1,0,2,2,0
13410,9,7,1,2,8,0,1,1,0,2,0
13411,4,4,11,4,14,3,1,0,2,2,0
13412,8,4,9,0,10,4,1,1,1,2,0
13413,5,4,9,4,8,3,1,0,2,2,0
13414,5,4,9,2,4,0,1,1,2,2,1
13415,6,0,15,4,0,1,1,0,2,2,0
13416,5,4,15,4,12,3,1,0,0,2,0
13417,7,4,9,1,12,5,1,0,2,0,1
13418,4,4,5,6,3,4,1,1,2,2,0
13419,8,4,15,2,1,0,1,1,4,2,1
13420,17,0,11,2,0,0,1,1,0,2,1
13421,6,4,8,2,3,0,1,1,2,2,1
13422,6,0,11,4,0,3,1,1,0,2,0
13423,5,4,9,2,12,0,1,1,2,2,1
13424,12,4,15,2,10,0,1,1,2,2,1
13425,7,5,11,4,3,3,1,1,1,2,0
13426,5,5,15,2,4,0,0,1,2,2,0
13427,9,5,1,4,0,1,1,1,2,2,1
13428,7,4,7,2,4,0,1,1,2,2,1
13429,6,4,5,2,3,0,1,1,2,1,1
13430,6,4,15,2,6,0,1,1,3,2,1
13431,3,4,11,4,1,1,1,0,0,2,0
13432,5,4,11,4,8,1,1,1,2,2,0
13433,6,4,0,0,3,1,1,0,1,2,0
13434,11,6,11,2,3,0,1,1,3,2,1
13435,6,4,9,2,4,0,1,1,2,2,1
13436,5,5,11,2,4,5,1,0,2,2,0
13437,11,4,12,6,10,1,1,1,1,2,0
13438,5,6,11,4,8,1,1,0,2,2,0
13439,9,4,11,2,4,0,1,1,2,2,0
13440,6,2,15,4,6,3,0,1,3,2,0
13441,3,6,11,0,3,4,1,0,2,2,0
13442,7,4,11,2,5,0,1,1,1,2,1
13443,4,1,0,4,14,3,1,1,2,2,1
13444,6,5,9,0,10,1,1,1,2,2,0
13445,7,7,5,6,9,1,1,0,2,2,0
13446,3,6,9,0,10,1,1,1,2,2,0
13447,8,4,15,2,12,0,1,1,3,2,0
13448,10,4,11,2,6,0,1,1,2,2,0
13449,10,4,15,0,8,1,1,0,2,2,1
13450,8,4,11,0,1,4,1,0,1,2,0
13451,7,5,9,2,10,0,1,1,1,2,0
13452,6,7,9,0,10,4,1,0,2,2,0
13453,11,4,11,2,3,0,1,1,2,2,0
13454,7,4,0,2,6,0,1,1,2,2,0
13455,12,4,15,2,14,0,1,1,3,2,1
13456,9,4,11,0,1,1,1,1,2,2,0
13457,7,4,11,5,1,1,1,0,2,2,0
13458,6,4,11,2,6,0,1,1,3,2,0
13459,7,4,15,2,10,0,1,1,2,2,0
13460,16,4,11,6,1,4,0,0,2,2,0
13461,10,2,0,2,6,0,0,1,2,2,1
13462,7,0,5,6,0,1,0,0,1,2,0
13463,3,4,15,4,4,3,1,1,2,2,0
13464,16,7,11,6,1,1,0,0,2,2,0
13465,8,5,15,2,5,0,1,1,2,2,0
13466,8,4,8,2,4,0,1,1,2,2,0
13467,13,4,9,0,10,1,1,1,2,2,0
13468,10,4,11,2,8,0,1,1,2,2,0
13469,12,8,9,0,13,1,1,0,2,2,0
13470,8,4,9,2,4,0,1,1,3,2,0
13471,7,6,13,0,8,4,1,0,1,2,1
13472,13,4,1,2,14,0,1,1,2,2,1
13473,4,4,15,4,1,3,1,0,2,2,0
13474,10,4,9,2,4,0,1,1,2,2,0
13475,13,4,15,6,4,3,1,1,1,2,0
13476,9,6,9,0,4,4,1,0,2,2,0
13477,6,1,3,2,14,0,1,1,2,2,1
13478,4,4,9,6,12,4,1,1,2,2,0
13479,3,0,15,4,0,3,1,0,1,2,0
13480,4,4,7,4,13,1,0,0,2,2,0
13481,9,7,12,2,10,0,1,1,2,2,0
13482,6,4,15,2,12,1,1,0,2,2,1
13483,8,4,15,4,12,1,1,1,1,2,0
13484,8,4,15,2,4,0,1,1,2,2,0
13485,5,4,15,2,12,0,1,1,1,2,0
13486,4,4,11,0,8,4,1,0,2,2,0
13487,8,4,9,5,12,4,1,0,2,2,0
13488,5,0,15,4,0,3,1,1,1,2,0
13489,3,8,9,4,13,4,1,0,2,2,0
13490,8,4,11,2,1,5,1,0,0,2,1
13491,5,4,11,4,1,4,1,0,2,2,0
13492,8,4,15,5,4,1,1,1,2,2,0
13493,4,2,7,4,1,1,1,1,2,2,0
13494,10,4,11,2,12,0,0,1,1,2,0
13495,7,7,9,6,10,1,1,1,2,2,0
13496,8,4,11,2,11,0,1,1,2,2,1
13497,5,4,15,4,11,3,1,1,2,2,0
13498,9,4,9,2,11,0,1,1,2,2,0
13499,7,2,9,5,1,4,1,0,2,2,0
13500,10,4,11,2,3,0,0,1,2,2,1
13501,5,6,11,4,12,2,1,0,1,2,0
13502,6,4,11,0,3,1,1,1,3,2,0
13503,11,4,11,2,7,0,1,1,2,2,1
13504,8,4,14,2,10,0,1,1,0,2,1
13505,7,0,10,6,0,1,1,1,2,2,0
13506,5,4,9,2,12,0,0,1,2,2,1
13507,13,4,11,6,8,4,1,0,1,2,0
13508,13,4,11,2,8,5,1,0,1,2,1
13509,12,5,11,2,4,0,1,1,3,2,0
13510,7,4,14,5,10,0,0,1,2,2,0
13511,7,4,9,5,10,4,1,0,1,1,0
13512,5,4,9,4,12,3,1,0,4,2,0
13513,9,4,6,0,5,4,1,1,1,2,0
13514,10,4,9,2,10,0,1,1,2,2,1
13515,10,4,13,2,6,0,1,1,2,2,0
13516,7,0,11,0,0,3,1,0,0,2,0
13517,6,4,15,2,1,5,1,0,2,2,0
13518,9,2,9,2,4,0,1,1,1,2,0
13519,3,4,15,4,8,3,1,0,2,3,0
13520,5,4,11,2,8,0,1,1,1,2,0
13521,4,4,14,4,1,4,1,0,2,2,0
13522,7,5,9,5,4,4,1,0,2,2,0
13523,4,4,9,0,10,1,1,1,2,2,0
13524,4,4,11,4,8,4,1,0,1,4,0
13525,7,4,7,2,3,0,1,1,2,2,0
13526,5,4,9,4,10,1,1,0,2,2,1
13527,4,4,14,4,10,1,1,0,2,2,0
13528,7,1,11,4,14,3,1,1,2,2,0
13529,4,4,1,4,7,1,1,1,2,2,0
13530,8,4,11,2,3,0,1,1,1,2,0
13531,3,6,6,4,5,1,1,1,2,2,0
13532,3,4,0,4,7,1,1,1,2,2,0
13533,3,4,4,4,8,3,1,1,0,2,0
13534,8,4,1,4,8,3,1,1,2,2,0
13535,5,2,11,4,10,3,1,1,2,2,0
13536,8,7,9,2,10,0,1,1,2,2,1
13537,8,4,11,2,3,0,1,1,2,2,1
13538,7,4,11,2,3,0,1,1,2,2,0
13539,7,4,9,2,12,0,1,1,1,1,0
13540,5,4,11,2,3,0,1,1,2,2,0
13541,8,6,11,2,3,0,1,1,2,2,1
13542,9,4,12,2,4,0,1,1,2,2,1
13543,4,4,12,2,4,0,1,1,2,2,0
13544,7,2,5,2,11,5,1,0,2,2,0
13545,9,4,15,0,12,1,1,0,2,2,0
13546,7,4,1,2,12,0,1,1,2,2,1
13547,11,4,11,2,6,0,1,1,3,2,0
13548,3,4,12,4,6,3,1,0,3,2,0
13549,9,4,13,2,14,0,0,1,2,2,1
13550,18,4,6,6,3,4,1,0,2,2,0
13551,12,1,11,2,7,0,1,1,2,2,1
13552,6,4,12,2,14,0,1,1,3,2,0
13553,6,4,11,2,14,0,1,1,2,2,1
13554,13,4,13,2,14,0,1,1,2,2,1
13555,5,5,14,2,10,0,1,1,2,2,0
13556,6,7,15,0,8,4,1,0,1,3,0
13557,13,4,9,2,4,0,1,1,2,2,1
13558,4,0,11,4,0,1,1,1,2,2,0
13559,11,4,11,2,7,5,1,0,2,2,0
13560,5,7,11,6,12,4,0,0,3,2,0
13561,3,4,11,4,12,2,1,0,2,2,0
13562,10,4,11,0,12,3,1,1,2,2,0
13563,5,4,15,2,6,0,1,1,2,2,0
13564,9,6,14,2,10,5,0,0,1,2,0
13565,7,4,9,0,12,1,0,1,2,2,0
13566,9,6,15,2,4,0,0,1,1,2,1
13567,6,0,11,2,0,0,1,1,2,2,0
13568,9,4,11,0,1,1,1,0,2,2,0
13569,11,4,5,2,3,0,1,1,1,2,0
13570,7,4,11,4,8,1,1,1,1,2,0
13571,6,4,11,2,4,0,1,1,2,2,0
13572,9,4,15,2,4,0,1,1,3,2,1
13573,6,4,11,0,7,4,0,1,2,2,1
13574,11,4,11,2,1,5,0,0,2,2,1
13575,4,4,15,4,10,3,1,0,0,2,0
13576,8,4,9,2,12,0,1,1,2,2,1
13577,12,4,0,2,8,2,1,0,2,2,0
13578,4,4,11,4,4,3,1,1,2,2,0
13579,6,4,5,0,3,1,1,1,2,2,0
13580,7,4,12,4,10,1,1,0,1,2,0
13581,7,4,9,2,12,0,1,1,2,2,1
13582,4,4,11,4,3,1,1,1,2,2,0
13583,8,4,15,0,8,1,1,1,1,2,0
13584,10,4,11,4,8,3,1,0,2,2,0
13585,4,0,11,6,0,1,1,1,2,2,0
13586,5,7,15,4,10,3,1,0,2,2,0
13587,4,4,11,4,8,1,1,0,2,2,0
13588,8,4,11,0,1,4,1,0,2,2,0
13589,10,4,9,2,6,0,1,1,2,2,1
13590,3,4,15,4,1,3,1,0,1,2,0
13591,9,4,9,2,12,5,1,0,4,2,0
13592,10,4,7,2,12,0,1,1,2,2,0
13593,11,4,12,2,10,0,1,1,2,2,1
13594,6,4,15,4,1,1,1,0,2,1,0
13595,7,4,14,2,3,0,1,1,2,2,0
13596,5,6,2,4,8,1,1,1,3,2,0
13597,5,4,11,6,1,1,1,0,2,1,0
13598,10,1,11,2,7,0,1,1,2,2,1
13599,7,4,9,2,10,0,1,1,2,2,1
13600,7,4,15,0,5,1,1,0,3,2,0
13601,3,4,11,4,1,1,1,0,0,2,0
13602,5,4,11,2,3,0,1,1,2,2,1
13603,4,4,11,4,7,1,1,0,2,2,0
13604,6,6,12,2,4,0,1,1,2,2,1
13605,10,4,15,2,3,0,1,1,2,2,0
13606,17,4,15,2,12,0,1,1,1,2,1
13607,8,4,11,0,12,1,1,1,1,0,1
13608,3,0,15,4,6,3,1,1,3,4,0
13609,8,4,9,2,12,0,1,1,2,0,0
13610,7,4,0,6,8,1,0,0,2,2,0
13611,5,6,15,4,5,1,1,1,2,2,0
13612,11,6,15,1,4,1,1,1,2,2,0
13613,3,6,15,4,12,3,0,1,2,2,0
13614,9,4,11,2,8,0,1,1,2,0,1
13615,7,4,11,2,12,0,1,1,2,2,0
13616,10,4,4,0,8,1,1,0,1,2,0
13617,5,4,11,4,12,1,0,0,1,2,0
13618,8,1,11,4,3,1,1,1,2,2,0
13619,6,4,3,2,13,0,1,1,2,2,0
13620,9,4,9,2,12,0,0,1,2,2,0
13621,6,4,11,4,3,3,1,1,2,2,0
13622,8,4,11,2,7,0,1,1,2,2,0
13623,7,7,15,4,4,3,1,0,2,2,0
13624,5,4,9,2,10,0,1,1,3,2,0
13625,5,4,9,2,10,0,1,1,1,2,0
13626,6,4,11,0,8,1,1,1,1,2,0
13627,3,0,15,4,0,1,1,0,2,2,0
13628,5,4,11,4,10,3,1,0,1,2,0
13629,5,4,5,4,11,1,1,1,2,2,0
13630,4,4,15,4,12,1,1,1,3,2,0
13631,7,4,15,4,5,2,1,0,2,0,0
13632,6,7,11,3,1,1,1,0,1,2,0
13633,7,4,15,6,6,1,1,1,2,2,0
13634,7,4,7,2,12,0,1,1,1,2,1
13635,6,2,8,3,3,0,1,1,1,2,1
13636,9,4,11,4,7,3,1,1,2,2,0
13637,8,4,15,2,12,0,1,1,4,2,1
13638,7,4,11,5,8,1,1,1,2,2,0
13639,8,4,14,2,3,0,1,1,2,2,0
13640,5,0,9,4,0,2,1,0,0,2,0
13641,4,3,15,4,13,3,1,0,2,2,0
13642,4,5,11,4,0,3,1,1,2,2,0
13643,4,4,0,6,6,1,1,0,2,2,0
13644,9,4,11,2,14,0,1,1,2,2,0
13645,8,4,12,2,14,0,1,1,2,2,0
13646,5,4,15,2,4,0,1,1,2,2,1
13647,6,2,9,2,10,0,1,1,2,2,1
13648,6,4,12,4,10,1,1,0,3,2,0
13649,9,2,11,2,1,0,1,1,2,2,0
13650,12,0,11,2,0,0,0,1,1,2,0
13651,4,4,9,4,12,3,1,1,2,2,0
13652,17,4,11,6,10,3,0,0,1,2,0
13653,9,4,11,0,10,1,1,1,1,2,0
13654,10,6,15,6,12,4,1,1,1,2,0
13655,7,4,15,2,12,0,1,1,3,2,0
13656,8,4,14,2,3,0,1,1,2,2,0
13657,10,6,9,2,13,0,1,1,2,2,1
13658,9,4,9,0,4,1,1,0,3,2,0
13659,8,4,11,2,4,0,1,1,2,2,0
13660,5,4,11,2,7,0,0,1,2,2,0
13661,11,4,11,0,3,1,1,1,2,2,0
13662,5,4,11,2,6,0,1,1,2,2,1
13663,5,4,15,2,1,0,0,1,2,2,1
13664,4,0,10,4,0,3,1,0,0,2,0
13665,8,4,12,2,4,0,1,1,3,2,0
13666,8,4,15,0,14,2,1,1,2,2,0
13667,7,4,12,0,12,1,0,1,1,2,0
13668,10,4,2,0,13,1,1,1,2,2,0
13669,10,4,3,0,8,1,1,1,2,2,0
13670,8,4,9,4,4,3,1,1,1,2,0
13671,7,4,15,5,4,4,1,0,2,2,0
13672,4,4,1,6,12,1,1,1,2,2,0
13673,5,4,9,6,12,1,1,1,2,2,0
13674,4,4,12,4,6,2,0,1,3,2,0
13675,7,4,15,2,4,0,1,1,2,2,1
13676,3,4,11,4,1,4,1,0,2,2,0
13677,5,5,9,2,4,0,1,1,2,2,0
13678,12,4,11,2,3,0,1,1,2,2,0
13679,10,7,12,2,10,0,1,1,2,2,1
13680,6,2,9,2,10,0,1,1,1,2,0
13681,9,4,11,2,4,0,1,1,2,0,0
13682,8,6,9,2,10,5,1,0,1,2,1
13683,6,5,11,2,3,0,1,1,2,2,0
13684,12,4,11,2,3,0,1,1,1,2,0
13685,10,7,11,2,8,1,1,0,2,2,1
13686,11,6,15,6,4,0,0,1,4,2,0
13687,7,6,8,2,13,0,1,1,0,2,0
13688,8,4,11,2,7,0,1,1,2,2,0
13689,11,4,11,0,1,1,0,0,1,2,0
13690,9,7,5,2,10,0,1,1,2,2,1
13691,7,7,9,2,1,5,0,0,0,2,1
13692,5,4,15,4,11,1,1,1,2,2,0
13693,3,2,15,4,10,1,1,1,2,2,0
13694,6,6,11,2,5,0,1,1,2,2,0
13695,4,4,11,4,1,3,0,0,2,2,0
13696,6,4,11,2,3,0,1,1,1,2,0
13697,10,4,11,2,6,0,1,1,2,2,1
13698,9,4,11,2,8,0,1,1,1,2,0
13699,7,4,11,2,3,0,0,1,2,2,0
13700,8,1,7,0,3,4,1,0,2,2,0
13701,9,6,9,0,4,1,1,0,4,2,0
13702,10,4,12,2,12,0,1,1,0,2,1
13703,6,4,8,2,11,0,1,1,1,2,1
13704,10,4,15,2,8,0,0,1,1,2,1
13705,9,4,1,2,14,0,1,1,3,2,1
13706,4,4,9,4,10,2,1,0,2,2,0
13707,16,4,12,6,4,1,1,1,3,2,0
13708,5,4,15,6,4,1,1,1,2,1,0
13709,3,4,15,4,12,1,1,1,4,0,0
13710,7,4,9,2,12,0,1,1,2,0,0
13711,8,2,15,2,11,0,1,1,2,2,1
13712,6,4,2,2,6,0,0,1,2,2,1
13713,9,4,14,2,10,0,1,1,3,0,1
13714,4,4,11,4,14,3,1,1,2,2,0
13715,7,2,7,0,4,1,1,1,2,2,0
13716,6,4,8,2,11,0,1,1,1,2,0
13717,3,4,9,4,4,3,1,1,2,3,0
13718,6,4,9,2,8,0,1,1,2,2,0
13719,8,6,15,0,3,4,1,1,2,2,0
13720,5,0,1,2,0,0,1,1,0,2,0
13721,10,6,11,2,5,0,1,1,1,2,0
13722,9,4,8,0,10,4,1,0,2,2,0
13723,3,4,15,4,10,3,1,1,1,2,0
13724,3,7,1,4,12,4,0,1,2,2,0
13725,12,4,11,0,6,4,0,1,1,2,1
13726,7,2,9,5,10,1,1,1,2,2,0
13727,7,8,4,4,13,3,1,0,2,2,1
13728,11,6,11,2,3,0,1,1,2,2,1
13729,5,6,8,4,13,3,0,1,2,2,0
13730,10,7,11,2,4,0,1,1,3,2,1
13731,8,6,5,2,3,0,1,1,2,0,1
13732,5,4,1,4,7,3,1,0,2,2,0
13733,9,4,8,0,11,4,1,0,2,2,0
13734,10,0,6,2,0,0,1,1,0,2,0
13735,11,4,11,1,8,5,1,0,2,2,1
13736,6,1,11,4,14,3,1,0,2,2,0
13737,7,4,15,4,3,1,1,1,2,2,0
13738,10,1,11,2,14,0,1,1,2,2,0
13739,7,4,15,4,12,2,0,1,2,2,0
13740,10,4,14,6,10,4,0,0,1,2,0
13741,5,4,0,4,8,1,1,0,2,2,0
13742,9,4,1,0,8,1,1,0,2,2,0
13743,6,4,11,2,3,0,1,1,2,2,0
13744,16,2,9,0,11,4,1,0,2,2,0
13745,4,4,11,5,7,4,1,0,2,2,0
13746,3,4,11,4,3,3,1,1,2,2,0
13747,4,4,11,4,3,1,0,1,2,2,0
13748,11,0,1,2,0,0,1,1,2,2,0
13749,9,4,15,0,8,2,0,0,2,2,0
13750,11,4,15,1,10,4,1,0,3,2,0
13751,10,6,9,2,13,0,1,1,0,2,0
13752,7,7,9,4,10,4,1,0,2,2,0
13753,11,2,14,2,10,0,1,1,2,2,0
13754,3,4,15,4,8,1,1,0,2,2,0
13755,10,2,12,2,10,0,1,1,2,2,0
13756,5,4,11,4,1,3,0,0,2,2,0
13757,6,4,1,2,3,0,1,1,2,2,1
13758,13,4,11,2,3,0,1,1,0,2,0
13759,6,4,11,4,10,1,1,0,1,2,0
13760,3,7,9,4,10,3,1,0,2,2,0
13761,7,7,15,4,11,1,0,0,2,2,0
13762,9,4,0,2,3,0,1,1,2,2,0
13763,7,5,12,2,4,0,0,1,2,2,1
13764,12,4,9,0,1,1,1,0,0,2,0
13765,8,6,15,0,12,1,1,0,2,2,0
13766,9,4,15,2,1,5,0,0,2,2,1
13767,6,4,9,4,13,1,1,0,0,2,0
13768,6,4,1,2,8,0,1,1,1,2,1
13769,4,4,9,2,10,0,0,1,1,2,0
13770,7,4,9,1,4,1,1,0,2,2,0
13771,6,4,15,3,13,4,1,0,2,2,1
13772,8,4,15,0,4,1,1,1,2,2,0
13773,11,4,9,6,4,1,1,0,2,2,0
13774,6,4,12,2,10,0,1,1,1,2,0
13775,4,4,14,2,10,0,0,1,0,2,0
13776,6,4,1,4,14,1,0,1,2,2,0
13777,5,7,9,0,10,1,1,1,2,2,0
13778,11,7,11,4,1,3,1,1,2,2,0
13779,6,6,11,2,4,0,1,1,2,2,0
13780,3,1,11,4,14,1,1,1,3,2,0
13781,4,4,12,4,4,1,1,1,2,2,1
13782,3,0,9,4,0,1,1,1,2,2,0
13783,3,6,15,4,12,3,1,0,4,2,0
13784,7,4,11,2,10,0,1,1,1,2,0
13785,12,4,7,2,12,0,1,1,2,2,0
13786,5,4,15,4,10,3,1,1,2,2,0
13787,8,3,11,0,8,4,1,0,2,2,0
13788,12,4,11,2,6,0,1,1,2,2,0
13789,12,4,11,0,12,1,1,0,2,2,1
13790,9,4,15,2,12,0,1,1,2,2,0
13791,13,4,0,2,3,0,1,1,2,2,1
13792,6,4,10,0,14,4,1,1,2,1,0
13793,9,4,9,0,1,4,1,0,2,1,0
13794,8,6,11,2,3,0,1,1,2,2,0
13795,15,6,11,0,1,4,1,0,2,2,0
13796,6,4,9,3,10,1,1,0,2,1,0
13797,8,4,11,2,6,0,0,1,2,2,0
13798,8,3,9,0,13,1,1,0,0,2,0
13799,12,1,6,0,3,3,1,1,2,2,0
13800,6,4,9,2,11,0,0,1,2,2,1
13801,10,7,12,2,12,0,0,1,1,2,1
13802,9,6,15,0,12,1,0,0,4,2,0
13803,8,4,11,0,12,4,1,1,1,2,0
13804,5,2,10,2,10,0,1,1,2,2,1
13805,5,4,15,2,4,0,1,1,2,2,0
13806,5,5,11,4,3,1,1,1,3,2,0
13807,11,6,11,2,1,0,1,1,2,2,0
13808,7,4,15,4,10,1,1,0,1,2,0
13809,7,4,11,2,4,0,1,1,2,2,0
13810,7,2,11,5,6,1,1,1,2,2,0
13811,8,4,15,0,1,4,1,0,2,2,1
13812,8,4,1,2,14,0,1,1,2,2,1
13813,11,4,9,6,10,1,1,1,2,3,0
13814,8,4,11,2,3,0,1,1,2,2,1
13815,7,4,9,2,8,0,0,1,0,2,0
13816,11,4,3,2,8,0,1,1,1,2,0
13817,7,4,1,2,8,1,1,1,1,2,1
13818,6,2,12,0,2,1,0,0,1,2,1
13819,4,1,15,4,1,3,0,0,2,2,0
13820,8,4,9,4,10,1,1,1,1,2,0
13821,8,2,12,2,10,0,0,1,2,2,0
13822,13,4,15,5,4,4,1,0,4,2,0
13823,6,4,11,2,3,0,1,1,1,2,1
13824,9,4,11,2,7,0,1,1,2,2,1
13825,8,6,9,4,10,3,1,0,2,2,0
13826,7,4,3,0,13,1,1,0,1,2,0
13827,9,4,11,0,14,1,1,1,2,2,0
13828,5,4,11,4,12,1,1,1,4,2,0
13829,8,4,8,2,10,0,0,1,2,2,0
13830,9,4,9,2,13,0,1,1,2,2,0
13831,6,4,9,2,8,0,1,1,2,2,1
13832,4,4,11,4,1,2,1,0,1,2,0
13833,8,2,11,2,5,0,1,1,1,2,0
13834,4,4,8,4,6,1,1,1,3,2,0
13835,4,6,15,4,8,3,0,0,2,2,0
13836,8,4,9,2,10,0,1,1,1,2,0
13837,14,5,9,0,4,4,1,0,2,2,0
13838,4,6,9,4,4,3,1,0,2,2,0
13839,9,7,9,0,12,1,1,0,2,2,0
13840,9,2,5,2,10,0,1,1,2,2,1
13841,7,4,6,0,5,1,1,1,2,2,0
13842,9,6,14,0,3,3,1,1,2,2,0
13843,10,4,11,2,3,0,1,1,2,2,0
13844,3,4,12,4,6,1,1,1,3,2,0
13845,8,4,11,0,13,4,1,0,2,2,0
13846,5,4,11,2,8,0,1,1,2,2,0
13847,5,4,1,2,3,0,1,1,2,2,1
13848,12,4,11,0,12,1,1,1,4,2,0
13849,8,4,11,2,6,0,1,1,2,0,0
13850,3,4,11,4,8,1,1,0,1,2,0
13851,4,4,15,4,1,3,0,0,2,2,0
13852,8,4,9,4,4,4,0,0,2,2,0
13853,4,5,11,4,10,3,1,1,1,2,0
13854,7,4,11,4,3,1,1,1,2,2,0
13855,10,6,9,2,10,0,1,1,2,2,0
13856,6,7,10,2,10,0,1,1,2,2,0
13857,9,0,5,2,0,0,1,1,2,2,0
13858,7,4,11,2,13,0,1,1,2,2,0
13859,9,5,11,0,1,4,0,0,2,2,0
13860,6,6,15,0,8,1,1,0,1,2,0
13861,4,4,11,0,8,4,1,0,2,2,0
13862,9,0,15,2,0,0,1,1,0,2,0
13863,12,7,9,5,1,1,1,1,0,2,0
13864,11,4,3,6,6,1,1,1,2,2,0
13865,4,0,9,4,0,3,1,1,1,2,0
13866,8,4,10,2,10,0,1,1,2,2,1
13867,6,4,11,0,7,1,0,0,2,2,1
13868,7,4,11,2,11,0,0,1,2,2,0
13869,8,2,12,2,10,0,1,1,2,2,0
13870,4,4,7,4,1,3,0,0,2,2,0
13871,11,4,11,0,8,2,0,0,2,2,1
13872,6,2,4,0,6,1,1,1,2,2,0
13873,9,7,12,2,12,0,1,1,2,2,1
13874,8,4,15,0,10,1,1,1,0,2,0
13875,7,7,12,5,10,1,1,0,2,1,0
13876,6,4,15,2,3,0,1,1,1,2,1
13877,6,0,1,0,0,1,1,1,1,2,0
13878,6,4,7,2,11,0,0,1,1,3,1
13879,5,4,5,2,10,5,1,0,4,2,1
13880,12,4,11,2,12,0,1,1,2,2,1
13881,11,4,9,2,10,4,1,1,1,2,0
13882,9,4,11,2,1,0,1,1,2,2,0
13883,11,4,11,2,1,0,1,1,2,2,1
13884,7,7,15,2,4,0,1,1,2,2,1
13885,6,1,11,0,4,4,0,1,4,0,0
13886,5,4,11,4,14,3,1,1,1,2,0
13887,8,4,15,2,10,0,1,1,1,2,1
13888,10,6,15,2,5,0,1,1,2,2,1
13889,9,4,15,2,12,0,1,1,2,2,0
13890,5,0,11,2,0,0,1,1,2,2,0
13891,12,7,7,2,4,0,1,1,2,2,1
13892,6,8,11,2,13,2,1,1,2,2,1
13893,11,2,8,4,10,1,1,0,2,2,0
13894,7,6,15,4,1,3,1,0,2,2,0
13895,3,4,11,4,8,1,1,0,2,2,0
13896,13,7,12,2,10,0,1,1,2,2,0
13897,8,4,9,2,12,5,1,0,4,2,0
13898,4,5,9,4,4,1,1,1,4,2,0
13899,4,0,9,4,0,3,1,1,0,2,0
13900,6,6,6,2,5,0,1,1,2,1,0
13901,7,4,9,2,10,0,1,1,2,2,0
13902,11,4,9,2,11,0,1,1,2,2,0
13903,6,4,11,4,7,1,1,1,2,2,0
13904,10,4,9,2,1,0,1,1,2,2,1
13905,8,5,9,5,4,4,1,0,3,2,0
13906,10,4,11,2,3,0,1,1,2,2,0
13907,8,4,11,2,3,0,1,1,2,2,1
13908,7,2,15,2,10,0,0,1,1,2,1
13909,10,4,0,2,8,5,1,0,1,2,1
13910,11,4,11,2,3,0,1,1,2,2,0
13911,4,4,15,6,4,1,1,1,2,2,0
13912,12,4,15,0,12,1,1,0,2,2,0
13913,7,4,15,2,7,0,1,1,2,2,0
13914,6,4,15,2,4,0,1,1,2,2,1
13915,8,2,15,4,6,1,1,1,2,2,0
13916,6,4,9,0,10,1,1,0,1,2,0
13917,8,4,11,2,1,0,1,1,2,0,0
13918,6,4,8,4,11,2,0,1,2,2,1
13919,10,5,11,0,1,4,1,0,2,2,0
13920,6,4,15,0,12,4,1,0,2,2,0
13921,10,4,11,0,1,1,1,0,2,2,0
13922,6,6,15,0,10,1,1,0,2,2,0
13923,11,6,1,2,12,0,1,1,2,2,0
13924,4,8,11,4,13,3,1,0,2,2,0
13925,4,2,1,4,2,1,1,1,2,2,0
13926,6,4,11,2,6,0,1,1,2,0,0
13927,12,4,1,2,3,0,1,1,2,2,1
13928,9,4,7,2,4,0,1,1,2,2,0
13929,6,4,12,0,10,4,1,1,2,2,0
13930,9,4,15,0,3,4,1,1,2,2,0
13931,4,6,11,4,1,2,0,0,1,2,0
13932,12,2,1,2,9,0,1,1,1,2,0
13933,10,5,11,2,4,2,1,1,2,2,1
13934,6,4,14,0,1,4,1,0,2,1,0
13935,4,4,1,4,3,3,1,1,2,2,0
13936,8,4,11,4,3,3,1,0,2,2,1
13937,3,5,15,4,4,1,1,1,2,2,0
13938,5,6,14,4,5,3,1,0,1,2,0
13939,6,4,0,4,13,3,1,1,2,2,0
13940,8,4,5,4,3,3,1,1,2,2,0
13941,7,4,15,4,1,1,1,0,0,2,0
13942,5,4,15,4,8,3,1,1,1,2,0
13943,3,4,11,4,1,3,1,0,2,2,0
13944,5,2,15,2,1,5,1,0,2,2,1
13945,8,4,15,4,1,3,1,0,1,2,0
13946,10,4,11,2,6,0,1,1,3,2,1
13947,4,4,7,2,12,0,1,1,3,2,1
13948,6,2,9,2,10,0,1,1,0,2,1
13949,8,5,11,2,3,0,1,1,2,2,0
13950,13,4,11,2,3,0,1,1,3,2,1
13951,11,4,15,2,1,5,1,0,2,2,0
13952,5,6,15,0,3,1,1,1,2,2,0
13953,9,7,11,2,5,0,1,1,2,2,1
13954,6,4,14,4,10,2,1,0,2,2,0
13955,4,4,15,4,8,1,1,1,2,2,0
13956,4,6,9,4,4,4,1,0,2,2,0
13957,9,4,15,2,8,5,1,0,2,2,0
13958,7,2,7,2,11,0,1,1,2,2,1
13959,13,4,9,5,10,1,1,1,2,2,0
13960,10,4,9,2,8,0,1,1,2,2,0
13961,13,2,9,2,10,0,1,1,2,2,0
13962,5,4,15,4,10,4,1,0,2,2,0
13963,6,4,11,2,4,0,1,1,2,2,1
13964,8,4,15,0,8,4,0,0,2,2,0
13965,8,4,15,4,8,4,1,0,0,2,0
13966,5,2,12,2,2,0,0,1,2,2,0
13967,3,4,11,4,3,3,1,0,2,0,0
13968,5,4,11,2,6,0,1,1,2,2,0
13969,5,6,11,2,1,0,0,1,2,2,1
13970,6,4,11,4,3,3,1,1,1,2,0
13971,9,4,11,2,6,0,1,1,2,0,0
13972,8,4,11,2,7,0,1,1,2,2,1
13973,5,4,7,2,1,0,1,1,2,2,0
13974,4,4,1,4,3,3,1,1,1,2,0
13975,11,4,9,2,12,0,0,1,2,2,1
13976,9,6,6,2,3,0,1,1,2,2,1
13977,5,0,15,0,0,4,1,0,1,1,1
13978,6,4,8,2,4,0,1,1,2,2,1
13979,4,5,14,0,1,1,0,0,1,2,0
13980,6,4,0,2,8,0,1,1,1,2,1
13981,6,4,15,4,8,1,1,1,0,2,0
13982,10,0,15,2,0,0,1,1,1,2,0
13983,11,4,15,2,1,5,1,0,2,2,1
13984,6,7,15,0,1,4,0,0,1,2,0
13985,8,4,15,2,13,5,1,0,2,2,1
13986,6,5,12,4,5,3,1,1,2,2,0
13987,8,0,15,2,0,3,1,1,0,2,0
13988,6,4,12,2,12,0,1,1,2,2,0
13989,4,1,7,4,3,3,1,0,2,2,0
13990,6,4,1,4,8,1,1,0,0,2,0
13991,8,4,9,2,4,0,1,1,2,2,1
13992,6,6,11,4,12,4,1,0,2,2,0
13993,4,2,11,4,1,1,1,0,2,2,0
13994,12,4,11,2,14,0,1,1,2,2,0
13995,9,4,15,0,1,1,1,0,2,0,0
13996,12,4,0,5,6,1,1,1,2,2,0
13997,9,5,7,0,4,1,1,1,2,2,0
13998,6,4,9,4,4,3,1,1,2,2,0
13999,12,4,0,2,7,4,0,0,1,2,1
14000,8,4,15,4,3,3,1,1,2,2,0
14001,7,4,15,5,6,4,1,0,3,2,0
14002,6,0,6,4,0,1,1,0,1,2,0
14003,6,4,15,2,8,0,1,1,1,2,0
14004,7,4,9,5,13,1,1,0,0,2,0
14005,7,4,11,2,4,0,1,1,2,2,0
14006,4,4,11,4,14,3,1,1,1,2,0
14007,8,4,4,2,8,5,1,0,2,2,0
14008,9,4,5,0,3,4,1,0,2,2,0
14009,6,0,11,4,0,2,1,0,2,2,0
14010,12,2,9,2,10,0,1,1,2,2,0
14011,3,0,9,4,0,1,1,1,0,2,0
14012,3,4,3,4,8,3,1,0,1,2,0
14013,11,4,11,2,1,5,1,0,2,2,0
14014,7,4,11,2,1,0,1,1,2,0,1
14015,3,4,3,4,13,1,1,1,2,2,0
14016,4,4,9,4,10,3,0,0,1,2,0
14017,6,4,11,2,3,0,1,1,2,0,0
14018,4,6,11,4,3,3,1,0,2,2,0
14019,4,0,10,0,0,1,0,0,1,2,0
14020,9,4,11,2,7,0,1,1,2,2,0
14021,7,5,11,0,3,1,1,1,1,2,1
14022,3,2,0,4,6,1,1,1,1,2,0
14023,6,2,10,4,10,3,1,0,2,2,0
14024,4,4,12,4,4,1,1,1,2,2,0
14025,6,1,8,2,3,0,1,1,2,2,0
14026,5,4,12,4,4,3,1,0,3,2,0
14027,4,4,15,4,12,3,1,1,1,2,1
14028,8,4,9,2,10,0,1,1,1,2,1
14029,7,4,11,4,14,4,1,0,2,2,0
14030,12,7,9,2,10,0,1,1,2,2,1
14031,5,5,12,4,4,1,1,1,2,2,0
14032,7,4,14,6,14,1,1,1,2,2,0
14033,4,4,11,4,3,3,1,1,2,2,0
14034,3,4,0,4,7,1,1,1,2,2,0
14035,3,4,11,4,7,3,1,0,2,2,0
14036,10,2,15,4,1,3,1,1,2,2,0
14037,6,4,12,2,10,0,1,1,2,2,1
14038,6,4,0,2,7,0,1,1,2,2,0
14039,9,4,9,2,10,0,1,1,1,2,0
14040,10,6,12,2,4,0,1,1,2,2,1
14041,11,6,5,2,3,0,1,1,2,2,1
14042,4,4,1,4,8,1,1,0,2,2,0
14043,8,1,0,2,3,0,1,1,2,2,0
14044,4,2,12,4,12,4,0,1,2,2,0
14045,9,4,11,2,6,0,1,1,3,2,0
14046,8,1,9,4,10,4,1,0,3,2,0
14047,9,4,9,2,12,0,1,1,2,2,1
14048,8,4,11,2,1,0,1,1,2,2,0
14049,5,0,15,2,0,0,1,1,2,2,1
14050,6,1,11,4,14,1,0,1,1,2,0
14051,7,4,11,4,1,3,1,0,2,2,0
14052,3,4,15,4,12,4,1,0,2,2,0
14053,3,7,8,4,10,1,1,1,2,2,0
14054,4,4,12,4,5,1,1,1,2,2,0
14055,17,7,11,0,1,4,1,0,2,2,0
14056,11,2,9,2,10,0,1,1,1,2,0
14057,9,4,11,0,5,4,1,0,2,2,0
14058,4,4,15,2,10,0,1,1,2,2,0
14059,9,4,15,2,8,0,1,1,1,2,1
14060,8,4,15,2,3,0,0,1,2,2,1
14061,12,6,1,2,3,0,1,1,2,2,0
14062,6,4,11,2,7,5,1,0,2,2,0
14063,5,4,15,2,3,0,1,1,1,2,0
14064,11,4,15,2,8,0,0,1,2,2,1
14065,10,4,9,2,4,0,1,1,2,2,0
14066,6,4,15,4,8,3,0,0,1,2,0
14067,8,4,11,2,12,1,1,0,1,2,1
14068,6,4,9,4,11,1,0,1,2,2,0
14069,9,4,15,2,4,0,1,1,2,2,0
14070,11,8,8,2,13,0,1,1,1,2,0
14071,4,4,15,4,3,3,1,1,0,2,0
14072,8,4,9,2,12,0,0,1,4,0,0
14073,4,4,9,2,10,0,0,1,2,2,0
14074,8,4,15,0,3,1,1,1,2,2,0
14075,8,0,11,2,0,0,1,1,0,0,0
14076,6,4,12,3,10,4,1,0,1,2,0
14077,5,4,9,0,4,4,1,0,2,2,0
14078,5,2,11,4,1,3,1,0,2,2,0
14079,5,4,11,2,3,0,1,1,2,2,0
14080,11,4,11,2,8,5,1,0,1,2,1
14081,3,4,11,4,14,1,1,0,2,2,0
14082,8,4,0,4,7,1,1,0,2,2,0
14083,8,4,12,2,10,1,1,1,2,2,1
14084,9,5,15,2,4,0,0,1,2,2,1
14085,8,4,1,2,14,0,1,1,2,2,0
14086,10,4,15,2,3,0,1,1,2,2,1
14087,7,4,6,2,5,0,1,1,3,2,0
14088,9,4,11,2,7,0,1,1,2,2,1
14089,9,4,11,2,3,0,1,1,2,2,1
14090,13,4,15,0,14,1,1,1,2,2,0
14091,6,4,0,2,13,0,1,1,2,2,0
14092,4,2,11,4,12,3,1,1,2,2,0
14093,8,5,9,2,10,0,1,1,0,2,0
14094,6,4,11,2,14,0,1,1,2,2,0
14095,4,4,11,4,8,2,1,0,2,2,0
14096,8,7,3,0,8,1,1,0,2,0,0
14097,5,4,6,4,3,3,1,1,2,2,0
14098,8,4,11,2,8,0,1,1,2,2,0
14099,12,4,9,2,4,0,0,1,2,2,0
14100,10,4,11,2,6,0,1,1,2,2,1
14101,9,0,11,4,0,3,1,1,1,2,0
14102,8,4,11,0,7,1,1,0,2,2,0
14103,6,7,5,4,11,1,1,0,1,2,0
14104,12,4,7,6,4,1,1,1,3,2,0
14105,8,4,9,2,10,0,1,1,2,2,1
14106,5,4,15,4,12,1,0,0,2,2,0
14107,4,4,1,4,3,3,1,1,2,2,0
14108,8,6,9,2,10,0,1,1,2,2,0
14109,3,4,11,4,7,3,1,0,3,2,0
14110,8,4,11,0,8,4,1,0,0,2,0
14111,4,4,11,4,7,3,1,0,2,2,0
14112,3,4,5,4,11,1,1,0,2,2,0
14113,7,4,15,5,1,4,0,0,2,2,0
14114,13,4,9,5,12,4,1,0,2,2,0
14115,9,4,15,2,12,0,1,1,2,2,0
14116,5,2,12,2,4,0,1,1,2,2,0
14117,6,4,15,0,12,4,0,0,2,2,0
14118,13,4,11,2,7,5,0,0,2,2,0
14119,9,4,15,0,11,4,1,0,2,2,1
14120,10,4,15,4,12,3,0,1,1,2,0
14121,9,0,11,2,0,0,1,1,0,2,0
14122,4,4,15,4,8,3,1,1,1,2,0
14123,5,4,0,4,13,1,1,1,2,2,0
14124,9,6,11,2,3,0,1,1,1,2,1
14125,11,4,15,2,10,0,1,1,2,2,1
14126,9,4,13,2,14,0,1,1,2,0,1
14127,8,4,9,2,4,0,1,1,3,2,0
14128,7,4,8,2,3,0,1,1,3,2,0
14129,7,4,15,0,6,4,1,1,2,2,1
14130,6,1,15,4,1,3,1,0,2,2,0
14131,8,2,10,0,10,4,1,0,2,2,0
14132,8,4,15,0,12,4,1,1,2,2,0
14133,9,4,0,4,7,1,1,0,1,2,0
14134,6,4,11,4,12,3,0,0,2,2,0
14135,7,4,15,0,12,1,1,0,1,2,0
14136,12,6,14,5,3,1,1,0,2,2,0
14137,5,5,6,2,5,0,1,1,2,2,0
14138,9,7,9,2,4,0,1,1,2,2,0
14139,5,4,11,4,3,1,1,1,2,2,1
14140,10,4,9,2,8,0,1,1,1,2,1
14141,6,4,15,2,13,0,1,1,0,2,0
14142,4,2,12,4,10,3,1,0,2,2,0
14143,10,2,11,2,4,0,1,1,2,2,1
14144,7,0,6,2,0,0,1,1,2,2,0
14145,10,4,11,2,3,0,0,1,2,2,0
14146,4,7,11,4,1,3,1,0,1,2,0
14147,12,4,1,2,8,0,1,1,2,2,1
14148,11,4,15,4,7,3,1,0,2,2,0
14149,8,4,15,2,6,0,1,1,2,2,0
14150,7,4,15,4,3,3,1,1,0,2,0
14151,8,4,0,0,7,1,1,0,2,2,0
14152,6,4,11,0,1,1,1,0,2,2,0
14153,9,4,9,2,10,5,1,0,2,2,0
14154,10,4,11,0,8,4,0,0,1,2,0
14155,8,4,8,5,14,0,1,1,2,2,0
14156,8,4,15,0,10,2,1,1,2,2,0
14157,8,4,9,2,8,0,1,1,2,2,0
14158,5,4,11,2,7,5,1,0,2,2,0
14159,10,4,9,2,12,0,1,1,2,2,0
14160,6,2,5,0,9,1,1,0,1,2,0
14161,9,7,8,0,1,2,1,0,1,2,0
14162,4,4,12,4,4,1,1,1,2,2,0
14163,5,4,1,4,8,1,1,0,2,2,0
14164,5,7,11,2,8,0,1,1,2,2,0
14165,4,4,5,6,3,1,1,1,2,2,0
14166,5,4,15,4,4,2,1,1,3,2,0
14167,11,2,0,2,2,0,0,1,1,2,0
14168,4,4,11,4,7,2,1,0,2,2,0
14169,9,4,11,2,3,0,1,1,2,2,1
14170,7,0,6,2,0,0,1,1,0,2,1
14171,8,4,13,4,6,3,1,0,2,2,0
14172,8,4,15,4,7,1,0,0,3,2,0
14173,12,0,15,2,6,0,0,1,2,2,0
14174,4,4,11,4,3,3,1,1,2,2,0
14175,12,4,15,4,1,3,1,0,2,2,0
14176,11,4,11,2,14,0,1,1,2,2,0
14177,4,5,11,4,0,1,1,0,2,2,0
14178,7,4,11,2,14,0,1,1,2,2,1
14179,3,4,9,4,10,1,1,1,2,2,0
14180,4,4,15,4,3,3,1,1,2,2,0
14181,9,4,15,2,3,0,1,1,2,2,1
14182,16,4,11,6,8,4,1,1,2,2,0
14183,10,4,15,2,12,0,1,1,2,2,1
14184,8,4,11,4,8,3,1,1,2,2,0
14185,7,4,11,0,12,1,1,1,2,2,0
14186,4,6,12,4,1,1,1,0,2,2,0
14187,8,0,5,4,0,1,1,1,0,2,0
14188,8,4,11,4,8,4,1,0,1,2,1
14189,8,4,4,2,6,0,1,1,2,2,1
14190,5,1,11,2,1,0,1,1,2,2,0
14191,5,4,8,4,11,3,0,1,2,2,0
14192,8,4,11,2,14,0,1,1,2,2,0
14193,3,4,11,4,8,4,1,0,1,2,0
14194,6,4,7,1,12,1,1,0,2,2,0
14195,8,4,15,0,12,1,1,0,1,2,0
14196,8,8,4,2,13,0,0,1,2,2,1
14197,7,4,15,2,8,5,1,0,2,2,0
14198,4,0,5,4,0,4,1,0,2,2,0
14199,10,1,7,6,4,4,1,0,3,2,0
14200,4,4,11,4,3,3,1,1,2,2,0
14201,4,2,10,4,10,1,1,1,2,2,0
14202,8,4,15,4,12,3,1,0,2,2,0
14203,5,4,15,2,1,0,1,1,2,2,1
14204,6,6,11,2,3,0,1,1,2,1,0
14205,7,4,11,4,12,3,1,0,2,2,0
14206,5,4,11,4,1,3,1,0,2,2,0
14207,6,6,9,4,8,4,1,0,2,2,0
14208,10,2,9,4,4,3,1,1,2,2,0
14209,6,4,11,4,12,1,1,1,2,2,0
14210,11,5,6,2,5,0,1,1,1,2,1
14211,6,4,15,2,10,0,1,1,3,2,0
14212,10,4,11,6,12,1,1,1,2,2,0
14213,4,2,15,4,5,1,1,0,2,2,0
14214,12,4,11,2,1,5,1,0,2,2,1
14215,10,0,9,2,0,0,1,1,0,2,0
14216,10,4,9,2,12,0,1,1,2,4,0
14217,12,6,9,2,4,0,1,1,2,2,1
14218,10,4,15,2,13,5,1,0,0,2,1
14219,9,4,12,0,1,4,1,0,2,2,0
14220,4,4,11,4,1,1,1,0,1,2,0
14221,12,4,11,2,4,0,1,1,2,2,1
14222,3,4,9,4,13,1,1,0,2,2,0
14223,3,7,11,4,11,3,1,1,1,2,0
14224,12,4,15,2,4,0,1,1,2,2,0
14225,6,6,15,4,12,3,1,0,4,2,0
14226,10,4,12,2,2,0,0,1,2,2,0
14227,6,4,7,2,12,0,1,1,3,2,0
14228,4,4,11,4,7,1,1,1,2,2,0
14229,11,4,11,0,4,4,1,0,2,2,0
14230,10,4,15,2,12,0,1,1,2,2,1
14231,6,6,15,2,8,5,1,0,1,2,0
14232,4,4,7,4,12,1,1,0,1,2,0
14233,6,0,5,2,0,0,1,1,1,2,0
14234,6,4,15,2,13,0,1,1,2,2,1
14235,4,4,9,2,10,0,1,1,2,2,0
14236,7,4,15,2,10,0,1,1,2,2,0
14237,9,4,0,2,7,0,1,1,2,2,1
14238,11,4,11,2,8,0,0,1,0,2,0
14239,7,4,14,5,14,0,1,1,2,2,0
14240,12,4,11,2,12,0,1,1,2,2,0
14241,8,4,1,0,8,1,1,0,2,2,0
14242,9,4,15,2,1,5,1,0,2,2,0
14243,6,4,11,2,3,0,1,1,2,2,0
14244,6,4,11,4,8,3,1,0,0,2,0
14245,6,7,11,0,1,1,1,0,2,2,0
14246,6,4,11,2,3,0,1,1,2,2,0
14247,7,4,11,5,5,0,1,1,2,0,0
14248,16,4,11,6,1,4,1,0,2,2,0
14249,7,1,12,5,10,1,1,0,2,2,0
14250,12,4,10,2,10,0,1,1,2,2,0
14251,4,4,11,6,1,0,1,1,2,2,0
14252,12,4,11,2,7,0,1,1,2,2,0
14253,10,6,7,2,3,0,1,1,2,2,1
14254,6,4,8,2,3,0,1,1,2,2,1
14255,9,7,9,2,10,0,1,1,2,2,1
14256,8,0,6,2,0,0,0,1,0,2,0
14257,7,4,1,2,12,0,1,1,2,2,0
14258,7,4,11,4,12,1,1,0,4,2,0
14259,8,4,11,2,12,0,1,1,2,2,1
14260,10,4,15,2,8,5,1,0,1,2,1
14261,4,8,0,4,13,3,1,1,2,2,0
14262,3,4,12,4,1,1,1,1,2,2,0
14263,5,1,9,4,10,3,0,1,2,2,0
14264,5,1,9,2,7,0,1,1,2,2,1
14265,10,4,11,2,6,0,1,1,2,4,0
14266,12,4,11,2,12,0,1,1,2,2,1
14267,5,4,11,2,3,0,0,1,2,2,0
14268,5,4,0,4,8,1,1,0,1,2,0
14269,9,4,6,4,3,3,1,1,2,2,0
14270,6,4,15,0,7,1,0,1,2,2,0
14271,8,6,7,0,12,1,1,0,1,2,0
14272,8,2,11,0,12,1,1,1,2,2,0
14273,5,7,9,4,4,3,1,0,2,2,0
14274,7,6,13,2,8,5,1,0,1,2,0
14275,4,4,11,4,8,1,1,0,2,2,0
14276,7,4,0,2,6,0,0,1,1,2,1
14277,10,7,7,2,12,0,1,1,2,2,1
14278,4,2,12,4,2,1,1,0,2,2,0
14279,10,1,11,2,14,0,0,1,2,2,0
14280,9,4,11,2,4,0,1,1,2,2,0
14281,5,7,9,0,10,4,1,0,1,2,0
14282,4,4,15,2,13,0,1,1,2,2,0
14283,9,4,15,2,4,0,1,1,2,2,1
14284,10,4,12,2,9,0,1,1,1,2,0
14285,9,4,15,4,12,1,1,1,2,2,0
14286,6,6,15,4,13,1,1,0,2,2,0
14287,7,4,11,2,3,0,1,1,2,2,0
14288,5,4,11,4,7,3,0,0,4,2,0
14289,4,2,9,4,10,1,1,1,2,2,0
14290,8,0,6,2,0,0,1,1,0,2,1
14291,7,7,11,0,1,4,1,0,2,0,0
14292,6,4,5,4,10,3,1,1,2,2,0
14293,5,1,11,4,4,3,1,1,3,2,0
14294,7,6,11,2,5,0,1,1,2,2,1
14295,9,6,11,2,1,5,1,0,4,2,0
14296,4,4,1,4,8,1,0,0,0,2,0
14297,11,4,9,2,10,0,1,1,1,2,1
14298,10,1,0,2,3,0,1,1,2,2,1
14299,6,4,15,0,4,4,1,1,4,2,0
14300,13,4,11,0,7,1,1,0,2,2,0
14301,5,4,6,4,8,1,0,1,2,2,0
14302,7,4,15,2,1,2,1,0,2,2,1
14303,10,4,15,2,8,0,1,1,2,2,1
14304,7,4,11,2,14,0,1,1,3,2,0
14305,11,4,9,2,10,0,0,1,2,2,0
14306,11,4,5,2,10,0,1,1,2,2,1
14307,10,4,11,0,7,3,0,1,2,2,0
14308,8,4,9,2,10,0,1,1,2,2,1
14309,6,4,9,1,8,5,1,0,1,2,1
14310,4,4,15,4,3,3,1,1,2,2,0
14311,11,4,11,6,12,1,1,1,2,2,0
14312,12,4,11,2,3,0,1,1,2,2,0
14313,6,4,11,4,6,1,0,1,2,2,0
14314,3,4,3,4,8,1,0,0,2,2,0
14315,5,6,6,0,5,1,1,0,2,2,1
14316,6,1,15,4,7,1,1,1,2,2,0
14317,4,4,9,4,4,3,1,1,2,2,0
14318,7,4,11,6,8,1,1,0,2,2,0
14319,9,2,8,2,1,0,1,1,2,2,1
14320,4,4,15,4,12,3,1,1,1,2,0
14321,12,4,6,2,3,0,1,1,2,2,0
14322,17,4,11,0,8,4,1,0,2,2,0
14323,4,5,11,0,1,4,1,0,0,2,0
14324,7,4,8,4,12,1,1,1,2,2,0
14325,9,4,11,0,7,1,1,1,2,2,0
14326,4,4,11,4,8,4,1,0,0,2,0
14327,7,0,9,2,0,0,0,1,2,2,0
14328,10,4,9,0,12,1,1,0,1,2,0
14329,7,4,15,2,4,0,1,1,2,2,0
14330,5,4,15,2,5,0,1,1,2,2,0
14331,8,4,9,2,13,0,0,1,0,2,1
14332,10,7,11,2,8,0,1,1,1,2,1
14333,5,4,15,4,4,3,1,0,2,2,0
14334,7,4,12,6,4,4,0,0,2,2,0
14335,9,4,8,0,3,1,1,0,2,2,0
14336,8,6,9,2,12,0,1,1,2,2,0
14337,4,4,11,4,4,3,1,1,1,2,0
14338,9,4,15,0,8,4,0,0,2,2,0
14339,8,4,11,2,14,0,1,1,2,2,0
14340,8,4,3,0,8,4,1,0,2,2,0
14341,8,4,11,2,6,0,1,1,2,2,0
14342,5,4,5,4,1,1,0,1,2,2,0
14343,7,7,15,5,8,4,1,0,2,2,0
14344,13,4,11,6,8,1,1,1,2,2,0
14345,6,4,15,0,4,3,1,1,2,2,0
14346,10,4,11,2,14,0,1,1,2,2,0
14347,3,6,11,4,5,3,1,0,2,2,0
14348,4,6,9,4,10,1,1,1,1,2,0
14349,3,4,15,4,1,3,0,1,0,2,0
14350,10,4,0,2,3,0,1,1,1,2,0
14351,4,4,11,4,4,1,1,1,2,2,0
14352,8,3,9,5,13,4,1,0,2,2,0
14353,6,4,11,2,1,0,1,1,2,2,0
14354,9,0,11,0,0,1,1,0,1,2,0
14355,7,4,8,2,6,0,1,1,1,2,1
14356,7,4,15,2,3,0,1,1,2,2,1
14357,11,4,9,2,4,0,1,1,4,2,0
14358,9,4,15,0,1,1,1,1,2,2,1
14359,8,4,9,0,8,4,1,0,2,2,0
14360,4,4,12,4,12,3,1,0,2,2,0
14361,10,4,9,2,10,0,1,1,2,2,0
14362,5,2,15,4,4,2,1,0,2,2,0
14363,7,7,11,0,1,4,1,1,2,2,0
14364,6,6,11,4,12,3,0,0,2,2,0
14365,7,4,11,2,6,0,1,1,2,2,1
14366,12,4,11,2,12,0,0,1,2,2,1
14367,7,4,9,2,4,0,1,1,3,2,1
14368,3,2,6,4,5,4,1,0,3,2,0
14369,11,4,12,2,5,0,1,1,3,2,1
14370,11,4,11,2,14,0,1,1,2,2,1
14371,6,4,11,4,1,3,1,0,2,2,0
14372,8,4,15,2,8,4,1,0,2,2,1
14373,9,4,0,2,7,0,1,1,2,2,1
14374,7,4,11,5,1,1,1,0,0,2,0
14375,4,6,12,4,5,1,1,1,2,2,0
14376,9,8,8,2,13,5,1,0,2,2,1
14377,9,4,11,4,12,3,1,1,4,2,0
14378,8,4,11,5,1,4,1,0,0,2,0
14379,4,1,11,4,7,1,1,1,2,2,0
14380,4,4,9,4,10,3,0,0,3,2,0
14381,9,4,11,2,4,0,1,1,2,2,0
14382,13,4,12,2,6,0,1,1,3,2,0
14383,8,4,9,2,4,0,1,1,2,2,1
14384,3,4,11,4,3,3,1,1,2,2,0
14385,8,4,12,4,6,3,1,0,2,2,0
14386,7,4,15,2,7,0,1,1,2,2,0
14387,10,5,9,2,4,0,1,1,2,2,0
14388,5,4,0,4,14,3,1,1,2,2,0
14389,5,4,15,4,10,1,1,1,2,2,0
14390,6,4,11,1,3,1,1,1,2,2,0
14391,11,4,9,2,10,0,1,1,1,2,0
14392,9,0,15,4,0,2,1,1,2,2,0
14393,7,7,2,5,8,1,1,0,2,2,0
14394,9,7,7,2,12,0,1,1,3,2,1
14395,4,4,5,2,3,0,0,1,2,2,1
14396,5,6,12,4,10,1,1,0,2,2,0
14397,9,6,9,2,8,5,1,0,2,2,0
14398,11,4,11,2,12,0,0,1,2,2,0
14399,12,4,15,2,4,0,1,1,2,2,1
14400,3,2,11,4,8,1,1,1,2,2,0
14401,6,4,11,4,1,1,1,0,2,2,0
14402,8,4,15,2,11,0,0,1,2,1,0
14403,9,4,5,2,3,0,1,1,2,2,1
14404,6,4,11,2,14,0,0,1,2,2,1
14405,7,0,6,2,0,5,1,0,1,2,0
14406,6,4,9,4,4,1,1,1,2,3,0
14407,5,2,15,4,11,3,1,1,1,2,0
14408,5,4,11,4,1,1,1,0,2,2,0
14409,11,4,11,2,12,0,1,1,2,2,1
14410,9,4,11,0,1,4,0,0,4,2,1
14411,7,4,11,4,1,1,0,0,2,2,0
14412,9,4,7,0,12,1,1,1,2,2,0
14413,11,4,15,2,12,0,1,1,4,2,0
14414,5,4,0,2,7,0,1,1,2,2,1
14415,5,4,14,4,3,1,1,1,2,2,1
14416,3,4,15,4,10,1,1,0,2,2,0
14417,7,4,12,2,6,0,1,1,2,2,0
14418,6,4,11,2,7,0,1,1,2,2,1
14419,9,4,15,2,12,0,0,1,3,2,1
14420,6,4,15,0,7,4,1,0,2,2,0
14421,8,4,7,2,13,1,1,0,2,2,0
14422,10,4,11,2,12,0,1,1,4,2,1
14423,13,4,15,0,4,4,1,1,2,2,0
14424,11,4,15,2,4,0,1,1,2,3,0
14425,9,4,8,5,4,1,1,0,2,2,0
14426,9,4,15,2,4,0,1,1,3,2,0
14427,8,4,15,2,10,0,1,1,2,2,1
14428,9,4,11,2,3,0,1,1,1,2,1
14429,8,4,10,2,10,0,1,1,2,2,1
14430,9,4,15,2,3,0,1,1,3,2,1
14431,4,6,9,0,12,1,0,1,2,2,0
14432,10,4,15,2,4,5,1,0,2,2,1
14433,9,4,11,2,3,0,1,1,1,2,0
14434,5,4,11,2,14,0,1,1,2,2,1
14435,8,5,6,2,0,0,1,1,0,2,0
14436,7,4,7,2,12,0,1,1,3,2,0
14437,3,2,11,4,1,3,1,0,2,2,0
14438,5,4,15,2,5,0,1,1,1,2,0
14439,8,4,11,2,7,0,1,1,4,0,1
14440,6,4,7,4,4,3,1,0,2,2,0
14441,13,6,10,2,10,0,1,1,2,2,1
14442,7,4,3,5,13,4,1,0,2,2,0
14443,7,4,11,5,1,1,1,0,1,0,0
14444,10,4,11,2,3,0,1,1,2,2,1
14445,5,4,11,2,8,0,1,1,1,2,0
14446,4,4,11,4,6,1,0,1,1,2,0
14447,8,4,15,0,1,4,1,0,2,2,1
14448,11,4,8,2,4,0,0,1,2,2,0
14449,10,4,11,2,4,0,1,1,2,2,0
14450,4,4,12,4,4,1,1,0,3,2,0
14451,4,6,9,4,10,1,1,1,1,2,0
14452,5,2,15,4,2,1,0,1,2,2,0
14453,5,4,11,2,11,0,0,1,1,2,0
14454,7,4,15,2,7,0,1,1,2,2,0
14455,6,4,15,4,14,3,1,1,2,2,0
14456,9,4,8,2,10,0,1,1,2,2,1
14457,8,4,1,4,3,3,1,1,2,2,0
14458,11,4,8,6,12,1,0,0,1,2,0
14459,8,4,11,0,12,1,1,1,1,2,1
14460,8,4,15,2,3,0,1,1,2,2,1
14461,10,4,8,6,3,2,1,1,1,2,0
14462,6,1,11,2,1,0,1,1,2,2,0
14463,3,2,11,4,6,1,0,1,2,2,0
14464,11,4,12,2,5,5,1,0,1,2,0
14465,7,6,11,2,4,0,1,1,1,2,1
14466,6,6,9,2,4,0,1,1,2,4,0
14467,3,4,12,4,9,1,1,0,2,2,0
14468,6,4,14,3,3,5,1,0,2,0,1
14469,8,2,11,0,1,1,1,0,2,2,0
14470,10,4,9,2,12,5,1,0,2,2,0
14471,5,1,1,2,3,0,1,1,2,2,0
14472,8,4,15,0,6,1,1,1,2,2,0
14473,8,4,0,2,6,0,1,1,2,0,1
14474,11,4,11,2,14,0,1,1,2,2,0
14475,7,7,9,2,10,0,0,1,2,2,0
14476,12,4,15,2,7,0,1,1,2,2,1
14477,6,4,0,4,7,1,1,0,2,2,0
14478,8,4,8,2,12,0,1,1,2,2,1
14479,6,4,1,4,14,3,1,1,1,2,0
14480,6,2,15,4,2,3,0,1,1,2,0
14481,10,4,15,6,4,1,0,1,2,2,0
14482,7,4,11,6,14,4,1,1,3,2,0
14483,12,4,15,0,4,1,1,1,1,2,0
14484,8,4,1,2,3,0,1,1,2,2,1
14485,9,4,10,0,7,4,1,0,2,2,0
14486,6,4,12,4,10,3,1,1,2,2,0
14487,5,7,11,2,4,0,1,1,2,2,0
14488,8,6,9,2,12,0,1,1,1,2,1
14489,7,4,9,2,4,0,1,1,2,2,1
14490,12,5,12,2,12,5,1,0,0,2,0
14491,4,4,15,4,5,1,1,1,3,2,0
14492,5,4,9,4,10,1,1,1,1,2,0
14493,17,2,9,0,10,1,1,0,2,2,0
14494,10,4,12,2,1,0,1,1,2,2,0
14495,3,4,9,4,10,1,1,1,2,2,0
14496,6,4,0,4,7,1,0,1,2,2,0
14497,5,4,9,4,4,4,1,0,2,2,0
14498,6,2,15,4,4,3,1,1,2,2,0
14499,9,5,9,2,4,0,1,1,2,2,0
14500,10,4,5,2,3,0,1,1,2,2,0
14501,6,1,1,4,14,3,1,1,2,0,0
14502,7,4,9,5,10,1,1,1,1,2,0
14503,6,4,11,2,3,0,1,1,2,2,0
14504,8,4,11,2,12,0,1,1,2,2,0
14505,9,4,15,0,4,1,1,1,2,0,0
14506,10,4,9,0,10,4,1,1,2,2,0
14507,11,2,15,2,1,5,1,0,2,2,0
14508,7,2,9,6,10,3,1,1,2,2,0
14509,4,4,11,4,3,3,1,1,2,2,0
14510,7,7,15,4,8,3,1,0,0,2,0
14511,5,2,15,4,4,3,1,0,2,2,0
14512,8,4,11,2,6,0,1,1,2,2,1
14513,5,1,14,4,3,1,1,1,3,2,0
14514,5,4,9,4,4,3,1,1,3,2,0
14515,11,2,11,2,4,0,1,1,2,2,1
14516,8,2,9,2,11,0,1,1,2,2,1
14517,12,4,11,2,1,5,1,0,1,2,1
14518,10,4,11,0,1,1,0,0,2,2,0
14519,6,0,1,0,0,1,1,0,0,2,0
14520,3,4,9,4,4,4,1,1,2,2,0
14521,6,4,11,4,1,3,0,1,2,2,0
14522,11,4,6,2,5,0,1,1,1,2,0
14523,6,6,5,2,10,0,1,1,2,2,1
14524,10,4,15,0,8,4,1,0,1,2,0
14525,11,4,11,2,8,0,1,1,1,2,0
14526,10,4,12,2,4,0,1,1,2,2,0
14527,6,4,11,4,1,3,0,0,2,2,0
14528,8,4,9,2,4,0,1,1,2,2,1
14529,9,4,11,0,1,1,0,0,2,2,0
14530,7,4,9,4,8,3,0,0,1,2,0
14531,6,4,11,0,3,1,1,0,2,2,0
14532,5,4,9,2,10,0,1,1,2,2,0
14533,6,5,5,4,3,1,1,1,2,2,0
14534,12,5,11,4,5,1,0,1,2,2,0
14535,6,4,15,0,12,1,1,1,1,2,0
14536,10,4,11,2,5,0,1,1,2,2,0
14537,11,4,0,2,7,0,1,1,2,2,0
14538,7,4,11,4,3,3,1,1,2,2,0
14539,8,6,11,0,3,1,1,1,2,2,0
14540,13,4,11,2,6,0,0,1,1,2,0
14541,5,7,14,0,10,4,1,1,1,2,0
14542,11,4,7,1,1,1,1,0,2,4,1
14543,6,4,15,0,4,1,1,0,2,2,0
14544,3,4,1,4,9,1,1,0,2,2,0
14545,10,4,11,0,4,1,1,0,2,2,0
14546,7,4,11,2,7,0,0,1,2,2,0
14547,10,2,15,2,3,0,0,1,2,2,0
14548,4,4,11,2,1,0,1,1,2,2,1
14549,10,4,9,2,12,0,1,1,2,2,0
14550,6,6,11,2,10,5,1,0,2,2,0
14551,9,5,11,0,4,4,1,0,3,2,0
14552,6,8,9,2,13,0,1,1,2,2,1
14553,6,4,0,4,6,3,1,1,2,2,0
14554,7,4,11,4,4,3,1,1,2,2,0
14555,6,1,12,4,10,1,1,0,1,2,0
14556,10,4,15,0,12,4,1,1,2,2,0
14557,5,4,0,4,8,2,1,0,2,3,0
14558,7,4,11,2,14,0,1,1,2,2,1
14559,5,4,11,4,14,3,1,1,2,2,0
14560,7,5,8,2,4,0,1,1,3,2,0
14561,5,6,5,2,10,2,1,1,2,1,1
14562,5,4,6,4,5,1,1,0,1,2,0
14563,4,6,3,4,13,2,1,0,2,2,0
14564,4,4,15,0,1,4,1,0,2,3,0
14565,11,4,11,4,3,3,1,1,2,2,0
14566,6,7,11,2,1,0,1,1,2,2,1
14567,4,4,15,4,13,1,1,0,0,2,0
14568,8,4,7,0,8,1,1,1,2,2,0
14569,10,4,11,2,12,5,1,0,2,2,1
14570,9,4,15,0,1,4,1,0,2,2,0
14571,11,4,11,2,7,0,0,1,4,2,1
14572,5,4,12,2,10,0,1,1,2,2,1
14573,5,4,7,4,1,1,1,1,1,2,0
14574,4,4,15,4,1,1,1,0,1,2,0
14575,11,4,8,2,3,0,1,1,2,2,0
14576,10,0,11,2,0,0,1,1,2,2,0
14577,6,6,11,2,1,5,1,0,1,2,0
14578,6,2,15,4,1,1,1,0,2,2,1
14579,5,7,11,4,12,4,1,1,3,2,0
14580,4,4,11,4,12,1,1,1,2,2,0
14581,3,0,11,4,0,3,0,0,2,2,0
14582,18,4,9,6,10,4,1,0,3,2,0
14583,6,4,15,0,10,1,1,0,1,2,0
14584,11,4,15,2,6,0,1,1,2,2,1
14585,7,4,15,4,8,1,1,0,2,2,0
14586,6,4,11,2,7,0,0,1,2,2,1
14587,5,4,11,2,10,0,1,1,2,1,0
14588,10,7,11,0,1,1,1,1,2,2,0
14589,4,4,12,4,10,1,1,0,3,2,0
14590,4,4,11,0,8,1,1,1,2,2,0
14591,7,4,15,2,9,4,1,0,2,2,0
14592,9,7,15,0,1,4,1,0,2,2,0
14593,4,4,9,4,13,3,1,1,1,2,0
14594,4,4,8,4,3,1,1,1,2,2,0
14595,9,4,11,5,8,4,1,0,2,2,0
14596,10,6,11,2,4,0,1,1,2,2,0
14597,5,4,11,2,14,0,1,1,2,2,0
14598,4,4,12,4,4,3,1,1,2,2,0
14599,5,2,15,4,8,2,1,0,2,2,0
14600,12,4,10,2,14,0,1,1,2,2,1
14601,6,4,11,4,3,3,1,1,2,0,0
14602,10,4,15,2,13,5,1,0,2,2,0
14603,10,6,11,2,5,0,1,1,2,2,0
14604,11,4,11,2,8,0,1,1,2,2,0
14605,6,4,15,2,4,0,1,1,1,2,0
14606,5,4,1,4,12,1,1,0,1,3,0
14607,9,4,11,2,3,0,1,1,2,2,1
14608,8,4,14,0,10,1,1,1,2,2,0
14609,5,4,11,4,12,1,1,0,3,2,0
14610,6,4,8,2,3,0,1,1,2,2,1
14611,5,4,11,2,4,0,1,1,2,2,1
14612,7,4,11,2,3,0,1,1,3,2,0
14613,6,7,9,0,10,1,1,1,2,2,0
14614,6,5,12,2,4,0,1,1,2,2,1
14615,5,4,9,2,4,5,0,0,2,2,0
14616,6,7,9,0,10,4,1,0,2,2,0
14617,7,7,8,2,12,5,0,0,1,2,1
14618,10,4,8,2,12,0,1,1,2,2,1
14619,4,4,15,2,3,0,1,1,2,1,1
14620,4,4,11,4,8,1,0,0,2,2,0
14621,9,4,12,2,4,0,1,1,4,2,0
14622,12,4,15,0,3,1,1,1,2,2,0
14623,6,4,5,2,3,0,1,1,2,1,1
14624,11,4,9,0,12,1,1,1,2,2,0
14625,10,4,15,2,1,0,1,1,2,2,1
14626,4,4,11,4,6,1,1,1,3,2,0
14627,11,4,15,2,1,1,1,1,2,2,0
14628,7,4,11,2,3,0,1,1,3,0,0
14629,10,4,11,2,12,0,1,1,1,2,0
14630,8,4,4,0,8,1,1,0,2,2,1
14631,5,4,1,2,13,0,1,1,2,2,1
14632,9,4,9,2,4,0,1,1,2,2,0
14633,7,4,11,2,3,0,1,1,1,2,0
14634,9,4,15,4,12,1,1,1,4,2,1
14635,11,4,15,6,1,1,1,1,1,2,1
14636,7,6,15,4,5,3,1,1,1,2,0
14637,7,4,15,4,12,1,1,0,2,0,0
14638,7,2,11,2,11,1,1,1,2,1,1
14639,6,4,11,4,3,3,1,1,2,2,0
14640,4,2,9,4,10,1,1,0,1,2,0
14641,10,4,0,2,3,0,1,1,2,2,1
14642,11,2,11,2,12,0,1,1,2,2,0
14643,5,4,1,4,12,1,1,1,2,2,0
14644,12,4,9,2,12,0,1,1,1,2,0
14645,5,6,12,4,1,3,1,0,0,2,0
14646,10,7,9,2,10,0,0,1,3,2,1
14647,5,4,12,4,1,1,1,0,1,2,0
14648,11,4,11,2,3,0,1,1,1,2,1
14649,7,4,12,2,10,0,1,1,2,2,1
14650,8,4,11,4,1,3,1,0,2,2,0
14651,5,7,9,2,10,0,1,1,2,2,1
14652,6,4,8,2,14,0,1,1,2,2,0
14653,11,4,2,1,13,1,1,1,0,2,0
14654,5,7,9,4,10,1,1,1,1,2,0
14655,7,6,9,2,10,0,1,1,1,2,0
14656,6,4,11,0,3,1,1,1,1,2,0
14657,7,4,10,4,8,4,0,0,2,2,0
14658,8,6,11,0,4,4,1,0,2,2,0
14659,5,4,11,4,8,3,1,0,0,2,0
14660,10,4,14,2,10,5,1,0,1,2,0
14661,3,4,12,4,10,1,1,1,2,2,0
14662,4,4,5,4,3,3,1,1,2,2,0
14663,6,6,14,4,10,3,1,0,1,2,0
14664,6,6,11,4,3,3,1,0,3,2,0
14665,8,5,9,2,4,0,1,1,1,2,1
14666,4,4,6,2,3,0,1,1,1,2,0
14667,5,4,11,4,12,3,0,1,0,2,0
14668,8,4,11,4,1,1,1,0,2,2,0
14669,12,4,11,0,13,4,1,1,2,2,1
14670,8,4,11,4,5,3,1,0,2,2,0
14671,6,4,11,0,4,1,1,0,1,2,0
14672,14,2,11,2,1,4,1,0,1,2,1
14673,8,7,11,4,8,1,1,0,2,2,0
14674,8,4,9,0,10,4,1,0,1,2,1
14675,8,7,15,2,1,0,1,1,2,2,1
14676,4,2,9,0,10,4,1,1,2,2,1
14677,11,6,12,2,5,0,1,1,2,2,0
14678,9,4,7,0,12,1,1,1,2,2,0
14679,8,4,15,4,8,4,0,1,0,2,0
14680,10,5,9,2,4,0,1,1,2,2,0
14681,3,4,9,4,10,1,1,0,0,3,0
14682,6,4,11,2,1,0,1,1,2,2,0
14683,4,4,0,4,6,1,1,1,3,2,0
14684,5,4,15,4,8,3,1,0,2,2,0
14685,10,4,5,2,1,0,1,1,2,2,0
14686,9,4,9,4,7,1,1,1,2,2,0
14687,6,4,15,2,12,0,1,1,3,2,0
14688,7,2,15,2,3,0,1,1,3,0,0
14689,12,2,9,5,10,4,1,1,2,2,0
14690,3,4,15,4,13,1,1,1,2,2,0
14691,5,6,1,2,3,0,1,1,2,2,0
14692,5,5,11,2,1,0,1,1,2,2,1
14693,11,4,11,3,12,5,1,0,1,2,0
14694,6,4,0,2,3,0,0,1,2,2,0
14695,8,4,15,0,2,1,0,0,1,0,0
14696,9,6,11,5,12,4,0,0,2,2,0
14697,7,4,1,4,8,1,1,0,2,2,0
14698,10,4,11,2,8,0,0,1,2,2,0
14699,8,4,8,2,3,0,1,1,2,2,1
14700,6,7,15,4,1,4,1,0,2,2,0
14701,5,4,9,2,4,0,1,1,4,2,0
14702,9,4,6,2,10,0,1,1,2,2,0
14703,5,4,11,4,1,1,1,0,1,2,0
14704,9,6,9,2,4,0,1,1,2,2,0
14705,6,4,11,2,3,0,1,1,2,2,0
14706,8,6,15,4,3,3,1,1,2,2,0
14707,11,7,9,2,8,5,0,0,1,2,0
14708,8,4,11,5,8,1,1,0,2,2,0
14709,4,4,14,4,14,3,1,1,1,2,0
14710,11,4,15,2,8,0,0,1,1,2,0
14711,11,5,15,2,1,5,1,0,2,2,0
14712,9,4,9,0,12,1,1,1,1,2,0
14713,8,4,15,0,12,4,1,1,2,2,0
14714,7,4,11,2,1,0,1,1,2,2,1
14715,4,0,15,4,0,1,1,0,2,2,0
14716,6,4,15,2,8,5,1,0,2,2,1
14717,9,5,11,5,7,1,1,1,2,2,0
14718,13,4,9,2,10,0,1,1,2,2,1
14719,8,0,6,0,0,4,1,0,1,2,0
14720,5,2,15,4,6,1,1,1,2,2,0
14721,11,4,11,0,8,1,1,0,2,2,0
14722,6,4,15,2,12,5,0,0,1,2,0
14723,13,2,9,0,10,1,1,0,3,2,0
14724,4,4,11,2,14,0,1,1,2,2,0
14725,10,4,11,2,12,0,0,1,2,2,0
14726,6,6,15,0,5,1,1,0,2,0,0
14727,5,4,9,4,1,3,1,1,2,2,0
14728,8,4,9,2,4,0,1,1,2,2,1
14729,10,4,11,2,3,0,1,1,2,2,1
14730,6,4,11,4,1,2,1,0,2,2,0
14731,7,2,14,6,10,3,1,0,3,2,0
14732,10,7,11,2,4,0,1,1,2,2,1
14733,7,4,12,2,10,0,1,1,2,2,0
14734,4,4,11,6,7,3,1,0,2,2,0
14735,7,4,11,6,12,4,1,0,2,2,0
14736,4,4,11,4,7,1,1,1,4,2,0
14737,7,2,8,2,11,0,1,1,1,2,0
14738,5,4,7,4,13,3,1,0,2,2,0
14739,7,4,11,4,3,1,1,1,2,2,0
14740,3,4,7,4,14,3,1,1,2,2,0
14741,6,4,9,2,4,0,1,1,2,2,1
14742,4,4,15,4,8,3,1,1,0,2,0
14743,10,4,15,2,12,0,1,1,1,2,0
14744,12,4,7,2,4,0,1,1,2,2,1
14745,4,4,9,4,4,1,1,0,2,2,0
14746,4,4,11,4,12,1,1,0,2,2,0
14747,4,4,11,4,7,1,1,0,2,2,0
14748,12,4,11,0,12,1,0,0,4,2,1
14749,11,4,15,2,7,0,1,1,2,2,1
14750,5,4,11,2,6,0,0,1,2,2,1
14751,11,1,11,2,4,0,1,1,1,2,0
14752,11,4,11,2,6,0,1,1,1,2,0
14753,5,6,11,2,3,0,1,1,2,2,0
14754,9,4,9,0,4,1,1,1,3,2,0
14755,4,4,15,4,11,1,1,1,2,2,0
14756,9,3,9,4,13,1,1,0,2,2,0
14757,11,4,14,2,10,0,1,1,2,2,0
14758,6,4,1,2,14,0,1,1,1,2,0
14759,11,4,11,2,4,0,1,1,2,2,1
14760,8,4,15,0,4,1,1,0,2,2,1
14761,3,4,9,4,4,1,1,1,1,2,1
14762,13,4,11,0,3,1,1,0,2,2,0
14763,8,4,9,2,10,5,1,0,2,2,1
14764,3,4,11,4,7,3,0,1,2,2,0
14765,6,4,11,2,7,0,1,1,2,0,0
14766,7,4,0,0,8,1,1,0,2,2,0
14767,4,4,15,4,1,1,1,0,2,2,0
14768,7,4,15,2,1,0,0,1,4,2,0
14769,6,4,11,4,8,1,1,0,2,2,0
14770,7,6,0,2,13,0,1,1,2,2,0
14771,3,4,11,4,14,3,1,1,1,2,0
14772,6,7,9,0,10,4,0,0,2,2,0
14773,11,4,11,6,11,4,0,0,1,2,0
14774,7,0,9,5,4,0,1,1,2,2,0
14775,7,0,9,5,0,4,1,1,2,4,0
14776,7,4,9,4,12,3,1,1,1,2,0
14777,9,4,9,2,11,0,1,1,2,2,1
14778,15,4,12,2,5,0,1,1,2,2,0
14779,8,4,11,2,4,5,1,0,2,2,0
14780,8,4,0,2,4,0,0,1,4,2,0
14781,4,0,15,4,0,1,1,0,2,2,1
14782,4,4,11,4,12,3,1,0,3,2,0
14783,5,4,15,2,5,0,1,1,2,2,0
14784,5,4,11,2,14,0,1,1,2,2,1
14785,12,4,10,2,14,0,1,1,2,2,0
14786,10,4,11,2,3,0,1,1,2,2,1
14787,6,6,9,2,10,0,1,1,0,2,1
14788,5,2,15,4,11,1,1,1,2,0,0
14789,6,4,9,4,12,3,1,1,1,2,0
14790,8,1,11,2,14,0,1,1,3,2,1
14791,8,4,15,0,1,4,1,0,1,2,0
14792,12,4,11,2,3,0,1,1,3,2,1
14793,8,4,1,2,3,0,1,1,2,2,0
14794,6,2,15,2,11,0,0,1,2,2,1
14795,11,4,15,2,3,1,1,1,2,2,1
14796,4,4,15,2,3,0,1,1,3,2,0
14797,7,7,15,2,4,0,1,1,2,2,1
14798,9,4,9,2,4,0,1,1,1,2,1
14799,7,4,12,2,10,0,0,1,2,3,1
14800,8,4,0,0,3,1,1,1,2,2,0
14801,10,4,9,2,10,0,1,1,2,2,1
14802,10,6,9,2,10,0,1,1,2,2,0
14803,5,4,5,4,3,3,1,1,1,2,0
14804,4,2,11,4,4,1,1,0,4,2,0
14805,7,6,11,2,4,0,1,1,2,2,1
14806,8,4,12,2,6,0,0,1,2,2,0
14807,7,4,11,0,10,1,1,1,2,2,0
14808,11,2,15,2,10,0,0,1,3,2,1
14809,7,4,15,6,4,1,1,1,2,0,0
14810,11,2,9,0,11,1,0,1,2,2,0
14811,5,4,15,4,4,3,1,1,2,2,0
14812,3,4,15,4,12,3,1,1,2,2,0
14813,17,4,7,6,11,0,0,1,2,2,0
14814,5,7,15,6,8,1,1,0,2,2,0
14815,11,0,1,2,0,5,1,0,2,2,0
14816,9,7,15,2,11,1,1,1,2,2,1
14817,3,4,11,4,1,1,0,0,2,2,0
14818,6,4,11,4,7,3,1,1,2,2,0
14819,10,7,11,2,1,0,1,1,2,2,1
14820,7,4,12,2,10,0,1,1,2,2,1
14821,9,4,9,2,4,0,1,1,2,2,0
14822,11,4,5,6,10,1,1,0,2,2,0
14823,4,4,15,4,10,1,1,1,2,2,0
14824,5,4,9,4,8,3,1,0,1,2,0
14825,9,4,13,2,6,0,1,1,2,2,1
14826,9,4,9,2,12,0,1,1,1,2,0
14827,4,6,15,4,5,1,1,1,2,2,0
14828,11,4,11,2,7,5,0,0,2,2,1
14829,10,4,15,2,1,0,1,1,2,2,0
14830,5,5,11,4,4,1,1,1,2,2,0
14831,9,4,9,2,10,0,0,1,2,2,0
14832,7,4,15,2,3,0,1,1,2,2,0
14833,6,7,11,2,4,0,1,1,2,2,0
14834,6,4,0,2,8,0,1,1,1,2,0
14835,5,4,12,4,1,2,1,0,2,2,0
14836,5,4,11,4,8,3,1,0,2,2,0
14837,7,4,2,0,13,1,1,0,2,2,0
14838,6,4,11,0,8,1,1,0,1,2,0
14839,3,4,9,4,1,2,0,0,2,2,0
14840,7,4,11,5,4,1,1,1,2,2,0
14841,11,4,11,4,12,3,1,1,3,2,1
14842,5,4,11,2,5,0,1,1,1,2,1
14843,5,4,9,4,12,3,0,1,4,2,0
14844,7,4,11,2,12,0,0,1,2,2,1
14845,5,4,11,2,3,0,1,1,1,2,1
14846,4,0,11,4,0,3,1,0,1,2,0
14847,5,4,15,4,1,1,1,0,2,2,0
14848,11,4,15,2,5,0,1,1,3,2,1
14849,6,4,14,4,10,1,1,1,2,2,0
14850,7,3,2,0,13,1,1,0,2,2,0
14851,4,7,14,0,1,1,1,1,2,3,0
14852,8,4,11,4,14,4,1,1,1,2,0
14853,11,4,11,0,8,1,1,0,1,2,0
14854,8,4,1,2,7,0,1,1,2,2,0
14855,5,2,11,4,1,1,0,1,2,1,0
14856,7,4,12,2,10,0,1,1,3,2,0
14857,5,6,9,4,12,4,1,1,2,2,0
14858,11,6,7,3,12,1,1,1,2,2,0
14859,4,4,11,4,1,4,1,0,2,2,0
14860,6,4,11,2,3,0,1,1,2,2,1
14861,6,2,12,2,6,0,1,1,2,2,0
14862,7,4,11,2,12,0,1,1,2,2,0
14863,10,6,15,2,8,0,0,1,0,2,1
14864,10,4,15,0,3,1,1,1,2,2,0
14865,4,4,10,2,7,0,1,1,2,2,1
14866,6,4,11,2,3,0,1,1,2,0,0
14867,5,4,9,4,12,1,1,0,2,2,0
14868,5,4,9,2,10,0,1,1,2,2,0
14869,10,4,15,2,1,0,1,1,2,2,1
14870,7,4,11,2,3,0,1,1,2,2,0
14871,9,5,7,2,4,0,1,1,3,2,1
14872,4,4,11,4,10,3,1,0,1,2,0
14873,8,4,12,4,5,1,1,1,3,2,0
14874,7,0,9,3,0,5,1,0,2,2,0
14875,7,4,12,2,4,0,1,1,2,0,1
14876,4,4,1,4,8,1,1,0,2,2,0
14877,5,4,15,4,14,3,1,1,2,2,0
14878,8,4,11,2,10,0,1,1,1,2,0
14879,5,4,8,2,6,0,1,1,2,2,0
14880,7,4,11,2,4,0,1,1,1,2,0
14881,6,4,15,4,14,3,1,1,2,2,0
14882,4,4,14,4,3,1,1,0,1,2,0
14883,5,4,0,2,7,0,1,1,2,2,0
14884,3,4,11,4,8,3,1,0,3,2,0
14885,6,4,12,1,4,3,1,1,1,2,0
14886,4,4,11,4,6,3,0,1,2,2,0
14887,9,4,15,2,3,0,1,1,2,2,0
14888,3,4,11,4,7,3,1,1,4,2,0
14889,5,2,7,4,12,3,1,1,2,2,1
14890,9,4,9,2,12,0,1,1,1,0,1
14891,11,4,15,2,11,0,0,1,2,2,0
14892,5,4,11,2,6,0,1,1,2,2,0
14893,11,4,11,2,6,0,0,1,3,2,0
14894,5,4,11,4,3,1,1,1,2,2,0
14895,7,4,11,2,14,0,1,1,2,2,0
14896,10,4,12,2,1,5,1,0,2,2,0
14897,7,4,15,2,6,2,1,1,1,2,1
14898,10,0,9,2,0,0,1,1,2,2,0
14899,4,4,15,4,8,1,1,0,2,2,0
14900,4,4,0,4,8,1,1,0,1,2,0
14901,8,5,15,2,5,0,1,1,2,2,1
14902,10,4,11,2,5,5,1,0,3,2,0
14903,5,4,15,4,1,3,1,0,0,2,0
14904,9,4,5,2,11,0,1,1,2,2,0
14905,5,4,14,4,3,1,1,0,2,2,0
14906,6,4,11,2,14,0,1,1,2,2,0
14907,8,2,11,4,4,3,1,1,2,2,0
14908,5,4,12,4,6,3,1,1,2,3,1
14909,13,4,11,5,6,1,1,1,1,2,0
14910,8,6,12,0,10,2,1,1,3,2,0
14911,5,6,5,4,3,1,1,1,2,2,0
14912,4,4,12,0,1,4,1,0,2,2,0
14913,5,6,11,2,3,0,1,1,2,2,0
14914,7,4,15,0,12,1,1,0,2,2,0
14915,7,0,5,2,0,5,1,0,1,2,1
14916,9,5,15,2,4,0,1,1,2,2,0
14917,9,4,11,0,8,1,1,1,2,2,1
14918,6,4,9,2,13,2,1,1,2,2,0
14919,9,4,15,2,14,0,1,1,1,2,0
14920,7,4,11,0,8,4,1,0,2,0,0
14921,4,4,9,4,4,3,1,1,2,2,0
14922,8,4,14,4,1,3,1,0,2,2,0
14923,8,4,15,0,8,1,1,0,0,2,0
14924,4,5,9,2,4,0,1,1,4,2,1
14925,13,4,11,6,12,1,1,0,2,2,0
14926,4,6,11,4,13,2,1,0,2,1,0
14927,8,6,9,0,12,4,1,0,0,0,0
14928,10,4,1,2,8,0,1,1,2,2,0
14929,6,4,15,2,10,0,1,1,2,2,0
14930,5,4,7,4,1,1,1,1,2,2,0
14931,8,4,11,5,1,4,1,0,2,2,0
14932,4,4,15,4,8,1,1,0,2,2,0
14933,6,4,15,2,8,5,1,0,2,2,1
14934,13,4,11,2,7,5,1,0,2,2,1
14935,3,4,12,4,10,1,1,0,0,2,0
14936,10,2,12,2,4,0,1,1,2,2,0
14937,6,4,15,2,4,0,0,1,1,0,0
14938,7,4,9,2,4,0,1,1,2,2,1
14939,8,7,15,2,12,0,1,1,2,0,0
14940,4,4,9,6,1,1,1,0,2,2,0
14941,13,2,11,0,6,3,1,0,3,2,0
14942,8,4,15,2,1,5,1,0,2,2,1
14943,6,5,8,4,4,1,1,0,2,2,0
14944,9,4,15,2,6,0,0,1,2,2,1
14945,10,4,15,2,8,0,1,1,2,2,0
14946,8,4,11,5,7,3,1,1,2,2,0
14947,8,6,6,2,3,0,0,1,1,2,1
14948,10,4,11,2,7,0,0,1,2,2,0
14949,7,4,9,2,4,0,1,1,2,2,0
14950,7,4,5,0,1,2,1,0,2,2,0
14951,10,4,5,2,3,0,1,1,2,2,0
14952,9,4,11,0,3,1,1,1,2,2,0
14953,4,6,11,4,3,3,1,1,2,2,0
14954,6,4,12,2,10,0,1,1,2,2,1
14955,8,4,3,2,8,0,1,1,0,2,1
14956,6,4,11,0,12,1,1,0,2,2,0
14957,4,4,12,4,10,1,1,1,2,2,0
14958,10,4,12,2,5,0,1,1,2,2,1
14959,11,4,6,0,5,1,1,1,2,2,1
14960,8,6,6,0,5,1,1,1,2,2,0
14961,8,8,11,0,13,1,1,1,2,2,0
14962,7,4,11,0,3,1,1,0,2,2,1
14963,9,8,9,2,13,0,1,1,2,2,1
14964,4,4,10,2,10,0,1,1,1,2,1
14965,7,5,11,2,3,0,1,1,2,2,0
14966,7,4,11,0,12,1,1,1,2,2,0
14967,8,4,15,5,3,1,1,0,1,2,0
14968,3,6,9,4,10,3,1,1,2,2,0
14969,13,4,9,5,10,1,1,1,2,2,0
14970,4,4,15,4,1,1,1,0,1,2,0
14971,7,2,9,2,1,0,0,1,2,2,0
14972,4,4,15,4,8,1,0,0,1,2,0
14973,14,4,1,6,3,1,1,1,2,2,0
14974,7,4,11,2,8,0,1,1,2,2,0
14975,4,4,11,4,4,1,1,1,2,2,0
14976,14,4,11,2,1,0,1,1,2,2,1
14977,4,4,15,4,7,1,1,0,2,2,0
14978,10,4,8,2,3,0,1,1,2,2,1
14979,12,6,8,4,3,1,1,1,2,2,0
14980,10,5,9,2,10,0,0,1,1,2,0
14981,13,6,15,0,8,3,0,1,0,2,0
14982,4,4,11,4,8,4,1,0,2,2,0
14983,7,2,11,4,1,3,1,0,2,2,0
14984,6,2,15,0,11,1,1,1,2,2,1
14985,5,4,12,4,9,1,1,1,2,2,0
14986,6,4,9,4,10,1,1,1,1,1,0
14987,7,6,9,2,10,0,0,1,2,2,0
14988,5,4,11,2,3,0,1,1,2,2,1
14989,11,4,11,2,1,0,1,1,2,2,0
14990,10,7,11,2,1,0,0,1,1,2,1
14991,6,4,9,2,12,3,1,1,4,2,1
14992,6,4,15,2,12,2,1,0,2,2,1
14993,6,4,12,0,10,4,1,1,2,0,0
14994,11,4,10,2,10,0,1,1,2,2,0
14995,6,4,11,2,7,1,1,0,2,2,0
14996,6,4,9,4,1,3,0,0,2,2,0
14997,8,4,12,0,1,1,0,1,2,2,1
14998,14,7,11,6,8,4,1,0,1,2,0
14999,4,7,9,6,1,3,1,0,0,2,0
15000,13,4,11,2,3,0,1,1,2,2,1
15001,8,4,11,2,4,4,1,1,2,2,0
15002,6,6,14,4,10,1,1,0,2,2,0
15003,8,2,12,5,10,1,1,1,2,2,0
15004,4,4,15,4,3,1,1,1,2,2,0
15005,8,4,11,5,8,4,1,0,2,2,0
15006,4,4,11,6,12,3,1,1,2,2,0
15007,9,5,15,2,4,0,1,1,1,0,0
15008,9,4,12,0,10,4,1,0,2,2,0
15009,4,4,6,6,5,1,1,1,3,2,0
15010,3,6,8,4,1,3,1,1,2,2,0
15011,3,4,13,4,13,3,1,1,2,2,0
15012,4,6,9,4,4,1,1,1,4,2,0
15013,10,4,0,2,3,0,1,1,2,2,0
15014,7,2,9,2,1,5,1,0,1,2,1
15015,9,7,11,0,1,1,1,0,2,2,0
15016,12,4,0,2,8,0,0,1,2,2,1
15017,7,2,12,2,14,0,1,1,2,2,0
15018,10,4,11,2,4,2,1,1,4,2,0
15019,4,4,11,5,7,4,1,0,2,2,0
15020,3,4,11,4,1,3,1,0,2,2,0
15021,6,4,9,4,4,4,1,0,4,2,0
15022,10,4,11,2,1,5,1,0,2,2,1
15023,10,6,9,0,13,2,1,0,0,2,1
15024,9,4,9,0,4,4,1,0,3,2,1
15025,5,2,9,4,10,3,1,1,1,0,0
15026,9,4,13,0,6,1,1,1,2,2,0
15027,9,4,11,0,8,4,1,0,2,2,0
15028,11,4,14,2,1,5,1,0,1,2,1
15029,4,4,7,2,1,0,0,1,1,2,0
15030,6,4,11,4,7,3,1,1,2,2,0
15031,8,4,12,2,4,0,1,1,2,2,1
15032,8,7,10,2,10,0,1,1,2,2,1
15033,9,4,0,0,7,4,1,0,4,2,0
15034,6,5,11,4,4,1,1,1,1,2,0
15035,3,4,11,4,1,4,1,0,2,2,0
15036,6,4,9,4,8,2,1,0,2,2,0
15037,12,4,11,2,12,0,1,1,2,2,1
15038,12,4,15,2,12,5,1,0,2,2,1
15039,6,4,11,2,10,0,1,1,2,2,1
15040,8,4,11,2,4,5,1,0,2,2,0
15041,9,6,11,2,8,0,0,1,2,2,1
15042,12,2,11,2,6,0,1,1,3,2,0
15043,12,5,14,2,10,0,1,1,1,2,0
15044,5,4,11,2,14,0,1,1,2,2,1
15045,8,4,11,0,1,4,0,0,1,2,0
15046,9,0,6,2,0,0,1,1,1,2,0
15047,14,4,1,2,7,0,1,1,2,2,1
15048,5,4,9,4,1,3,0,1,2,2,1
15049,5,4,11,4,8,1,1,0,1,2,0
15050,11,4,11,2,3,0,1,1,2,2,0
15051,5,4,15,4,8,1,1,1,2,1,0
15052,4,4,15,4,8,1,1,0,1,2,0
15053,7,3,15,2,13,0,1,1,2,2,0
15054,5,4,9,2,4,0,1,1,2,2,0
15055,10,4,8,2,7,0,1,1,2,2,0
15056,6,4,9,0,4,4,1,0,4,2,0
15057,9,4,0,2,8,0,1,1,2,2,0
15058,7,0,9,4,0,2,1,0,0,2,0
15059,5,4,11,4,12,3,0,1,1,2,0
15060,18,4,11,2,5,0,1,1,3,2,1
15061,10,4,8,2,12,0,1,1,1,2,0
15062,4,4,9,4,4,1,1,1,2,2,0
15063,8,4,2,2,8,0,1,1,2,2,0
15064,4,4,11,4,3,1,1,1,2,2,0
15065,8,4,15,0,4,1,1,1,2,2,0
15066,9,7,11,0,1,4,1,0,2,2,0
15067,5,5,11,4,4,2,1,1,4,2,0
15068,3,4,9,4,12,1,1,0,2,2,0
15069,4,4,12,4,6,1,1,0,2,2,0
15070,8,2,11,2,1,0,1,1,2,2,1
15071,8,2,12,4,10,3,1,1,2,2,0
15072,5,4,11,4,1,3,0,0,2,2,0
15073,9,4,15,0,8,4,0,0,2,2,0
15074,4,4,15,4,4,3,1,1,1,2,0
15075,4,2,11,4,3,1,1,1,2,2,0
15076,5,7,15,4,12,1,0,1,3,2,0
15077,9,4,7,2,4,5,1,0,2,2,0
15078,9,2,11,2,5,0,1,1,1,2,1
15079,4,4,14,5,1,4,0,0,2,2,0
15080,3,4,10,4,7,3,1,1,4,2,0
15081,6,7,9,4,10,1,1,1,2,2,0
15082,9,4,1,2,3,0,1,1,2,2,0
15083,7,4,15,0,1,1,1,1,2,2,0
15084,11,4,11,2,12,0,1,1,2,2,0
15085,4,0,9,4,4,1,1,0,2,2,0
15086,8,6,15,0,8,1,1,0,2,2,0
15087,10,7,11,2,10,0,1,1,1,2,0
15088,6,4,9,2,8,5,1,0,2,2,0
15089,11,4,11,2,12,0,1,1,1,2,1
15090,4,4,8,4,12,4,1,0,3,2,0
15091,3,4,11,4,3,1,1,1,2,2,0
15092,8,6,0,4,13,3,1,0,2,2,0
15093,6,4,12,2,5,0,1,1,3,2,0
15094,5,2,9,4,10,1,1,0,2,2,0
15095,4,4,9,4,12,4,1,0,1,2,0
15096,7,4,5,3,11,4,0,0,1,2,1
15097,6,4,9,2,10,0,1,1,2,4,0
15098,8,4,12,2,4,0,1,1,2,2,0
15099,4,4,11,4,4,1,1,1,1,2,0
15100,5,4,9,6,12,1,1,1,2,2,0
15101,7,4,15,2,12,5,1,0,2,2,0
15102,4,4,9,4,10,3,0,0,2,2,0
15103,5,4,9,6,10,3,1,1,2,2,0
15104,7,4,3,2,8,0,0,1,2,2,0
15105,10,6,9,4,10,3,1,0,2,2,0
15106,10,0,15,0,4,1,1,1,2,2,0
15107,4,4,0,4,13,4,1,0,2,2,0
15108,6,4,11,6,7,1,0,1,2,2,0
15109,11,4,11,2,3,0,1,1,2,2,0
15110,7,4,6,2,14,0,1,1,1,2,1
15111,6,4,11,0,3,1,1,1,2,2,0
15112,10,1,11,2,7,0,1,1,2,2,0
15113,4,2,11,4,3,1,1,0,2,2,0
15114,4,7,15,4,1,1,1,0,1,2,0
15115,7,4,12,2,10,0,1,1,1,2,1
15116,10,4,15,2,6,0,1,1,1,2,0
15117,9,4,11,2,3,0,0,1,2,2,1
15118,9,4,6,0,5,2,1,1,3,2,0
15119,10,6,15,0,10,1,1,1,2,2,0
15120,8,4,8,2,12,0,1,1,3,2,0
15121,4,4,8,2,3,0,1,1,2,2,1
15122,5,4,9,2,11,0,1,1,2,2,0
15123,7,6,8,2,12,0,1,1,2,2,1
15124,5,4,15,4,7,3,1,1,2,2,0
15125,11,4,11,2,8,0,1,1,2,2,0
15126,5,4,15,4,10,3,1,1,2,1,0
15127,9,4,15,0,1,2,1,0,1,2,0
15128,13,4,15,2,6,0,1,1,3,2,1
15129,8,8,1,4,8,1,1,1,2,2,0
15130,12,4,15,2,3,0,1,1,2,2,1
15131,3,0,9,4,0,1,1,1,1,2,1
15132,7,2,15,2,5,0,1,1,3,2,1
15133,7,4,1,2,7,0,1,1,2,2,1
15134,7,4,5,0,10,4,1,1,2,2,0
15135,7,4,1,4,8,2,0,0,1,2,0
15136,12,4,11,2,4,0,1,1,2,2,0
15137,4,4,11,4,8,4,0,1,1,2,0
15138,10,4,11,2,12,0,1,1,2,2,0
15139,7,4,15,2,12,0,1,1,2,2,1
15140,3,4,9,4,10,2,1,0,2,2,0
15141,7,4,15,2,12,0,0,1,3,2,1
15142,9,4,11,0,8,4,1,0,2,2,0
15143,10,4,10,2,13,0,1,1,2,2,0
15144,7,2,15,2,3,0,1,1,2,2,1
15145,4,4,15,4,1,1,0,0,2,2,0
15146,7,6,15,2,12,0,1,1,2,2,1
15147,5,4,15,2,12,0,1,1,4,2,0
15148,4,0,15,4,0,1,1,1,1,2,0
15149,4,4,11,4,8,1,1,0,2,2,0
15150,7,4,11,2,12,0,1,1,2,2,1
15151,5,4,1,2,14,0,1,1,2,2,1
15152,4,4,11,4,3,1,0,1,2,2,0
15153,3,7,15,4,12,3,1,1,1,2,0
15154,7,4,11,2,6,5,1,0,3,2,0
15155,11,4,1,2,14,0,1,1,2,2,0
15156,11,4,11,2,8,0,0,1,2,2,0
15157,3,6,12,4,4,1,1,1,4,2,0
15158,10,0,9,2,0,0,1,1,0,2,0
15159,4,4,6,4,5,2,1,1,3,2,0
15160,5,4,11,4,4,3,1,0,2,2,0
15161,8,7,8,2,10,0,0,1,0,0,1
15162,10,4,5,0,3,1,1,1,2,2,0
15163,12,4,11,5,10,4,1,0,2,2,0
15164,9,2,15,0,1,3,1,1,1,2,0
15165,4,4,9,4,4,1,1,1,2,2,0
15166,7,4,11,0,6,2,0,1,2,2,0
15167,8,0,15,0,4,1,1,1,2,2,0
15168,6,4,6,2,8,0,1,1,2,2,1
15169,8,4,11,0,3,4,1,1,2,2,0
15170,6,4,15,4,14,1,0,1,2,2,0
15171,7,4,11,2,8,0,1,1,2,2,0
15172,4,2,15,4,11,3,1,1,1,2,0
15173,3,4,12,4,4,4,1,0,2,2,0
15174,8,4,11,0,7,1,1,0,2,2,0
15175,8,4,1,4,3,2,1,1,1,2,0
15176,3,4,15,4,2,3,1,1,1,2,0
15177,5,4,6,2,3,0,1,1,2,2,1
15178,13,4,0,2,2,0,1,1,1,2,1
15179,12,4,11,0,7,1,1,1,2,2,0
15180,13,4,11,0,1,1,1,0,0,2,0
15181,3,4,2,4,8,3,0,0,2,2,0
15182,11,4,11,6,1,4,0,0,2,2,0
15183,8,4,9,2,11,0,1,1,2,2,1
15184,6,4,12,2,6,0,1,1,3,2,0
15185,12,6,11,2,8,0,1,1,2,2,0
15186,5,6,11,4,1,1,1,1,2,2,0
15187,6,4,9,4,10,3,0,1,2,2,0
15188,4,4,15,4,4,3,1,1,3,2,0
15189,10,4,11,2,6,0,1,1,3,2,0
15190,6,4,10,2,4,0,1,1,4,2,0
15191,6,4,1,0,13,1,1,0,2,2,0
15192,7,4,0,4,3,4,1,1,2,2,0
15193,8,4,9,0,6,1,1,1,2,2,1
15194,3,4,15,4,14,1,1,1,2,2,0
15195,8,4,9,0,4,4,1,1,3,2,0
15196,4,4,11,2,1,0,1,1,2,2,1
15197,10,4,11,2,12,0,1,1,2,2,0
15198,7,4,15,2,8,4,0,0,2,2,1
15199,9,2,6,2,5,0,1,1,3,2,0
15200,8,4,15,5,10,4,1,1,1,2,0
15201,3,4,9,4,8,1,1,0,2,2,0
15202,8,4,8,5,11,1,1,1,2,2,0
15203,5,4,11,4,3,1,1,1,2,2,0
15204,6,4,12,2,4,0,1,1,2,2,1
15205,8,4,7,2,4,0,1,1,2,2,1
15206,15,4,12,2,10,0,1,1,2,2,0
15207,10,4,11,2,3,0,0,1,2,2,1
15208,4,4,15,4,1,1,1,1,0,2,0
15209,7,4,11,6,1,1,1,1,1,2,0
15210,6,2,9,4,4,4,1,0,2,2,0
15211,10,4,11,2,6,3,1,1,2,2,1
15212,9,4,12,2,4,1,1,0,2,2,0
15213,5,5,11,2,1,0,1,1,1,2,0
15214,13,4,15,2,3,0,1,1,1,2,1
15215,4,4,15,4,1,1,1,1,2,2,0
15216,7,5,11,2,3,0,1,1,2,2,0
15217,8,4,14,2,3,0,1,1,2,2,0
15218,7,7,14,4,10,3,1,0,2,2,0
15219,7,2,15,5,4,4,1,1,2,2,0
15220,5,4,15,2,13,0,1,1,1,2,1
15221,7,4,9,2,4,0,1,1,2,2,0
15222,8,4,9,5,4,0,0,1,2,2,0
15223,5,4,7,4,12,3,1,0,2,2,0
15224,8,4,15,0,9,1,1,1,2,2,0
15225,3,4,0,4,7,3,1,0,2,3,0
15226,7,2,11,2,3,0,1,1,2,2,0
15227,8,4,11,2,7,0,1,1,2,2,0
15228,12,4,12,2,4,5,1,0,2,2,1
15229,10,4,8,2,3,0,1,1,2,2,1
15230,8,4,11,4,12,1,1,0,2,2,0
15231,9,4,11,2,7,0,1,1,2,2,0
15232,3,4,15,4,12,1,1,1,1,2,0
15233,7,4,7,2,12,0,1,1,1,2,0
15234,4,4,10,4,10,1,1,0,2,2,0
15235,6,6,9,0,10,1,1,1,2,2,0
15236,9,2,7,2,12,5,1,0,2,2,0
15237,7,6,9,4,4,3,1,0,2,2,0
15238,18,0,5,2,0,0,1,1,2,2,0
15239,7,4,15,2,1,0,1,1,2,2,0
15240,4,4,15,4,1,1,1,0,2,2,0
15241,8,4,14,4,1,1,1,1,2,2,0
15242,6,2,11,2,5,0,1,1,2,1,0
15243,13,2,11,2,5,0,1,1,3,2,1
15244,4,4,0,5,7,4,1,0,2,2,0
15245,8,0,15,2,0,0,1,1,0,2,1
15246,5,4,12,4,12,1,1,1,1,2,0
15247,6,6,1,4,8,4,1,0,2,2,0
15248,8,4,11,2,8,0,1,1,2,2,1
15249,6,4,0,2,13,0,1,1,2,2,0
15250,5,4,15,4,13,3,1,1,2,2,0
15251,9,4,11,0,8,4,1,0,2,2,0
15252,13,6,11,0,8,1,0,1,2,2,0
15253,6,6,9,4,12,1,1,0,1,2,0
15254,10,6,15,4,12,3,1,0,2,2,0
15255,9,4,15,2,4,0,1,1,2,2,1
15256,10,4,11,2,3,0,1,1,2,2,1
15257,5,4,11,4,7,1,0,0,2,2,0
15258,8,4,11,0,6,1,0,1,2,2,0
15259,7,4,10,2,10,0,1,1,2,2,0
15260,4,5,12,4,4,1,0,0,2,2,0
15261,9,4,11,0,8,1,1,0,1,2,0
15262,5,4,8,4,3,1,0,0,1,2,0
15263,17,1,12,6,4,3,1,1,2,2,0
15264,5,4,9,2,7,5,1,0,2,2,1
15265,3,4,11,4,1,1,1,0,1,2,0
15266,6,2,0,4,6,3,0,0,2,2,0
15267,8,4,9,2,12,0,1,1,1,2,0
15268,10,4,9,2,12,0,1,1,1,2,1
15269,6,4,11,3,8,1,0,0,0,2,1
15270,7,4,9,2,7,0,1,1,2,2,1
15271,4,4,15,2,8,0,0,1,2,2,0
15272,10,4,15,6,1,1,1,0,2,2,0
15273,4,4,11,6,10,1,1,0,2,2,0
15274,5,4,12,2,12,0,0,1,2,2,0
15275,10,4,15,2,1,0,0,1,2,2,1
15276,7,0,5,2,0,0,1,1,2,0,1
15277,6,4,2,4,13,3,1,0,2,2,0
15278,4,4,12,4,10,1,1,0,1,2,0
15279,7,4,7,2,12,0,1,1,2,2,1
15280,8,4,3,5,8,4,1,0,2,2,0
15281,4,5,9,4,10,1,1,0,1,2,1
15282,8,4,15,2,4,0,1,1,2,2,1
15283,8,4,11,0,3,1,1,1,2,2,0
15284,4,4,11,4,1,3,1,0,2,2,0
15285,9,0,9,2,0,0,0,1,1,2,1
15286,11,6,8,2,3,0,1,1,2,2,0
15287,7,4,0,2,3,0,0,1,2,2,0
15288,12,4,9,2,4,5,1,0,4,2,1
15289,5,2,11,2,12,0,1,1,2,2,0
15290,7,4,0,2,3,0,1,1,2,2,0
15291,8,4,4,4,13,3,0,0,2,2,0
15292,4,4,9,2,10,0,1,1,2,2,0
15293,7,2,9,2,4,0,1,1,2,2,0
15294,6,4,11,3,1,5,1,0,2,2,0
15295,3,6,9,4,10,1,1,0,2,3,0
15296,10,4,4,2,14,0,1,1,2,2,1
15297,3,6,11,4,3,1,1,1,1,2,0
15298,5,4,11,4,4,1,1,0,1,2,0
15299,6,4,3,2,12,0,1,1,3,2,0
15300,8,4,11,4,3,1,1,1,2,2,0
15301,13,6,1,6,5,1,1,0,2,2,1
15302,8,0,9,0,0,1,0,1,2,2,0
15303,8,0,15,4,0,4,1,1,0,2,0
15304,7,4,9,5,10,1,1,0,2,2,0
15305,4,2,15,4,10,3,1,1,2,2,0
15306,9,4,11,2,3,0,1,1,2,2,0
15307,11,1,9,2,12,0,0,1,2,2,1
15308,9,7,9,2,10,0,1,1,2,2,1
15309,7,4,11,2,6,0,1,1,2,2,1
15310,6,4,15,1,8,1,1,0,2,2,1
15311,10,2,15,2,10,0,1,1,2,2,0
15312,9,4,0,2,4,0,1,1,2,2,1
15313,9,4,11,4,13,4,1,0,2,2,0
15314,4,4,9,4,4,1,1,1,2,2,0
15315,7,4,15,2,3,0,1,1,2,2,0
15316,7,4,15,2,4,0,1,1,1,2,1
15317,8,4,9,5,10,1,1,1,2,2,0
15318,9,4,15,2,1,0,0,1,1,2,1
15319,6,7,9,3,10,1,1,0,2,0,1
15320,4,4,0,4,14,1,1,0,2,2,0
15321,12,4,12,0,10,1,1,1,2,2,0
15322,12,4,15,2,8,0,0,1,2,2,1
15323,4,2,11,0,11,1,0,1,2,2,1
15324,5,4,4,4,8,1,0,0,0,2,0
15325,7,4,5,2,10,0,1,1,2,2,1
15326,12,4,11,0,1,4,1,0,2,2,0
15327,5,6,15,4,12,3,1,1,1,2,0
15328,7,4,11,2,3,0,1,1,2,2,0
15329,12,4,11,2,1,0,1,1,1,2,0
15330,12,2,11,5,4,1,1,0,2,2,0
15331,8,4,0,0,9,1,0,0,1,2,0
15332,8,4,12,2,6,0,1,1,2,2,1
15333,6,4,11,4,7,2,1,0,2,2,0
15334,10,7,11,0,10,1,1,1,1,2,0
15335,12,5,11,2,4,0,1,1,1,2,0
15336,3,2,15,4,4,1,1,1,2,2,0
15337,6,2,9,2,11,0,0,1,2,2,0
15338,10,2,9,0,4,1,1,1,2,2,0
15339,12,4,15,2,8,0,1,1,2,2,0
15340,5,4,1,4,7,3,1,0,2,2,0
15341,8,4,0,0,8,4,1,0,1,2,0
15342,4,4,15,4,5,1,1,1,2,2,0
15343,10,7,12,2,10,0,1,1,1,2,1
15344,4,6,9,4,8,3,1,0,0,2,0
15345,3,4,15,4,12,3,1,0,2,2,0
15346,9,4,11,2,8,5,0,0,0,2,1
15347,4,6,8,6,3,3,1,1,2,2,0
15348,11,4,1,2,3,0,1,1,1,2,0
15349,6,2,9,2,10,0,0,1,2,2,1
15350,5,4,11,6,8,1,1,0,2,2,0
15351,9,7,11,2,1,5,1,0,1,2,0
15352,6,4,9,4,12,1,1,1,2,2,1
15353,6,1,11,4,14,1,1,1,3,2,0
15354,4,0,11,4,6,3,1,0,3,2,0
15355,7,7,9,4,1,2,1,0,2,2,0
15356,6,6,1,2,12,0,1,1,2,2,1
15357,6,4,15,0,1,2,0,0,2,2,0
15358,8,4,0,4,8,2,1,0,1,2,0
15359,6,4,11,4,12,3,1,0,4,2,0
15360,3,4,15,4,10,1,1,1,2,2,0
15361,9,4,15,2,3,0,1,1,2,2,1
15362,8,4,11,2,6,0,1,1,2,2,0
15363,4,2,11,2,4,0,1,1,2,2,0
15364,8,4,9,2,13,0,1,1,1,2,1
15365,10,4,0,2,7,0,1,1,1,2,1
15366,9,4,11,2,3,0,1,1,2,2,0
15367,6,4,6,2,5,0,1,1,2,2,0
15368,7,4,10,2,10,0,1,1,1,2,0
15369,8,4,12,2,10,5,1,0,3,2,1
15370,12,4,9,0,6,1,0,1,2,2,1
15371,4,0,9,4,0,1,1,1,1,2,0
15372,9,4,15,2,7,0,1,1,2,2,0
15373,11,4,15,2,10,0,1,1,2,2,0
15374,13,2,11,2,3,0,1,1,2,2,0
15375,11,4,5,1,3,1,1,1,2,2,0
15376,5,4,8,2,3,0,0,1,2,2,1
15377,9,2,11,2,4,0,1,1,4,2,0
15378,7,4,9,2,12,5,1,0,1,2,0
15379,8,4,1,2,8,0,1,1,1,2,0
15380,6,4,11,4,3,1,1,1,2,2,0
15381,6,4,9,0,10,1,1,0,0,2,0
15382,10,4,11,2,8,0,1,1,2,2,1
15383,4,2,12,4,10,1,1,0,3,2,0
15384,10,4,5,2,3,0,1,1,2,2,1
15385,7,4,11,2,1,0,1,1,1,2,0
15386,3,4,11,4,14,3,1,1,2,2,0
15387,8,4,11,0,8,4,0,1,1,2,1
15388,9,4,9,2,10,0,1,1,2,2,1
15389,12,4,9,2,8,0,1,1,2,2,1
15390,6,4,15,2,8,0,1,1,2,2,1
15391,11,4,9,2,1,0,1,1,2,2,1
15392,6,4,12,2,12,0,1,1,2,2,1
15393,8,4,1,2,8,0,0,1,2,0,0
15394,10,4,15,2,6,0,1,1,2,2,0
15395,10,1,7,2,12,0,1,1,1,2,0
15396,10,4,10,2,10,0,1,1,2,2,0
15397,8,1,11,0,3,1,1,1,2,2,0
15398,9,4,11,2,3,0,1,1,2,2,1
15399,6,4,12,4,4,3,1,1,2,2,0
15400,10,4,11,2,6,0,1,1,2,2,0
15401,5,4,11,2,1,0,1,1,1,2,1
15402,7,4,15,1,1,4,1,0,1,2,1
15403,10,4,11,2,3,0,1,1,1,2,0
15404,6,6,11,1,1,1,1,0,2,2,0
15405,4,4,11,4,12,1,1,0,2,2,0
15406,9,7,15,0,10,4,1,1,1,2,0
15407,6,6,11,4,1,3,1,0,2,2,0
15408,13,4,15,5,12,1,1,0,2,2,0
15409,6,0,1,4,0,4,0,1,0,2,0
15410,3,6,9,0,4,1,1,1,2,2,0
15411,6,4,15,4,3,1,1,1,2,2,0
15412,9,4,11,2,6,0,0,1,2,2,0
15413,11,4,9,2,12,0,1,1,1,2,1
15414,8,4,15,2,8,3,1,0,1,2,1
15415,8,6,11,2,3,0,1,1,2,2,0
15416,14,6,11,2,3,0,0,1,1,2,0
15417,5,4,11,4,3,1,1,1,2,2,0
15418,10,2,9,2,11,5,0,0,2,2,0
15419,5,0,15,2,4,0,1,1,4,2,0
15420,17,4,15,6,12,1,1,0,4,2,0
15421,7,4,11,2,12,5,1,0,1,2,0
15422,9,4,11,2,5,0,1,1,3,2,0
15423,10,4,11,2,14,0,1,1,2,2,0
15424,13,6,0,2,4,0,1,1,3,2,0
15425,10,4,11,2,8,0,1,1,2,2,1
15426,11,6,11,1,5,1,1,1,2,4,0
15427,6,4,9,2,4,0,1,1,2,2,0
15428,4,6,13,4,13,3,1,0,2,2,0
15429,7,5,11,2,7,0,1,1,2,2,0
15430,3,4,11,4,4,1,1,1,2,2,0
15431,6,4,15,1,3,4,1,1,2,0,0
15432,6,4,8,1,10,5,1,0,3,2,1
15433,4,4,15,6,12,1,1,0,1,2,0
15434,3,6,11,4,12,3,1,0,2,2,0
15435,6,4,9,1,13,4,1,0,0,2,0
15436,3,4,11,4,8,4,1,0,2,2,0
15437,8,7,15,2,4,0,1,1,2,2,1
15438,9,4,9,2,12,0,1,1,2,2,0
15439,4,4,15,6,8,1,1,0,2,2,0
15440,9,4,0,0,7,1,1,1,2,2,1
15441,4,4,11,0,7,1,1,1,2,2,0
15442,11,2,1,2,12,0,0,1,2,2,0
15443,6,4,1,2,8,5,1,0,1,2,0
15444,7,4,6,5,14,0,1,1,1,2,0
15445,6,4,11,4,3,2,1,0,2,2,0
15446,9,4,11,0,7,1,1,0,2,2,0
15447,6,4,15,2,5,0,1,1,2,2,0
15448,7,4,11,4,12,3,1,0,3,2,0
15449,5,7,11,4,8,3,1,0,2,2,0
15450,7,4,9,0,7,1,1,1,2,0,0
15451,6,4,12,4,12,1,1,1,1,2,0
15452,11,0,9,2,0,0,0,1,1,2,1
15453,8,4,11,4,14,1,1,1,2,2,0
15454,10,5,12,4,4,1,1,0,2,2,0
15455,3,4,9,4,10,2,0,0,2,3,0
15456,7,4,6,2,10,0,1,1,2,2,1
15457,6,4,12,2,4,0,1,1,3,2,1
15458,8,4,9,0,10,4,1,0,2,2,1
15459,8,5,15,0,4,2,0,1,4,2,0
15460,4,4,15,4,1,3,1,0,2,2,0
15461,4,5,15,4,1,1,1,1,2,2,0
15462,6,4,15,4,12,1,1,1,2,2,0
15463,4,4,15,4,7,3,0,0,2,2,0
15464,9,4,11,4,3,1,1,1,0,2,0
15465,3,4,15,4,12,3,0,1,0,2,0
15466,11,4,11,2,1,5,1,0,2,2,0
15467,7,4,15,2,4,0,1,1,2,2,1
15468,4,6,9,2,10,5,1,0,1,2,1
15469,12,4,15,2,8,5,0,0,2,2,0
15470,4,7,15,4,1,4,0,0,2,2,0
15471,8,6,7,0,3,3,1,1,2,2,0
15472,5,4,12,4,10,3,1,0,3,2,0
15473,6,4,7,0,3,4,1,0,2,2,0
15474,7,4,11,0,8,1,1,0,2,2,0
15475,6,4,15,2,14,0,1,1,1,2,0
15476,7,6,8,0,10,1,1,0,2,2,0
15477,8,7,8,2,12,0,1,1,2,2,1
15478,4,4,15,4,8,1,0,0,1,2,0
15479,4,2,5,4,11,3,1,1,2,2,0
15480,9,0,6,2,0,0,1,1,0,1,0
15481,11,4,15,2,12,5,1,0,2,2,1
15482,8,4,11,0,12,4,1,0,1,2,1
15483,8,4,15,2,3,0,0,1,2,2,1
15484,9,0,5,2,0,0,1,1,0,2,0
15485,12,4,11,2,6,0,1,1,3,2,1
15486,4,4,12,4,6,1,0,1,2,2,0
15487,5,4,11,2,6,0,1,1,3,2,1
15488,7,4,9,2,4,0,1,1,2,2,0
15489,6,4,9,0,1,4,1,0,0,2,0
15490,7,4,11,2,14,0,1,1,2,2,0
15491,4,6,14,4,3,3,1,1,2,2,0
15492,8,4,12,2,5,0,1,1,2,2,1
15493,6,4,9,4,10,3,1,1,2,2,0
15494,6,2,12,1,10,1,1,0,0,2,1
15495,8,1,11,0,1,4,1,0,2,2,0
15496,6,4,15,0,10,1,1,1,2,0,0
15497,10,1,15,2,1,5,1,0,2,2,0
15498,8,6,15,2,4,0,1,1,2,2,1
15499,7,2,15,2,10,0,1,1,2,2,1
15500,4,4,15,4,4,3,1,0,2,2,0
15501,8,4,11,2,3,0,1,1,2,2,0
15502,4,4,9,4,8,1,0,0,2,2,0
15503,5,2,12,4,10,3,1,0,1,2,0
15504,5,4,15,2,1,0,1,1,2,2,1
15505,9,4,8,0,4,1,1,1,3,2,0
15506,9,4,15,0,14,1,0,1,2,2,0
15507,13,4,11,5,3,3,1,1,0,2,0
15508,4,4,15,4,1,4,1,0,2,2,0
15509,3,7,8,4,10,1,1,1,1,2,0
15510,3,4,14,4,10,3,1,1,2,2,1
15511,4,4,11,4,8,4,1,0,2,2,0
15512,7,4,2,4,8,3,1,0,2,2,1
15513,3,4,4,4,13,3,1,0,2,2,0
15514,5,4,12,4,10,3,0,0,2,2,0
15515,6,2,15,2,1,0,1,1,0,2,1
15516,7,4,11,2,12,5,1,0,1,2,1
15517,13,4,8,2,10,5,1,0,2,2,1
15518,8,4,14,2,10,0,1,1,2,2,0
15519,5,4,15,2,4,5,1,0,2,2,1
15520,9,4,9,2,12,0,1,1,2,2,0
15521,9,4,9,2,12,0,0,1,2,2,0
15522,5,2,9,2,10,0,1,1,1,2,0
15523,6,4,11,2,4,0,1,1,2,2,1
15524,4,4,11,4,7,1,1,0,2,2,1
15525,7,0,9,4,0,3,1,0,1,2,0
15526,7,2,12,2,9,0,0,1,1,2,1
15527,8,4,9,0,12,4,1,0,2,2,0
15528,11,6,5,2,3,0,1,1,2,2,1
15529,4,4,11,4,8,1,1,1,2,2,0
15530,12,4,11,2,7,5,1,0,2,2,1
15531,13,4,15,5,13,4,1,0,1,2,0
15532,7,4,8,2,12,5,1,0,4,2,0
15533,8,0,10,2,0,0,1,1,2,2,0
15534,4,4,15,4,12,1,1,0,1,2,0
15535,15,4,11,6,8,3,1,0,1,2,0
15536,9,4,15,2,12,0,1,1,1,2,0
15537,8,4,12,2,6,0,1,1,3,2,0
15538,7,5,9,2,10,0,1,1,3,2,0
15539,10,4,15,2,3,0,1,1,2,2,1
15540,10,4,11,2,3,0,1,1,2,2,1
15541,6,6,15,2,12,0,0,1,2,2,0
15542,9,7,8,2,10,0,1,1,2,2,0
15543,6,4,11,2,12,0,1,1,1,2,0
15544,11,4,15,0,1,1,1,1,2,2,0
15545,12,2,15,2,6,0,1,1,2,2,1
15546,6,4,15,4,10,3,0,0,2,2,0
15547,7,4,9,4,11,1,0,1,1,2,0
15548,8,4,9,2,4,0,1,1,2,2,0
15549,7,0,15,4,0,3,1,1,0,2,0
15550,9,4,11,0,7,1,1,1,2,2,0
15551,8,4,7,0,1,4,1,0,2,2,0
15552,3,4,0,4,7,3,1,1,2,2,0
15553,9,4,9,5,4,4,1,0,1,2,0
15554,17,2,12,2,10,0,1,1,2,2,1
15555,7,4,14,2,3,0,1,1,2,2,1
15556,4,6,0,4,8,1,0,0,1,2,0
15557,3,7,9,4,10,4,0,0,1,2,0
15558,7,4,11,2,8,0,0,1,1,2,1
15559,7,4,15,2,5,0,1,1,2,2,1
15560,7,4,11,2,12,0,1,1,2,2,1
15561,3,4,7,4,12,1,1,1,2,2,0
15562,6,6,15,2,1,5,0,0,2,2,1
15563,10,2,11,2,6,5,1,0,3,2,0
15564,13,7,15,2,10,0,1,1,2,2,1
15565,4,2,15,4,4,3,1,1,1,2,0
15566,4,4,15,4,12,3,1,0,3,2,0
15567,8,4,11,2,7,0,1,1,2,2,0
15568,6,5,6,2,5,0,0,1,3,2,0
15569,9,4,11,0,6,1,1,1,3,2,0
15570,9,6,9,2,4,0,1,1,2,2,1
15571,10,0,15,4,0,3,1,1,1,2,0
15572,7,2,5,0,10,4,1,0,2,2,0
15573,7,6,15,2,4,0,1,1,2,2,1
15574,4,4,11,4,10,1,1,1,2,2,0
15575,10,4,0,2,7,0,1,1,2,2,0
15576,8,4,15,2,3,0,1,1,1,2,1
15577,3,4,15,4,4,3,1,0,2,3,0
15578,6,4,11,2,12,0,1,1,2,2,0
15579,11,5,1,2,0,0,1,1,2,2,1
15580,11,6,8,0,13,4,1,0,2,2,0
15581,7,6,15,2,4,0,1,1,3,2,0
15582,7,4,12,0,4,3,1,1,2,2,0
15583,4,4,11,4,14,3,1,1,2,1,0
15584,8,4,1,2,12,5,1,0,2,2,0
15585,8,4,11,4,14,3,1,1,2,2,0
15586,7,1,10,4,14,3,1,1,2,2,0
15587,5,4,11,2,14,0,1,1,2,2,1
15588,3,4,9,4,10,1,1,0,2,2,0
15589,4,0,9,4,0,1,1,1,2,2,0
15590,5,4,9,2,6,0,0,1,2,2,0
15591,13,4,0,2,8,0,0,1,2,2,0
15592,7,6,0,2,4,0,1,1,2,2,0
15593,6,4,15,1,12,4,1,1,2,1,0
15594,11,2,11,2,10,0,1,1,1,2,0
15595,5,4,15,4,8,1,1,1,0,2,0
15596,9,4,11,2,14,0,1,1,1,2,0
15597,8,4,15,2,12,5,1,0,3,2,1
15598,7,4,1,2,7,0,1,1,2,2,1
15599,7,4,11,2,1,0,1,1,4,2,0
15600,11,2,9,2,10,0,0,1,3,2,0
15601,5,4,9,4,4,2,1,0,3,2,0
15602,4,4,11,4,3,4,1,1,2,2,0
15603,5,4,15,4,10,3,1,1,2,2,0
15604,7,4,10,4,10,2,1,1,2,2,0
15605,11,6,9,4,8,3,1,0,2,2,0
15606,9,4,11,2,6,0,1,1,2,2,0
15607,8,3,11,0,13,2,1,0,2,2,0
15608,9,4,11,4,4,1,1,1,2,2,0
15609,7,0,10,0,0,1,1,1,2,2,0
15610,4,4,15,4,1,1,1,0,1,2,0
15611,4,4,15,4,8,4,1,0,1,2,0
15612,7,4,12,2,4,0,1,1,2,2,1
15613,3,7,9,4,10,3,1,1,2,2,0
15614,4,4,11,4,8,4,1,0,2,2,0
15615,7,4,0,2,7,0,1,1,2,2,1
15616,10,4,11,0,8,1,1,1,2,2,0
15617,6,6,12,4,5,4,1,1,1,2,0
15618,6,6,11,2,4,0,1,1,2,2,0
15619,7,4,15,2,12,0,1,1,2,2,1
15620,13,2,9,2,10,0,1,1,1,2,1
15621,10,4,12,2,10,2,1,0,2,2,0
15622,8,5,9,2,4,0,1,1,2,2,1
15623,7,1,12,5,4,3,1,1,2,2,0
15624,5,4,12,4,4,1,1,0,2,2,0
15625,7,7,9,0,4,1,1,1,3,2,0
15626,6,4,1,4,3,3,1,1,2,2,0
15627,9,4,7,2,14,0,1,1,2,2,0
15628,7,6,15,0,1,1,1,0,2,2,0
15629,5,4,12,2,10,0,1,1,2,2,0
15630,10,2,15,2,5,0,1,1,2,2,0
15631,6,2,15,2,6,0,1,1,2,2,0
15632,6,1,11,4,3,1,1,1,2,2,0
15633,9,2,11,2,6,0,1,1,2,2,0
15634,10,4,11,2,4,0,1,1,3,2,1
15635,5,4,15,6,8,4,1,0,1,2,0
15636,9,4,11,4,12,3,1,0,1,2,0
15637,5,4,11,4,1,3,1,0,1,2,0
15638,11,2,15,2,12,5,1,0,1,2,1
15639,4,4,11,6,7,4,1,1,2,2,0
15640,8,2,15,2,6,0,1,1,2,2,1
15641,8,7,11,4,1,1,1,0,2,2,0
15642,6,4,11,0,3,4,1,1,2,3,0
15643,6,5,11,2,3,0,1,1,1,2,0
15644,8,4,11,0,1,4,1,0,1,2,0
15645,9,4,15,0,3,1,1,0,2,2,0
15646,4,6,11,4,3,1,1,1,2,2,0
15647,7,5,11,5,0,4,0,0,0,2,0
15648,8,4,11,2,10,0,1,1,2,0,1
15649,5,4,15,2,10,0,0,1,3,2,1
15650,7,2,9,2,10,0,1,1,4,0,0
15651,7,4,11,4,7,3,1,0,2,2,0
15652,6,5,1,4,0,3,0,1,1,2,0
15653,12,4,11,2,7,5,1,0,2,2,0
15654,7,4,11,2,3,0,1,1,2,2,0
15655,7,2,14,0,10,1,1,1,2,2,0
15656,8,4,7,2,1,0,1,1,1,2,0
15657,7,4,11,4,3,1,1,1,2,2,1
15658,12,4,11,0,6,4,1,0,2,2,0
15659,4,4,0,4,13,1,1,0,1,2,0
15660,9,4,9,0,10,1,1,1,2,2,0
15661,6,0,1,4,0,3,1,1,2,2,0
15662,5,7,14,4,10,4,1,0,2,2,0
15663,4,4,9,2,1,0,1,1,4,2,0
15664,8,4,11,2,12,0,0,1,1,2,1
15665,7,2,9,6,4,1,1,1,2,1,0
15666,8,2,3,2,6,0,1,1,2,2,0
15667,7,4,11,2,3,0,1,1,2,2,0
15668,3,4,2,4,13,4,1,1,2,2,0
15669,6,4,15,6,8,4,1,0,2,2,0
15670,7,4,11,6,3,4,0,1,2,2,0
15671,10,4,11,2,3,0,1,1,1,2,0
15672,9,2,9,2,11,0,1,1,2,2,1
15673,4,4,14,4,10,3,1,1,3,2,0
15674,7,7,15,2,4,0,1,1,2,0,1
15675,10,4,11,2,4,0,1,1,2,2,1
15676,11,4,11,2,14,0,1,1,2,2,1
15677,4,4,11,2,6,0,1,1,2,2,1
15678,13,7,14,2,10,0,1,1,2,2,0
15679,6,1,15,2,4,0,1,1,2,2,0
15680,10,4,11,2,8,0,0,1,0,2,1
15681,6,4,11,4,14,1,1,1,2,2,0
15682,6,4,9,4,4,3,1,0,2,2,0
15683,5,4,11,4,3,4,1,1,2,2,0
15684,6,4,0,2,7,0,1,1,2,2,0
15685,3,4,10,4,10,3,0,1,2,2,0
15686,5,4,11,2,8,5,0,0,2,2,1
15687,4,4,15,4,6,3,0,1,2,2,0
15688,9,0,15,5,0,4,0,0,0,2,0
15689,4,6,9,4,8,4,1,1,2,2,0
15690,5,4,15,2,10,0,1,1,2,2,1
15691,5,4,15,2,12,5,1,0,2,2,1
15692,12,4,11,2,7,0,0,1,2,2,1
15693,9,4,12,2,4,0,1,1,2,2,0
15694,6,4,9,2,4,0,1,1,2,2,1
15695,8,6,12,2,12,0,1,1,2,2,0
15696,4,4,4,4,13,1,1,1,2,2,0
15697,4,4,7,4,4,3,1,1,2,2,0
15698,6,4,8,2,4,0,1,1,2,2,1
15699,7,2,9,4,11,4,0,0,2,2,0
15700,6,4,15,0,12,1,0,0,2,2,0
15701,7,4,11,5,1,4,1,0,2,2,0
15702,5,0,10,2,0,0,0,1,1,2,1
15703,9,6,12,0,4,1,1,1,2,2,0
15704,4,4,9,6,13,3,1,1,0,2,0
15705,7,4,9,2,6,0,1,1,2,2,0
15706,6,4,11,2,6,0,1,1,2,2,0
15707,7,4,11,2,4,0,1,1,2,2,1
15708,13,4,9,6,10,4,1,0,2,2,0
15709,12,7,7,5,11,4,1,0,2,2,0
15710,4,4,9,4,10,1,1,1,2,2,0
15711,9,1,11,2,10,0,1,1,1,2,1
15712,5,5,11,0,5,4,1,0,2,2,0
15713,7,2,12,0,10,4,1,1,3,2,0
15714,4,2,9,4,11,1,0,0,2,2,0
15715,7,4,9,6,1,4,1,0,2,2,0
15716,9,2,15,0,11,4,0,0,2,2,1
15717,4,4,11,4,7,4,1,1,2,2,0
15718,3,4,0,4,8,1,0,1,1,2,0
15719,6,2,11,2,3,0,1,1,2,2,1
15720,9,6,15,2,10,0,1,1,1,2,1
15721,10,4,11,2,6,0,0,1,3,2,0
15722,8,4,15,2,5,0,1,1,1,2,1
15723,8,4,15,2,10,0,1,1,2,2,1
15724,4,4,15,4,7,1,1,1,2,2,0
15725,4,4,11,4,8,3,0,1,2,2,0
15726,6,4,15,4,14,3,1,1,1,2,0
15727,7,4,9,0,12,1,1,1,2,2,1
15728,11,4,3,2,14,0,1,1,3,2,0
15729,12,6,9,2,4,0,1,1,2,2,0
15730,4,4,7,2,7,0,1,1,2,2,0
15731,3,4,0,4,3,3,1,1,2,2,0
15732,8,4,4,4,8,4,0,0,2,2,0
15733,7,5,12,0,4,1,0,1,2,2,0
15734,7,4,15,2,8,0,1,1,2,2,0
15735,4,1,11,4,7,3,1,0,2,2,0
15736,4,4,12,4,2,3,0,1,1,2,0
15737,7,4,15,2,3,0,1,1,1,2,0
15738,8,4,11,2,12,0,0,1,2,2,0
15739,5,0,11,4,0,3,1,1,1,2,0
15740,4,4,11,4,1,3,1,1,1,2,0
15741,9,4,11,0,1,4,1,0,2,0,0
15742,6,4,12,0,1,1,1,1,0,2,1
15743,3,4,9,4,4,3,1,0,2,2,0
15744,5,4,5,2,3,0,1,1,0,2,0
15745,4,4,11,4,8,1,1,0,1,2,0
15746,10,4,1,2,14,0,1,1,3,2,1
15747,4,4,0,4,7,3,0,0,2,2,0
15748,11,2,5,0,9,1,1,1,1,2,1
15749,5,4,0,2,3,0,1,1,2,2,0
15750,8,4,11,0,11,2,0,1,2,2,1
15751,5,4,0,0,7,4,1,0,2,2,0
15752,7,4,11,4,8,3,1,0,2,2,0
15753,7,4,15,2,13,0,1,1,1,2,1
15754,5,6,15,4,3,3,1,1,2,2,0
15755,4,4,15,4,12,1,1,1,1,2,0
15756,12,7,15,2,8,0,1,1,0,2,1
15757,5,4,11,2,6,0,1,1,1,2,0
15758,9,6,15,0,10,1,1,1,2,2,0
15759,12,5,15,2,4,2,1,0,3,2,1
15760,6,6,11,2,3,0,1,1,2,2,1
15761,7,2,14,2,10,0,1,1,1,2,1
15762,4,4,11,4,3,1,1,1,2,2,1
15763,11,4,8,2,3,0,1,1,2,2,0
15764,6,6,15,4,1,3,1,0,2,2,1
15765,11,4,9,2,10,0,1,1,3,2,1
15766,6,4,15,2,12,5,1,0,2,2,1
15767,6,4,11,0,1,4,1,0,0,2,0
15768,7,5,9,2,0,5,1,0,1,2,1
15769,7,4,0,2,6,0,1,1,3,2,1
15770,5,4,15,2,3,0,1,1,1,2,0
15771,4,4,11,2,6,0,1,1,2,2,1
15772,6,4,15,2,5,0,1,1,3,1,0
15773,5,4,15,2,8,5,0,0,2,2,0
15774,8,4,12,2,4,0,0,1,2,2,0
15775,6,4,11,4,14,1,1,1,2,2,0
15776,5,4,11,2,3,0,1,1,2,2,0
15777,6,4,15,2,13,0,0,1,2,2,1
15778,5,4,11,4,8,1,0,1,1,2,0
15779,5,4,9,4,8,3,1,0,2,2,0
15780,7,2,15,2,11,0,0,1,2,2,1
15781,7,4,11,4,6,1,0,1,2,2,0
15782,4,4,11,4,6,3,1,0,2,2,0
15783,13,6,11,5,1,0,0,1,2,2,0
15784,7,4,11,2,7,0,1,1,2,2,1
15785,10,7,11,0,1,4,1,0,2,2,0
15786,8,4,11,4,12,1,0,0,2,2,0
15787,9,4,11,4,7,1,1,0,2,2,0
15788,5,5,12,4,10,4,1,0,1,2,1
15789,11,4,11,2,3,0,1,1,2,2,1
15790,8,5,12,0,4,1,0,1,2,2,0
15791,4,4,15,4,10,3,1,1,2,3,0
15792,10,4,15,2,8,5,1,0,1,2,1
15793,6,1,0,2,3,0,1,1,2,2,0
15794,4,2,9,4,10,3,1,0,2,2,0
15795,9,4,15,2,4,0,1,1,2,2,1
15796,12,6,7,5,13,1,1,1,0,2,0
15797,4,6,6,4,3,1,1,1,3,2,0
15798,9,4,1,4,14,1,1,1,2,2,0
15799,12,4,4,2,13,0,1,1,0,2,1
15800,3,4,14,4,10,3,1,1,1,2,0
15801,3,4,15,4,1,1,0,1,2,2,0
15802,4,6,15,4,1,1,1,1,2,2,0
15803,9,4,15,4,4,1,1,1,2,2,0
15804,8,7,8,4,1,1,0,1,1,2,0
15805,3,4,7,4,12,1,1,0,1,2,0
15806,11,4,1,2,14,0,1,1,2,2,1
15807,6,4,2,2,8,5,1,0,2,2,1
15808,7,4,4,2,12,0,1,1,2,2,1
15809,8,6,9,5,12,1,1,1,2,2,0
15810,9,4,11,2,3,5,1,0,2,2,1
15811,4,4,11,4,12,1,1,0,2,4,0
15812,9,4,12,2,4,5,1,0,2,2,1
15813,7,4,11,2,6,0,0,1,3,0,1
15814,6,4,12,0,5,4,1,1,2,2,0
15815,8,4,8,0,4,1,1,0,2,2,0
15816,8,4,11,2,1,0,0,1,2,2,0
15817,8,4,15,2,4,0,1,1,2,2,0
15818,6,4,12,4,4,1,1,1,2,2,0
15819,8,4,11,2,3,0,1,1,2,2,0
15820,9,4,11,2,7,0,1,1,4,2,1
15821,15,5,11,6,1,4,0,0,2,2,0
15822,6,4,12,2,12,0,1,1,1,2,1
15823,8,0,5,2,0,0,1,1,1,2,0
15824,6,2,15,4,14,1,1,1,2,2,0
15825,4,4,11,4,1,1,1,0,2,2,0
15826,5,4,11,4,3,1,1,1,2,2,0
15827,9,4,9,2,4,0,0,1,2,2,0
15828,10,4,11,2,1,5,1,0,2,2,0
15829,6,4,8,2,3,0,1,1,2,2,0
15830,8,4,15,2,4,0,1,1,4,0,1
15831,9,4,9,0,10,1,0,0,2,0,0
15832,9,4,3,2,12,0,1,1,2,2,0
15833,12,4,15,5,1,1,1,0,2,2,0
15834,4,6,12,4,4,1,1,1,2,2,0
15835,3,4,12,4,5,3,1,0,2,2,0
15836,6,4,15,2,8,0,1,1,0,2,1
15837,4,4,7,6,12,3,1,0,2,2,0
15838,6,4,13,0,8,1,1,0,0,0,0
15839,10,4,15,2,3,0,1,1,3,2,0
15840,8,4,11,5,14,0,1,1,2,2,0
15841,5,0,9,2,0,0,1,1,0,1,1
15842,6,1,11,2,3,0,1,1,2,2,0
15843,5,2,5,4,11,2,0,1,1,2,0
15844,5,4,12,4,10,3,1,0,2,2,0
15845,8,4,9,2,10,0,1,1,3,2,0
15846,8,2,11,0,10,4,1,0,0,2,0
15847,5,4,9,2,10,0,1,1,1,2,0
15848,8,1,5,0,3,4,1,1,2,2,0
15849,5,4,9,4,4,1,1,1,2,2,0
15850,7,7,11,2,1,0,1,1,2,2,0
15851,11,5,11,2,3,0,1,1,1,2,0
15852,5,4,9,4,10,1,1,1,2,1,0
15853,4,4,12,4,4,1,1,0,3,2,0
15854,6,6,11,4,3,1,0,1,2,2,0
15855,10,4,0,2,13,0,1,1,2,2,0
15856,7,4,9,4,13,1,1,0,2,2,0
15857,4,4,15,4,1,3,0,0,2,2,0
15858,4,6,11,4,12,4,1,0,2,2,0
15859,6,0,1,2,0,0,1,1,0,2,0
15860,7,4,15,2,1,0,1,1,1,2,0
15861,5,7,9,0,1,4,0,0,2,2,0
15862,9,4,11,0,14,1,1,1,1,2,0
15863,7,2,1,4,12,3,1,1,1,2,0
15864,4,6,15,2,5,0,1,1,1,2,1
15865,6,8,9,0,13,4,0,0,1,2,0
15866,9,2,5,4,11,4,1,0,2,2,0
15867,7,4,7,2,4,0,1,1,2,2,0
15868,7,4,11,2,3,0,1,1,2,2,0
15869,12,4,14,0,3,1,1,1,2,2,0
15870,4,4,9,4,13,2,1,0,2,2,0
15871,9,4,11,2,12,0,1,1,2,2,0
15872,11,4,1,2,8,0,1,1,1,2,1
15873,13,6,9,6,10,4,1,0,1,2,0
15874,10,4,15,2,12,0,1,1,0,2,0
15875,7,6,14,2,10,0,1,1,1,2,0
15876,11,7,10,2,10,0,1,1,3,2,0
15877,12,4,15,4,4,1,1,1,1,2,0
15878,4,4,9,4,8,1,1,0,2,2,0
15879,9,4,8,2,6,0,1,1,2,2,0
15880,8,7,11,4,8,4,1,0,1,2,0
15881,5,2,9,4,10,3,1,1,1,2,0
15882,6,4,9,2,4,0,1,1,2,2,0
15883,5,4,15,4,9,1,1,1,2,2,0
15884,9,4,15,0,7,1,1,1,2,2,0
15885,4,4,7,4,4,1,1,1,2,2,0
15886,11,4,9,2,10,0,1,1,1,2,0
15887,5,5,9,2,10,5,1,0,0,2,1
15888,8,4,15,2,4,0,1,1,3,2,1
15889,7,4,15,2,12,0,1,1,2,2,0
15890,5,7,9,4,1,1,0,0,2,2,0
15891,4,4,15,4,3,3,1,1,3,2,0
15892,4,6,15,4,12,2,1,1,2,2,0
15893,6,1,8,0,10,1,1,0,3,2,0
15894,8,4,11,0,1,1,1,0,2,2,0
15895,3,4,15,4,4,1,1,0,2,2,0
15896,8,1,11,5,7,4,1,0,2,2,0
15897,8,4,11,2,12,0,1,1,1,0,0
15898,9,4,11,0,1,4,1,0,2,0,0
15899,3,2,0,4,3,1,1,1,2,2,0
15900,8,4,11,0,6,4,1,0,1,2,0
15901,8,4,15,2,8,5,1,0,1,2,0
15902,7,4,11,4,12,3,1,0,2,2,0
15903,9,2,12,2,6,0,1,1,2,2,0
15904,5,0,15,0,0,1,1,0,1,2,0
15905,7,4,7,4,1,3,0,0,2,2,0
15906,8,4,10,2,10,0,1,1,2,2,0
15907,16,2,10,6,10,1,0,0,2,2,0
15908,10,4,11,2,3,0,1,1,2,4,0
15909,4,4,9,4,10,1,1,1,2,2,0
15910,8,4,9,0,13,4,1,0,2,2,0
15911,4,4,11,4,4,3,1,0,2,2,0
15912,11,4,5,2,11,0,1,1,2,2,1
15913,4,4,11,4,1,4,1,0,1,2,0
15914,6,2,8,2,11,0,1,1,2,2,1
15915,4,0,11,4,0,1,1,0,1,2,0
15916,13,4,11,0,14,1,1,1,3,2,0
15917,6,4,15,2,4,0,1,1,2,2,0
15918,7,4,5,5,14,1,1,1,2,2,0
15919,11,4,2,4,13,1,1,0,1,2,0
15920,4,4,1,4,8,2,1,0,1,2,0
15921,5,4,15,2,1,2,1,0,2,2,0
15922,9,4,9,2,1,0,1,1,1,2,0
15923,5,4,9,2,4,0,1,1,2,2,1
15924,8,2,9,2,10,0,1,1,1,2,1
15925,4,4,12,5,12,4,1,0,2,2,0
15926,9,4,11,2,4,0,1,1,4,2,0
15927,10,2,15,2,6,0,0,1,2,2,0
15928,5,4,9,4,10,3,1,1,1,2,0
15929,12,2,11,0,4,2,1,1,2,2,0
15930,6,5,11,2,4,0,1,1,2,2,0
15931,3,4,11,4,8,1,1,0,1,2,0
15932,7,4,11,6,7,1,0,0,2,2,0
15933,7,0,9,2,0,5,1,0,1,2,1
15934,7,2,11,6,1,3,1,0,2,2,0
15935,5,4,0,2,6,0,1,1,2,2,1
15936,8,4,1,2,14,0,1,1,2,2,1
15937,6,4,15,2,1,5,1,0,1,2,0
15938,6,4,11,4,7,1,1,1,2,2,0
15939,12,4,9,5,12,4,1,1,1,2,0
15940,12,4,12,0,10,4,1,0,2,2,0
15941,12,4,8,0,7,4,1,1,2,2,0
15942,3,6,12,4,4,3,1,0,2,2,0
15943,7,7,15,2,1,0,1,1,1,2,0
15944,11,4,15,2,12,5,1,0,2,2,0
15945,12,4,12,2,1,5,1,0,2,2,1
15946,7,7,15,2,1,0,0,1,1,2,1
15947,9,2,14,2,10,0,0,1,2,2,0
15948,6,2,15,2,11,0,1,1,2,2,0
15949,9,4,11,4,8,1,0,0,2,2,0
15950,4,4,11,4,7,1,1,0,2,2,1
15951,8,4,0,0,7,1,0,0,2,2,0
15952,3,6,9,4,10,3,1,0,2,2,0
15953,10,4,0,2,7,0,1,1,2,2,0
15954,3,4,1,4,12,3,1,0,4,2,0
15955,5,4,11,2,5,0,1,1,2,2,1
15956,4,4,15,4,12,3,0,1,2,2,0
15957,8,2,6,2,5,0,1,1,2,2,1
15958,10,4,6,2,3,0,1,1,2,2,0
15959,9,7,9,2,10,0,1,1,2,0,0
15960,5,6,12,2,10,0,1,1,1,2,0
15961,11,4,9,2,4,0,1,1,2,2,1
15962,7,4,11,4,14,1,1,1,2,2,0
15963,6,2,15,2,10,0,1,1,2,2,1
15964,10,7,11,2,1,0,1,1,2,2,0
15965,6,2,11,2,1,0,0,1,2,2,1
15966,5,4,12,4,10,3,1,1,0,2,1
15967,8,5,5,0,0,4,1,0,0,2,0
15968,4,4,15,6,8,1,1,1,2,2,0
15969,9,1,15,0,1,1,0,0,4,2,0
15970,7,4,15,5,4,4,1,0,2,2,0
15971,11,4,15,0,13,1,1,1,2,2,0
15972,10,4,11,2,14,0,0,1,2,2,1
15973,6,4,6,2,3,0,1,1,3,2,0
15974,8,4,9,4,1,4,1,0,2,2,0
15975,6,4,15,1,4,3,1,1,2,1,0
15976,8,4,11,5,3,1,1,1,2,2,0
15977,10,4,11,0,8,1,1,0,1,2,0
15978,3,0,9,4,4,1,1,1,2,4,0
15979,9,4,6,2,3,0,1,1,2,2,1
15980,4,4,15,4,1,1,1,1,2,2,0
15981,9,4,9,0,10,4,1,0,1,2,0
15982,4,4,11,5,3,4,1,0,1,2,0
15983,8,4,11,2,6,0,1,1,1,2,1
15984,7,4,8,2,12,0,1,1,1,2,0
15985,10,6,15,2,8,0,1,1,1,2,1
15986,11,4,12,0,4,4,1,0,2,2,0
15987,5,6,12,4,10,1,1,1,2,2,0
15988,6,4,11,2,13,5,1,0,2,2,1
15989,7,4,12,2,10,0,1,1,2,2,0
15990,10,4,7,2,12,0,1,1,3,2,0
15991,4,4,15,4,1,1,1,0,2,2,0
15992,9,4,11,2,8,0,1,1,2,2,0
15993,6,2,12,2,4,0,1,1,3,2,1
15994,7,4,11,2,7,0,1,1,2,0,0
15995,7,6,2,4,8,3,1,0,1,2,0
15996,8,1,9,0,10,1,0,1,2,2,0
15997,9,5,11,0,1,4,1,0,1,2,0
15998,6,4,9,4,1,1,1,0,0,2,0
15999,8,7,11,2,8,0,1,1,0,2,0
16000,10,2,9,0,4,1,1,0,2,2,0
16001,6,4,7,2,12,0,1,1,2,2,1
16002,3,4,5,4,11,1,1,1,2,4,0
16003,9,5,11,4,7,3,1,0,2,2,0
16004,4,4,0,4,4,1,1,1,2,2,0
16005,6,7,10,4,10,3,1,1,3,2,0
16006,4,7,12,4,10,3,1,1,2,2,0
16007,6,4,9,4,12,1,1,1,4,2,0
16008,4,4,15,4,3,3,1,1,2,2,0
16009,8,4,11,0,8,4,1,1,2,2,0
16010,4,4,10,4,10,1,0,1,2,2,0
16011,11,2,11,2,5,0,1,1,3,2,0
16012,5,4,11,2,3,0,0,1,3,2,1
16013,7,4,15,2,13,0,1,1,2,2,0
16014,4,4,13,2,14,0,1,1,2,2,0
16015,6,5,15,2,7,0,1,1,2,2,1
16016,7,4,1,4,3,3,0,1,2,1,0
16017,8,1,11,4,14,3,1,1,2,2,0
16018,9,4,15,2,1,0,1,1,2,2,0
16019,8,0,9,2,4,0,1,1,2,2,0
16020,8,1,12,4,10,3,1,1,1,2,0
16021,7,4,15,2,10,0,1,1,1,2,1
16022,6,4,6,2,3,0,1,1,2,2,0
16023,3,4,9,4,13,4,1,0,2,2,0
16024,7,4,15,0,7,4,0,0,2,2,0
16025,5,4,9,4,10,3,0,0,0,2,0
16026,10,5,11,2,7,0,0,1,4,2,0
16027,4,4,11,6,3,1,1,1,2,2,0
16028,10,1,8,2,14,0,1,1,2,2,0
16029,12,0,11,2,4,0,1,1,2,2,0
16030,9,4,3,2,12,0,0,1,1,2,0
16031,12,4,15,0,4,1,1,1,1,2,0
16032,4,4,11,4,11,3,1,1,1,2,0
16033,14,4,11,0,6,1,0,0,2,2,0
16034,5,4,7,2,1,0,0,1,2,2,1
16035,9,6,0,2,13,0,1,1,1,2,0
16036,7,4,11,2,1,5,1,0,2,0,0
16037,4,7,9,4,8,1,1,0,2,2,0
16038,3,7,15,4,4,3,0,0,2,2,1
16039,7,4,5,2,1,0,1,1,2,2,0
16040,3,7,11,4,1,4,1,0,0,2,0
16041,9,6,14,2,3,0,1,1,2,2,1
16042,4,4,6,4,5,1,1,1,1,2,0
16043,8,4,11,2,12,0,1,1,1,2,1
16044,7,6,11,2,3,0,1,1,2,2,0
16045,7,4,7,2,1,0,1,1,2,2,0
16046,8,4,11,2,14,0,1,1,2,2,1
16047,9,4,9,0,4,1,1,1,2,2,1
16048,12,4,15,2,7,0,1,1,2,2,0
16049,7,4,7,6,4,1,1,1,2,2,0
16050,10,7,9,0,1,1,1,0,1,2,0
16051,4,7,11,4,1,1,1,0,1,2,0
16052,4,4,11,4,7,3,1,0,2,2,0
16053,7,4,11,2,3,0,1,1,2,2,1
16054,6,4,15,0,12,4,1,0,2,2,0
16055,7,7,9,2,10,1,1,1,1,2,0
16056,7,4,11,2,8,0,1,1,2,2,1
16057,7,8,9,0,8,4,1,0,1,2,0
16058,5,4,11,4,8,1,1,0,1,2,1
16059,5,4,11,0,8,4,1,0,1,2,0
16060,7,1,12,2,1,0,1,1,2,2,0
16061,7,0,11,2,0,0,1,1,2,2,0
16062,6,4,15,0,1,1,1,0,2,2,0
16063,7,4,4,2,13,0,1,1,2,2,0
16064,7,4,15,4,4,1,1,1,2,2,0
16065,5,4,15,4,1,3,1,1,2,2,0
16066,6,6,15,4,8,1,1,1,2,2,0
16067,4,2,10,0,10,1,1,1,1,2,0
16068,6,4,14,4,10,3,1,0,0,2,0
16069,9,8,2,2,13,5,1,0,2,2,0
16070,7,4,15,2,11,0,1,1,2,2,0
16071,5,4,9,4,4,1,1,1,2,2,0
16072,11,4,11,2,6,5,1,0,2,2,0
16073,4,4,7,4,4,3,1,1,2,2,0
16074,5,0,1,4,0,1,1,0,1,2,0
16075,13,4,7,0,12,1,1,1,2,2,0
16076,11,6,11,2,3,0,1,1,2,2,1
16077,9,4,15,4,1,1,1,0,2,2,0
16078,6,4,15,2,8,5,1,0,0,2,0
16079,12,2,11,2,5,0,1,1,2,2,1
16080,7,4,11,4,14,1,1,1,2,2,0
16081,7,4,11,6,14,3,1,1,2,2,0
16082,5,4,11,2,3,0,0,1,2,2,1
16083,13,2,7,2,11,0,1,1,2,2,0
16084,5,4,9,4,10,3,1,1,2,2,0
16085,10,6,15,2,5,0,1,1,3,2,1
16086,8,6,11,2,3,0,1,1,2,2,1
16087,7,4,11,4,3,4,1,1,2,2,0
16088,8,2,14,2,10,0,0,1,2,2,0
16089,7,4,6,2,14,0,1,1,2,2,0
16090,7,6,9,2,10,0,1,1,1,2,0
16091,8,4,5,0,3,1,1,1,2,2,0
16092,6,4,9,0,10,1,0,1,2,2,0
16093,7,4,0,2,6,5,0,0,2,2,0
16094,7,4,11,2,14,0,1,1,2,2,0
16095,4,4,8,4,3,1,1,1,2,2,0
16096,9,4,15,2,12,0,1,1,1,2,0
16097,7,4,11,2,7,0,1,1,2,2,0
16098,6,4,9,4,10,1,1,1,2,1,0
16099,9,0,11,0,0,4,1,0,1,2,0
16100,6,0,10,2,0,0,1,1,0,2,0
16101,5,4,1,4,8,3,1,0,2,2,0
16102,5,4,9,4,10,1,1,0,1,2,0
16103,8,6,9,5,4,4,1,0,4,2,0
16104,11,4,8,2,11,0,0,1,2,2,1
16105,5,4,11,4,1,4,1,0,1,2,0
16106,8,4,11,2,3,0,1,1,2,2,1
16107,7,7,11,2,8,5,1,0,1,2,0
16108,8,4,15,2,6,0,0,1,3,2,1
16109,9,4,9,2,4,0,1,1,2,2,0
16110,7,6,11,2,3,0,1,1,2,2,0
16111,5,4,1,4,8,2,1,0,0,2,0
16112,6,2,11,0,4,3,1,1,2,2,1
16113,6,4,15,4,12,3,1,1,4,2,0
16114,4,4,11,4,3,3,1,1,1,2,0
16115,6,4,11,4,14,1,1,1,2,2,1
16116,7,4,15,5,8,4,1,0,2,2,0
16117,7,4,11,0,3,1,1,1,2,2,0
16118,9,4,9,2,1,0,1,1,2,2,0
16119,4,4,15,0,12,4,0,1,2,2,0
16120,9,4,9,4,10,1,1,1,0,2,0
16121,7,5,9,2,4,0,1,1,2,2,0
16122,6,4,11,4,1,1,1,0,1,2,0
16123,8,4,11,2,3,0,1,1,2,2,1
16124,6,4,11,0,1,4,1,0,1,2,0
16125,10,1,9,2,1,0,1,1,2,2,1
16126,5,5,11,4,0,1,1,1,1,2,0
16127,5,4,15,4,8,3,1,1,2,2,0
16128,6,5,1,2,0,0,1,1,2,2,1
16129,10,4,11,2,8,5,1,0,2,2,0
16130,4,7,11,0,1,4,0,0,1,2,0
16131,11,0,5,2,0,0,1,1,0,2,0
16132,7,4,11,4,8,1,1,1,2,2,0
16133,10,4,15,0,6,1,1,1,2,2,0
16134,4,4,11,5,8,4,1,0,2,2,0
16135,8,4,11,0,14,1,1,1,2,2,0
16136,8,4,11,0,12,4,1,0,2,0,0
16137,12,4,11,4,12,3,0,1,2,2,0
16138,9,5,12,2,4,0,1,1,1,2,1
16139,6,7,9,2,10,0,1,1,2,2,1
16140,11,4,12,2,5,0,1,1,1,2,0
16141,3,4,11,4,3,3,1,1,2,3,0
16142,7,6,15,2,3,0,1,1,2,2,0
16143,10,4,11,2,3,0,1,1,2,2,1
16144,7,0,11,2,0,0,1,1,1,2,1
16145,16,1,9,0,4,1,1,1,2,2,0
16146,7,6,11,2,3,0,1,1,2,2,0
16147,9,7,15,0,10,4,1,0,1,2,0
16148,8,4,11,4,3,4,1,1,2,2,0
16149,9,4,15,5,12,1,1,0,3,2,0
16150,9,4,11,2,1,0,0,1,1,2,0
16151,6,4,11,4,8,3,0,0,0,2,0
16152,6,4,7,4,7,1,1,0,2,2,0
16153,8,2,9,0,10,4,1,0,2,2,0
16154,9,4,11,0,13,4,1,0,2,2,0
16155,7,4,15,2,1,0,1,1,1,2,0
16156,5,6,11,2,3,0,1,1,2,2,0
16157,8,4,15,2,4,5,1,0,2,2,1
16158,3,4,9,4,10,3,1,0,2,2,0
16159,9,4,11,4,13,1,1,0,2,2,0
16160,4,0,11,4,0,1,1,1,1,2,0
16161,6,4,11,2,6,0,1,1,1,2,0
16162,5,6,9,4,1,1,1,1,2,2,0
16163,11,2,12,2,1,0,0,1,2,2,1
16164,10,4,4,2,13,5,1,0,2,2,1
16165,8,4,9,2,10,0,1,1,2,2,1
16166,4,1,10,4,10,1,1,1,2,2,0
16167,9,4,0,4,3,3,1,1,2,2,1
16168,13,4,11,2,4,0,0,1,2,2,1
16169,10,4,14,2,14,0,1,1,2,2,0
16170,4,4,11,4,4,3,1,1,2,2,0
16171,9,4,15,5,8,1,1,0,2,2,0
16172,16,4,9,2,7,0,1,1,2,2,0
16173,7,5,11,2,3,0,0,1,1,2,0
16174,6,2,9,2,6,0,1,1,2,1,0
16175,3,4,8,4,3,1,1,0,2,2,0
16176,9,2,14,0,10,3,0,1,2,2,1
16177,8,4,11,5,7,4,1,0,2,2,0
16178,10,4,10,0,7,1,1,0,4,2,0
16179,5,4,11,2,3,0,1,1,2,2,0
16180,4,4,11,6,1,1,0,0,0,2,0
16181,4,2,9,4,10,3,1,0,0,2,0
16182,7,4,15,2,10,5,1,0,2,1,1
16183,9,4,9,0,10,1,1,0,2,2,0
16184,6,4,15,2,14,0,1,1,2,2,1
16185,7,4,15,2,8,0,1,1,1,2,0
16186,6,4,11,2,7,0,1,1,2,2,1
16187,3,4,11,4,6,3,0,0,2,0,0
16188,7,4,11,2,7,0,1,1,2,2,1
16189,7,2,14,2,10,0,1,1,2,2,1
16190,8,6,9,0,10,2,1,0,2,2,0
16191,10,4,15,2,12,2,1,1,1,2,0
16192,8,4,15,2,8,0,1,1,1,2,0
16193,10,4,11,2,14,0,1,1,2,2,1
16194,7,4,1,4,7,4,1,0,2,2,0
16195,9,4,7,4,12,1,1,1,2,2,0
16196,10,5,12,2,10,0,0,1,1,2,0
16197,13,7,9,5,11,1,1,1,2,2,0
16198,7,4,15,2,12,5,1,0,2,2,0
16199,5,4,15,4,12,1,1,0,1,2,0
16200,3,4,11,4,3,3,1,1,2,2,0
16201,6,4,9,4,1,1,0,0,2,0,0
16202,7,7,9,0,11,4,0,0,2,2,0
16203,7,4,11,2,4,0,1,1,2,2,0
16204,8,4,11,2,8,0,1,1,2,2,1
16205,7,4,15,5,4,3,0,1,2,2,0
16206,9,7,10,0,10,4,1,0,1,2,0
16207,9,4,14,5,14,4,1,1,1,2,0
16208,6,2,15,0,1,4,1,0,2,2,0
16209,7,4,11,2,1,5,1,0,2,2,0
16210,9,4,11,0,8,1,1,1,1,2,0
16211,6,7,11,4,1,1,1,1,2,2,0
16212,5,4,5,4,10,1,1,0,2,2,0
16213,3,4,9,4,8,3,1,1,0,3,0
16214,4,2,15,4,11,1,1,1,2,2,0
16215,10,4,15,2,8,0,1,1,1,2,1
16216,8,4,11,0,1,4,1,0,2,2,1
16217,5,4,9,4,13,4,0,0,2,2,0
16218,5,4,11,4,4,3,1,1,2,2,1
16219,6,4,11,4,5,1,1,1,2,2,0
16220,5,4,9,4,7,3,1,0,2,2,0
16221,17,4,9,0,8,4,0,0,1,2,0
16222,5,4,0,4,13,1,1,0,0,2,0
16223,16,4,11,6,1,4,0,1,2,2,0
16224,9,4,1,2,8,0,1,1,2,2,1
16225,5,7,9,2,10,0,1,1,0,2,1
16226,7,4,2,2,8,0,1,1,0,2,1
16227,4,4,11,2,12,0,0,1,3,2,1
16228,5,4,12,0,2,2,1,1,2,1,0
16229,8,4,8,0,10,1,1,1,2,2,1
16230,8,4,15,0,10,1,1,1,3,2,0
16231,6,4,9,2,12,5,1,0,1,3,0
16232,10,4,11,2,6,0,1,1,2,2,0
16233,6,6,11,0,12,1,1,1,2,2,0
16234,6,6,11,2,8,0,1,1,0,2,1
16235,7,4,14,2,3,0,0,1,1,2,1
16236,4,4,9,4,10,3,1,1,2,2,0
16237,7,4,9,5,11,1,0,1,2,2,0
16238,5,0,9,4,0,3,1,0,2,2,0
16239,10,6,11,0,8,2,1,0,2,2,0
16240,8,4,9,2,8,0,1,1,1,0,0
16241,5,4,15,4,12,3,1,1,0,2,0
16242,7,4,15,2,13,0,1,1,2,2,0
16243,7,4,9,2,12,0,1,1,2,2,0
16244,7,4,15,2,8,0,1,1,2,2,0
16245,11,2,9,2,4,0,1,1,2,2,0
16246,7,4,11,2,7,0,1,1,2,2,0
16247,9,4,12,2,10,0,1,1,2,2,1
16248,9,4,8,2,3,0,1,1,2,2,0
16249,9,4,15,0,12,1,1,1,2,2,0
16250,9,4,8,2,11,0,0,1,2,2,1
16251,6,0,15,3,0,5,1,0,1,2,0
16252,4,4,1,4,12,1,1,0,2,2,0
16253,8,0,11,2,0,0,1,1,1,2,0
16254,13,0,5,2,0,5,1,0,2,2,0
16255,3,0,15,4,0,2,1,1,2,2,0
16256,9,4,12,0,10,4,1,0,3,2,1
16257,5,4,12,4,10,1,1,0,2,2,0
16258,10,4,12,2,4,0,1,1,1,2,1
16259,13,4,5,2,3,0,1,1,2,2,0
16260,5,6,15,4,12,3,1,0,2,2,0
16261,8,4,11,0,8,4,1,0,0,2,0
16262,9,4,11,2,11,0,1,1,2,1,0
16263,5,0,9,4,0,4,1,0,1,2,0
16264,9,0,1,0,0,1,1,1,0,0,0
16265,4,4,15,4,1,4,1,0,2,2,0
16266,6,4,12,4,6,3,1,1,2,1,0
16267,13,5,9,2,4,0,1,1,2,2,0
16268,6,0,15,3,0,1,1,0,1,2,1
16269,10,2,15,2,4,0,1,1,2,2,1
16270,8,4,11,0,3,1,1,1,2,2,0
16271,12,4,15,2,14,0,1,1,2,2,1
16272,6,4,11,2,12,0,1,1,2,2,1
16273,11,4,12,2,4,0,1,1,2,2,0
16274,4,4,11,4,4,1,1,0,2,2,0
16275,3,0,15,4,0,3,0,1,0,4,0
16276,4,7,11,4,11,3,1,1,2,2,0
16277,7,4,11,2,3,5,1,0,1,2,0
16278,4,6,7,4,4,1,1,1,2,2,0
16279,8,4,11,2,8,0,1,1,1,2,0
16280,11,4,11,2,4,0,0,1,2,2,0
16281,10,0,1,2,0,5,0,0,2,2,0
16282,4,2,9,4,12,3,1,0,2,2,0
16283,12,4,11,2,8,0,0,1,2,2,1
16284,9,2,11,2,5,0,1,1,2,2,0
16285,12,4,11,2,7,0,0,1,2,2,1
16286,5,4,9,4,4,1,1,0,2,2,0
16287,12,4,11,2,1,5,1,0,2,2,0
16288,8,1,8,5,10,4,1,0,2,2,0
16289,12,4,9,2,11,5,1,0,2,2,1
16290,4,4,1,0,3,3,1,1,2,2,0
16291,10,4,7,0,12,1,1,0,2,2,1
16292,12,4,7,2,12,5,1,0,3,2,0
16293,3,4,11,4,3,1,1,1,2,2,0
16294,17,6,11,2,3,0,1,1,2,2,1
16295,9,6,11,4,1,3,1,0,1,2,0
16296,5,4,15,2,1,0,1,1,2,2,1
16297,10,5,15,2,10,0,1,1,2,2,0
16298,4,5,9,6,1,1,1,0,2,2,0
16299,4,4,15,4,3,1,1,1,2,2,0
16300,7,4,8,2,12,0,1,1,4,2,1
16301,10,4,0,2,6,0,1,1,1,2,0
16302,6,2,10,4,10,2,1,0,2,2,0
16303,10,4,11,2,3,0,1,1,3,2,0
16304,12,4,14,2,10,0,1,1,2,2,0
16305,11,4,15,2,3,0,0,1,2,2,0
16306,6,4,9,4,10,2,1,1,2,2,0
16307,6,4,15,0,12,1,1,0,2,2,0
16308,4,4,0,4,7,1,0,0,2,2,0
16309,11,4,7,2,3,0,1,1,2,2,1
16310,7,4,11,5,1,1,0,0,2,2,0
16311,4,4,8,4,10,1,0,0,1,2,0
16312,5,4,1,4,12,1,1,1,2,2,0
16313,11,6,11,2,3,0,1,1,2,2,1
16314,4,4,15,4,4,1,1,1,2,2,0
16315,6,4,11,2,1,0,1,1,0,2,0
16316,12,4,11,2,14,0,1,1,1,2,1
16317,4,4,8,4,3,3,1,1,2,2,1
16318,8,2,5,0,11,1,1,1,2,2,0
16319,6,6,11,2,3,0,1,1,2,2,0
16320,7,4,9,0,8,1,0,0,2,2,0
16321,12,4,11,2,14,0,1,1,2,2,1
16322,8,4,15,5,8,1,1,0,2,2,0
16323,11,4,0,0,3,1,1,1,2,2,0
16324,7,4,1,2,12,2,1,0,1,2,1
16325,6,7,11,2,8,0,1,1,2,2,1
16326,10,0,11,2,0,0,1,1,0,2,1
16327,5,4,1,4,8,3,1,0,2,2,0
16328,6,2,8,2,11,0,0,1,2,0,0
16329,8,4,1,2,14,0,1,1,2,2,0
16330,8,4,11,2,12,0,1,1,2,2,0
16331,7,6,11,2,3,0,1,1,2,2,0
16332,8,2,11,2,11,0,0,1,1,2,1
16333,5,4,11,4,8,1,1,0,1,2,0
16334,3,5,11,4,5,3,1,0,2,2,0
16335,6,4,3,2,14,0,1,1,1,2,0
16336,7,4,6,4,8,1,1,0,1,2,0
16337,4,5,11,4,10,1,0,0,2,2,0
16338,9,4,7,2,12,0,1,1,2,2,0
16339,5,4,15,2,12,0,1,1,2,2,0
16340,7,4,4,2,13,0,1,1,2,2,0
16341,12,4,15,2,12,0,1,1,2,2,0
16342,7,4,9,5,12,4,1,1,3,2,0
16343,7,4,11,2,4,4,1,0,2,2,0
16344,12,4,11,6,7,4,1,0,4,2,0
16345,8,0,9,2,0,0,1,1,0,2,0
16346,7,4,9,2,10,0,1,1,2,2,1
16347,13,4,15,0,10,1,1,1,3,2,0
16348,6,4,11,3,1,5,1,0,2,0,0
16349,12,4,9,2,10,0,0,1,2,2,0
16350,6,4,11,2,1,0,0,1,2,2,1
16351,7,4,15,5,1,1,1,1,2,2,0
16352,5,4,0,4,8,1,1,1,2,2,1
16353,5,4,9,4,12,1,1,1,2,2,1
16354,4,4,11,4,3,1,1,1,2,2,0
16355,8,4,0,2,3,0,1,1,2,2,1
16356,9,4,9,2,4,0,1,1,3,2,0
16357,13,4,11,2,3,0,1,1,2,2,0
16358,9,4,12,2,4,0,1,1,2,2,0
16359,15,4,11,0,8,4,1,0,0,2,0
16360,5,4,11,4,7,3,0,1,2,2,0
16361,8,4,11,4,6,1,1,1,2,2,0
16362,6,4,15,4,1,3,0,1,2,2,0
16363,6,7,5,2,10,0,1,1,2,2,1
16364,8,6,15,0,10,1,1,0,3,2,0
16365,9,4,11,2,3,0,1,1,2,0,0
16366,9,4,15,2,12,0,1,1,2,2,1
16367,7,4,11,2,8,0,1,1,2,2,1
16368,13,4,15,2,4,0,1,1,2,2,1
16369,10,4,15,0,12,1,1,1,2,2,0
16370,4,5,15,4,4,1,1,1,2,2,0
16371,9,4,11,5,4,0,0,1,2,2,0
16372,6,4,8,2,7,0,1,1,2,2,1
16373,7,4,9,4,13,1,1,0,2,2,0
16374,3,4,7,4,4,3,1,1,2,3,0
16375,8,4,9,2,10,5,0,0,2,2,1
16376,3,4,13,4,12,1,1,0,2,2,0
16377,5,0,5,4,0,2,1,0,2,2,0
16378,9,6,11,2,3,0,1,1,2,2,1
16379,7,2,11,4,8,3,1,0,0,2,0
16380,3,4,8,4,10,1,1,1,2,2,0
16381,9,4,5,2,3,0,1,1,2,1,0
16382,4,4,11,4,3,3,1,1,2,2,0
16383,11,4,9,6,13,0,1,1,2,2,0
16384,8,1,11,2,3,0,1,1,2,2,0
16385,10,4,15,2,6,0,0,1,2,2,1
16386,12,4,14,2,3,0,1,1,2,2,1
16387,7,4,11,0,8,4,1,0,2,2,0
16388,14,4,5,0,3,1,1,1,1,2,0
16389,6,4,9,2,13,0,1,1,2,2,0
16390,3,4,15,4,1,1,0,1,2,2,0
16391,9,4,1,0,8,4,1,0,1,2,0
16392,7,0,5,2,0,0,1,1,2,2,1
16393,9,4,4,2,13,5,1,0,2,2,1
16394,8,4,6,0,8,4,0,0,2,2,0
16395,10,4,9,2,10,0,1,1,1,2,1
16396,11,4,11,2,6,0,1,1,2,2,1
16397,10,4,11,0,3,1,1,1,2,2,0
16398,4,2,11,4,8,3,1,0,2,2,0
16399,8,2,11,0,5,4,1,1,1,2,0
16400,3,4,9,4,4,3,1,0,2,2,0
16401,8,4,11,4,8,3,1,0,2,0,0
16402,5,2,12,0,4,4,1,0,2,2,0
16403,4,4,1,4,14,3,1,1,1,2,0
16404,12,4,12,4,4,2,1,1,2,2,1
16405,13,4,15,5,10,4,1,0,2,2,0
16406,11,0,6,2,0,0,0,1,0,2,1
16407,4,4,9,6,10,1,1,0,2,2,0
16408,6,4,15,0,4,1,1,0,2,2,0
16409,8,6,11,2,3,0,1,1,2,2,0
16410,6,4,1,2,14,0,1,1,2,2,0
16411,13,4,9,2,12,0,1,1,1,2,0
16412,4,6,9,0,13,1,1,0,2,2,0
16413,7,4,15,2,12,0,1,1,2,1,1
16414,11,4,15,0,8,1,1,0,2,2,0
16415,3,7,12,4,10,1,1,0,1,2,0
16416,10,6,12,2,4,0,1,1,1,2,1
16417,9,4,11,5,5,4,1,1,2,2,0
16418,11,4,12,2,10,0,1,1,2,2,1
16419,6,6,5,1,3,0,1,1,2,2,1
16420,8,4,15,0,10,1,0,0,2,2,0
16421,7,4,15,2,4,0,1,1,2,2,1
16422,5,4,11,4,6,3,1,1,2,2,0
16423,6,4,11,4,4,1,0,1,2,2,0
16424,5,4,1,2,14,0,1,1,2,2,1
16425,11,4,15,6,1,1,0,0,2,2,0
16426,4,5,9,4,10,4,1,0,3,2,0
16427,9,6,11,2,3,5,1,0,2,2,0
16428,6,5,6,0,5,1,1,1,2,2,0
16429,6,6,15,2,8,0,1,1,2,1,0
16430,8,5,12,0,5,1,1,1,3,2,0
16431,4,4,7,6,11,4,0,0,2,2,0
16432,4,4,13,4,14,3,1,1,2,3,0
16433,14,5,0,2,3,0,1,1,2,2,1
16434,8,4,15,5,8,1,1,0,0,2,0
16435,6,4,15,4,9,3,1,0,2,2,0
16436,5,4,11,2,1,5,0,0,2,2,0
16437,7,1,15,4,3,1,0,1,2,2,0
16438,7,4,11,2,12,0,1,1,2,2,1
16439,8,4,12,0,10,1,1,0,2,0,0
16440,5,6,11,6,12,4,0,0,2,2,0
16441,6,4,15,4,1,1,0,0,2,2,0
16442,5,6,15,4,12,4,1,0,1,2,1
16443,5,4,15,4,6,1,1,0,2,2,0
16444,8,4,11,5,12,4,1,0,3,2,0
16445,5,4,9,4,8,4,1,0,2,2,0
16446,13,4,12,2,1,0,0,1,2,2,1
16447,7,5,9,2,4,0,1,1,2,2,0
16448,3,7,5,4,10,3,1,0,2,2,0
16449,8,4,9,4,12,1,1,1,2,2,0
16450,6,4,7,2,12,0,1,1,2,2,1
16451,8,2,12,0,10,1,1,1,2,2,1
16452,7,4,15,2,1,5,1,0,2,2,0
16453,4,0,15,4,0,3,1,0,0,2,0
16454,7,4,11,4,12,3,1,1,4,2,0
16455,10,4,11,2,3,0,1,1,2,2,1
16456,7,4,11,2,3,0,1,1,2,2,1
16457,4,6,7,4,4,1,1,0,3,2,0
16458,4,4,8,0,13,1,1,0,0,2,0
16459,5,4,11,4,6,2,1,1,2,2,0
16460,5,1,11,2,3,0,1,1,2,2,1
16461,7,4,11,0,12,1,1,1,0,2,0
16462,6,2,15,4,10,3,1,0,2,2,0
16463,4,4,11,4,1,1,0,0,2,2,0
16464,6,4,11,0,3,3,1,1,1,2,0
16465,6,4,11,2,3,0,1,1,1,1,0
16466,4,4,15,4,1,3,1,0,1,2,0
16467,4,4,11,4,7,1,0,0,2,2,0
16468,6,4,11,2,14,0,1,1,3,2,1
16469,7,4,11,2,14,0,1,1,2,2,0
16470,7,4,15,2,12,5,0,0,1,2,1
16471,4,4,0,0,7,1,0,1,2,2,0
16472,7,4,7,4,1,1,1,1,1,2,0
16473,7,2,11,2,5,0,1,1,2,2,1
16474,10,4,11,2,3,0,1,1,2,2,0
16475,9,2,7,2,3,0,1,1,2,2,0
16476,5,0,1,4,0,1,1,0,0,2,0
16477,8,4,12,0,1,4,1,0,1,2,0
16478,7,6,8,4,3,3,1,1,2,0,0
16479,6,4,15,0,1,4,0,0,1,2,0
16480,7,5,1,0,5,3,1,0,2,2,0
16481,4,4,15,4,11,3,1,1,1,2,0
16482,10,2,9,0,10,4,1,0,3,2,0
16483,4,4,11,4,1,3,1,0,0,2,0
16484,7,5,15,2,4,0,1,1,2,2,1
16485,10,4,9,2,4,0,1,1,2,2,0
16486,3,4,11,4,12,3,1,1,0,2,0
16487,6,4,8,0,13,1,1,0,1,2,0
16488,4,4,11,2,14,0,1,1,1,2,1
16489,17,4,15,2,4,5,1,0,2,2,0
16490,9,4,11,0,3,1,1,0,2,2,0
16491,10,4,15,2,4,0,1,1,1,2,1
16492,9,4,0,2,7,0,0,1,2,0,0
16493,7,4,15,0,10,1,1,0,2,2,0
16494,11,4,8,4,3,3,1,1,2,2,0
16495,3,4,15,4,14,1,1,1,2,2,0
16496,9,2,15,4,4,3,1,0,2,2,0
16497,6,0,15,4,0,4,1,0,1,2,0
16498,10,4,11,2,3,0,0,1,2,2,0
16499,10,4,8,0,12,4,0,0,3,2,0
16500,5,4,9,4,1,3,0,0,2,2,0
16501,6,4,5,0,10,4,1,0,3,2,1
16502,11,6,9,4,10,3,1,0,1,2,0
16503,5,4,11,4,3,1,1,1,2,2,0
16504,6,4,5,0,3,4,1,1,2,2,0
16505,8,4,3,0,13,4,1,0,1,2,0
16506,6,4,9,2,8,0,1,1,0,2,1
16507,8,7,15,2,10,0,1,1,0,2,0
16508,7,4,15,5,4,1,1,1,2,2,0
16509,7,4,3,2,8,5,1,0,2,2,1
16510,4,4,11,2,14,0,1,1,2,2,1
16511,6,4,5,2,3,0,1,1,2,2,1
16512,3,4,15,4,5,3,1,1,1,2,0
16513,11,4,12,2,4,0,1,1,2,2,1
16514,7,4,0,4,8,1,1,0,2,2,0
16515,4,6,14,4,10,3,1,0,0,2,0
16516,8,6,8,2,10,0,1,1,2,2,1
16517,12,4,12,2,4,0,1,1,2,2,0
16518,9,4,8,2,10,0,1,1,3,2,0
16519,4,7,15,4,10,3,0,0,2,2,1
16520,4,4,6,4,3,1,1,1,2,2,0
16521,4,4,11,2,4,0,1,1,2,2,1
16522,11,4,9,2,12,0,1,1,2,2,0
16523,8,4,1,2,14,0,1,1,2,2,0
16524,10,6,7,2,12,0,1,1,4,2,1
16525,11,1,11,2,3,0,1,1,2,2,0
16526,5,4,11,4,8,3,1,0,1,2,0
16527,7,4,11,5,7,1,1,1,2,0,0
16528,5,4,1,2,8,0,0,1,1,2,0
16529,10,4,9,2,4,5,1,0,2,2,0
16530,9,2,15,4,10,1,0,1,2,2,0
16531,6,2,15,2,1,5,1,0,2,2,0
16532,10,4,5,2,3,0,1,1,2,2,1
16533,5,4,9,4,4,1,1,1,2,2,0
16534,13,4,11,5,7,3,1,0,2,2,0
16535,8,4,15,2,10,0,1,1,2,2,0
16536,10,4,11,2,7,0,1,1,2,2,0
16537,4,1,11,4,1,1,0,0,1,2,0
16538,9,1,9,2,4,0,1,1,2,2,0
16539,6,4,9,4,8,3,1,1,1,2,0
16540,10,6,15,2,4,0,1,1,2,2,1
16541,10,7,9,0,11,4,1,1,2,2,1
16542,13,0,5,0,0,1,1,0,1,2,0
16543,7,4,8,2,3,2,1,1,2,2,1
16544,7,5,9,2,4,0,1,1,2,2,1
16545,7,6,8,2,3,0,1,1,1,2,0
16546,9,4,11,2,6,5,1,0,1,2,0
16547,7,4,11,0,4,4,1,0,2,2,0
16548,6,4,12,0,4,4,1,0,2,2,0
16549,7,6,11,2,10,0,0,1,1,2,0
16550,9,7,9,2,10,0,1,1,1,2,1
16551,3,2,11,4,3,3,1,1,2,2,0
16552,6,2,9,2,10,0,1,1,0,2,0
16553,11,5,11,2,4,0,1,1,2,2,1
16554,5,4,9,4,10,3,1,0,2,1,0
16555,10,4,11,2,3,0,1,1,2,2,1
16556,6,4,13,2,6,0,1,1,2,2,0
16557,4,6,12,4,12,3,1,0,2,2,0
16558,11,4,11,2,13,0,1,1,0,2,1
16559,9,4,15,2,5,0,1,1,2,2,0
16560,4,4,9,4,10,3,1,1,1,2,0
16561,6,4,15,4,10,3,1,1,2,2,0
16562,7,4,9,2,12,0,1,1,1,2,1
16563,9,4,11,2,11,0,0,1,2,0,0
16564,6,4,15,4,1,1,1,0,2,2,0
16565,7,4,15,2,3,0,1,1,2,2,1
16566,8,4,11,2,3,0,1,1,2,2,1
16567,12,4,11,2,6,5,1,0,2,2,1
16568,7,4,15,2,10,0,1,1,3,2,1
16569,6,4,11,4,6,1,0,1,1,4,0
16570,7,4,8,2,10,0,1,1,0,2,1
16571,10,4,11,2,1,0,1,1,0,2,0
16572,10,4,15,2,1,0,0,1,2,2,1
16573,4,4,8,4,13,1,1,1,1,2,0
16574,4,4,15,4,12,3,1,1,2,2,0
16575,8,4,1,2,3,0,1,1,0,2,0
16576,9,6,9,0,10,2,1,1,2,2,0
16577,9,4,11,2,3,0,1,1,2,2,1
16578,7,4,10,0,10,3,1,1,3,2,0
16579,7,4,11,2,3,0,1,1,2,2,1
16580,13,0,1,2,0,0,1,1,0,2,0
16581,6,4,15,2,8,0,1,1,1,2,1
16582,15,4,7,2,14,0,1,1,3,2,0
16583,8,2,11,2,3,0,1,1,2,2,0
16584,9,4,15,0,1,4,1,0,2,2,0
16585,5,0,11,4,0,1,1,1,2,2,0
16586,9,4,0,2,6,0,1,1,2,2,0
16587,8,4,11,2,3,0,1,1,2,2,0
16588,6,2,8,2,6,0,0,1,2,0,0
16589,7,7,11,2,10,0,1,1,3,2,1
16590,7,4,12,2,1,0,1,1,1,2,1
16591,8,4,11,2,6,0,1,1,3,2,0
16592,13,4,7,2,12,0,1,1,0,2,0
16593,3,4,11,4,7,3,1,0,2,2,0
16594,7,4,3,2,12,0,1,1,2,2,0
16595,4,4,15,4,1,1,1,0,2,2,0
16596,10,4,11,2,7,0,1,1,2,2,1
16597,9,4,12,0,4,1,1,1,2,0,0
16598,4,4,11,4,7,1,0,1,2,2,0
16599,9,4,11,4,12,1,1,1,2,2,0
16600,8,4,15,2,4,0,1,1,2,2,1
16601,4,4,12,4,14,3,1,1,2,2,0
16602,3,4,11,4,1,3,1,1,2,2,0
16603,3,4,14,4,10,1,1,0,2,2,0
16604,6,2,11,0,1,4,1,0,2,2,0
16605,3,4,11,4,8,1,0,0,2,3,0
16606,7,4,3,2,8,3,0,1,2,2,0
16607,4,4,0,4,8,1,1,0,2,2,0
16608,7,6,14,2,10,0,1,1,0,2,0
16609,9,4,8,4,4,1,1,0,2,2,0
16610,3,4,11,4,8,1,1,1,2,2,0
16611,4,7,9,0,10,1,1,1,1,2,0
16612,6,4,11,2,7,0,0,1,2,2,0
16613,4,5,5,4,0,4,1,1,0,2,0
16614,8,4,9,4,8,1,1,0,1,2,0
16615,4,4,11,4,8,1,1,1,2,2,0
16616,12,4,15,0,1,1,1,0,2,2,0
16617,9,4,11,2,5,0,1,1,3,2,0
16618,9,4,2,0,12,2,1,1,2,2,0
16619,7,4,6,2,8,0,0,1,1,2,0
16620,11,4,1,0,8,1,1,0,2,2,0
16621,5,4,9,4,13,1,1,0,2,2,0
16622,7,4,14,2,10,0,1,1,2,2,0
16623,5,4,15,4,1,1,1,0,1,2,0
16624,10,6,9,2,8,0,1,1,2,2,0
16625,12,4,11,2,12,0,1,1,4,2,1
16626,5,4,9,2,10,0,1,1,2,2,1
16627,11,0,15,0,0,1,0,1,2,2,0
16628,10,4,11,2,3,0,1,1,2,2,0
16629,3,6,9,4,4,1,1,0,2,2,0
16630,11,4,15,1,10,5,1,0,2,2,1
16631,5,4,7,4,1,3,1,0,2,2,0
16632,10,4,11,2,3,0,1,1,1,2,0
16633,5,6,9,2,4,0,1,1,2,1,1
16634,9,0,11,2,0,0,1,1,1,2,1
16635,4,4,11,4,3,3,1,1,2,2,0
16636,12,0,6,2,0,0,1,1,0,2,0
16637,12,4,15,2,8,0,1,1,1,2,1
16638,3,1,11,4,12,3,1,1,4,0,0
16639,7,4,8,0,12,4,1,0,2,2,0
16640,8,4,13,4,12,4,0,1,2,2,0
16641,13,4,11,2,7,5,1,0,4,2,0
16642,7,6,11,2,8,0,0,1,2,2,0
16643,9,4,11,2,3,0,1,1,2,2,0
16644,9,6,11,0,5,4,1,1,2,2,0
16645,4,4,11,4,3,3,0,1,2,2,0
16646,6,4,12,4,10,1,1,0,0,2,0
16647,8,4,15,0,12,1,1,1,1,2,0
16648,11,4,11,2,8,0,1,1,1,2,1
16649,7,4,15,2,12,0,0,1,2,2,0
16650,3,4,11,4,6,3,0,1,2,2,0
16651,12,4,15,4,8,1,1,0,2,2,0
16652,5,4,10,2,10,0,1,1,0,2,1
16653,10,4,1,2,8,0,0,1,2,2,1
16654,4,4,8,4,13,2,1,0,2,2,0
16655,3,4,15,4,7,1,1,1,2,2,0
16656,4,4,15,4,12,1,1,1,3,2,0
16657,10,4,11,2,3,0,1,1,0,2,0
16658,10,4,11,2,12,0,1,1,1,2,0
16659,9,4,9,2,4,0,1,1,3,2,0
16660,15,4,11,2,6,0,1,1,2,2,1
16661,6,4,15,0,3,4,1,1,2,2,0
16662,5,4,15,2,3,0,1,1,2,2,0
16663,12,4,15,2,1,0,1,1,1,2,0
16664,7,1,15,2,12,0,1,1,2,0,0
16665,8,4,15,2,12,0,1,1,1,2,1
16666,5,4,9,2,4,0,1,1,2,2,1
16667,8,4,11,2,10,3,1,1,2,2,1
16668,11,4,15,2,3,0,1,1,3,2,1
16669,7,7,5,2,11,0,1,1,2,2,1
16670,6,4,11,4,12,3,1,0,1,0,0
16671,9,2,8,2,10,0,1,1,2,2,0
16672,8,4,14,0,1,1,1,0,2,2,0
16673,10,6,6,2,5,0,1,1,2,2,0
16674,8,7,12,2,4,0,1,1,2,2,0
16675,10,7,15,4,1,3,0,0,2,2,0
16676,8,4,11,0,3,4,1,0,1,2,0
16677,9,2,11,2,6,0,1,1,2,2,1
16678,4,4,14,2,3,3,0,1,2,2,0
16679,4,6,8,4,10,1,0,1,2,2,0
16680,9,1,3,0,14,1,1,1,2,0,0
16681,7,4,7,5,1,1,1,1,2,2,0
16682,5,4,11,4,4,4,1,1,3,2,0
16683,7,4,15,2,8,5,1,0,1,2,0
16684,6,4,11,2,3,0,1,1,2,2,0
16685,7,4,15,2,6,0,1,1,2,2,0
16686,15,1,0,6,7,4,1,0,2,2,0
16687,6,2,11,4,3,3,1,1,2,2,0
16688,8,4,15,0,14,1,0,1,2,2,0
16689,3,0,11,4,0,1,1,0,0,2,0
16690,5,4,15,2,5,5,1,0,1,2,1
16691,12,4,9,2,13,0,1,1,2,2,0
16692,7,2,15,1,5,0,1,1,1,2,1
16693,6,0,15,2,0,0,1,1,1,1,1
16694,9,4,11,0,1,1,1,0,2,2,0
16695,9,4,0,4,6,1,1,1,2,2,0
16696,8,4,10,2,8,0,1,1,1,2,1
16697,6,4,9,4,1,4,1,0,2,2,0
16698,11,4,1,2,8,0,1,1,2,2,1
16699,10,4,1,0,8,1,1,0,2,2,0
16700,9,4,11,2,14,0,1,1,2,0,0
16701,4,8,9,4,13,3,1,0,2,2,1
16702,3,5,12,4,4,3,1,0,2,2,0
16703,11,4,9,3,10,5,1,0,2,2,1
16704,6,2,5,1,2,1,1,0,1,2,1
16705,10,4,15,2,4,0,1,1,3,2,1
16706,10,4,1,2,12,0,0,1,1,2,1
16707,7,5,11,5,3,1,1,1,2,2,0
16708,7,4,9,2,7,0,1,1,2,2,0
16709,5,4,14,2,14,5,1,0,2,2,1
16710,7,7,11,2,10,0,1,1,2,2,0
16711,5,4,9,4,4,3,1,1,2,2,0
16712,8,4,12,2,14,0,1,1,2,2,1
16713,3,4,0,4,13,1,1,0,2,2,0
16714,9,4,15,2,12,0,1,1,2,2,0
16715,8,2,15,4,6,3,0,1,2,2,0
16716,4,4,9,0,8,4,1,0,2,2,1
16717,7,4,12,2,12,0,1,1,2,2,1
16718,13,4,11,2,6,0,1,1,2,2,0
16719,7,0,9,4,0,1,1,0,2,2,0
16720,8,4,11,0,8,4,1,1,2,2,0
16721,8,7,9,2,10,0,1,1,3,2,0
16722,3,4,11,4,7,3,1,0,2,2,0
16723,9,6,9,0,10,1,0,0,2,2,0
16724,5,1,12,2,10,0,1,1,2,2,0
16725,10,4,15,2,6,0,1,1,3,2,1
16726,11,4,9,6,4,4,1,0,2,2,0
16727,9,6,11,2,3,0,0,1,2,2,1
16728,4,6,15,4,1,3,1,0,2,2,0
16729,7,4,15,2,7,0,1,1,2,2,0
16730,6,1,12,2,10,0,1,1,2,2,0
16731,3,4,1,4,8,1,1,0,2,2,0
16732,7,4,11,2,6,0,1,1,2,2,0
16733,9,4,15,0,8,4,0,0,1,2,0
16734,8,4,11,4,1,3,1,0,2,2,0
16735,9,4,1,2,7,0,1,1,2,0,1
16736,9,7,6,2,10,0,1,1,2,2,1
16737,5,4,1,4,14,1,1,1,3,2,0
16738,4,4,15,4,8,3,1,1,2,2,1
16739,5,4,11,4,1,3,0,0,2,2,0
16740,4,4,11,4,8,3,0,0,2,2,0
16741,9,4,11,0,13,1,1,0,2,2,0
16742,10,4,15,0,8,4,1,0,0,2,0
16743,10,4,12,0,6,4,1,1,2,2,0
16744,6,0,6,3,0,1,1,1,1,2,1
16745,7,2,11,0,6,1,0,1,1,2,0
16746,9,0,11,2,0,0,1,1,0,2,0
16747,15,4,12,2,10,0,1,1,2,2,1
16748,10,6,12,2,4,0,1,1,2,2,1
16749,10,4,15,0,8,3,1,1,1,2,0
16750,8,0,1,5,0,1,1,0,1,2,0
16751,4,4,0,4,7,3,1,1,2,2,0
16752,9,4,15,2,1,5,1,0,2,2,0
16753,12,6,11,2,10,5,1,0,2,2,1
16754,8,4,9,2,10,0,0,1,2,2,0
16755,6,6,11,4,12,3,0,0,3,2,0
16756,10,4,15,0,4,2,1,0,3,2,0
16757,4,4,11,4,6,1,1,1,2,2,0
16758,8,5,11,5,7,4,1,0,2,2,0
16759,11,4,1,2,3,0,1,1,1,2,1
16760,6,4,11,0,7,1,1,1,2,2,0
16761,4,4,9,4,12,3,1,0,3,2,0
16762,9,6,11,2,8,0,0,1,2,2,1
16763,5,2,11,4,1,3,1,0,2,2,0
16764,7,4,11,6,3,3,1,1,2,2,0
16765,6,7,11,2,11,0,1,1,2,2,1
16766,7,4,9,4,8,4,1,0,2,2,0
16767,11,2,14,2,10,0,1,1,1,2,1
16768,3,4,11,4,7,1,1,1,2,3,0
16769,4,4,9,4,13,3,1,1,2,2,0
16770,12,4,15,2,10,0,1,1,2,2,1
16771,7,4,11,5,1,4,1,0,2,2,0
16772,9,4,11,2,7,0,1,1,2,2,1
16773,13,4,9,2,12,0,1,1,2,2,0
16774,5,4,9,4,7,1,0,0,2,2,0
16775,4,4,11,4,1,1,1,0,2,2,0
16776,7,4,11,4,4,1,1,0,3,2,0
16777,8,4,15,2,14,0,1,1,2,2,1
16778,6,4,5,2,3,0,1,1,2,2,1
16779,7,4,15,5,12,4,0,0,2,2,0
16780,4,4,11,4,7,1,1,1,2,2,0
16781,10,4,11,2,7,0,0,1,2,2,0
16782,7,4,11,2,8,0,1,1,1,2,0
16783,8,2,8,2,11,0,1,1,2,2,0
16784,9,7,14,0,10,1,1,0,2,2,1
16785,7,4,9,2,4,0,1,1,2,2,0
16786,9,4,11,2,8,0,0,1,2,2,0
16787,10,4,11,2,5,0,1,1,2,2,1
16788,3,4,9,4,13,3,1,0,2,2,0
16789,9,4,9,0,10,4,1,1,2,2,0
16790,8,4,11,2,14,0,1,1,2,2,1
16791,6,4,9,0,12,1,1,1,2,2,0
16792,8,4,9,2,10,0,1,1,2,2,0
16793,6,4,12,0,1,1,0,0,2,2,0
16794,6,4,7,2,12,0,1,1,2,2,0
16795,9,4,9,2,10,2,0,0,3,2,0
16796,9,4,11,2,12,5,1,0,2,2,1
16797,7,4,15,2,8,0,0,1,2,2,0
16798,6,4,9,2,12,0,1,1,2,2,0
16799,3,4,0,4,7,3,1,0,2,4,0
16800,4,4,11,4,1,1,1,0,2,2,0
16801,7,6,7,2,12,0,1,1,2,2,1
16802,3,4,11,4,12,3,0,0,1,2,0
16803,13,6,14,2,10,0,1,1,2,2,0
16804,10,0,1,0,0,1,1,0,2,2,0
16805,11,4,7,4,12,1,1,0,1,2,0
16806,5,4,5,4,3,1,1,1,2,2,0
16807,4,4,15,4,3,3,1,1,2,2,0
16808,4,4,1,6,12,1,1,0,2,2,0
16809,5,6,11,0,3,4,1,0,2,2,0
16810,4,4,9,4,1,4,1,0,2,2,0
16811,6,1,11,4,3,3,1,1,1,2,0
16812,11,4,15,1,12,5,0,0,2,2,1
16813,10,7,9,2,10,0,1,1,2,2,0
16814,8,4,11,2,4,0,1,1,2,2,1
16815,8,4,15,2,1,0,1,1,1,2,1
16816,4,7,11,4,8,1,1,0,2,2,0
16817,6,0,11,2,12,0,1,1,1,2,1
16818,4,4,10,4,7,3,1,1,2,2,0
16819,5,4,14,2,10,0,1,1,2,2,0
16820,7,4,11,5,7,4,1,1,2,0,0
16821,8,4,15,4,7,3,1,1,2,2,0
16822,6,4,0,2,14,0,1,1,2,2,0
16823,10,6,10,2,10,0,1,1,1,2,1
16824,5,4,15,4,8,1,0,1,2,2,0
16825,5,4,15,0,12,1,1,0,2,2,0
16826,6,2,11,2,11,0,1,1,2,0,1
16827,3,4,11,4,12,1,1,1,2,2,0
16828,4,6,15,4,8,3,1,0,2,2,0
16829,18,4,12,0,10,1,1,1,2,2,0
16830,9,4,5,2,3,0,1,1,2,2,0
16831,8,4,9,2,4,0,1,1,2,2,1
16832,9,4,11,2,7,0,1,1,2,2,1
16833,8,4,11,4,14,1,1,1,3,2,0
16834,7,4,15,0,1,4,1,0,1,2,0
16835,7,5,9,0,4,4,1,0,2,2,0
16836,6,4,6,4,8,1,1,0,2,2,0
16837,5,5,11,2,5,0,1,1,2,2,1
16838,8,4,11,2,6,0,0,1,2,2,0
16839,7,4,12,6,10,3,0,0,1,2,0
16840,8,4,11,2,4,0,1,1,2,2,1
16841,8,4,11,4,3,3,0,1,2,2,0
16842,3,4,12,4,10,3,1,1,1,2,0
16843,8,4,15,2,7,0,1,1,2,2,1
16844,5,4,11,4,3,1,0,1,2,2,0
16845,5,4,0,6,13,4,1,0,2,2,0
16846,9,4,11,2,12,0,1,1,4,2,0
16847,5,4,11,2,12,5,1,0,2,2,0
16848,7,4,11,2,3,0,1,1,2,2,0
16849,10,4,12,2,12,0,1,1,2,2,0
16850,6,4,9,2,4,0,1,1,3,2,1
16851,4,4,11,4,14,4,1,0,2,2,0
16852,4,6,11,4,4,1,1,1,2,2,0
16853,6,4,9,0,12,1,0,0,2,2,0
16854,9,6,11,0,5,4,1,1,2,2,0
16855,8,4,11,5,4,1,1,1,2,2,0
16856,9,5,15,2,10,0,1,1,2,2,0
16857,12,4,11,5,3,4,1,1,2,2,0
16858,8,6,9,2,4,0,1,1,4,2,1
16859,12,4,11,2,6,0,1,1,3,2,1
16860,9,4,11,2,3,0,1,1,2,2,1
16861,13,4,15,5,4,1,1,1,4,2,0
16862,4,4,11,4,3,1,1,1,2,2,0
16863,10,0,12,2,6,0,1,1,3,2,1
16864,8,4,5,2,3,0,1,1,2,2,0
16865,8,4,11,0,3,1,0,1,2,2,0
16866,8,6,11,2,1,5,1,0,1,2,0
16867,8,4,6,0,3,1,1,1,2,2,0
16868,14,0,9,6,0,1,1,0,2,2,0
16869,10,4,11,2,7,0,1,1,2,2,1
16870,7,4,11,4,6,1,1,1,2,2,0
16871,4,4,11,4,7,1,1,0,2,2,0
16872,8,4,9,2,12,0,1,1,2,2,0
16873,10,4,9,2,4,0,1,1,2,2,0
16874,4,7,9,4,1,1,1,1,2,2,1
16875,3,4,10,4,10,3,1,0,2,2,1
16876,9,4,9,0,10,4,0,0,2,0,0
16877,3,4,15,4,4,3,1,1,2,2,0
16878,10,4,9,2,11,0,0,1,2,2,1
16879,10,4,7,0,1,4,1,0,2,2,0
16880,5,4,15,2,5,0,1,1,2,1,1
16881,3,5,11,4,4,3,0,1,2,2,0
16882,11,4,12,2,10,0,1,1,0,2,1
16883,5,4,15,2,12,0,1,1,2,2,1
16884,4,6,0,4,7,1,1,0,2,2,0
16885,7,4,15,2,6,0,1,1,2,2,0
16886,4,6,9,4,12,3,1,0,3,2,0
16887,9,4,12,4,10,3,1,1,0,2,0
16888,5,6,11,4,3,3,0,0,1,2,0
16889,6,4,7,4,4,1,1,1,3,2,0
16890,11,4,15,2,8,0,1,1,2,2,1
16891,5,4,11,2,10,0,0,1,2,2,1
16892,6,4,0,0,7,1,1,0,2,2,0
16893,4,4,9,6,10,1,1,0,2,2,0
16894,11,4,12,2,6,0,0,1,2,2,0
16895,4,5,15,4,5,3,1,1,2,2,0
16896,6,1,11,2,14,0,1,1,3,2,0
16897,11,6,11,2,12,0,1,1,2,2,1
16898,3,4,11,4,8,3,1,1,2,2,0
16899,5,2,3,2,14,0,1,1,2,2,0
16900,5,1,15,4,7,1,1,0,2,2,0
16901,9,4,15,2,4,0,1,1,2,2,1
16902,7,4,15,4,8,3,0,0,2,1,0
16903,6,4,0,2,7,0,1,1,2,2,0
16904,8,1,9,0,10,1,1,0,2,2,0
16905,10,8,13,0,13,1,1,1,2,2,0
16906,9,4,6,0,5,4,1,0,3,2,0
16907,6,5,11,2,0,0,1,1,2,0,0
16908,6,4,9,2,8,0,1,1,0,2,0
16909,12,4,11,6,6,0,1,1,2,2,0
16910,4,0,6,4,0,1,1,0,2,2,0
16911,15,5,8,6,3,1,1,1,2,2,0
16912,4,4,9,6,10,1,1,1,2,2,0
16913,8,2,11,0,5,1,1,0,2,2,0
16914,6,4,8,2,6,0,0,1,2,2,1
16915,6,4,11,0,8,1,1,1,1,2,0
16916,10,4,0,2,7,0,1,1,2,2,1
16917,8,4,14,2,3,0,1,1,1,2,0
16918,6,4,5,2,3,0,1,1,2,2,0
16919,4,4,9,4,10,3,1,0,2,2,0
16920,9,4,9,2,10,0,1,1,1,2,1
16921,7,4,15,4,6,1,1,1,2,2,0
16922,8,6,14,0,10,1,1,0,3,2,0
16923,6,2,11,2,5,0,1,1,1,2,0
16924,10,4,8,2,3,0,0,1,2,2,0
16925,4,2,15,2,5,0,1,1,2,2,0
16926,13,6,10,2,10,0,1,1,2,2,1
16927,7,0,11,5,0,0,1,1,2,2,0
16928,9,2,9,2,10,0,0,1,1,2,1
16929,8,4,1,2,12,0,1,1,1,2,0
16930,9,4,14,4,10,3,1,1,1,2,0
16931,8,4,15,2,4,0,1,1,2,2,0
16932,5,2,15,6,3,3,1,1,1,2,0
16933,10,4,11,2,12,0,1,1,2,2,1
16934,6,4,9,2,6,0,1,1,2,2,0
16935,18,4,5,0,3,4,1,1,2,2,0
16936,9,6,6,0,5,1,1,1,2,2,0
16937,6,4,0,2,7,2,1,0,2,2,0
16938,6,4,8,2,13,0,1,1,2,1,0
16939,9,4,9,2,10,0,1,1,1,2,0
16940,8,4,1,2,14,0,1,1,2,2,1
16941,8,4,15,4,8,4,1,0,2,0,0
16942,7,4,11,2,14,0,1,1,1,2,0
16943,7,4,9,2,10,0,1,1,2,2,0
16944,4,4,3,4,14,1,1,1,2,2,0
16945,7,4,15,2,1,0,1,1,1,2,0
16946,7,4,15,5,12,4,0,0,2,2,0
16947,5,4,15,4,8,3,1,1,2,2,0
16948,7,4,12,4,4,4,1,0,2,2,0
16949,4,4,12,4,10,1,1,1,2,2,0
16950,3,4,12,4,4,1,0,0,2,0,0
16951,4,2,15,2,1,0,1,1,1,2,0
16952,8,0,11,2,0,1,1,0,2,2,1
16953,9,0,5,2,0,0,1,1,2,2,0
16954,8,7,7,2,11,0,0,1,2,2,0
16955,3,6,11,4,8,1,1,1,1,2,0
16956,8,4,9,2,10,5,0,0,2,0,1
16957,4,6,9,4,13,3,1,0,1,2,0
16958,7,4,12,2,14,0,1,1,1,2,1
16959,11,4,15,0,14,4,0,0,2,2,0
16960,6,5,11,4,4,1,1,0,2,3,0
16961,6,4,11,2,4,0,1,1,2,2,0
16962,4,4,14,4,10,3,1,1,2,2,0
16963,7,4,11,4,14,2,0,0,2,2,0
16964,7,4,14,2,10,2,1,1,2,2,0
16965,7,4,11,2,8,0,1,1,2,2,0
16966,11,4,9,6,10,1,1,0,2,2,0
16967,5,4,8,4,3,1,1,1,2,2,0
16968,6,4,11,0,12,4,1,0,2,1,0
16969,9,4,11,0,1,4,1,0,2,2,0
16970,7,4,7,2,7,0,1,1,2,2,1
16971,6,4,9,2,8,0,1,1,2,2,0
16972,8,4,2,2,8,5,1,0,2,0,0
16973,6,4,15,2,3,0,0,1,2,2,0
16974,10,4,11,2,10,0,1,1,2,2,1
16975,12,4,11,0,1,1,1,0,2,2,0
16976,7,4,15,4,10,1,1,0,1,2,0
16977,7,7,11,4,8,1,1,0,2,2,0
16978,7,4,0,2,7,0,1,1,2,2,0
16979,8,2,15,2,6,0,1,1,2,2,0
16980,8,5,11,2,4,5,1,0,2,2,0
16981,4,4,9,4,4,3,1,1,2,2,0
16982,9,4,9,0,8,1,1,0,1,2,1
16983,9,4,11,2,6,0,1,1,1,2,0
16984,8,4,11,2,3,0,1,1,2,2,0
16985,9,4,7,0,1,1,1,0,2,2,0
16986,10,4,11,2,1,0,1,1,2,2,0
16987,10,4,15,2,13,0,1,1,2,2,0
16988,7,7,9,4,10,1,1,0,2,1,0
16989,5,2,11,2,5,5,1,0,2,2,0
16990,9,4,1,2,14,0,1,1,2,2,1
16991,4,4,11,2,3,0,1,1,2,2,1
16992,8,4,8,2,12,0,1,1,3,2,1
16993,10,4,15,6,3,4,1,1,2,2,0
16994,12,5,11,2,3,0,1,1,2,2,1
16995,9,6,15,2,10,0,1,1,2,0,1
16996,4,4,15,4,1,3,1,0,2,2,0
16997,12,4,11,2,5,0,1,1,3,2,0
16998,7,4,8,2,3,0,1,1,1,2,1
16999,9,4,15,0,10,4,1,0,0,2,0
17000,10,4,11,2,3,0,1,1,2,2,0
17001,6,4,9,4,12,1,1,1,1,2,0
17002,11,4,11,2,3,5,1,0,2,2,1
17003,5,4,9,4,13,3,1,1,0,2,0
17004,6,4,11,4,3,1,1,1,3,2,0
17005,8,4,11,0,3,1,1,1,2,2,0
17006,5,7,9,2,10,0,1,1,1,2,0
17007,4,2,15,4,10,3,0,0,2,2,0
17008,9,6,15,0,3,1,1,1,1,2,0
17009,8,4,8,2,4,0,1,1,3,2,1
17010,7,4,15,0,1,1,1,0,2,2,1
17011,10,4,15,6,7,1,1,1,2,2,0
17012,6,4,15,4,1,3,0,0,2,2,0
17013,6,4,11,2,3,0,1,1,2,2,0
17014,5,0,6,2,0,0,1,1,1,2,1
17015,5,4,1,4,14,4,0,0,1,2,0
17016,5,4,12,2,1,5,0,0,1,2,1
17017,5,4,9,4,1,1,0,1,2,2,1
17018,9,4,9,2,13,0,1,1,1,2,1
17019,5,4,9,2,8,0,1,1,2,2,0
17020,7,4,11,2,13,0,1,1,2,2,0
17021,12,4,9,2,10,0,1,1,1,2,0
17022,13,6,9,2,10,0,1,1,2,2,1
17023,8,4,11,0,12,4,1,0,2,2,0
17024,11,4,11,2,1,0,1,1,1,2,1
17025,8,2,11,2,12,0,1,1,2,2,1
17026,6,4,9,2,12,0,1,1,2,2,0
17027,4,5,8,4,4,3,1,0,2,2,0
17028,10,4,9,0,12,1,1,1,2,2,0
17029,8,4,11,0,14,1,1,1,2,2,0
17030,6,5,11,4,4,3,1,0,2,2,0
17031,6,5,9,2,4,0,1,1,4,1,0
17032,7,4,15,2,13,0,1,1,2,2,1
17033,5,4,11,4,10,3,0,1,1,2,0
17034,5,4,11,6,7,3,0,0,2,2,1
17035,4,1,15,4,12,4,1,0,1,2,0
17036,4,1,4,2,14,0,1,1,2,2,0
17037,4,4,9,4,8,1,1,0,1,2,0
17038,11,5,9,2,4,5,1,0,4,2,0
17039,12,4,15,2,3,0,1,1,1,2,0
17040,5,4,15,2,4,0,1,1,2,2,1
17041,5,4,9,2,4,0,1,1,2,2,1
17042,7,4,15,2,3,0,1,1,3,2,1
17043,8,6,15,0,1,1,1,0,0,2,0
17044,6,7,9,2,10,0,1,1,1,2,0
17045,8,4,8,5,12,1,1,0,2,2,0
17046,8,1,11,6,1,1,1,0,2,2,0
17047,13,4,11,2,7,0,1,1,2,2,0
17048,6,0,11,2,0,5,1,0,1,2,0
17049,7,4,11,2,1,5,1,0,2,2,1
17050,11,4,5,2,2,0,1,1,2,2,0
17051,9,7,15,0,1,1,1,0,1,2,0
17052,6,4,11,2,3,0,1,1,2,2,0
17053,7,4,11,4,1,3,1,0,2,2,0
17054,5,4,11,4,14,1,0,1,2,2,0
17055,7,4,11,2,6,0,1,1,1,2,0
17056,7,4,12,2,14,0,0,1,1,2,0
17057,5,4,11,0,3,1,0,0,2,2,1
17058,3,4,15,4,12,3,1,1,2,2,0
17059,6,4,0,4,14,3,0,1,3,2,0
17060,8,4,15,2,12,5,1,0,1,2,1
17061,13,4,7,2,8,0,1,1,2,2,1
17062,4,7,9,4,10,1,1,0,3,2,0
17063,8,2,12,2,6,0,1,1,2,2,1
17064,5,4,11,4,12,1,1,0,0,2,0
17065,11,6,1,1,8,4,1,0,1,2,1
17066,7,4,11,2,7,0,1,1,2,2,0
17067,7,4,11,2,14,0,1,1,2,2,0
17068,9,6,15,2,12,0,1,1,2,2,0
17069,7,4,11,2,10,0,0,1,2,2,0
17070,7,1,10,2,10,0,0,1,2,2,0
17071,3,6,11,4,8,1,1,1,2,2,0
17072,4,4,15,4,4,1,1,1,2,2,0
17073,8,4,11,0,8,1,1,0,2,2,0
17074,4,4,9,4,12,1,1,0,2,2,0
17075,12,4,9,2,10,0,1,1,2,2,1
17076,9,6,11,0,4,4,1,0,2,2,0
17077,6,0,11,1,0,1,1,0,0,2,0
17078,10,4,9,2,10,0,1,1,2,2,0
17079,6,2,9,4,1,3,1,0,2,2,0
17080,13,6,11,0,8,1,0,0,2,2,0
17081,8,4,15,2,1,0,0,1,2,2,0
17082,9,4,12,4,4,1,0,1,1,2,0
17083,5,1,12,4,10,2,1,0,2,2,0
17084,11,4,15,6,1,4,1,0,2,2,0
17085,8,4,15,5,12,4,1,0,2,2,0
17086,8,4,15,0,8,1,0,0,1,0,0
17087,8,4,9,0,8,1,0,1,2,2,0
17088,10,4,11,2,3,0,1,1,2,2,0
17089,3,0,11,4,0,3,1,0,2,2,0
17090,5,4,11,6,14,1,1,1,1,2,0
17091,4,4,15,4,5,3,1,1,1,2,0
17092,7,4,11,2,8,0,1,1,2,2,0
17093,10,4,11,0,1,4,1,0,1,2,0
17094,8,4,11,2,3,0,1,1,2,2,0
17095,4,4,15,4,1,3,0,0,0,2,0
17096,8,4,5,0,3,2,1,1,2,2,0
17097,8,4,9,4,1,1,1,0,2,2,0
17098,4,4,11,4,12,3,1,0,2,2,0
17099,4,4,11,2,3,0,1,1,2,2,0
17100,10,5,15,2,5,0,1,1,2,2,1
17101,4,1,9,4,1,1,1,0,1,2,0
17102,12,2,11,5,1,4,0,0,2,2,0
17103,6,4,15,2,7,0,1,1,2,2,0
17104,4,4,0,4,7,3,0,0,2,2,0
17105,6,7,11,0,8,4,1,0,1,2,0
17106,6,4,11,4,8,1,1,0,1,2,0
17107,7,4,15,0,1,4,1,0,2,2,1
17108,9,6,9,0,4,1,0,1,2,2,0
17109,7,4,11,2,8,5,1,0,2,2,1
17110,4,0,9,4,0,3,1,0,0,2,1
17111,5,6,9,4,4,3,1,1,1,2,0
17112,12,4,15,2,3,0,1,1,2,2,1
17113,5,4,15,4,1,1,1,0,2,2,0
17114,4,4,2,4,12,3,1,0,1,2,0
17115,12,4,9,2,4,0,1,1,2,2,1
17116,8,4,11,4,12,1,0,0,2,2,0
17117,10,2,11,2,4,0,1,1,2,2,1
17118,12,7,12,0,10,4,1,1,2,2,0
17119,10,4,8,2,3,0,1,1,2,2,0
17120,4,4,9,4,8,1,1,0,2,2,0
17121,13,2,15,2,11,0,1,1,2,2,1
17122,4,4,7,4,13,1,1,0,2,2,0
17123,7,4,15,2,14,0,1,1,2,2,0
17124,8,4,15,5,8,4,1,0,2,0,0
17125,13,4,1,6,8,1,1,0,2,2,0
17126,6,6,15,2,12,0,1,1,2,2,0
17127,6,4,12,4,10,1,1,1,2,2,0
17128,10,4,15,2,8,5,0,0,2,2,1
17129,6,4,11,0,3,4,1,0,2,2,0
17130,4,4,15,4,12,1,1,0,1,2,0
17131,11,6,15,2,4,0,1,1,1,2,0
17132,4,6,5,4,3,3,0,1,2,2,0
17133,7,2,9,4,10,1,1,1,2,1,0
17134,9,4,9,2,4,0,1,1,3,2,0
17135,9,4,1,2,3,0,1,1,2,2,0
17136,6,6,11,2,3,0,1,1,2,2,0
17137,6,4,10,0,14,1,1,1,2,1,0
17138,5,4,12,4,10,3,1,1,2,2,0
17139,12,4,11,2,3,0,1,1,2,2,0
17140,12,2,11,0,8,4,1,0,2,2,0
17141,13,2,9,2,6,0,1,1,1,2,1
17142,4,4,14,4,10,3,1,0,2,2,0
17143,3,7,12,4,10,1,1,0,2,2,0
17144,7,4,11,2,8,5,1,0,2,2,0
17145,13,0,5,2,0,0,1,1,0,2,0
17146,11,5,7,2,3,0,1,1,3,2,1
17147,6,2,15,3,1,5,1,0,2,2,0
17148,4,4,11,2,1,5,1,0,2,2,1
17149,7,4,11,4,14,1,1,1,1,2,0
17150,6,4,8,0,4,4,1,1,2,2,0
17151,6,5,11,2,7,0,0,1,2,1,1
17152,6,4,13,4,8,1,1,0,1,2,0
17153,10,8,11,0,8,4,0,0,2,2,0
17154,5,4,15,4,1,1,1,1,2,2,0
17155,8,4,11,0,8,4,1,1,1,2,0
17156,5,4,15,4,1,1,1,0,2,2,0
17157,10,4,1,2,3,0,1,1,2,2,1
17158,12,4,0,2,14,0,1,1,2,2,0
17159,12,4,11,2,4,0,0,1,2,2,1
17160,5,2,15,4,1,1,1,0,2,2,0
17161,8,4,15,5,8,1,0,0,2,2,0
17162,11,4,11,2,6,0,1,1,2,2,1
17163,3,0,6,4,0,3,1,0,0,2,0
17164,10,6,12,2,4,0,1,1,2,2,0
17165,7,6,15,2,12,0,1,1,4,2,0
17166,10,0,11,2,6,0,1,1,2,2,0
17167,18,4,9,0,8,1,1,1,1,2,1
17168,8,4,9,2,13,0,1,1,2,2,0
17169,10,6,8,2,12,0,1,1,2,2,0
17170,7,4,15,6,14,1,1,1,2,2,0
17171,9,5,9,4,0,3,1,1,2,2,0
17172,7,4,11,2,8,0,1,1,0,2,0
17173,11,5,12,2,4,0,1,1,3,2,1
17174,10,4,9,4,12,3,1,1,0,2,0
17175,7,4,11,2,1,1,0,1,2,2,0
17176,11,4,5,2,3,0,1,1,2,2,0
17177,7,1,9,4,10,1,1,1,2,2,0
17178,5,4,11,4,8,3,1,0,1,2,0
17179,3,4,11,4,4,3,1,1,2,4,0
17180,10,4,9,2,4,0,1,1,2,2,1
17181,4,1,9,4,4,3,0,0,3,2,0
17182,7,4,11,0,4,2,1,0,2,2,0
17183,6,2,15,2,6,0,1,1,2,2,0
17184,7,5,9,2,4,0,1,1,2,2,1
17185,4,0,9,5,0,4,1,0,1,2,0
17186,14,4,6,0,5,1,1,1,1,2,0
17187,4,7,8,4,10,1,1,0,3,2,0
17188,6,4,12,2,4,0,1,1,2,2,0
17189,5,4,11,2,7,0,1,1,2,2,0
17190,15,4,15,0,2,4,1,1,2,2,0
17191,10,4,12,2,12,0,1,1,2,2,1
17192,7,4,11,2,6,0,1,1,3,2,1
17193,11,2,5,2,10,0,1,1,2,2,0
17194,8,4,9,2,10,0,0,1,2,2,0
17195,7,0,1,4,0,1,1,1,2,2,0
17196,10,4,11,2,3,0,0,1,2,2,1
17197,9,4,9,4,1,1,0,0,4,2,1
17198,11,6,15,2,12,0,1,1,2,2,0
17199,5,4,0,4,8,3,0,0,2,2,0
17200,4,4,9,4,10,3,1,0,1,2,0
17201,5,4,11,4,7,3,0,1,4,2,0
17202,5,6,11,2,3,0,1,1,2,2,1
17203,9,7,15,4,1,1,1,0,2,2,0
17204,6,4,11,1,8,5,1,0,2,2,1
17205,4,4,11,4,1,3,1,0,2,2,0
17206,8,2,11,0,6,1,1,1,2,2,0
17207,8,4,12,0,6,1,1,1,2,2,0
17208,4,7,9,4,10,3,0,0,3,2,0
17209,6,6,8,0,3,3,0,1,2,2,0
17210,7,0,11,2,0,2,1,1,2,2,0
17211,6,4,9,2,4,0,1,1,4,2,1
17212,17,4,6,2,10,0,1,1,2,2,0
17213,6,4,11,2,12,0,1,1,1,2,0
17214,11,4,15,6,7,3,0,1,2,2,0
17215,8,4,11,2,1,5,1,0,2,2,0
17216,11,4,10,2,13,0,1,1,2,2,0
17217,9,7,12,0,10,1,1,0,2,2,1
17218,9,4,15,2,1,0,1,1,4,2,0
17219,6,4,8,4,10,1,1,1,1,2,0
17220,7,2,11,4,6,3,1,1,3,2,0
17221,3,4,11,4,8,1,0,0,1,2,0
17222,4,4,11,4,12,3,1,0,1,2,0
17223,8,4,0,4,8,1,0,0,2,2,0
17224,8,4,15,2,5,0,1,1,3,2,1
17225,5,4,9,2,4,0,1,1,2,2,0
17226,4,4,11,4,14,1,0,1,2,2,0
17227,6,4,15,2,9,0,0,1,1,2,1
17228,16,5,12,6,4,1,0,1,2,2,0
17229,12,4,11,2,6,0,1,1,2,2,1
17230,11,6,8,2,13,0,1,1,2,2,0
17231,12,6,6,4,5,3,1,1,2,2,0
17232,8,4,12,4,10,3,1,1,1,2,0
17233,4,0,9,4,0,1,1,1,0,3,0
17234,8,2,9,0,4,4,1,0,2,2,0
17235,10,4,11,2,4,0,1,1,4,2,0
17236,3,4,12,4,12,3,0,0,2,2,0
17237,4,4,15,4,1,1,1,0,1,2,0
17238,10,6,11,0,12,1,0,1,2,2,1
17239,14,4,11,6,6,0,1,1,2,2,0
17240,6,6,11,0,4,1,1,1,2,2,0
17241,6,4,15,4,12,3,1,1,2,4,0
17242,9,4,0,2,9,0,1,1,1,2,0
17243,10,4,5,0,3,1,1,1,2,2,0
17244,13,8,8,2,13,0,1,1,2,2,0
17245,6,4,15,2,1,0,0,1,2,2,0
17246,7,4,15,2,1,0,1,1,2,2,0
17247,8,4,11,4,8,1,1,0,0,2,0
17248,10,0,11,0,0,1,1,0,0,2,0
17249,4,4,11,4,1,3,1,0,2,2,0
17250,10,4,9,2,6,0,1,1,2,2,0
17251,5,4,15,2,8,0,1,1,2,2,1
17252,10,4,9,2,12,0,0,1,2,2,1
17253,3,4,11,4,3,3,1,1,2,2,0
17254,6,4,7,2,14,0,1,1,2,2,0
17255,7,4,9,2,10,0,1,1,1,2,0
17256,4,4,11,4,7,3,1,0,2,2,1
17257,6,4,9,0,10,1,1,0,1,2,0
17258,9,2,11,0,1,1,0,0,1,2,0
17259,8,4,15,0,13,4,1,0,2,2,0
17260,9,5,11,0,4,1,1,0,2,2,0
17261,5,4,15,4,8,3,0,0,1,2,0
17262,11,1,15,0,1,4,1,0,2,2,0
17263,11,4,15,3,14,4,1,0,3,2,0
17264,13,4,15,2,12,0,1,1,2,2,1
17265,4,4,12,4,4,1,1,0,2,2,1
17266,8,4,15,2,13,5,1,0,2,2,0
17267,3,4,0,4,9,1,1,0,1,2,0
17268,10,4,6,0,8,1,1,0,1,2,0
17269,4,4,11,4,14,3,1,1,2,2,0
17270,8,4,12,2,4,0,1,1,2,2,0
17271,7,4,9,4,10,3,1,1,2,2,0
17272,5,4,15,2,14,0,0,1,2,2,1
17273,9,4,14,4,10,3,1,1,2,2,0
17274,6,8,11,0,13,1,1,1,2,2,0
17275,8,2,11,2,6,0,1,1,2,0,0
17276,5,4,9,4,4,3,1,1,2,2,0
17277,8,6,7,2,12,0,1,1,4,2,1
17278,10,0,1,2,0,0,1,1,0,2,1
17279,3,4,11,4,3,1,1,1,2,2,0
17280,4,4,11,4,13,1,1,0,1,2,0
17281,7,4,11,2,14,0,1,1,2,2,0
17282,18,1,11,2,14,0,1,1,3,2,1
17283,3,4,12,4,6,3,1,1,3,2,0
17284,7,4,11,2,10,0,1,1,3,0,0
17285,7,4,12,5,12,4,1,0,2,2,0
17286,4,5,11,4,4,3,1,0,2,2,0
17287,3,7,9,4,10,3,1,1,1,3,0
17288,10,4,15,0,7,1,1,0,2,2,0
17289,6,4,9,4,10,3,1,1,1,2,0
17290,10,4,11,2,3,0,1,1,2,2,0
17291,10,4,15,2,12,0,1,1,2,2,0
17292,6,4,11,2,3,0,1,1,2,2,0
17293,4,4,9,4,13,3,0,0,2,2,1
17294,6,4,12,4,6,1,0,1,2,2,0
17295,5,4,11,4,4,3,1,1,2,2,0
17296,8,4,11,2,3,0,1,1,2,2,0
17297,11,6,7,2,3,0,1,1,2,2,0
17298,8,4,4,2,12,0,0,1,2,2,1
17299,6,4,15,4,1,3,0,0,1,2,0
17300,7,4,9,2,10,0,0,1,1,2,0
17301,4,4,7,4,4,1,1,1,2,2,0
17302,8,1,11,2,3,0,1,1,1,2,1
17303,8,0,6,4,0,1,1,1,2,2,0
17304,4,4,15,4,8,3,0,1,1,2,0
17305,14,4,15,2,12,0,1,1,4,2,1
17306,5,5,12,2,4,0,1,1,2,0,0
17307,8,0,9,2,0,0,1,1,0,2,1
17308,8,4,7,2,1,5,1,0,2,2,0
17309,8,4,15,2,3,0,1,1,2,2,0
17310,6,6,15,4,10,1,1,0,1,2,0
17311,4,4,15,4,8,4,1,0,1,2,0
17312,7,4,11,2,12,0,1,1,2,2,0
17313,11,4,11,4,14,1,1,1,2,2,0
17314,5,4,9,0,10,1,1,0,1,4,0
17315,8,4,15,0,12,1,1,1,2,2,0
17316,6,2,8,2,6,0,0,1,2,2,1
17317,3,0,10,4,0,3,1,0,0,2,0
17318,9,4,10,2,10,0,1,1,2,2,0
17319,5,4,15,2,14,0,1,1,2,2,0
17320,6,7,11,0,1,1,0,0,2,2,0
17321,5,4,15,2,4,0,1,1,2,2,0
17322,11,4,7,0,12,1,1,1,1,2,0
17323,5,4,0,4,8,3,1,1,2,2,0
17324,8,4,8,2,4,0,1,1,2,2,0
17325,4,6,11,2,3,0,0,1,2,2,0
17326,9,4,11,2,7,0,1,1,2,2,0
17327,6,4,11,4,10,3,1,1,2,2,0
17328,9,4,9,2,7,0,1,1,2,2,0
17329,6,0,11,2,0,0,1,1,0,2,0
17330,9,4,5,2,3,0,1,1,2,2,0
17331,8,4,7,0,1,1,1,0,2,2,0
17332,7,4,11,5,7,1,1,1,2,1,0
17333,7,4,15,4,12,1,1,1,1,2,0
17334,9,4,0,2,7,0,1,1,2,2,0
17335,10,4,15,2,1,0,0,1,1,2,0
17336,5,4,11,4,4,1,1,0,2,2,0
17337,7,7,9,1,10,5,1,0,2,2,1
17338,4,4,11,4,3,1,1,0,2,2,0
17339,4,4,10,4,7,4,1,0,2,2,0
17340,4,4,8,5,12,1,1,1,2,2,0
17341,7,4,15,4,8,4,1,0,2,2,0
17342,5,4,11,4,8,3,1,0,1,1,0
17343,11,2,11,2,5,0,1,1,1,2,0
17344,8,4,1,2,3,0,1,1,2,2,0
17345,8,0,11,4,0,4,1,0,0,2,0
17346,5,0,9,4,4,1,1,1,2,1,0
17347,8,4,12,0,4,4,0,0,2,2,0
17348,4,4,11,4,3,1,1,1,3,2,0
17349,9,0,6,2,0,0,1,1,0,2,0
17350,6,4,15,2,3,0,1,1,2,2,0
17351,8,2,8,2,11,0,0,1,2,2,1
17352,4,6,9,5,12,4,0,0,2,2,0
17353,8,7,15,4,11,1,0,1,1,2,0
17354,4,4,15,4,1,1,1,1,1,2,0
17355,11,4,15,2,6,0,0,1,2,2,1
17356,11,4,15,2,1,3,0,0,2,2,0
17357,4,4,11,4,7,3,0,1,2,2,0
17358,9,6,11,2,5,0,1,1,1,0,0
17359,5,4,11,2,3,0,1,1,1,2,1
17360,7,2,5,2,11,0,0,1,2,2,1
17361,13,4,10,5,10,4,1,1,2,2,0
17362,6,4,15,4,8,3,1,0,1,2,0
17363,7,4,8,4,3,2,1,1,2,2,0
17364,9,4,11,2,7,0,1,1,3,2,0
17365,10,7,11,2,4,0,1,1,2,2,0
17366,10,6,15,2,4,0,1,1,2,2,1
17367,6,4,15,4,6,3,1,0,3,1,0
17368,10,5,15,2,5,0,1,1,2,2,0
17369,6,4,9,2,10,0,1,1,0,2,0
17370,4,4,11,4,4,3,1,1,2,2,0
17371,7,6,8,2,3,0,1,1,1,2,0
17372,5,0,11,2,0,0,1,1,1,2,0
17373,12,4,11,2,12,0,1,1,2,2,0
17374,8,4,12,0,12,4,1,0,1,2,0
17375,7,4,1,4,8,4,1,1,2,2,1
17376,11,4,0,2,7,0,1,1,2,2,0
17377,10,5,12,2,4,0,1,1,2,2,1
17378,9,6,11,0,12,4,1,0,2,2,0
17379,8,4,11,2,1,0,0,1,0,2,1
17380,5,4,13,6,8,1,1,1,2,2,0
17381,11,7,15,2,4,5,1,0,4,2,0
17382,7,4,10,2,14,0,1,1,2,2,0
17383,11,4,15,2,7,0,0,1,2,2,1
17384,8,4,9,2,10,2,1,0,0,2,1
17385,8,4,12,5,10,3,1,1,1,2,0
17386,10,4,11,2,1,2,1,0,1,2,0
17387,8,4,15,2,3,0,1,1,2,2,0
17388,13,2,9,2,4,0,1,1,2,2,0
17389,7,4,11,4,7,1,1,0,2,2,0
17390,5,0,10,2,0,0,1,1,2,2,1
17391,12,6,11,2,3,0,1,1,2,2,0
17392,6,2,12,0,10,1,1,0,2,2,0
17393,6,4,11,4,1,1,0,1,2,2,0
17394,4,0,5,2,0,0,1,1,2,2,1
17395,8,4,5,0,10,1,1,1,1,2,1
17396,9,4,11,2,7,0,0,1,2,2,1
17397,6,4,9,4,1,3,0,0,2,2,0
17398,5,6,15,0,12,4,1,0,2,2,0
17399,7,7,11,2,1,5,1,0,2,2,1
17400,11,2,15,6,1,1,1,0,2,2,0
17401,11,4,11,4,7,1,0,0,2,2,0
17402,11,5,11,0,3,3,1,1,2,2,0
17403,8,4,11,2,4,0,1,1,2,2,1
17404,6,3,15,2,13,5,1,0,2,2,0
17405,8,7,9,4,10,3,1,0,2,2,0
17406,10,6,15,2,4,0,1,1,2,2,0
17407,9,4,10,2,10,0,1,1,3,2,0
17408,3,0,10,4,0,1,1,0,1,2,0
17409,6,4,9,2,8,0,1,1,2,2,1
17410,7,4,1,0,12,1,1,0,2,2,1
17411,10,4,11,2,6,0,1,1,3,2,1
17412,4,4,11,4,3,1,1,1,2,2,0
17413,5,4,11,2,14,0,1,1,2,2,1
17414,5,4,9,2,12,0,1,1,2,2,0
17415,6,4,11,1,14,1,1,0,2,2,1
17416,10,4,11,0,12,4,0,0,2,2,0
17417,4,2,15,4,2,3,0,0,2,2,0
17418,12,1,9,0,10,1,1,0,3,2,0
17419,6,4,11,4,3,3,1,1,2,2,0
17420,6,4,3,4,8,2,1,1,2,2,0
17421,6,4,11,4,12,1,1,0,2,2,0
17422,8,4,9,2,4,0,1,1,2,2,0
17423,6,4,1,2,3,0,1,1,2,2,1
17424,6,4,11,2,8,1,0,0,2,2,1
17425,8,4,11,2,12,5,1,0,2,2,0
17426,5,4,11,2,1,4,1,0,2,2,1
17427,11,4,10,2,10,0,1,1,2,2,1
17428,12,4,11,0,1,1,1,0,1,2,0
17429,10,6,11,0,3,2,1,1,1,2,0
17430,7,6,15,2,4,0,1,1,2,2,1
17431,6,7,14,4,10,3,1,1,1,2,0
17432,9,4,12,2,1,0,1,1,1,2,1
17433,4,7,9,4,10,1,1,1,2,2,0
17434,3,7,13,4,12,3,1,1,1,2,0
17435,5,4,13,4,6,1,1,0,2,2,0
17436,4,4,11,4,8,3,1,0,3,2,0
17437,4,4,3,4,8,1,1,1,2,2,1
17438,12,5,11,2,5,0,1,1,2,2,1
17439,7,5,9,4,0,1,1,0,2,2,0
17440,9,4,11,2,7,0,1,1,2,2,0
17441,16,6,11,2,3,0,1,1,2,2,0
17442,3,4,9,4,12,1,1,0,1,2,0
17443,12,4,11,2,7,0,1,1,2,2,1
17444,5,4,11,4,7,1,1,0,2,2,0
17445,8,6,11,0,8,4,1,0,1,2,0
17446,6,5,11,4,1,1,0,1,2,2,0
17447,3,4,9,4,12,1,1,0,0,2,0
17448,4,4,12,4,12,4,1,0,1,2,0
17449,6,4,15,4,14,3,1,1,3,2,0
17450,11,4,11,6,3,1,1,1,2,2,0
17451,12,4,9,2,13,0,1,1,0,2,0
17452,12,4,9,2,4,5,1,0,3,2,1
17453,8,4,11,2,3,0,1,1,2,2,1
17454,10,4,15,2,10,5,1,0,1,2,1
17455,5,4,11,4,7,3,0,0,2,2,0
17456,10,4,15,2,12,0,1,1,0,2,1
17457,8,4,15,0,1,1,1,0,2,2,0
17458,7,4,11,2,14,0,1,1,2,2,0
17459,7,4,11,2,13,0,1,1,2,2,0
17460,4,1,15,2,14,0,1,1,2,2,1
17461,9,6,11,2,12,0,1,1,1,2,0
17462,12,4,11,0,3,1,1,1,2,2,0
17463,5,4,6,2,3,0,1,1,2,2,0
17464,8,4,7,5,7,1,1,0,2,0,0
17465,11,4,9,2,1,0,1,1,2,4,1
17466,5,2,15,4,10,1,1,0,3,2,0
17467,5,4,9,4,1,1,1,0,2,2,0
17468,5,4,11,2,14,0,1,1,2,1,1
17469,7,4,11,2,3,0,1,1,2,2,0
17470,10,2,11,2,6,0,1,1,2,2,1
17471,8,4,11,2,3,0,1,1,2,2,0
17472,6,4,9,2,4,0,0,1,3,2,0
17473,8,4,11,2,3,0,1,1,2,2,0
17474,5,5,15,4,4,1,1,1,2,2,0
17475,10,5,12,0,10,1,1,1,2,2,0
17476,7,4,15,2,8,5,1,0,1,2,0
17477,11,4,15,2,12,2,1,0,1,2,1
17478,9,4,5,2,3,0,1,1,4,2,1
17479,12,0,15,0,4,1,1,1,4,2,1
17480,6,4,11,0,12,1,1,1,1,2,0
17481,8,4,9,2,13,0,1,1,2,2,0
17482,8,4,11,2,6,0,1,1,3,2,1
17483,7,4,11,4,8,3,1,0,1,2,0
17484,6,4,9,4,10,1,1,0,2,2,1
17485,8,1,15,2,7,0,1,1,2,2,1
17486,5,4,11,4,3,3,1,1,2,2,0
17487,6,4,2,0,12,4,1,0,2,2,0
17488,5,4,15,2,1,5,1,0,2,2,1
17489,6,4,11,0,1,1,1,0,2,4,0
17490,4,2,12,4,2,3,1,0,1,2,0
17491,11,4,9,2,10,5,1,0,2,2,0
17492,8,4,8,2,4,0,1,1,2,2,1
17493,6,4,9,0,12,4,0,0,1,2,0
17494,4,4,9,4,8,3,0,1,0,2,0
17495,6,4,11,4,1,4,1,0,1,2,0
17496,7,4,12,0,12,1,1,0,2,2,0
17497,10,7,11,2,11,0,0,1,2,2,1
17498,6,0,11,1,0,4,1,0,0,2,1
17499,7,6,3,4,13,1,1,0,2,2,0
17500,5,4,11,4,8,3,1,0,2,2,0
17501,6,4,6,3,5,1,1,1,2,1,0
17502,9,5,11,2,4,0,1,1,3,2,0
17503,5,4,11,6,6,1,0,1,2,2,0
17504,6,6,1,4,8,4,1,0,2,2,0
17505,7,6,11,0,12,1,1,0,4,2,0
17506,6,4,11,4,4,3,1,1,1,2,0
17507,4,4,10,0,10,4,1,1,2,2,0
17508,8,4,15,2,1,5,1,0,2,2,0
17509,4,4,9,4,1,3,1,0,1,2,0
17510,7,4,11,2,1,5,1,0,2,2,1
17511,6,4,11,2,4,0,1,1,2,2,0
17512,4,4,11,4,8,1,1,0,2,2,0
17513,7,6,9,2,4,2,1,1,2,2,1
17514,4,5,11,4,7,1,1,1,2,2,0
17515,8,4,11,2,3,0,1,1,2,2,0
17516,4,7,12,4,10,3,0,1,2,2,0
17517,8,4,0,4,7,3,0,1,2,2,0
17518,4,1,15,4,10,1,1,1,2,2,0
17519,8,4,15,2,4,0,1,1,2,2,1
17520,11,4,11,2,3,0,1,1,2,2,0
17521,7,6,11,2,3,0,1,1,2,2,0
17522,7,5,11,2,0,0,1,1,1,2,0
17523,11,4,3,2,12,0,0,1,2,2,1
17524,10,4,12,2,6,0,1,1,2,2,0
17525,11,5,15,6,5,4,1,0,2,2,0
17526,5,0,11,4,0,3,1,1,2,2,0
17527,4,4,11,4,6,1,1,1,2,2,0
17528,9,4,11,2,3,0,1,1,2,2,1
17529,13,4,15,2,1,0,1,1,2,2,1
17530,7,5,9,2,4,0,1,1,1,0,1
17531,6,4,11,2,3,0,1,1,2,1,1
17532,7,4,15,4,7,4,1,0,2,2,0
17533,3,6,15,4,8,1,1,0,2,2,0
17534,10,4,4,2,8,0,1,1,2,2,0
17535,7,2,5,5,10,4,1,0,2,2,0
17536,11,2,9,1,10,4,1,0,2,2,1
17537,7,2,9,2,6,0,1,1,2,2,0
17538,9,4,9,2,12,0,1,1,1,2,1
17539,12,0,10,6,0,1,1,0,1,2,0
17540,5,4,7,4,7,3,1,1,2,2,0
17541,4,4,11,4,1,1,1,0,1,2,0
17542,6,4,5,2,3,0,1,1,2,2,0
17543,5,4,5,4,3,2,1,1,2,2,0
17544,12,4,11,2,12,0,1,1,3,2,0
17545,9,4,15,2,1,0,0,1,2,2,1
17546,4,4,11,4,3,1,1,1,2,2,0
17547,10,5,11,2,4,0,0,1,2,2,0
17548,6,6,11,0,5,3,1,1,2,2,0
17549,5,4,0,4,7,3,1,1,2,2,0
17550,11,4,0,0,7,1,1,1,2,2,1
17551,7,4,14,2,3,0,1,1,3,2,1
17552,7,2,11,0,12,4,1,0,0,2,0
17553,6,5,11,4,1,1,1,0,2,2,0
17554,10,4,11,6,8,3,1,0,2,2,0
17555,6,4,3,0,13,1,1,0,2,2,0
17556,9,4,5,2,3,0,1,1,2,2,1
17557,10,4,11,0,3,1,1,0,2,2,0
17558,4,4,15,4,10,3,1,1,1,2,0
17559,4,4,11,4,1,3,1,0,2,2,0
17560,4,6,12,4,10,1,1,1,1,2,0
17561,4,4,11,0,8,1,0,0,2,2,0
17562,10,7,11,2,1,5,1,0,2,2,1
17563,4,6,12,4,4,3,1,0,2,2,0
17564,9,4,1,2,8,5,0,0,2,2,0
17565,8,4,1,0,8,4,0,0,2,2,0
17566,4,0,6,4,0,1,1,1,0,2,0
17567,10,5,15,4,5,3,1,1,3,2,0
17568,8,2,5,2,10,4,1,0,2,2,0
17569,4,4,11,4,7,1,0,0,2,1,0
17570,8,4,15,4,4,3,1,1,2,2,0
17571,8,4,11,2,1,0,1,1,2,2,1
17572,4,4,8,4,10,3,1,0,1,2,1
17573,7,4,15,2,4,0,1,1,2,2,1
17574,8,6,8,2,4,0,1,1,2,2,1
17575,4,4,11,4,4,1,1,1,2,2,0
17576,12,1,15,2,4,0,1,1,2,2,1
17577,5,4,12,4,1,3,1,0,2,2,0
17578,5,4,15,4,1,1,1,0,2,2,0
17579,3,4,15,4,10,1,1,0,2,2,0
17580,4,4,11,4,4,1,1,1,2,2,0
17581,4,4,15,5,6,1,1,1,2,2,0
17582,7,6,9,2,10,0,1,1,2,2,1
17583,7,4,11,5,4,1,1,0,2,2,0
17584,8,4,7,2,14,0,1,1,2,2,0
17585,13,4,11,0,12,1,0,0,2,2,0
17586,6,4,9,2,10,0,1,1,2,2,1
17587,4,2,10,4,10,1,1,1,2,2,0
17588,8,4,11,4,1,3,1,0,2,2,0
17589,12,7,12,2,10,4,1,1,2,2,1
17590,6,2,2,2,8,0,1,1,2,2,0
17591,8,4,7,2,7,0,0,1,2,0,0
17592,7,4,12,4,10,1,1,1,1,2,0
17593,4,0,11,4,4,1,1,1,2,2,0
17594,11,4,11,1,8,5,1,0,2,2,0
17595,12,4,9,2,10,0,1,1,2,2,0
17596,6,2,11,2,12,0,1,1,2,2,0
17597,8,6,0,0,3,4,1,1,2,2,0
17598,10,4,15,0,12,1,0,0,2,2,0
17599,9,6,9,0,1,1,0,0,2,1,0
17600,8,4,2,4,12,1,1,1,2,2,0
17601,9,4,15,2,8,5,1,0,2,2,0
17602,6,4,15,0,6,1,1,1,1,2,0
17603,5,4,11,4,12,3,0,1,0,1,0
17604,4,4,15,4,6,1,1,1,2,2,0
17605,4,4,1,4,12,3,1,1,3,2,0
17606,7,4,9,2,12,0,1,1,3,2,0
17607,6,4,15,4,2,3,1,0,2,2,0
17608,8,2,14,2,10,0,1,1,2,2,1
17609,8,4,15,2,14,0,1,1,1,2,1
17610,8,4,9,2,4,0,1,1,2,2,0
17611,9,4,11,2,7,0,0,1,2,2,0
17612,5,4,15,6,4,1,1,1,2,2,0
17613,4,4,1,4,7,1,0,0,2,2,0
17614,9,4,11,2,3,0,0,1,1,2,1
17615,8,4,15,0,12,4,1,0,3,2,0
17616,8,4,11,2,6,0,1,1,3,2,0
17617,4,4,15,4,10,4,1,0,2,2,0
17618,6,5,11,2,0,5,0,0,2,2,0
17619,7,4,15,2,4,0,1,1,2,2,0
17620,16,1,14,2,10,0,1,1,1,2,1
17621,6,5,11,2,1,5,1,0,1,2,0
17622,12,1,11,4,10,3,1,1,1,2,0
17623,8,4,0,2,6,0,1,1,2,2,1
17624,10,4,15,0,7,3,1,0,2,2,0
17625,5,6,2,4,8,3,1,1,0,2,0
17626,4,2,9,4,12,1,1,1,3,2,0
17627,8,7,11,2,8,0,0,1,1,2,1
17628,8,4,11,0,10,1,1,1,1,2,1
17629,3,4,11,4,12,3,1,1,3,4,0
17630,11,6,6,0,5,4,1,0,2,2,0
17631,15,4,11,6,3,3,1,1,2,2,0
17632,4,4,9,5,13,3,1,1,2,2,0
17633,12,6,15,2,5,0,1,1,2,2,1
17634,13,6,9,5,12,4,1,0,2,2,0
17635,8,5,15,4,7,3,0,0,2,2,0
17636,8,4,6,2,3,0,1,1,2,2,0
17637,12,7,9,5,10,1,1,1,2,2,0
17638,6,6,9,4,1,1,1,0,1,4,0
17639,5,0,6,4,0,4,1,0,2,2,0
17640,7,4,11,4,12,4,1,0,2,2,0
17641,6,4,11,0,1,4,0,0,2,2,0
17642,12,4,11,2,6,0,0,1,3,2,1
17643,4,4,7,2,12,0,1,1,2,2,0
17644,8,4,11,2,7,5,1,0,2,2,0
17645,9,6,15,0,10,1,1,1,1,2,0
17646,7,4,9,2,1,0,1,1,2,2,1
17647,4,4,15,4,13,3,1,0,2,2,0
17648,4,4,15,4,8,1,1,0,1,2,0
17649,9,4,0,2,7,0,1,1,2,2,0
17650,8,4,15,2,8,0,1,1,2,2,0
17651,10,4,11,2,12,0,1,1,2,2,0
17652,4,4,11,4,8,2,1,0,1,2,0
17653,4,4,11,4,8,3,1,0,1,2,0
17654,7,4,13,2,14,0,1,1,2,2,1
17655,10,4,11,2,12,5,1,0,2,2,1
17656,5,4,11,2,7,0,1,1,2,2,0
17657,5,4,9,4,13,2,1,0,2,2,0
17658,4,6,11,0,3,1,1,1,2,2,0
17659,9,4,1,2,7,0,1,1,2,2,1
17660,8,2,15,4,6,3,1,1,2,2,0
17661,11,4,1,2,3,0,1,1,2,2,0
17662,10,4,1,2,3,0,1,1,2,2,0
17663,8,4,15,2,4,0,1,1,2,2,0
17664,4,4,15,4,1,1,1,0,2,2,0
17665,7,1,9,2,10,0,0,1,3,2,1
17666,9,4,11,0,4,2,1,1,2,0,0
17667,4,4,11,4,4,1,0,0,2,2,0
17668,11,1,15,2,3,0,1,1,2,2,0
17669,12,4,9,0,10,4,1,0,1,2,0
17670,8,4,0,2,8,0,1,1,2,2,1
17671,18,4,15,0,4,4,1,0,2,2,0
17672,7,4,1,2,14,0,1,1,2,2,0
17673,7,4,9,5,1,1,1,0,2,2,0
17674,8,6,9,0,12,3,0,0,2,2,0
17675,3,4,9,4,12,1,1,0,2,2,0
17676,6,4,11,4,12,3,1,1,4,0,0
17677,3,4,10,4,7,1,1,0,2,2,0
17678,8,6,1,2,5,0,1,1,1,2,1
17679,8,4,15,2,1,0,1,1,2,2,1
17680,7,4,1,2,3,0,1,1,1,2,0
17681,6,4,9,0,8,1,1,0,2,2,0
17682,4,4,9,4,4,3,1,0,3,2,0
17683,13,4,11,5,3,1,0,1,2,2,0
17684,3,4,15,4,13,1,1,0,2,2,0
17685,9,4,9,2,10,0,1,1,2,2,0
17686,7,4,9,4,4,3,1,1,1,2,0
17687,13,6,15,2,12,5,1,0,2,2,0
17688,9,2,11,4,4,4,1,1,3,0,0
17689,10,4,3,2,13,0,1,1,2,2,1
17690,8,4,11,0,6,1,1,1,2,2,0
17691,6,6,11,4,12,4,0,0,2,2,1
17692,5,4,1,2,8,0,0,1,1,2,0
17693,8,4,11,4,7,1,1,1,2,2,1
17694,4,6,11,4,12,4,1,0,2,2,0
17695,12,4,15,2,8,2,1,1,0,2,0
17696,7,4,11,2,6,0,1,1,3,2,0
17697,8,4,11,2,3,0,1,1,2,2,0
17698,5,4,9,0,1,4,1,1,0,2,0
17699,6,4,15,2,4,0,1,1,2,2,0
17700,9,4,11,2,3,0,1,1,2,2,1
17701,9,4,11,2,14,0,1,1,2,2,1
17702,7,4,15,4,1,3,0,0,2,2,0
17703,4,7,9,4,8,2,1,0,1,2,0
17704,7,4,11,4,14,3,1,1,2,2,0
17705,7,4,11,0,1,1,0,0,2,2,0
17706,3,1,15,4,14,1,1,1,2,2,0
17707,7,4,15,5,4,1,1,0,2,2,0
17708,8,7,9,0,10,1,1,0,2,2,0
17709,10,4,11,2,12,0,0,1,2,2,1
17710,10,4,15,0,14,1,1,1,2,2,0
17711,9,4,11,2,12,0,1,1,2,2,0
17712,9,6,12,2,4,5,1,0,2,2,1
17713,7,4,11,2,3,0,1,1,2,2,0
17714,9,4,14,2,10,0,1,1,2,0,0
17715,9,4,15,2,12,0,1,1,4,2,1
17716,7,4,9,2,4,0,1,1,2,2,0
17717,6,4,11,4,3,3,1,0,2,2,0
17718,3,6,15,4,10,4,1,1,0,4,0
17719,7,4,11,2,1,0,1,1,0,2,0
17720,4,4,7,4,12,3,1,0,1,2,0
17721,5,4,8,2,3,0,1,1,2,2,0
17722,8,4,11,2,3,0,1,1,1,2,0
17723,5,2,11,4,6,3,0,0,3,2,0
17724,9,0,9,4,0,1,0,0,1,2,0
17725,5,4,15,2,12,0,1,1,2,2,0
17726,11,4,15,0,1,4,1,0,2,2,0
17727,7,4,11,2,14,0,1,1,1,2,1
17728,3,4,11,4,1,1,1,0,2,2,0
17729,13,0,1,2,0,0,0,1,1,2,0
17730,6,4,11,0,8,1,0,0,1,2,0
17731,3,4,5,4,1,3,1,0,1,2,0
17732,8,4,11,0,1,1,1,0,1,2,0
17733,9,4,11,0,6,4,0,1,2,2,0
17734,5,4,7,4,12,1,0,1,2,2,0
17735,3,4,11,4,3,3,1,0,2,2,0
17736,4,4,11,4,12,4,1,0,2,2,0
17737,6,4,15,4,4,3,1,1,2,2,0
17738,5,2,15,4,12,4,1,0,1,2,0
17739,12,4,9,2,4,0,1,1,2,2,1
17740,4,4,7,6,12,1,0,0,2,2,0
17741,10,2,11,2,1,5,1,0,2,2,0
17742,5,6,7,4,12,3,1,0,2,2,0
17743,13,4,11,0,8,1,1,0,1,2,0
17744,6,2,15,2,10,0,1,1,2,2,0
17745,6,4,11,0,12,4,1,1,2,2,0
17746,5,4,11,4,12,3,1,1,4,2,0
17747,5,5,9,4,0,3,1,0,0,2,0
17748,8,4,15,4,4,3,1,1,2,0,0
17749,5,2,11,4,6,3,0,1,2,2,0
17750,7,4,11,2,3,0,1,1,3,2,1
17751,12,4,15,2,1,4,1,0,2,2,0
17752,11,4,12,2,14,0,1,1,1,2,0
17753,11,4,12,1,4,5,1,0,2,2,1
17754,7,4,7,0,12,4,1,1,2,2,0
17755,5,0,11,4,0,3,1,0,0,2,0
17756,4,2,15,2,10,0,1,1,2,2,1
17757,11,4,15,2,14,0,1,1,1,2,0
17758,11,1,9,2,10,0,1,1,2,2,0
17759,5,4,15,4,1,3,0,0,2,2,0
17760,7,4,11,4,14,3,1,1,2,2,0
17761,3,5,11,4,3,1,1,0,2,2,0
17762,5,4,15,4,10,1,1,0,2,2,0
17763,8,4,1,2,8,2,0,0,0,2,0
17764,9,7,8,0,10,1,1,1,2,2,0
17765,10,6,11,2,4,0,1,1,2,2,1
17766,8,2,15,4,1,1,1,1,2,2,0
17767,9,5,9,2,4,0,1,1,3,2,0
17768,10,4,7,2,12,0,1,1,2,2,0
17769,10,6,9,2,12,0,1,1,3,2,0
17770,13,4,5,2,3,0,0,1,2,2,0
17771,9,6,11,2,1,0,1,1,2,2,0
17772,8,4,12,2,6,0,0,1,2,2,1
17773,4,7,11,4,1,3,0,0,2,2,0
17774,11,2,14,2,10,0,0,1,1,2,1
17775,7,4,8,2,3,0,1,1,2,2,0
17776,6,4,11,4,7,1,1,1,2,2,0
17777,5,4,11,4,1,1,0,0,2,2,0
17778,13,4,11,2,3,0,1,1,0,2,0
17779,11,4,15,4,12,3,1,0,2,2,0
17780,6,4,11,3,3,1,1,1,3,2,1
17781,11,4,2,2,8,5,1,0,2,2,1
17782,3,4,1,4,8,3,0,1,2,2,0
17783,16,6,14,2,3,0,1,1,2,2,0
17784,8,6,11,5,3,1,1,1,2,2,0
17785,7,4,9,0,6,1,0,0,2,2,1
17786,9,6,9,0,8,4,1,0,2,2,0
17787,5,4,11,4,12,1,1,0,2,2,0
17788,7,4,15,2,4,0,1,1,2,2,1
17789,11,4,5,0,3,2,1,1,2,2,0
17790,11,4,7,0,1,1,0,0,0,2,0
17791,8,4,1,5,3,1,1,1,2,2,0
17792,5,4,0,2,14,0,1,1,3,2,1
17793,6,4,1,2,3,0,1,1,2,0,0
17794,7,4,15,4,7,1,1,1,2,2,0
17795,5,4,15,2,8,0,1,1,1,2,1
17796,9,4,5,2,3,0,1,1,2,2,1
17797,3,4,15,4,8,3,1,0,2,2,0
17798,8,4,15,2,10,0,1,1,2,2,1
17799,4,4,9,4,1,1,1,0,0,2,0
17800,7,5,8,2,4,0,0,1,2,2,0
17801,7,4,11,4,12,3,1,1,2,2,0
17802,6,4,11,2,14,0,1,1,2,2,0
17803,6,6,15,2,12,0,1,1,2,2,0
17804,7,6,15,2,3,0,1,1,2,2,0
17805,8,4,11,4,1,1,0,0,2,2,0
17806,9,4,14,2,3,0,1,1,2,2,0
17807,9,4,8,2,12,0,1,1,1,2,0
17808,8,4,11,0,5,4,1,0,3,2,0
17809,12,4,15,2,10,2,0,0,3,2,0
17810,11,4,1,2,12,0,1,1,2,2,0
17811,4,6,11,4,12,2,1,0,1,2,0
17812,7,5,11,2,1,0,1,1,2,2,0
17813,6,4,12,2,4,0,1,1,2,2,1
17814,9,5,11,2,5,0,1,1,3,2,0
17815,4,2,15,4,4,3,1,0,2,2,0
17816,7,2,8,2,11,0,0,1,2,2,1
17817,3,5,11,4,7,3,1,1,2,2,1
17818,7,4,7,0,12,1,1,0,1,2,0
17819,6,4,11,2,3,0,1,1,2,2,1
17820,10,2,12,2,10,0,1,1,2,2,1
17821,5,4,12,4,6,1,1,1,2,2,0
17822,9,7,11,2,4,0,1,1,2,2,0
17823,8,4,15,0,12,4,1,0,1,2,0
17824,9,6,12,4,10,1,1,1,3,2,0
17825,8,0,11,2,0,0,1,1,1,2,1
17826,8,4,10,2,10,0,1,1,1,2,0
17827,7,4,9,2,13,0,1,1,2,2,0
17828,5,4,15,2,4,0,1,1,2,2,1
17829,5,6,8,2,3,0,1,1,2,2,1
17830,6,4,8,2,4,0,1,1,3,2,0
17831,8,7,15,2,8,0,1,1,2,2,1
17832,8,4,0,0,6,1,1,1,2,2,0
17833,7,4,15,2,4,0,1,1,1,2,0
17834,6,7,9,2,12,0,1,1,4,2,0
17835,10,4,11,2,14,5,1,0,2,3,0
17836,9,4,15,2,4,0,1,1,2,2,0
17837,4,4,1,4,8,4,1,0,3,2,0
17838,3,4,12,4,1,1,1,0,2,2,0
17839,5,4,12,4,4,2,1,1,4,2,0
17840,6,4,15,4,4,3,1,0,2,2,0
17841,3,4,1,4,8,3,1,0,1,2,0
17842,5,4,15,4,10,1,1,1,0,2,0
17843,10,4,11,2,3,0,1,1,2,2,1
17844,10,4,14,0,10,3,1,1,2,2,0
17845,5,4,15,4,1,2,1,0,1,2,0
17846,3,4,11,4,5,3,1,1,3,2,1
17847,7,4,10,2,7,0,1,1,2,2,0
17848,8,4,11,0,8,1,0,0,0,2,0
17849,8,4,5,2,3,0,0,1,2,2,0
17850,17,4,9,6,4,1,1,1,2,2,0
17851,5,4,15,4,7,4,1,0,2,2,0
17852,8,4,11,2,8,5,1,0,1,2,0
17853,9,4,11,0,3,4,1,0,3,0,0
17854,6,4,10,4,10,2,1,0,2,2,0
17855,5,4,15,2,8,0,0,1,0,2,1
17856,3,6,15,4,12,3,1,0,2,2,0
17857,9,4,11,2,14,0,1,1,1,2,1
17858,8,4,9,2,8,0,1,1,0,2,1
17859,10,0,6,2,0,0,1,1,2,2,0
17860,4,4,9,2,10,0,1,1,1,2,0
17861,5,6,12,4,10,1,0,1,2,2,0
17862,9,4,15,4,12,3,1,1,1,0,0
17863,4,4,2,2,8,5,1,0,2,2,1
17864,4,0,11,6,0,1,0,0,2,2,0
17865,9,4,9,2,4,0,1,1,2,2,1
17866,11,2,11,4,8,1,1,0,1,2,0
17867,18,2,8,6,4,1,1,0,2,2,0
17868,9,4,11,0,8,4,1,0,0,2,0
17869,17,4,1,0,3,3,1,1,3,2,0
17870,4,3,15,4,13,3,1,0,1,2,0
17871,6,4,0,2,7,0,1,1,2,1,1
17872,3,7,14,4,10,1,0,0,2,2,0
17873,4,4,11,4,1,1,0,0,2,2,0
17874,5,4,8,4,12,3,0,1,1,2,0
17875,5,4,9,4,8,1,1,0,1,2,0
17876,14,4,12,6,10,1,1,0,2,2,0
17877,9,4,15,2,12,0,1,1,2,2,1
17878,5,4,9,2,13,5,1,0,2,2,1
17879,4,2,15,5,6,4,1,1,3,2,0
17880,8,4,11,0,1,4,1,0,2,2,0
17881,6,7,9,2,10,0,1,1,2,2,0
17882,6,4,15,4,1,2,0,0,2,1,0
17883,5,4,11,4,7,3,0,1,2,2,0
17884,8,7,15,0,1,3,1,0,2,2,0
17885,5,4,15,4,1,4,1,0,2,2,0
17886,3,4,11,4,8,1,1,0,2,2,0
17887,9,2,15,2,10,5,1,0,2,2,1
17888,9,4,9,0,10,1,1,1,2,2,0
17889,12,2,9,2,6,0,1,1,2,2,0
17890,4,4,15,4,4,1,1,1,2,2,0
17891,8,6,12,0,1,4,1,0,2,2,0
17892,13,4,11,2,14,0,1,1,3,2,0
17893,7,4,9,2,12,0,1,1,2,2,0
17894,10,4,11,0,1,4,1,0,1,2,0
17895,9,1,11,2,12,0,1,1,3,1,0
17896,6,4,11,2,14,0,1,1,2,2,0
17897,9,4,11,2,8,0,1,1,2,0,0
17898,4,6,11,4,8,1,1,0,2,2,0
17899,9,2,11,5,1,1,1,1,2,2,0
17900,9,0,8,2,0,2,1,0,2,2,1
17901,6,4,11,0,1,3,0,0,2,2,0
17902,9,4,9,0,12,3,1,1,1,2,1
17903,4,4,11,4,12,1,1,0,2,2,0
17904,6,4,11,4,8,3,1,0,1,2,0
17905,6,4,6,2,3,0,1,1,2,2,0
17906,14,6,9,6,10,1,1,0,1,2,0
17907,7,0,9,0,0,1,1,0,1,2,0
17908,11,5,15,1,5,4,1,1,3,2,1
17909,7,5,11,4,4,3,1,1,2,2,0
17910,3,5,11,4,0,1,1,1,2,2,0
17911,7,4,3,2,8,0,1,1,2,2,1
17912,4,4,9,4,12,4,0,0,4,2,1
17913,11,4,3,2,14,0,1,1,2,4,0
17914,12,4,11,2,3,0,1,1,2,2,1
17915,7,4,0,2,7,4,0,0,2,2,1
17916,8,2,11,2,3,0,1,1,1,2,1
17917,4,4,8,4,12,2,1,1,2,2,0
17918,4,4,11,4,14,1,0,1,3,2,0
17919,7,4,12,2,4,0,1,1,2,2,1
17920,7,7,5,2,11,0,1,1,2,2,0
17921,4,5,11,4,7,3,1,0,2,2,0
17922,4,4,11,4,1,1,1,1,2,2,0
17923,13,4,11,0,1,4,1,0,2,2,0
17924,9,1,5,0,10,1,1,0,1,2,0
17925,5,7,11,4,1,3,1,0,1,2,0
17926,11,4,11,3,14,1,1,1,3,2,0
17927,7,4,12,4,10,4,1,1,2,2,0
17928,4,2,10,4,10,3,1,0,2,2,0
17929,7,7,5,0,10,1,1,0,2,2,0
17930,8,4,11,0,3,1,1,1,2,2,1
17931,3,0,11,4,6,1,1,1,3,2,0
17932,8,4,11,2,3,0,0,1,2,2,0
17933,12,1,6,2,3,0,0,1,2,2,0
17934,5,4,15,4,12,3,1,0,2,2,0
17935,12,7,15,2,12,0,1,1,1,2,0
17936,13,5,15,2,4,0,0,1,2,2,0
17937,11,5,9,2,0,0,1,1,0,2,0
17938,8,4,11,2,3,0,1,1,2,2,0
17939,6,4,15,4,8,2,1,1,2,2,0
17940,8,4,11,5,1,4,1,0,2,2,0
17941,6,4,11,2,7,0,1,1,2,2,0
17942,8,4,11,2,12,0,1,1,2,2,1
17943,8,4,9,2,4,0,1,1,2,2,1
17944,3,6,15,4,13,4,1,0,0,2,0
17945,11,6,8,2,3,0,1,1,1,2,1
17946,9,4,11,2,6,0,1,1,1,2,1
17947,8,4,9,2,4,5,1,0,3,2,1
17948,12,4,15,2,4,0,1,1,2,2,1
17949,11,4,11,6,8,1,0,1,2,2,0
17950,7,6,11,2,3,0,1,1,2,2,0
17951,11,0,5,2,0,0,1,1,1,2,1
17952,4,4,8,4,1,4,1,0,2,2,0
17953,6,4,11,2,5,0,1,1,2,2,0
17954,7,4,15,2,13,0,1,1,0,2,0
17955,6,2,11,4,5,3,1,0,2,2,0
17956,5,5,8,0,4,1,1,1,2,2,0
17957,10,2,5,2,10,0,1,1,2,2,0
17958,8,4,15,2,10,0,1,1,2,2,0
17959,8,2,15,4,6,1,1,1,3,2,0
17960,5,4,12,4,4,1,1,0,2,3,0
17961,11,6,1,2,8,5,1,0,1,2,1
17962,6,4,11,4,8,3,1,0,1,2,0
17963,5,4,10,4,7,1,1,1,4,2,0
17964,10,4,11,2,1,5,1,0,1,2,0
17965,6,4,15,4,4,1,1,1,2,2,0
17966,12,4,9,2,10,5,1,0,2,2,0
17967,8,4,11,2,3,0,1,1,2,2,1
17968,5,4,11,4,8,1,1,1,1,2,0
17969,9,4,11,0,8,1,1,0,2,2,0
17970,8,7,11,0,1,1,1,0,2,2,0
17971,9,2,0,2,6,0,1,1,1,2,1
17972,4,4,15,4,10,3,1,1,1,2,0
17973,7,4,9,2,10,0,1,1,2,2,0
17974,11,2,11,2,3,0,1,1,2,2,0
17975,9,4,15,2,3,0,1,1,2,2,1
17976,4,4,10,4,7,3,1,0,2,2,0
17977,8,4,11,2,12,0,1,1,2,2,0
17978,5,0,6,4,0,2,1,0,0,2,0
17979,16,7,9,6,12,3,1,1,2,2,0
17980,9,4,14,2,10,0,1,1,2,2,1
17981,8,2,11,0,14,1,1,1,2,2,0
17982,11,4,11,0,4,1,1,0,2,2,0
17983,9,4,9,2,6,0,1,1,2,2,0
17984,10,4,9,4,10,3,1,1,2,2,0
17985,10,4,10,2,10,5,1,0,4,2,1
17986,8,7,11,4,1,3,0,0,2,2,0
17987,12,4,12,0,10,1,0,0,2,2,0
17988,9,4,11,4,4,3,1,1,2,2,0
17989,9,4,11,0,8,4,0,0,2,2,0
17990,6,5,15,2,4,0,1,1,2,2,1
17991,4,4,9,6,10,1,1,0,2,2,0
17992,4,0,10,0,0,4,1,1,2,2,0
17993,6,4,11,0,3,1,1,1,2,2,0
17994,5,4,8,4,3,3,1,1,2,2,1
17995,3,4,15,4,1,1,1,0,1,2,1
17996,7,2,9,6,4,1,0,1,0,2,0
17997,9,4,15,2,3,0,1,1,2,2,1
17998,4,4,15,5,12,1,1,0,2,2,0
17999,7,6,14,0,10,4,1,0,1,0,1
18000,4,4,11,4,3,2,0,1,3,2,0
18001,18,4,7,0,4,1,1,0,2,2,0
18002,8,6,11,2,4,0,1,1,2,2,1
18003,3,4,9,0,10,2,1,0,2,2,0
18004,6,4,6,0,8,1,1,0,2,2,0
18005,4,4,11,4,12,1,1,0,4,2,0
18006,3,4,9,4,10,2,1,1,0,2,0
18007,11,4,1,2,14,0,1,1,2,2,0
18008,3,0,5,4,0,1,1,0,1,2,0
18009,10,4,3,2,13,0,1,1,2,2,1
18010,10,4,11,0,14,3,1,1,2,2,0
18011,15,2,11,2,10,5,1,0,0,2,1
18012,11,4,15,1,8,5,1,0,0,2,0
18013,7,4,11,0,6,1,1,1,2,2,0
18014,8,4,11,2,7,2,1,1,2,2,1
18015,5,4,13,2,14,0,1,1,2,2,0
18016,11,4,15,2,12,0,1,1,2,2,1
18017,4,4,9,4,4,3,1,0,2,2,0
18018,4,7,14,4,10,3,1,1,2,2,0
18019,8,7,11,4,10,1,1,0,2,2,0
18020,10,4,3,2,6,0,1,1,2,2,0
18021,6,1,10,4,10,1,1,1,2,2,0
18022,9,6,9,4,4,4,1,0,2,2,0
18023,7,6,11,2,5,0,1,1,2,0,0
18024,6,4,6,4,5,1,1,1,2,2,0
18025,9,4,11,2,14,0,1,1,2,2,0
18026,12,4,11,4,11,1,1,1,2,2,0
18027,4,4,12,4,6,3,1,1,1,2,0
18028,5,4,9,4,12,2,1,0,1,2,0
18029,4,4,11,4,6,1,1,0,3,2,0
18030,8,1,11,0,14,1,1,1,2,2,0
18031,10,4,15,2,1,0,1,1,2,2,0
18032,4,4,9,4,12,2,1,0,2,2,0
18033,8,0,11,5,0,4,1,0,1,2,0
18034,4,4,11,4,3,1,1,0,2,2,0
18035,10,6,9,2,13,0,1,1,2,2,0
18036,10,4,11,2,5,1,1,1,2,2,0
18037,4,4,11,4,12,4,1,0,1,2,0
18038,7,4,9,4,10,3,1,1,1,2,0
18039,8,4,11,0,1,1,0,0,2,2,0
18040,9,6,15,2,4,0,1,1,2,2,0
18041,8,4,15,2,4,0,1,1,1,0,0
18042,5,4,15,4,1,3,1,0,2,2,0
18043,12,5,9,2,4,0,1,1,2,2,0
18044,9,7,9,2,10,0,1,1,2,2,1
18045,8,5,11,4,3,3,1,1,3,0,0
18046,4,4,12,4,5,3,1,1,2,2,0
18047,9,4,15,2,11,0,1,1,1,2,1
18048,10,4,9,2,10,0,1,1,0,2,0
18049,4,6,7,4,4,1,1,1,2,2,0
18050,4,4,11,4,8,3,0,0,2,2,0
18051,7,4,8,4,6,3,0,1,2,2,0
18052,10,6,11,2,12,0,1,1,2,2,0
18053,10,4,14,2,10,0,1,1,2,2,0
18054,11,0,10,2,0,0,1,1,1,2,1
18055,7,5,12,0,4,4,1,0,2,2,0
18056,5,4,15,4,3,1,1,1,2,2,0
18057,5,6,15,2,12,0,1,1,4,2,1
18058,16,7,15,0,1,4,0,0,2,2,1
18059,14,4,11,0,1,2,0,0,2,2,0
18060,9,6,0,4,13,1,0,0,2,2,0
18061,5,4,1,4,2,3,0,1,2,2,0
18062,9,4,6,2,5,0,1,1,1,2,1
18063,3,4,9,4,10,3,1,0,2,2,0
18064,11,1,14,2,14,0,1,1,1,2,1
18065,7,4,11,5,1,4,1,0,2,2,0
18066,4,4,7,4,12,1,1,0,2,2,0
18067,10,4,12,2,2,0,1,1,2,2,1
18068,4,4,11,4,7,3,1,1,2,2,0
18069,4,4,15,4,1,1,1,0,2,2,0
18070,8,4,12,4,4,3,1,1,1,2,0
18071,11,4,9,2,13,0,1,1,2,2,1
18072,5,4,15,4,4,1,1,1,4,2,1
18073,4,4,1,4,3,3,1,1,1,2,0
18074,8,4,15,2,6,0,1,1,2,2,0
18075,5,4,12,4,1,3,1,0,2,2,0
18076,4,4,1,4,3,3,1,1,2,2,0
18077,8,4,11,2,12,5,1,0,2,2,1
18078,7,4,15,4,4,3,1,0,2,2,0
18079,8,4,11,2,3,0,1,1,2,2,1
18080,9,4,11,2,3,0,1,1,2,2,1
18081,7,4,4,2,8,0,0,1,0,2,0
18082,4,4,15,4,5,2,1,0,3,2,0
18083,6,4,9,4,1,1,1,0,1,2,0
18084,7,4,11,4,1,3,0,0,2,2,0
18085,7,4,11,5,12,4,1,0,1,2,0
18086,5,8,8,4,13,1,0,0,2,2,1
18087,6,6,7,3,12,4,0,0,2,2,0
18088,10,5,5,2,3,0,1,1,3,2,0
18089,10,5,11,2,4,0,1,1,2,2,1
18090,3,2,9,4,10,1,0,1,1,2,0
18091,12,0,15,0,0,1,1,1,1,2,0
18092,8,4,11,2,1,0,0,1,2,2,1
18093,6,4,15,2,14,0,1,1,2,2,0
18094,4,4,11,4,3,3,1,0,2,2,0
18095,8,7,9,4,4,1,1,0,2,2,0
18096,6,4,15,2,6,0,0,1,2,2,0
18097,9,2,14,0,10,4,1,0,1,2,0
18098,7,4,15,4,1,1,0,0,2,2,0
18099,6,4,3,4,14,1,1,1,2,2,0
18100,12,4,9,2,13,0,1,1,2,2,1
18101,6,4,9,4,12,1,1,0,2,2,0
18102,10,4,11,2,1,0,1,1,2,2,1
18103,7,4,15,2,8,2,0,1,2,2,0
18104,6,4,8,2,3,0,1,1,2,2,1
18105,8,4,15,5,10,4,1,0,3,2,0
18106,4,4,15,4,12,1,1,1,4,2,0
18107,9,4,15,2,3,0,1,1,2,2,0
18108,8,4,9,4,8,3,1,1,1,2,0
18109,13,4,11,6,8,3,1,0,0,2,0
18110,9,4,11,2,6,0,1,1,2,2,1
18111,9,7,9,5,11,4,1,0,2,2,0
18112,8,1,15,5,14,0,1,1,2,2,0
18113,4,4,11,4,4,3,1,0,3,2,0
18114,7,4,1,0,3,1,1,1,1,2,0
18115,9,2,12,2,6,0,0,1,2,2,0
18116,9,4,11,2,10,0,1,1,1,2,1
18117,5,5,9,4,4,3,1,1,2,2,0
18118,13,4,11,5,4,1,1,1,2,2,0
18119,6,1,11,2,4,0,1,1,2,2,0
18120,4,6,11,2,4,0,0,1,2,3,0
18121,8,4,14,5,10,4,1,0,2,2,0
18122,11,3,9,6,13,3,1,0,2,2,0
18123,7,4,15,0,8,1,0,0,1,2,0
18124,3,4,2,4,13,3,1,1,2,2,0
18125,7,4,11,4,1,1,0,0,2,2,0
18126,3,2,12,4,10,3,1,1,0,2,1
18127,12,6,11,0,8,4,1,0,1,2,1
18128,9,6,15,2,5,0,1,1,3,2,1
18129,9,4,15,4,8,1,0,0,2,2,1
18130,7,4,8,2,12,0,1,1,3,2,0
18131,6,4,15,4,10,3,1,1,2,2,0
18132,5,4,7,4,1,1,1,0,2,2,1
18133,3,4,15,4,1,1,1,0,2,2,0
18134,6,4,9,2,10,0,1,1,3,2,0
18135,9,4,9,2,4,0,1,1,3,2,1
18136,5,4,11,4,4,3,1,1,2,2,0
18137,11,4,11,2,6,0,1,1,2,2,0
18138,8,4,15,2,13,5,1,0,2,2,1
18139,7,3,11,2,13,5,1,0,1,2,1
18140,9,7,9,4,10,1,1,1,1,2,0
18141,8,1,11,2,1,0,1,1,2,2,0
18142,11,4,11,2,3,0,1,1,2,2,1
18143,6,4,11,4,7,1,1,0,2,2,0
18144,9,4,0,0,7,1,1,1,2,2,0
18145,11,4,11,6,14,1,1,1,2,2,0
18146,6,4,9,2,4,0,1,1,2,2,1
18147,5,4,12,4,4,1,1,1,2,2,0
18148,7,1,12,4,4,1,1,0,2,2,0
18149,7,4,9,2,4,0,1,1,3,2,1
18150,11,4,9,2,4,0,1,1,1,2,0
18151,7,4,9,4,10,1,1,1,1,2,0
18152,10,0,9,2,0,0,1,1,0,1,0
18153,10,4,5,2,3,0,1,1,2,2,0
18154,9,0,1,2,0,0,1,1,2,2,1
18155,7,4,8,2,14,0,1,1,2,2,0
18156,5,4,11,4,3,3,1,1,2,2,0
18157,4,5,11,4,3,3,1,1,2,2,0
18158,9,4,12,0,10,4,1,1,2,2,0
18159,10,4,12,2,12,0,1,1,2,2,1
18160,11,4,11,0,3,1,1,1,2,2,0
18161,9,4,11,2,3,0,1,1,2,2,0
18162,7,4,9,0,4,4,1,0,2,2,1
18163,4,4,8,2,3,0,1,1,2,2,0
18164,8,4,1,0,8,4,1,0,2,2,0
18165,8,4,11,0,1,4,1,0,1,2,1
18166,4,4,12,4,5,1,1,1,2,2,0
18167,7,1,14,6,3,4,1,0,2,2,0
18168,9,2,9,2,6,0,1,1,2,2,1
18169,8,2,9,2,10,0,1,1,2,2,0
18170,4,6,9,4,1,3,1,0,2,2,0
18171,6,4,4,2,8,0,1,1,1,0,1
18172,3,4,11,4,14,1,1,1,2,2,0
18173,3,5,9,4,4,3,1,1,2,2,0
18174,7,6,15,2,3,0,1,1,2,2,0
18175,9,0,1,4,0,3,0,1,1,2,0
18176,12,6,9,5,12,4,1,0,2,2,0
18177,7,4,11,2,7,0,1,1,2,2,0
18178,7,4,11,2,6,0,1,1,3,2,0
18179,3,4,11,4,7,1,1,1,2,2,0
18180,8,4,11,2,6,0,0,1,2,2,0
18181,4,4,8,4,12,1,1,1,3,2,0
18182,8,4,11,0,8,4,1,0,1,2,1
18183,8,4,9,4,13,3,1,0,2,2,1
18184,4,4,12,0,12,1,1,1,2,2,0
18185,9,4,15,5,8,1,1,0,1,2,0
18186,10,4,11,2,3,0,1,1,2,2,0
18187,10,2,12,2,10,0,1,1,1,2,1
18188,8,4,3,2,14,0,0,1,2,2,0
18189,13,1,5,2,3,0,1,1,2,2,0
18190,6,4,15,0,12,1,1,0,2,2,0
18191,4,4,15,4,14,3,1,1,2,2,0
18192,5,4,9,4,12,3,1,0,2,2,0
18193,7,4,11,4,1,3,1,0,2,2,0
18194,6,4,8,4,3,3,1,1,3,2,0
18195,5,4,11,4,14,1,1,1,2,1,0
18196,4,4,15,4,4,1,0,1,2,2,0
18197,5,4,5,4,11,4,1,0,2,2,0
18198,6,4,11,4,3,3,1,1,2,2,0
18199,9,0,9,4,0,3,1,0,0,2,0
18200,10,4,5,2,11,0,1,1,2,2,1
18201,6,4,0,2,7,0,0,1,2,2,1
18202,9,4,9,0,8,1,1,1,1,2,0
18203,5,6,6,2,5,0,1,1,2,2,1
18204,4,2,11,6,10,1,1,0,2,2,0
18205,6,4,1,2,7,0,1,1,2,2,1
18206,7,4,11,4,1,1,1,0,1,1,0
18207,6,4,11,4,3,1,1,1,3,2,0
18208,10,5,9,0,4,4,1,0,2,2,0
18209,7,4,7,2,1,0,1,1,1,2,1
18210,11,4,11,2,6,0,1,1,2,2,0
18211,8,0,1,2,0,0,1,1,1,2,0
18212,11,0,9,2,0,5,1,0,2,2,1
18213,8,4,15,2,1,5,1,0,2,2,1
18214,10,6,12,2,12,5,0,0,2,2,0
18215,9,4,9,2,10,0,1,1,1,2,0
18216,5,4,11,2,3,0,1,1,2,2,0
18217,5,7,9,2,1,5,1,0,1,2,1
18218,5,4,6,2,14,0,1,1,1,1,0
18219,5,0,15,4,0,3,1,0,2,2,0
18220,8,4,11,5,1,4,1,0,2,2,0
18221,8,4,9,2,10,0,1,1,2,2,0
18222,8,4,11,2,12,0,0,1,1,2,0
18223,8,0,5,4,0,3,1,0,1,2,0
18224,10,4,1,4,12,3,1,1,2,2,1
18225,9,7,7,0,1,1,1,0,1,0,0
18226,8,4,11,2,1,2,1,0,2,2,1
18227,6,4,5,4,3,1,1,0,2,1,0
18228,9,4,15,0,10,4,1,1,2,2,0
18229,4,4,11,4,1,3,1,0,2,2,0
18230,7,6,7,4,8,1,1,0,2,2,0
18231,5,4,9,4,4,2,1,1,2,2,0
18232,8,2,15,4,11,1,1,1,2,2,0
18233,7,1,12,2,10,0,1,1,2,2,1
18234,8,4,0,0,7,1,0,0,2,2,0
18235,5,2,14,0,10,1,1,0,2,2,0
18236,11,4,6,2,5,0,1,1,1,2,0
18237,4,4,1,4,7,3,1,1,2,2,0
18238,11,0,9,2,4,0,1,1,2,2,1
18239,7,4,7,0,4,1,1,0,2,2,0
18240,6,4,1,2,12,0,1,1,2,2,1
18241,12,4,15,0,8,1,0,1,2,2,0
18242,3,2,6,4,5,3,1,1,2,2,0
18243,10,4,11,2,12,0,1,1,2,2,1
18244,5,4,9,2,10,0,1,1,2,2,0
18245,7,8,15,2,13,5,1,0,2,2,0
18246,7,1,11,2,14,0,1,1,2,2,0
18247,9,4,9,2,1,5,1,0,0,2,1
18248,9,4,4,2,12,0,1,1,2,2,1
18249,7,1,12,2,10,0,1,1,2,2,0
18250,7,4,11,0,3,2,0,1,2,2,1
18251,4,7,12,4,1,3,1,0,2,2,0
18252,5,4,8,4,3,2,1,1,2,2,1
18253,7,1,10,0,10,1,1,1,1,2,0
18254,8,3,9,0,13,3,1,0,2,2,0
18255,3,4,9,4,1,1,1,1,2,2,0
18256,5,4,15,4,1,3,1,0,2,2,0
18257,5,4,9,2,11,0,1,1,1,2,0
18258,4,4,11,5,6,1,1,1,2,2,0
18259,8,4,8,0,3,4,1,0,2,2,0
18260,10,4,3,2,8,0,1,1,2,2,0
18261,7,4,15,0,12,1,1,0,1,2,0
18262,5,7,9,4,4,3,1,0,2,2,0
18263,7,4,11,2,6,0,1,1,2,2,0
18264,4,4,11,4,8,3,1,0,1,2,0
18265,10,4,8,2,3,0,1,1,2,2,0
18266,4,4,11,4,13,1,1,1,1,2,0
18267,8,4,15,2,14,0,1,1,2,2,1
18268,9,4,15,2,12,5,1,0,3,2,1
18269,5,4,11,4,7,1,0,0,2,2,0
18270,10,4,9,2,10,0,1,1,2,2,0
18271,7,2,15,4,4,2,1,0,4,2,0
18272,10,6,12,2,5,0,1,1,2,2,0
18273,8,4,11,2,3,0,1,1,2,2,1
18274,5,4,11,2,14,0,0,1,2,2,0
18275,5,0,1,4,0,1,1,0,2,2,0
18276,7,4,9,2,4,0,1,1,2,2,0
18277,11,4,9,2,10,0,0,1,1,2,0
18278,6,5,15,0,4,4,1,0,1,2,0
18279,8,7,15,2,4,5,1,0,2,2,0
18280,13,4,11,2,3,0,1,1,2,2,1
18281,6,4,11,0,12,1,1,1,3,0,0
18282,6,4,9,4,12,4,1,0,2,0,0
18283,9,6,11,2,3,0,1,1,2,2,0
18284,10,4,14,2,3,0,1,1,2,2,0
18285,8,4,11,2,3,0,1,1,2,2,0
18286,6,4,11,4,6,3,1,1,2,2,0
18287,7,0,9,2,0,0,1,1,1,2,0
18288,8,4,5,2,3,0,1,1,1,2,1
18289,8,6,8,0,1,1,1,0,2,2,0
18290,8,4,8,2,4,0,1,1,2,2,1
18291,8,4,1,4,3,1,0,1,2,2,0
18292,9,4,15,0,12,4,1,1,1,2,0
18293,8,4,15,2,4,0,1,1,2,0,0
18294,9,1,15,2,3,0,1,1,2,2,0
18295,10,4,11,2,3,0,1,1,2,2,1
18296,13,7,8,2,11,0,1,1,1,2,1
18297,10,6,9,0,13,1,1,0,2,2,0
18298,10,0,6,0,0,3,0,1,2,3,0
18299,9,4,6,2,5,0,1,1,3,2,1
18300,8,6,15,2,5,0,1,1,2,0,1
18301,6,4,12,2,1,5,1,0,2,2,1
18302,5,4,11,4,12,1,1,1,1,1,0
18303,5,4,5,0,10,3,1,1,2,2,0
18304,8,4,11,2,3,1,1,1,2,2,1
18305,6,4,9,4,10,3,1,1,2,2,0
18306,11,4,11,4,3,3,1,1,2,2,0
18307,9,4,9,0,8,1,1,0,2,2,0
18308,8,4,11,2,3,0,1,1,2,2,0
18309,13,6,15,2,5,0,1,1,2,2,1
18310,9,4,11,2,6,0,1,1,3,0,1
18311,4,4,11,4,14,1,1,1,2,2,0
18312,9,0,11,2,0,0,1,1,2,2,1
18313,5,4,12,4,1,1,1,0,2,2,0
18314,3,2,11,4,10,3,1,0,2,2,0
18315,6,4,2,2,6,0,1,1,3,0,0
18316,11,4,15,2,4,0,1,1,3,2,0
18317,7,4,8,2,13,0,1,1,2,2,0
18318,8,4,11,2,1,0,0,1,2,2,0
18319,3,4,15,4,5,3,1,0,2,2,0
18320,8,4,11,0,1,1,1,1,2,2,0
18321,4,4,15,4,6,1,1,1,2,2,0
18322,5,4,15,4,4,3,0,1,2,2,0
18323,8,2,11,0,6,1,0,1,3,2,0
18324,8,4,11,4,1,1,1,0,2,2,0
18325,6,7,9,2,10,0,1,1,1,2,1
18326,5,4,12,4,10,3,1,1,2,2,0
18327,7,4,7,2,13,0,1,1,1,2,0
18328,12,4,12,2,10,0,1,1,2,2,1
18329,8,4,8,2,3,0,1,1,2,0,0
18330,6,7,15,4,10,3,1,1,2,2,0
18331,5,4,11,6,3,1,1,0,2,2,0
18332,7,4,9,4,4,1,1,0,2,3,0
18333,10,1,3,2,14,0,1,1,2,2,1
18334,5,4,7,4,12,3,0,1,2,2,0
18335,6,4,15,2,6,0,1,1,2,1,0
18336,6,2,12,2,5,0,1,1,3,2,0
18337,5,4,11,4,8,1,1,1,1,2,0
18338,10,4,11,0,5,1,1,1,2,2,0
18339,11,4,11,0,1,1,1,1,2,2,0
18340,5,4,15,6,1,1,1,1,2,2,0
18341,5,4,15,2,2,5,0,0,2,2,1
18342,6,4,11,4,8,4,1,0,1,2,1
18343,9,4,9,2,4,0,1,1,2,2,0
18344,5,4,11,2,8,5,0,0,1,2,0
18345,10,4,15,2,4,0,1,1,3,2,1
18346,5,1,0,4,7,3,1,1,2,2,0
18347,4,4,15,4,1,1,1,0,2,2,0
18348,8,4,9,0,12,1,1,1,2,2,0
18349,8,4,12,4,10,3,1,1,2,2,0
18350,6,2,11,2,4,0,0,1,2,2,1
18351,10,4,11,2,4,0,1,1,2,2,0
18352,8,4,15,4,4,3,1,1,2,2,0
18353,6,0,9,0,4,1,1,1,1,2,0
18354,11,6,15,2,5,0,1,1,2,2,0
18355,6,4,13,4,8,4,1,0,2,2,0
18356,4,6,12,4,4,3,1,1,4,2,0
18357,8,0,6,2,0,0,1,1,0,2,0
18358,6,4,11,2,8,0,1,1,2,2,0
18359,3,2,8,4,6,1,1,0,3,2,0
18360,16,4,1,2,9,5,0,0,1,2,0
18361,9,4,7,0,11,4,0,1,2,2,0
18362,7,4,9,0,4,1,1,1,2,2,0
18363,8,7,11,2,11,0,1,1,2,2,0
18364,9,4,15,0,1,4,0,0,2,2,0
18365,4,4,5,4,10,1,1,1,2,2,1
18366,12,4,9,2,10,0,1,1,1,2,1
18367,8,4,11,2,3,0,1,1,2,2,1
18368,9,4,15,2,12,5,1,0,3,2,0
18369,5,4,11,2,3,0,1,1,2,2,0
18370,12,0,7,5,0,1,1,1,2,2,0
18371,6,6,9,4,8,1,1,0,2,2,0
18372,11,4,11,2,14,0,1,1,3,2,1
18373,5,4,15,4,1,1,1,1,2,2,0
18374,3,4,11,4,7,1,0,0,2,2,0
18375,7,6,9,2,10,0,1,1,2,2,0
18376,10,4,1,2,14,0,1,1,2,2,0
18377,6,4,15,4,7,3,1,1,2,2,0
18378,6,4,11,4,4,4,1,0,2,2,0
18379,9,4,11,2,11,0,0,1,1,2,1
18380,4,4,15,4,13,1,1,0,1,2,0
18381,8,4,1,2,14,0,1,1,2,2,0
18382,7,4,15,2,10,0,0,1,1,2,0
18383,4,7,11,4,8,1,0,1,1,2,0
18384,4,4,9,2,4,0,1,1,2,2,0
18385,12,6,15,2,10,0,1,1,2,2,0
18386,5,4,0,0,8,4,1,0,2,2,0
18387,7,2,12,2,10,0,1,1,1,2,1
18388,8,4,15,0,10,1,1,0,1,2,0
18389,12,4,11,0,12,1,1,1,2,2,0
18390,4,4,11,6,1,1,1,0,2,2,0
18391,3,4,8,4,13,1,1,0,2,2,0
18392,9,4,11,0,1,1,1,0,2,0,0
18393,5,4,9,4,8,3,0,1,2,2,0
18394,11,4,8,2,12,0,1,1,1,2,1
18395,10,7,12,2,10,0,1,1,2,2,1
18396,7,4,11,2,3,0,1,1,2,2,0
18397,3,4,11,4,3,3,1,1,2,2,0
18398,11,4,15,2,10,0,1,1,2,2,0
18399,4,4,12,6,4,4,1,0,2,2,0
18400,9,4,12,0,6,1,1,1,2,2,0
18401,10,6,15,2,5,0,1,1,2,2,0
18402,5,4,11,2,3,0,1,1,2,2,0
18403,6,2,15,1,1,1,1,0,1,2,0
18404,4,4,9,4,4,3,1,0,2,2,0
18405,9,4,11,2,14,0,1,1,2,2,1
18406,11,4,11,2,7,0,0,1,2,2,1
18407,5,4,15,4,7,1,0,1,2,2,0
18408,5,4,15,4,4,1,1,0,2,2,0
18409,11,4,2,2,12,0,1,1,1,2,0
18410,5,8,3,4,13,1,1,1,2,2,0
18411,13,4,9,2,8,0,1,1,2,2,1
18412,9,0,15,2,0,0,1,1,2,2,0
18413,8,6,11,2,3,0,0,1,2,2,1
18414,7,6,15,0,4,1,1,0,4,0,0
18415,9,4,9,0,8,1,0,1,2,2,0
18416,9,4,11,2,3,0,1,1,3,2,1
18417,9,2,11,4,6,3,1,1,2,2,0
18418,4,2,15,4,1,3,0,0,1,2,0
18419,4,2,9,2,10,5,0,0,2,2,0
18420,6,2,15,2,11,0,1,1,2,2,1
18421,6,6,15,1,8,5,1,0,1,2,0
18422,6,4,11,4,8,3,1,0,1,2,0
18423,8,4,11,2,3,0,1,1,2,2,0
18424,13,4,11,2,12,0,1,1,3,2,1
18425,9,4,9,2,1,0,1,1,2,0,0
18426,11,4,11,2,7,0,1,1,2,2,1
18427,6,4,11,2,5,0,1,1,1,2,0
18428,8,4,8,2,4,0,1,1,1,2,0
18429,11,6,0,2,13,0,1,1,2,2,0
18430,4,4,11,4,12,3,1,1,2,2,0
18431,4,5,15,4,4,3,1,1,2,2,1
18432,7,6,11,2,12,0,1,1,2,2,1
18433,5,4,1,4,3,1,1,1,2,2,0
18434,4,4,15,4,12,3,1,1,2,2,0
18435,6,4,0,4,8,1,1,0,1,2,0
18436,5,4,11,4,8,1,1,1,2,2,0
18437,16,4,0,2,7,5,1,0,2,2,1
18438,10,6,4,2,8,5,1,0,2,2,0
18439,7,2,15,2,4,0,1,1,2,2,0
18440,9,4,15,0,1,4,1,0,2,2,0
18441,9,4,15,4,8,1,1,0,2,2,0
18442,4,4,11,4,1,1,1,0,2,2,0
18443,4,6,9,4,4,1,1,1,1,2,0
18444,5,4,15,4,1,1,0,0,1,2,0
18445,8,4,11,4,10,4,1,0,1,2,0
18446,10,4,11,2,6,0,1,1,2,2,1
18447,6,4,11,0,8,1,0,1,2,2,0
18448,4,4,11,4,1,3,1,0,2,2,0
18449,8,4,11,4,13,4,1,0,1,2,1
18450,9,4,5,4,10,1,1,0,2,2,0
18451,3,6,15,4,1,1,1,0,2,2,0
18452,7,0,11,5,0,4,1,0,1,2,0
18453,8,2,9,2,10,0,1,1,2,2,0
18454,7,4,9,6,1,4,1,0,2,2,0
18455,5,1,11,4,1,2,1,0,1,2,0
18456,3,4,11,4,3,1,1,1,2,2,0
18457,5,4,9,4,8,1,1,0,0,2,0
18458,7,4,15,2,14,0,1,1,2,2,0
18459,9,0,11,0,0,4,0,0,0,2,0
18460,7,6,11,2,8,0,1,1,2,2,1
18461,4,4,14,4,1,1,1,0,1,2,0
18462,5,4,12,2,12,0,1,1,2,2,0
18463,4,5,15,0,5,4,1,0,2,2,0
18464,3,6,8,4,4,1,1,1,1,2,0
18465,11,4,11,2,4,0,1,1,2,2,0
18466,18,4,9,6,10,1,1,0,2,2,0
18467,9,4,15,2,1,0,1,1,2,2,1
18468,9,4,15,5,4,4,1,0,2,2,0
18469,13,4,10,2,7,0,1,1,2,2,0
18470,9,4,9,0,4,1,1,1,2,2,0
18471,7,4,11,2,8,0,1,1,2,2,0
18472,4,2,15,2,6,0,1,1,2,2,0
18473,4,2,9,4,1,4,1,0,2,2,0
18474,8,4,12,3,10,5,0,0,2,2,1
18475,3,4,9,4,10,3,1,0,2,2,0
18476,8,4,5,2,3,0,1,1,1,2,1
18477,6,4,3,4,13,1,1,0,2,2,0
18478,3,4,11,4,14,1,1,1,1,3,0
18479,3,4,15,4,9,1,1,1,1,2,0
18480,6,6,1,4,8,1,0,0,0,2,0
18481,12,4,11,2,1,4,1,0,2,2,1
18482,4,4,9,4,4,1,1,0,2,2,0
18483,8,4,11,4,10,3,1,1,2,2,0
18484,3,2,12,4,4,2,1,1,2,2,0
18485,4,4,11,4,8,3,0,1,1,2,0
18486,5,4,9,4,4,3,1,1,2,2,0
18487,7,5,11,4,4,1,1,1,2,2,0
18488,7,4,9,2,11,0,0,1,2,2,0
18489,5,4,1,2,8,0,0,1,2,2,0
18490,6,6,12,3,1,5,0,0,1,2,1
18491,8,4,8,2,3,0,1,1,2,2,1
18492,9,2,9,2,4,0,1,1,1,2,0
18493,8,4,15,0,6,4,1,0,1,2,0
18494,4,4,15,4,4,3,1,1,3,2,0
18495,6,4,0,3,13,1,0,0,2,2,1
18496,9,4,9,2,10,0,1,1,2,2,1
18497,13,4,15,5,3,0,1,1,1,2,0
18498,9,4,11,0,10,4,1,0,2,2,0
18499,13,4,15,2,1,0,1,1,2,2,0
18500,4,0,9,4,0,3,1,1,2,2,0
18501,3,4,11,4,3,3,1,1,2,2,0
18502,11,4,11,2,3,0,1,1,2,2,1
18503,7,4,14,2,3,0,1,1,2,2,0
18504,5,4,15,4,4,3,1,0,2,2,1
18505,11,4,15,2,3,0,1,1,2,2,0
18506,8,7,15,2,11,0,1,1,2,2,0
18507,4,4,11,4,3,3,1,0,2,2,0
18508,16,4,9,0,12,1,1,1,2,2,0
18509,11,6,9,2,4,0,0,1,3,2,0
18510,11,6,15,2,12,0,1,1,1,2,1
18511,7,4,11,2,8,0,1,1,1,2,0
18512,9,4,11,0,1,4,1,0,1,2,0
18513,12,6,6,0,5,1,1,1,2,2,0
18514,10,6,12,2,4,5,1,0,2,2,0
18515,15,0,15,2,0,2,1,0,0,2,1
18516,9,4,15,2,4,0,1,1,2,2,1
18517,3,5,0,4,7,3,1,0,2,0,0
18518,8,4,11,2,12,0,1,1,3,2,0
18519,3,4,6,4,5,3,1,1,2,2,1
18520,4,4,9,4,4,1,1,1,2,2,0
18521,9,7,9,0,1,4,1,0,0,2,0
18522,11,4,9,6,8,1,1,0,1,2,0
18523,6,4,7,4,12,4,1,0,2,2,0
18524,7,5,9,2,4,0,1,1,1,2,0
18525,8,3,11,0,8,1,1,1,1,2,0
18526,7,4,9,2,12,0,1,1,1,2,1
18527,4,7,9,4,10,4,1,1,2,2,0
18528,6,4,15,2,1,1,1,0,1,2,0
18529,11,4,15,2,1,5,1,0,0,2,1
18530,7,7,14,5,10,4,1,1,2,2,0
18531,5,4,15,4,1,1,1,1,2,2,0
18532,11,4,12,0,4,4,1,0,2,2,0
18533,13,6,9,2,10,0,1,1,1,2,0
18534,9,6,8,2,4,0,1,1,2,2,1
18535,6,4,15,2,10,0,1,1,2,2,1
18536,8,1,11,2,1,0,1,1,1,2,1
18537,8,4,14,2,3,0,1,1,2,2,0
18538,4,4,15,4,4,1,1,0,2,2,0
18539,8,4,9,2,4,0,0,1,2,2,1
18540,7,4,11,2,4,0,1,1,2,2,0
18541,4,4,0,4,7,3,1,1,2,4,0
18542,6,4,12,2,4,0,1,1,1,2,0
18543,6,4,15,0,12,1,1,0,2,2,0
18544,5,4,0,4,7,3,1,0,2,2,0
18545,11,4,15,2,4,0,1,1,1,2,0
18546,10,6,15,2,12,0,1,1,3,2,0
18547,6,4,11,4,1,3,0,1,1,2,0
18548,11,7,9,2,10,0,1,1,2,2,1
18549,9,4,1,4,14,1,1,1,3,2,0
18550,7,4,12,4,4,3,1,0,1,2,0
18551,5,4,9,2,7,0,1,1,2,2,1
18552,5,4,9,4,8,1,1,0,1,2,0
18553,14,4,15,6,8,1,0,0,0,2,0
18554,8,4,9,4,10,1,1,1,2,2,0
18555,8,2,9,2,10,0,1,1,2,0,0
18556,6,4,15,0,4,1,1,1,1,2,0
18557,8,4,11,4,14,1,1,0,2,2,0
18558,5,4,11,4,14,1,1,1,2,2,1
18559,4,6,8,0,3,4,1,1,2,2,0
18560,12,2,12,2,10,0,1,1,2,2,0
18561,4,4,12,2,5,0,1,1,2,2,1
18562,4,4,11,4,7,1,1,1,2,2,0
18563,6,0,1,4,0,3,1,1,2,2,1
18564,6,4,9,3,10,1,1,0,1,2,0
18565,6,4,9,0,10,4,1,0,1,2,0
18566,6,4,1,0,14,1,1,1,2,2,0
18567,12,4,15,2,1,0,1,1,2,2,0
18568,5,6,15,4,12,3,1,0,3,2,0
18569,6,4,14,4,1,1,1,0,1,2,0
18570,6,4,15,4,10,1,1,1,2,2,0
18571,6,6,8,2,3,0,1,1,2,2,0
18572,4,4,11,4,7,3,1,1,2,2,0
18573,8,4,11,0,13,1,1,0,2,2,0
18574,9,1,3,2,14,0,0,1,2,2,1
18575,7,4,11,5,10,4,1,0,1,2,0
18576,5,4,15,4,8,3,1,0,1,2,0
18577,5,4,15,2,3,0,1,1,2,2,1
18578,7,6,11,4,4,1,1,0,1,2,0
18579,5,4,11,4,7,3,0,0,2,2,0
18580,6,5,1,2,3,0,1,1,2,2,0
18581,7,4,9,2,12,0,1,1,2,2,0
18582,4,4,15,4,13,1,1,0,2,2,0
18583,5,4,0,2,3,0,1,1,2,2,1
18584,4,4,9,4,4,3,1,1,2,2,0
18585,9,2,13,0,6,1,0,1,2,2,0
18586,13,2,9,2,4,0,1,1,2,2,1
18587,7,4,11,2,12,0,1,1,2,2,0
18588,6,6,9,2,1,0,1,1,2,2,1
18589,11,5,14,2,10,0,1,1,2,2,1
18590,4,4,11,4,4,1,1,1,2,2,0
18591,10,6,15,2,5,0,1,1,2,2,0
18592,11,4,12,4,10,3,1,0,2,2,0
18593,9,4,11,2,8,5,1,0,2,2,0
18594,6,4,15,4,3,3,1,1,2,0,0
18595,8,4,15,4,1,3,1,0,2,2,0
18596,9,0,6,4,0,1,1,1,0,2,0
18597,6,4,15,4,8,1,1,1,2,2,0
18598,3,4,15,4,1,4,1,0,2,2,0
18599,3,6,6,4,5,3,1,0,2,2,0
18600,13,4,1,5,8,0,1,1,2,2,0
18601,4,4,11,2,8,0,1,1,1,2,0
18602,10,6,7,0,1,3,0,0,2,2,0
18603,8,4,9,4,7,3,0,0,2,2,0
18604,3,5,15,4,4,3,1,1,2,2,0
18605,11,4,11,2,3,0,1,1,2,2,0
18606,9,4,9,2,8,5,0,0,2,2,1
18607,4,4,1,6,8,1,1,0,1,2,0
18608,6,4,12,4,12,4,1,0,1,2,0
18609,9,5,9,2,4,0,0,1,2,2,1
18610,6,6,11,0,8,1,1,1,2,2,0
18611,5,6,10,2,10,0,1,1,2,2,1
18612,7,4,11,2,12,0,0,1,2,0,0
18613,6,4,11,4,4,3,1,1,2,2,1
18614,7,6,11,0,12,4,1,0,3,2,0
18615,8,0,7,2,4,0,1,1,2,2,0
18616,9,4,11,5,7,1,0,1,2,2,0
18617,4,2,9,4,10,4,1,0,2,2,0
18618,10,4,11,2,4,0,1,1,3,2,0
18619,5,4,11,2,7,0,1,1,2,2,1
18620,7,1,15,2,10,0,1,1,2,2,0
18621,13,5,7,2,4,0,1,1,2,2,0
18622,6,2,10,4,10,1,1,0,2,2,0
18623,8,6,14,2,3,0,1,1,2,2,1
18624,4,0,12,4,4,1,1,1,2,2,0
18625,8,7,15,3,1,5,1,0,2,2,0
18626,5,4,11,2,4,0,1,1,2,2,1
18627,12,4,11,0,7,4,1,0,2,2,1
18628,12,4,11,0,4,1,1,0,2,2,0
18629,5,4,11,4,3,1,1,1,3,1,0
18630,5,2,6,2,5,0,1,1,1,2,1
18631,5,4,11,2,14,0,1,1,2,2,1
18632,7,4,9,5,4,0,1,1,2,2,0
18633,9,4,15,2,3,0,1,1,2,2,1
18634,10,4,11,2,3,0,1,1,2,2,1
18635,7,2,11,2,3,0,1,1,1,2,1
18636,3,4,15,4,1,3,1,0,1,2,0
18637,7,4,11,2,5,0,1,1,2,2,0
18638,5,4,11,4,7,1,0,1,2,2,0
18639,9,4,8,0,1,1,1,0,2,2,0
18640,12,5,11,0,1,1,1,0,2,2,0
18641,10,4,9,6,7,1,1,1,2,2,0
18642,4,4,11,4,8,3,1,1,2,2,0
18643,4,4,11,2,1,0,0,1,2,2,1
18644,3,4,11,4,8,1,1,0,2,2,1
18645,8,4,11,0,3,1,1,1,2,2,0
18646,9,4,11,2,12,0,1,1,1,2,1
18647,5,6,9,4,10,3,1,1,2,1,0
18648,6,5,15,4,1,3,1,0,1,2,0
18649,3,0,9,4,0,1,1,0,2,2,0
18650,3,5,11,4,4,3,1,0,2,4,0
18651,4,4,11,4,12,1,1,1,4,2,0
18652,9,2,12,4,10,3,1,1,2,2,0
18653,5,4,15,4,7,3,1,0,2,2,0
18654,8,1,5,2,3,0,1,1,2,2,1
18655,10,4,15,2,4,0,1,1,2,2,0
18656,4,6,9,4,10,1,1,1,2,2,0
18657,3,4,12,4,10,3,1,0,2,2,0
18658,8,4,15,4,3,1,1,1,2,2,0
18659,11,4,15,2,3,0,1,1,1,2,0
18660,12,6,15,0,8,4,1,0,1,2,0
18661,3,4,11,4,1,1,1,0,1,2,0
18662,3,4,15,4,4,1,1,0,2,2,0
18663,5,4,8,2,12,0,0,1,2,2,1
18664,8,4,5,0,2,1,0,0,1,2,1
18665,3,4,15,4,12,1,1,0,2,2,0
18666,9,4,15,2,6,0,1,1,1,2,0
18667,6,6,15,2,5,0,1,1,2,2,0
18668,7,4,15,4,12,3,1,1,2,2,0
18669,6,4,8,2,13,0,1,1,2,2,1
18670,9,2,9,2,10,0,1,1,2,2,0
18671,9,4,2,2,8,0,1,1,2,2,1
18672,3,4,12,4,10,3,1,0,2,2,0
18673,9,5,9,4,4,3,1,0,2,2,0
18674,6,4,11,0,14,2,1,1,2,2,0
18675,8,4,9,2,1,0,1,1,2,2,0
18676,5,4,15,4,1,3,1,0,1,2,0
18677,7,4,0,2,3,0,1,1,2,2,0
18678,7,7,11,2,10,0,1,1,0,1,0
18679,3,4,11,4,6,1,1,1,1,2,0
18680,6,6,10,0,10,1,1,1,2,2,0
18681,4,4,5,4,1,3,1,0,2,2,0
18682,5,4,9,4,10,3,1,1,2,2,0
18683,3,4,13,4,8,1,1,0,1,4,0
18684,8,2,15,2,12,0,1,1,2,2,0
18685,5,4,11,2,7,0,1,1,2,2,0
18686,10,4,9,2,6,5,1,0,2,2,0
18687,16,4,0,2,14,0,1,1,2,2,0
18688,5,4,15,4,1,4,1,0,1,2,0
18689,18,4,9,6,10,1,1,1,2,2,0
18690,6,4,11,2,1,0,1,1,2,2,1
18691,9,4,1,2,3,0,1,1,2,2,0
18692,8,1,11,2,12,0,0,1,2,2,1
18693,10,0,6,2,0,0,1,1,0,2,1
18694,15,4,11,2,14,0,1,1,2,2,1
18695,8,4,11,4,12,3,1,1,2,2,0
18696,5,4,11,4,1,3,1,0,2,2,0
18697,12,4,11,2,12,0,1,1,2,2,0
18698,6,0,15,2,0,0,1,1,2,2,0
18699,7,4,15,2,8,0,0,1,1,2,0
18700,3,4,15,4,3,1,1,1,2,2,0
18701,12,4,15,0,4,4,0,1,2,2,0
18702,9,4,11,2,6,0,1,1,2,2,1
18703,7,5,9,2,4,0,1,1,3,2,1
18704,5,4,9,2,4,0,1,1,2,2,0
18705,10,4,11,2,4,0,1,1,2,2,0
18706,8,8,9,2,13,1,0,0,2,2,1
18707,7,6,9,4,10,3,1,1,1,2,0
18708,11,4,15,2,4,0,1,1,2,2,1
18709,4,4,9,4,10,1,1,1,2,2,0
18710,10,0,5,2,0,5,0,0,0,2,1
18711,9,4,15,0,12,4,1,1,1,2,0
18712,9,4,11,0,12,4,1,0,2,2,0
18713,7,5,15,5,7,4,0,0,2,2,0
18714,13,4,15,5,8,1,1,0,1,2,0
18715,5,1,7,2,14,0,1,1,2,2,0
18716,5,4,9,4,4,4,1,0,2,2,0
18717,5,4,11,4,1,1,0,0,2,2,0
18718,4,4,15,4,5,1,1,1,3,2,0
18719,5,7,15,4,1,1,1,1,2,2,0
18720,5,7,9,4,10,1,1,1,2,2,0
18721,12,6,15,0,12,1,1,0,2,2,0
18722,11,4,5,2,3,0,1,1,2,2,1
18723,4,4,15,4,7,3,1,1,2,2,0
18724,5,4,9,4,1,1,1,0,2,2,0
18725,3,4,12,4,1,1,1,0,0,4,0
18726,5,4,15,2,4,0,1,1,2,2,1
18727,4,7,11,4,10,3,1,1,0,2,0
18728,4,4,8,4,13,3,0,1,2,2,0
18729,11,4,11,6,1,1,1,1,2,2,0
18730,7,4,12,4,10,1,1,0,2,2,0
18731,12,4,2,2,13,0,1,1,2,2,0
18732,4,4,8,0,1,4,0,0,2,2,0
18733,8,4,11,5,1,4,0,0,1,2,0
18734,7,4,11,2,5,0,1,1,1,2,1
18735,8,4,15,2,14,0,1,1,2,2,0
18736,4,4,11,0,8,1,1,0,2,2,0
18737,4,0,10,4,0,3,1,0,1,2,0
18738,5,6,8,6,12,1,1,1,2,2,0
18739,4,6,3,4,8,3,1,0,0,2,0
18740,4,4,12,4,4,3,1,1,2,2,0
18741,9,4,7,0,7,4,1,0,2,2,0
18742,7,4,8,2,3,0,1,1,2,2,1
18743,8,4,9,2,6,0,1,1,2,2,1
18744,7,4,11,0,12,4,1,1,4,2,1
18745,12,6,9,2,8,0,1,1,1,2,0
18746,5,4,11,4,1,3,0,0,2,2,0
18747,3,7,9,4,10,1,1,1,2,2,0
18748,10,4,1,2,14,0,1,1,2,2,0
18749,6,4,1,0,13,3,1,0,2,2,0
18750,5,4,12,2,4,0,1,1,1,2,1
18751,8,4,15,4,1,3,1,0,2,2,1
18752,9,4,15,2,3,0,1,1,2,1,0
18753,9,4,11,4,14,1,1,1,2,2,0
18754,4,4,11,6,3,4,1,0,1,2,0
18755,13,6,11,2,3,0,1,1,2,2,1
18756,9,4,8,2,12,0,1,1,2,2,0
18757,7,4,15,4,11,1,1,1,1,2,0
18758,8,5,7,2,4,0,1,1,2,2,1
18759,10,4,2,2,12,0,1,1,2,2,0
18760,6,4,15,2,10,0,1,1,1,2,0
18761,8,2,11,0,6,1,1,1,2,2,0
18762,10,4,11,2,14,0,1,1,2,2,0
18763,11,0,9,2,0,0,1,1,0,2,1
18764,13,4,11,2,7,0,1,1,2,2,0
18765,4,4,11,4,1,3,1,0,1,4,0
18766,17,4,11,6,12,1,1,1,2,2,0
18767,4,4,11,4,11,4,0,0,2,2,0
18768,5,4,15,4,6,1,1,1,1,2,0
18769,9,4,8,4,3,3,1,1,2,2,0
18770,7,4,11,4,12,1,1,1,2,2,0
18771,10,6,11,2,3,0,1,1,2,2,1
18772,5,4,9,2,13,0,1,1,2,2,0
18773,11,4,9,2,4,0,1,1,2,2,1
18774,18,2,11,6,1,1,0,0,0,2,0
18775,13,4,9,2,13,5,1,0,2,2,0
18776,6,4,11,4,1,1,1,0,2,2,0
18777,11,4,15,2,8,4,1,0,0,2,1
18778,4,4,7,4,8,1,1,0,0,2,1
18779,7,1,11,4,4,1,1,1,2,2,1
18780,8,4,11,2,3,0,1,1,2,2,0
18781,4,2,10,4,10,3,1,1,3,2,0
18782,7,2,11,2,6,0,1,1,2,2,1
18783,4,4,11,4,7,3,1,0,2,2,0
18784,11,4,0,2,7,5,0,0,2,2,0
18785,5,4,11,4,6,3,1,1,2,2,0
18786,7,4,15,6,4,3,1,1,3,2,0
18787,12,4,8,2,3,0,1,1,2,2,1
18788,5,6,11,2,1,1,1,1,2,3,0
18789,6,0,5,2,0,0,1,1,0,2,0
18790,10,4,11,2,7,5,1,0,2,2,0
18791,6,5,9,2,0,0,1,1,1,0,0
18792,8,4,9,2,4,0,1,1,2,2,1
18793,5,5,11,2,5,0,1,1,1,2,1
18794,4,4,15,2,10,0,1,1,2,2,0
18795,9,4,15,0,8,1,1,0,2,2,0
18796,6,4,13,2,12,0,1,1,2,2,1
18797,7,4,15,0,8,1,1,0,2,2,0
18798,8,4,9,5,4,1,1,1,2,2,0
18799,13,4,12,0,10,1,1,1,3,2,0
18800,5,4,15,4,1,3,1,1,2,2,0
18801,7,4,9,2,4,0,1,1,2,2,1
18802,8,4,15,2,7,0,1,1,2,2,1
18803,4,4,15,0,7,4,1,1,2,2,0
18804,11,4,9,2,10,0,0,1,2,2,0
18805,10,4,15,0,12,4,1,0,1,2,0
18806,6,4,11,2,7,0,1,1,2,2,0
18807,10,4,15,0,14,1,1,1,2,2,1
18808,4,4,7,4,7,1,0,0,2,2,0
18809,6,6,8,1,12,1,1,0,2,2,0
18810,3,4,1,4,12,3,1,1,1,2,0
18811,14,4,14,6,10,1,1,0,2,2,0
18812,7,4,11,2,12,0,1,1,2,1,0
18813,12,4,12,2,4,0,1,1,2,2,1
18814,8,4,15,4,1,1,1,0,2,2,0
18815,17,4,11,6,3,1,1,1,2,2,0
18816,10,2,15,2,3,0,1,1,2,2,0
18817,13,4,1,2,14,0,1,1,2,2,1
18818,9,4,9,0,4,1,1,0,2,2,0
18819,6,2,15,0,10,1,1,1,2,2,0
18820,10,4,11,0,12,1,1,0,4,2,0
18821,12,4,15,2,7,0,1,1,2,2,0
18822,6,5,12,4,4,1,1,0,2,2,0
18823,5,4,15,2,3,0,1,1,2,2,0
18824,6,4,9,3,13,0,1,1,2,2,1
18825,9,0,9,2,0,5,1,0,0,2,0
18826,12,5,11,2,3,0,1,1,2,2,0
18827,5,2,15,4,1,1,1,0,2,2,0
18828,7,2,11,4,6,3,1,1,2,2,0
18829,7,4,11,2,8,0,1,1,2,0,1
18830,10,4,15,2,4,0,1,1,2,2,1
18831,5,4,10,4,10,1,1,0,2,2,0
18832,4,4,0,4,3,4,1,1,0,2,0
18833,7,4,12,2,6,0,1,1,2,2,0
18834,5,4,9,2,4,0,1,1,3,2,0
18835,5,4,9,2,10,0,1,1,1,2,0
18836,12,6,15,0,12,4,1,0,2,2,0
18837,12,4,3,2,14,0,1,1,1,2,0
18838,11,4,11,2,6,0,1,1,2,2,0
18839,5,4,11,4,4,3,1,1,2,2,0
18840,9,4,15,0,4,4,1,1,2,2,0
18841,8,4,15,5,7,4,1,0,2,2,0
18842,6,4,11,0,12,1,1,1,2,0,0
18843,11,6,15,2,12,0,1,1,3,2,0
18844,7,4,12,4,4,3,0,0,2,2,0
18845,9,4,11,0,8,1,1,0,2,2,1
18846,5,7,15,4,11,3,0,1,2,2,0
18847,10,6,1,2,3,0,1,1,2,2,0
18848,3,4,12,4,6,3,0,1,1,2,0
18849,10,4,8,2,14,0,1,1,2,2,0
18850,3,4,9,4,10,3,1,1,2,2,0
18851,11,4,9,2,4,0,1,1,1,2,1
18852,4,0,9,4,0,1,1,1,2,2,0
18853,8,2,11,2,11,0,1,1,2,2,0
18854,5,6,15,2,3,0,1,1,2,2,0
18855,7,4,11,2,6,0,1,1,3,3,1
18856,6,4,15,4,1,3,1,1,2,2,0
18857,11,4,11,2,3,0,1,1,2,2,1
18858,13,4,15,0,1,1,0,0,2,2,0
18859,15,5,9,0,10,1,1,1,1,2,0
18860,4,6,12,4,4,1,1,0,2,2,0
18861,8,0,5,0,0,1,1,1,2,2,0
18862,4,4,10,4,10,1,1,1,2,2,0
18863,7,4,12,2,14,0,1,1,2,2,1
18864,8,4,9,2,6,0,1,1,1,2,0
18865,6,4,12,2,4,0,1,1,0,2,0
18866,3,4,15,4,12,3,1,0,2,2,0
18867,12,6,11,2,4,0,1,1,2,2,1
18868,7,4,1,4,7,1,1,0,2,2,0
18869,9,4,9,5,10,1,1,1,2,2,0
18870,4,4,11,4,1,3,1,0,2,2,0
18871,6,4,12,2,6,0,1,1,2,2,0
18872,4,4,15,2,12,5,1,0,2,2,1
18873,7,4,9,2,8,5,1,0,1,2,1
18874,6,4,11,2,3,0,1,1,2,2,1
18875,9,4,7,2,12,0,1,1,1,2,1
18876,8,4,14,2,3,0,1,1,2,2,0
18877,7,4,11,2,12,0,1,1,2,2,1
18878,6,7,11,2,8,0,1,1,1,2,0
18879,10,6,15,2,5,0,1,1,3,2,0
18880,10,4,0,2,7,0,1,1,2,2,0
18881,12,6,15,0,4,1,1,1,2,2,0
18882,10,4,15,0,1,1,1,0,1,2,0
18883,5,4,15,4,8,3,1,0,2,2,0
18884,8,4,5,0,1,4,1,0,2,2,0
18885,6,4,12,4,5,1,1,1,2,2,0
18886,11,4,11,2,14,0,1,1,2,2,0
18887,5,1,11,2,4,0,1,1,3,2,1
18888,6,4,15,2,4,0,1,1,2,2,0
18889,6,4,1,4,8,1,0,0,2,2,0
18890,6,4,11,1,8,5,1,0,1,2,1
18891,4,2,9,4,10,3,1,0,2,2,0
18892,4,4,7,0,1,4,1,0,2,2,0
18893,4,7,15,4,8,2,1,1,1,2,0
18894,13,0,11,5,0,1,1,0,0,2,0
18895,11,4,15,6,1,4,1,0,1,2,0
18896,6,4,15,2,12,0,1,1,2,2,0
18897,8,6,2,0,13,1,1,0,2,2,0
18898,8,4,15,2,10,0,1,1,0,2,0
18899,9,4,9,0,4,1,1,1,2,2,0
18900,14,4,11,0,1,1,0,0,1,2,0
18901,7,4,11,2,3,0,1,1,2,2,1
18902,10,4,8,0,3,1,0,1,2,2,0
18903,9,4,9,4,4,3,1,0,2,2,0
18904,10,4,7,2,12,0,0,1,1,2,0
18905,5,4,15,2,8,0,1,1,2,1,1
18906,8,4,15,2,12,0,0,1,3,2,0
18907,8,4,15,0,12,1,1,0,4,2,0
18908,10,4,0,2,7,0,0,1,2,2,1
18909,4,0,9,4,0,3,1,1,0,2,0
18910,11,4,9,2,4,0,1,1,1,2,0
18911,6,5,12,2,4,0,1,1,3,2,0
18912,8,4,11,2,1,5,1,0,2,2,0
18913,5,4,15,2,8,0,0,1,2,2,1
18914,5,0,1,4,0,1,1,1,2,2,0
18915,8,2,9,0,10,1,1,1,2,2,0
18916,9,4,11,2,1,0,0,1,2,2,1
18917,12,4,9,2,1,5,0,0,2,2,0
18918,6,4,11,2,3,0,1,1,2,2,1
18919,8,4,11,2,8,0,0,1,1,2,0
18920,8,4,11,2,5,0,1,1,3,2,1
18921,3,4,11,4,14,3,1,1,1,2,0
18922,7,2,9,4,10,2,0,0,2,2,0
18923,5,4,11,4,1,4,1,0,2,2,0
18924,9,4,11,4,6,1,1,1,3,0,0
18925,8,4,15,5,10,4,1,0,2,2,0
18926,6,4,11,4,6,1,1,1,2,2,0
18927,5,4,11,2,14,0,1,1,2,2,1
18928,3,4,15,4,4,3,1,0,2,2,0
18929,4,4,15,4,3,3,1,1,2,2,0
18930,11,4,15,2,3,0,1,1,2,2,0
18931,7,4,6,4,5,1,1,1,2,2,0
18932,8,5,15,0,4,4,1,0,3,2,0
18933,10,4,15,2,7,0,1,1,2,2,1
18934,6,4,9,4,8,1,1,0,1,2,0
18935,8,4,15,4,1,3,1,0,2,1,0
18936,9,6,8,0,3,4,1,1,2,2,0
18937,6,7,11,4,1,4,1,0,2,2,0
18938,6,4,9,3,8,1,1,0,0,2,0
18939,6,1,4,2,14,0,1,1,2,2,1
18940,6,4,9,2,4,0,1,1,4,2,1
18941,12,4,1,6,14,4,1,1,2,2,0
18942,4,7,11,4,1,3,1,1,2,2,0
18943,8,5,12,0,4,4,1,0,2,2,0
18944,7,4,9,2,4,0,1,1,2,2,1
18945,8,4,11,2,3,0,1,1,2,0,0
18946,5,4,11,2,12,5,1,0,1,2,1
18947,7,4,11,4,8,2,1,0,0,2,0
18948,9,4,7,0,4,4,1,1,2,2,0
18949,4,4,15,6,10,1,1,0,2,2,1
18950,12,4,11,2,12,0,1,1,2,2,1
18951,8,4,8,2,12,0,1,1,2,2,1
18952,9,4,15,2,3,0,1,1,2,2,1
18953,8,6,15,0,12,1,1,0,3,2,0
18954,8,1,11,0,14,1,1,1,2,2,0
18955,7,4,11,2,3,0,1,1,1,2,1
18956,6,4,11,2,12,0,1,1,2,2,0
18957,8,6,12,2,4,0,0,1,1,0,0
18958,11,4,5,2,3,0,1,1,2,2,0
18959,9,4,15,2,10,0,1,1,1,2,0
18960,6,4,9,4,8,1,0,0,0,2,0
18961,9,4,15,2,12,0,1,1,3,2,1
18962,9,7,7,2,4,0,1,1,4,2,1
18963,10,4,15,0,4,1,0,1,2,2,0
18964,11,6,12,2,5,0,1,1,3,2,0
18965,5,4,11,2,3,0,1,1,2,2,0
18966,5,4,15,4,3,3,1,1,2,2,0
18967,9,4,11,0,4,4,1,0,2,2,0
18968,4,4,1,4,12,3,1,0,2,2,0
18969,6,6,9,0,8,3,1,0,2,2,0
18970,7,4,11,2,3,3,1,1,1,2,1
18971,6,4,8,2,14,0,1,1,2,2,0
18972,13,4,11,6,3,4,1,1,3,2,0
18973,8,4,8,2,3,0,1,1,3,2,0
18974,3,4,11,4,6,1,1,1,2,2,0
18975,7,4,15,2,8,0,1,1,0,2,1
18976,10,4,1,2,13,0,1,1,1,2,0
18977,10,5,9,2,4,0,1,1,2,2,1
18978,6,2,12,2,10,0,1,1,2,2,1
18979,5,4,10,2,10,0,0,1,2,2,1
18980,10,4,9,2,10,0,1,1,2,2,0
18981,12,4,15,0,13,1,1,1,1,2,0
18982,7,4,8,2,11,0,0,1,2,2,1
18983,4,4,11,4,8,1,1,0,1,2,0
18984,7,2,9,2,4,5,1,0,2,2,1
18985,4,4,11,4,6,1,0,1,2,2,1
18986,7,4,13,5,8,4,1,0,2,2,0
18987,8,4,12,2,14,0,1,1,1,2,0
18988,4,6,15,4,1,1,1,0,1,2,0
18989,5,4,11,4,1,4,1,0,2,2,0
18990,8,2,11,2,10,5,1,0,0,2,1
18991,8,4,9,0,12,4,1,0,1,2,1
18992,11,7,12,0,10,1,1,0,2,2,0
18993,5,4,11,2,4,5,1,0,2,2,0
18994,5,0,15,4,6,1,1,1,2,2,1
18995,6,4,8,4,1,1,0,0,2,2,0
18996,8,0,11,0,0,4,0,1,0,2,1
18997,6,4,15,2,3,0,1,1,2,2,1
18998,7,4,8,5,13,4,1,0,2,2,0
18999,3,4,11,4,14,1,1,1,2,2,0
19000,4,5,6,4,5,3,1,1,1,2,1
19001,7,4,4,2,13,0,1,1,2,1,0
19002,5,7,15,4,1,1,0,0,2,2,1
19003,12,4,12,2,4,0,1,1,2,2,0
19004,9,4,11,2,7,0,1,1,2,2,0
19005,7,6,9,0,8,2,1,0,2,0,0
19006,10,4,13,0,13,3,1,1,0,2,1
19007,10,4,11,2,4,0,1,1,2,2,0
19008,9,4,11,4,4,1,1,1,2,2,1
19009,5,3,15,4,13,2,0,0,2,2,0
19010,6,4,9,1,6,1,0,1,2,2,0
19011,7,4,11,2,6,0,1,1,2,2,1
19012,8,4,11,2,5,0,1,1,2,2,0
19013,7,4,11,2,14,0,1,1,2,0,1
19014,7,7,11,2,1,0,0,1,2,2,0
19015,10,4,13,2,8,5,1,0,2,2,1
19016,18,4,11,0,7,1,1,0,2,2,0
19017,8,4,15,2,8,5,1,0,2,2,1
19018,6,4,15,2,1,3,0,0,2,2,1
19019,8,4,11,2,3,0,1,1,2,2,0
19020,14,4,11,6,1,0,0,1,2,2,0
19021,7,4,11,2,6,0,1,1,2,2,0
19022,6,4,11,4,1,1,1,0,2,2,0
19023,11,4,15,2,8,5,1,0,2,2,1
19024,6,6,15,0,4,1,1,1,2,2,0
19025,10,4,15,2,4,0,1,1,2,2,1
19026,8,7,12,2,4,0,1,1,2,2,0
19027,5,4,14,2,14,0,1,1,2,2,0
19028,7,4,11,2,3,0,1,1,2,2,1
19029,3,4,5,4,2,4,0,0,1,2,0
19030,7,2,11,2,6,0,1,1,2,2,1
19031,9,2,15,4,1,3,0,0,2,2,0
19032,17,2,15,0,11,4,1,0,2,2,0
19033,4,4,11,5,3,1,1,0,2,2,0
19034,5,4,0,2,2,0,1,1,2,2,1
19035,8,5,9,2,4,0,1,1,3,2,0
19036,10,4,6,2,5,0,1,1,1,2,0
19037,9,6,15,0,13,1,1,0,2,2,0
19038,7,4,9,0,4,4,1,0,1,2,0
19039,11,2,15,2,12,0,1,1,2,2,1
19040,11,4,11,6,3,1,1,1,2,2,0
19041,11,4,11,0,6,4,1,1,2,2,0
19042,5,4,9,4,4,3,1,0,4,2,0
19043,6,5,11,2,0,0,1,1,2,2,1
19044,3,4,11,4,3,1,1,1,2,2,0
19045,3,4,11,4,12,4,1,1,2,2,0
19046,6,4,9,0,6,1,1,1,1,2,0
19047,7,6,15,0,8,4,0,0,2,3,0
19048,11,6,12,2,10,0,1,1,2,2,0
19049,8,4,11,2,3,0,1,1,2,2,0
19050,8,4,11,5,14,4,1,1,2,2,0
19051,13,6,6,2,5,1,1,1,1,2,0
19052,4,6,11,4,8,3,0,1,2,2,0
19053,3,7,9,4,4,3,1,0,2,2,0
19054,10,4,9,2,1,4,1,0,2,2,0
19055,11,4,8,2,3,0,1,1,2,2,0
19056,3,4,11,4,12,1,1,0,2,2,0
19057,3,2,12,4,4,3,1,0,2,2,0
19058,15,4,15,2,3,0,1,1,2,2,1
19059,7,6,15,0,3,4,1,1,2,2,1
19060,12,4,15,2,14,0,1,1,2,2,0
19061,5,4,8,4,12,3,1,1,2,2,0
19062,11,4,11,2,3,0,1,1,2,2,1
19063,9,4,15,2,6,0,1,1,3,2,0
19064,10,4,15,2,6,0,1,1,2,2,0
19065,7,7,15,2,1,0,1,1,2,2,1
19066,4,4,9,0,12,1,1,1,2,2,0
19067,12,2,11,2,10,0,1,1,3,2,1
19068,7,0,9,2,0,0,1,1,1,2,1
19069,6,4,9,4,4,4,1,0,2,2,1
19070,7,4,11,4,4,1,1,1,2,2,0
19071,7,7,9,2,12,0,1,1,2,2,0
19072,7,4,11,2,7,0,1,1,2,2,1
19073,13,4,12,2,1,0,1,1,2,2,0
19074,9,4,15,2,8,0,1,1,1,2,1
19075,7,4,0,2,7,0,0,1,2,2,1
19076,8,6,11,2,8,0,1,1,2,2,0
19077,8,3,8,2,13,5,0,0,2,2,0
19078,12,7,9,2,11,0,0,1,2,2,1
19079,4,4,11,4,1,3,1,1,2,2,0
19080,6,4,11,0,8,4,1,0,2,2,0
19081,8,2,11,2,3,0,1,1,2,2,0
19082,6,4,5,2,3,0,1,1,2,2,0
19083,10,1,12,2,4,0,1,1,4,2,1
19084,6,4,15,2,3,0,1,1,2,2,0
19085,8,4,11,4,4,1,1,1,2,2,0
19086,4,4,3,4,8,2,1,1,2,2,0
19087,7,4,11,4,6,3,1,1,2,2,0
19088,4,4,11,4,5,1,1,0,3,2,0
19089,13,4,9,2,4,0,1,1,2,2,0
19090,9,4,11,2,7,0,0,1,2,2,0
19091,3,1,15,4,14,3,1,1,1,2,0
19092,7,5,11,0,3,4,1,1,2,2,0
19093,8,4,12,2,6,0,1,1,2,0,0
19094,7,6,1,2,5,0,1,1,3,2,0
19095,9,6,15,0,8,4,1,0,1,2,0
19096,6,4,6,2,8,0,0,1,2,0,1
19097,8,4,11,2,3,0,1,1,2,2,1
19098,10,4,11,2,4,0,1,1,2,2,1
19099,7,6,11,0,4,1,1,1,2,2,0
19100,6,2,15,4,11,3,1,1,2,2,0
19101,8,4,14,4,1,3,1,1,2,2,0
19102,10,6,6,2,5,0,1,1,1,2,0
19103,4,4,11,4,1,1,1,0,1,2,0
19104,7,4,14,2,10,0,1,1,2,2,0
19105,4,4,11,2,3,0,1,1,2,2,0
19106,10,6,11,4,12,1,1,0,3,2,0
19107,6,4,12,0,5,1,1,1,2,2,0
19108,4,0,7,0,0,1,1,1,0,2,0
19109,10,6,14,2,3,0,1,1,2,3,0
19110,6,4,15,1,3,3,1,1,2,2,1
19111,3,4,11,4,1,1,1,0,2,2,0
19112,7,1,9,6,10,1,1,0,2,2,0
19113,4,7,1,4,12,3,1,1,2,2,0
19114,10,2,9,2,10,0,1,1,2,2,0
19115,8,4,6,0,3,4,1,1,2,2,0
19116,6,4,12,2,4,0,1,1,2,1,0
19117,7,6,14,2,3,2,1,1,2,0,1
19118,3,4,8,4,13,3,1,0,2,2,0
19119,7,4,5,4,3,3,1,1,2,2,0
19120,10,4,9,2,10,0,1,1,2,2,0
19121,11,4,5,4,3,3,1,1,2,2,0
19122,3,2,8,4,10,3,1,1,1,2,0
19123,13,5,15,0,4,1,1,0,2,2,1
19124,4,0,11,4,0,3,1,0,2,2,0
19125,4,4,11,2,6,5,0,0,2,2,1
19126,9,4,11,2,12,0,1,1,2,0,0
19127,8,6,6,4,5,4,1,1,1,2,0
19128,7,4,11,2,8,0,1,1,2,2,0
19129,8,4,11,4,6,3,1,1,2,2,0
19130,7,2,9,0,10,4,1,0,2,2,0
19131,8,0,9,0,0,4,1,0,1,2,0
19132,5,6,15,2,4,0,1,1,1,2,0
19133,4,4,8,4,3,1,1,0,2,2,0
19134,8,4,9,4,12,1,1,1,2,2,0
19135,10,6,9,2,10,5,1,0,2,2,1
19136,6,6,11,0,3,1,1,1,2,2,0
19137,8,4,11,4,8,4,1,0,2,2,0
19138,7,4,9,2,4,0,1,1,2,2,1
19139,4,4,11,2,14,0,1,1,2,2,1
19140,7,4,9,2,1,0,0,1,1,2,0
19141,9,4,11,0,8,3,1,0,2,2,0
19142,8,4,11,2,3,0,1,1,2,2,0
19143,7,4,11,0,1,1,1,0,2,2,0
19144,8,4,0,5,13,3,1,0,2,0,0
19145,7,2,10,2,10,0,0,1,2,2,1
19146,4,4,11,4,3,3,0,0,2,2,0
19147,9,2,11,2,14,0,1,1,1,2,0
19148,7,2,0,4,6,3,0,1,2,2,0
19149,6,3,7,4,13,1,1,0,1,1,0
19150,9,4,11,2,4,0,1,1,2,2,0
19151,4,4,11,5,14,1,1,1,2,2,0
19152,5,4,4,2,14,0,1,1,2,2,0
19153,5,2,11,2,3,0,1,1,0,2,0
19154,9,4,15,2,12,0,1,1,2,2,1
19155,4,4,8,6,3,4,1,1,2,2,0
19156,9,4,3,0,8,4,1,0,2,2,0
19157,12,6,9,2,12,0,1,1,1,2,1
19158,12,4,8,2,3,0,1,1,2,2,0
19159,8,6,11,2,5,0,1,1,1,2,0
19160,11,4,0,2,6,0,1,1,2,2,1
19161,5,5,11,4,4,3,1,1,2,2,0
19162,7,4,5,2,3,1,1,1,2,2,0
19163,8,2,9,2,1,5,1,0,2,2,1
19164,8,5,11,0,0,4,1,0,0,2,0
19165,4,4,11,4,12,1,1,1,2,2,0
19166,5,4,11,4,12,4,1,0,3,2,0
19167,12,4,11,2,14,0,1,1,2,2,0
19168,7,6,15,1,3,0,1,1,2,2,0
19169,10,4,11,2,14,0,1,1,3,2,1
19170,4,4,11,2,12,0,1,1,2,2,0
19171,6,4,11,4,1,1,1,0,1,2,0
19172,8,2,11,4,8,1,1,0,2,2,0
19173,3,4,15,4,1,1,1,0,2,2,0
19174,10,4,15,2,3,0,1,1,2,2,0
19175,8,1,11,2,14,0,1,1,2,2,0
19176,13,5,15,5,1,4,0,0,2,2,0
19177,7,7,9,5,4,1,1,0,2,2,0
19178,4,0,1,4,0,3,1,1,2,2,0
19179,5,2,15,4,10,2,1,0,2,2,0
19180,11,4,11,2,12,0,1,1,1,2,0
19181,12,7,15,2,8,4,0,0,0,2,1
19182,12,4,9,2,10,1,0,1,2,2,0
19183,4,4,5,4,3,3,1,1,2,2,0
19184,7,1,9,2,10,0,1,1,2,2,0
19185,8,4,11,2,3,0,1,1,2,2,1
19186,10,4,14,2,10,0,1,1,1,2,0
19187,7,4,11,4,8,4,1,0,2,2,0
19188,12,4,11,2,1,0,1,1,2,2,1
19189,6,2,15,0,1,1,1,0,1,2,0
19190,4,1,11,4,4,3,1,1,2,2,0
19191,7,4,9,6,10,4,1,1,2,2,0
19192,10,4,15,2,4,0,1,1,2,2,1
19193,10,4,11,2,7,0,1,1,2,2,0
19194,9,7,11,2,8,5,0,0,2,2,1
19195,7,0,6,2,0,0,1,1,1,1,1
19196,5,6,15,4,8,3,0,0,1,2,0
19197,3,6,5,4,3,1,1,1,2,2,0
19198,8,4,15,0,4,4,1,0,2,2,0
19199,8,4,15,4,3,3,1,1,2,2,0
19200,8,4,12,4,10,1,1,0,2,0,0
19201,3,6,2,4,12,1,1,0,2,2,0
19202,8,7,1,4,8,3,1,0,1,2,0
19203,4,4,11,6,7,4,0,1,2,2,0
19204,6,4,15,0,13,1,1,0,2,0,0
19205,10,4,11,0,11,1,0,1,2,2,0
19206,11,6,5,2,3,0,1,1,2,2,0
19207,11,4,9,2,10,0,0,1,2,2,0
19208,4,4,11,4,8,4,1,0,2,2,0
19209,9,4,15,2,1,0,1,1,2,2,0
19210,7,4,12,5,14,1,1,1,3,2,0
19211,11,4,12,2,6,0,1,1,2,2,1
19212,10,4,15,2,1,0,1,1,1,2,1
19213,7,6,15,2,5,0,1,1,3,2,0
19214,9,4,5,2,3,0,1,1,2,0,0
19215,8,4,9,2,10,0,1,1,2,2,0
19216,8,7,7,2,1,1,1,0,2,2,1
19217,3,4,11,4,1,3,1,0,2,2,0
19218,11,6,5,2,10,0,1,1,1,2,1
19219,5,4,12,4,4,1,1,1,2,2,0
19220,10,4,14,6,1,0,1,1,2,2,0
19221,9,4,7,0,1,4,1,0,2,2,0
19222,6,0,10,2,0,0,1,1,0,2,0
19223,12,4,11,0,7,4,1,0,2,2,0
19224,7,4,0,4,7,3,0,0,2,2,0
19225,11,4,14,0,1,4,1,0,2,2,0
19226,10,4,11,0,3,1,1,1,2,2,1
19227,10,4,3,2,13,0,1,1,2,2,1
19228,4,4,11,4,12,3,1,1,2,2,0
19229,7,4,11,0,3,1,1,1,2,2,1
19230,4,2,12,4,10,3,1,1,1,2,0
19231,5,0,11,4,0,2,1,0,1,2,0
19232,4,4,9,4,8,1,1,0,2,1,0
19233,10,4,11,2,12,0,1,1,2,2,1
19234,4,4,15,0,4,1,1,0,2,2,0
19235,7,4,11,2,12,2,1,0,2,2,0
19236,10,7,9,2,10,0,1,1,2,2,0
19237,4,4,15,4,11,3,1,1,2,2,0
19238,7,4,11,0,14,1,1,1,2,2,1
19239,5,4,7,2,14,0,1,1,2,2,0
19240,4,4,5,5,1,4,1,0,2,2,0
19241,6,4,6,0,3,1,1,1,2,2,0
19242,12,1,15,0,1,4,1,0,2,2,0
19243,6,4,11,4,8,1,1,0,2,2,0
19244,4,4,0,4,7,1,1,1,2,1,0
19245,4,4,9,2,12,4,1,0,3,2,1
19246,7,4,12,2,10,0,1,1,2,2,1
19247,5,6,9,0,13,1,1,0,2,2,0
19248,5,5,11,2,5,0,1,1,2,2,1
19249,3,4,15,4,1,1,1,0,2,2,0
19250,4,1,11,4,3,3,0,1,1,2,0
19251,6,2,9,4,10,1,1,1,2,0,0
19252,3,4,11,4,7,3,1,0,2,2,0
19253,7,4,11,2,8,0,0,1,2,2,0
19254,5,4,14,2,3,0,1,1,2,2,0
19255,5,4,15,4,8,4,1,0,1,0,0
19256,6,5,11,4,0,3,1,0,2,2,0
19257,8,4,15,2,6,0,1,1,2,2,1
19258,5,4,9,2,6,0,1,1,2,2,0
19259,10,4,15,2,13,0,1,1,2,2,1
19260,6,4,11,2,1,0,1,1,1,2,1
19261,11,4,11,2,12,5,1,0,1,2,0
19262,4,4,15,2,12,0,0,1,2,2,1
19263,7,2,12,0,4,4,1,0,2,2,0
19264,8,2,15,2,5,0,1,1,3,2,0
19265,9,4,15,2,8,0,1,1,0,0,1
19266,10,4,5,0,3,4,1,1,2,2,0
19267,3,4,15,4,1,1,1,0,1,2,0
19268,4,4,9,4,12,1,1,1,2,2,0
19269,8,4,9,2,6,0,1,1,1,2,0
19270,6,4,8,0,1,1,0,0,2,2,0
19271,3,6,15,4,3,1,1,1,2,2,0
19272,4,4,12,4,4,1,1,1,2,2,0
19273,4,4,9,4,10,3,1,0,1,2,0
19274,8,4,11,0,6,4,1,0,2,2,0
19275,7,4,9,2,8,0,1,1,2,2,0
19276,4,4,12,4,10,3,1,0,2,2,0
19277,11,4,11,2,1,0,1,1,2,2,0
19278,12,4,15,2,3,0,1,1,1,2,1
19279,5,7,11,4,8,3,1,0,2,2,0
19280,6,4,9,4,10,1,1,1,1,2,0
19281,5,4,15,4,10,3,1,0,2,2,0
19282,9,0,11,0,0,4,1,0,2,2,0
19283,7,1,11,4,1,1,0,0,2,2,0
19284,12,4,11,2,8,5,1,0,2,2,0
19285,12,4,9,2,8,0,0,1,2,2,0
19286,8,4,9,0,12,4,0,1,2,2,0
19287,10,4,11,2,1,0,1,1,2,2,0
19288,8,4,15,0,4,1,1,1,1,2,0
19289,8,4,11,2,8,0,1,1,2,2,1
19290,6,4,11,2,3,0,1,1,1,2,1
19291,6,4,15,2,3,0,1,1,2,1,0
19292,6,4,11,2,3,0,0,1,3,1,0
19293,4,4,9,4,13,3,1,1,2,2,0
19294,10,4,7,0,12,1,0,1,1,2,0
19295,7,4,15,2,5,0,1,1,2,2,1
19296,3,4,11,4,3,4,1,1,2,3,0
19297,10,4,12,2,4,0,1,1,2,2,1
19298,6,4,0,4,7,3,1,0,2,2,0
19299,8,6,15,4,4,2,0,1,1,2,0
19300,8,4,12,2,6,0,1,1,1,2,0
19301,11,0,9,2,4,0,1,1,2,2,0
19302,12,2,11,6,3,1,1,1,2,2,0
19303,9,4,11,2,4,0,1,1,2,2,1
19304,9,4,11,2,1,0,1,1,2,2,0
19305,7,5,9,2,10,5,1,0,2,2,1
19306,6,5,9,4,4,1,1,1,2,2,0
19307,11,4,15,2,3,0,1,1,2,2,0
19308,5,4,15,2,12,0,1,1,2,2,0
19309,7,2,15,5,4,1,1,0,4,2,0
19310,8,5,9,2,0,0,1,1,1,2,1
19311,9,4,9,2,4,0,0,1,2,2,1
19312,12,4,0,2,7,5,0,0,2,2,0
19313,11,4,12,4,10,1,1,1,2,2,0
19314,5,7,11,4,11,1,0,1,2,2,0
19315,8,2,7,0,11,4,0,0,2,2,0
19316,8,5,9,2,4,0,1,1,2,2,0
19317,10,4,11,6,1,1,0,0,2,2,0
19318,9,4,12,2,6,0,1,1,2,2,1
19319,4,4,11,4,6,3,1,1,2,2,1
19320,10,4,11,2,3,0,1,1,2,2,0
19321,9,6,15,0,8,1,1,0,2,2,0
19322,10,4,11,2,6,0,0,1,2,2,1
19323,5,4,11,4,1,2,0,0,2,2,0
19324,8,1,9,0,10,1,1,0,2,2,0
19325,5,4,9,2,11,0,1,1,2,2,1
19326,5,4,11,4,8,1,1,0,1,2,1
19327,10,4,15,2,8,0,1,1,1,2,0
19328,4,4,7,4,14,4,1,0,2,2,0
19329,11,6,5,2,3,0,1,1,2,2,1
19330,9,5,9,2,10,0,1,1,1,0,0
19331,4,4,11,6,7,1,1,0,2,2,0
19332,10,4,15,6,4,3,1,0,1,2,0
19333,5,4,11,2,14,0,1,1,1,2,1
19334,16,6,11,0,12,3,1,1,2,2,0
19335,4,5,7,0,4,1,1,0,2,2,0
19336,10,6,8,2,3,0,1,1,2,2,0
19337,15,6,15,2,8,0,1,1,2,2,0
19338,11,4,9,2,4,0,1,1,2,2,0
19339,9,4,9,0,12,4,1,0,0,1,0
19340,3,4,11,4,1,4,0,0,1,2,0
19341,8,4,11,4,3,1,1,1,2,2,0
19342,11,4,15,2,3,0,1,1,2,2,1
19343,6,4,12,2,4,0,1,1,2,2,1
19344,5,6,12,4,4,1,1,0,2,2,0
19345,4,0,1,4,0,3,0,0,1,2,0
19346,9,2,12,2,9,0,1,1,1,2,0
19347,8,2,1,5,3,4,1,0,2,2,0
19348,6,4,11,4,3,3,1,1,2,2,0
19349,6,4,10,4,10,1,0,1,2,2,0
19350,8,4,11,2,7,0,1,1,2,2,1
19351,9,4,9,4,13,3,1,1,2,0,0
19352,6,4,8,2,3,0,1,1,2,2,0
19353,7,6,15,4,10,1,1,0,1,2,0
19354,5,4,11,4,3,3,1,1,2,3,0
19355,6,4,10,2,14,0,1,1,2,1,1
19356,6,4,9,2,4,5,1,0,4,2,0
19357,6,7,15,4,10,3,1,1,2,2,0
19358,5,2,15,2,10,0,1,1,2,2,0
19359,9,4,15,2,8,0,1,1,0,2,1
19360,10,4,11,4,12,1,1,0,3,2,0
19361,8,6,11,4,12,1,1,1,2,2,0
19362,5,4,15,2,3,0,1,1,1,2,1
19363,4,3,11,5,13,1,1,1,2,2,0
19364,6,4,5,4,10,3,1,0,2,2,1
19365,12,4,14,6,1,1,1,0,1,2,0
19366,4,0,15,4,0,1,1,0,0,2,0
19367,6,7,0,4,8,3,0,0,2,0,0
19368,11,2,11,2,14,0,1,1,2,2,1
19369,6,4,11,0,12,4,1,0,2,2,0
19370,6,4,9,4,4,1,1,0,4,2,0
19371,12,4,8,2,7,0,1,1,2,2,0
19372,8,4,15,5,4,3,1,1,2,2,0
19373,7,4,11,0,13,1,0,1,1,2,0
19374,5,4,15,4,13,1,1,0,0,2,0
19375,18,4,11,2,3,0,1,1,2,2,0
19376,5,7,15,4,1,3,1,0,2,2,0
19377,11,4,15,2,1,0,1,1,2,2,1
19378,3,4,11,4,7,2,1,1,2,2,0
19379,8,4,11,4,3,1,1,1,2,2,0
19380,4,4,11,4,7,3,1,0,2,2,0
19381,9,5,12,0,4,4,1,1,2,2,0
19382,5,4,15,4,1,3,1,1,2,2,0
19383,8,4,11,4,3,3,1,1,1,2,0
19384,10,4,15,2,12,5,1,0,2,2,0
19385,16,4,15,0,13,1,1,1,2,2,0
19386,6,4,15,2,3,0,1,1,3,1,1
19387,11,4,15,2,3,0,1,1,2,2,1
19388,6,4,9,2,7,0,1,1,4,2,0
19389,6,6,15,4,8,1,1,0,2,2,0
19390,4,6,11,4,3,3,0,1,2,2,0
19391,4,2,15,4,4,3,1,1,2,2,0
19392,8,4,11,0,8,4,1,0,1,2,0
19393,7,4,11,2,1,0,1,1,2,2,0
19394,11,4,11,2,3,0,1,1,2,2,1
19395,10,4,11,2,5,0,1,1,2,2,0
19396,5,7,7,2,12,0,0,1,2,2,0
19397,7,4,11,2,12,0,1,1,2,2,1
19398,7,4,15,2,14,0,1,1,2,2,0
19399,5,4,11,2,7,0,0,1,1,2,0
19400,8,7,9,4,10,1,1,0,2,2,0
19401,5,4,9,4,12,3,1,1,2,2,0
19402,9,4,0,5,7,4,1,0,2,2,0
19403,12,4,9,2,12,0,1,1,3,2,0
19404,5,6,11,2,12,0,1,1,2,2,0
19405,7,4,11,0,3,2,1,1,2,2,1
19406,7,4,9,0,6,1,1,1,2,2,0
19407,7,4,1,0,8,4,0,0,2,2,0
19408,7,4,15,2,10,0,1,1,2,2,1
19409,7,7,9,2,1,5,0,0,1,2,1
19410,15,1,15,6,1,1,1,0,1,2,0
19411,3,4,12,4,10,1,1,1,2,2,0
19412,5,6,6,2,5,0,1,1,2,2,0
19413,9,4,15,0,5,1,1,1,2,2,0
19414,7,4,7,5,3,1,0,1,2,2,0
19415,6,4,7,2,3,0,1,1,2,2,0
19416,9,4,10,2,10,0,1,1,2,2,1
19417,10,5,15,2,4,0,1,1,2,2,1
19418,5,4,15,2,1,5,1,0,2,2,1
19419,5,4,7,4,7,3,1,1,2,2,0
19420,5,4,4,4,12,4,1,0,2,2,0
19421,7,4,11,2,14,0,1,1,2,2,0
19422,11,4,11,2,10,0,1,1,2,2,1
19423,6,6,8,2,1,0,1,1,1,2,1
19424,6,4,15,4,8,4,1,0,2,2,0
19425,4,4,9,4,8,3,1,1,1,2,0
19426,4,4,6,4,8,3,1,0,2,2,0
19427,9,4,9,2,4,0,1,1,2,2,0
19428,10,4,0,2,14,0,1,1,2,2,1
19429,6,4,15,2,1,5,0,0,1,3,0
19430,9,0,9,0,4,4,1,1,4,2,0
19431,3,4,12,4,1,1,1,0,2,2,0
19432,17,4,11,2,12,0,1,1,3,2,1
19433,6,7,11,4,1,3,1,1,2,2,0
19434,9,4,0,2,3,0,1,1,1,2,1
19435,11,4,11,2,7,5,1,0,2,2,0
19436,7,1,14,4,10,1,1,0,1,2,0
19437,4,4,5,4,1,3,1,0,0,2,0
19438,4,4,11,6,8,4,1,0,2,2,0
19439,9,4,15,2,10,0,1,1,1,2,1
19440,9,4,11,2,12,0,1,1,2,2,0
19441,5,4,15,4,1,3,1,0,2,2,0
19442,8,4,8,2,14,0,1,1,2,2,0
19443,9,4,15,2,12,0,1,1,1,2,0
19444,4,7,11,4,8,1,1,0,2,2,1
19445,9,4,11,0,13,1,0,0,1,2,0
19446,7,4,15,2,3,0,1,1,2,2,1
19447,11,4,9,2,10,0,1,1,2,2,0
19448,9,4,11,2,3,0,1,1,2,2,0
19449,7,4,15,2,3,0,1,1,2,2,0
19450,7,4,5,2,3,0,0,1,2,2,0
19451,6,4,11,2,14,0,1,1,2,2,0
19452,5,5,11,2,5,5,1,0,1,2,0
19453,6,4,11,2,3,0,1,1,3,2,0
19454,4,7,11,0,1,1,0,1,2,2,0
19455,10,7,8,2,10,0,1,1,0,2,0
19456,4,7,11,4,1,1,1,0,2,2,1
19457,6,4,15,2,4,0,1,1,2,2,1
19458,7,4,15,2,4,0,1,1,2,2,0
19459,10,6,9,0,10,4,1,0,2,2,0
19460,6,4,8,4,10,3,1,1,3,2,0
19461,7,4,15,2,4,0,1,1,2,2,1
19462,9,2,12,0,10,1,1,1,2,2,0
19463,5,4,11,4,8,3,0,0,1,2,0
19464,8,4,8,2,10,0,1,1,2,2,0
19465,11,6,2,2,12,0,1,1,2,2,1
19466,11,4,11,2,3,0,1,1,2,2,0
19467,10,4,12,2,1,5,1,0,2,2,0
19468,4,4,9,4,4,3,1,0,2,2,0
19469,6,4,15,0,7,1,1,1,2,2,0
19470,7,4,11,2,8,5,1,0,2,2,0
19471,9,0,9,2,0,0,1,1,1,2,0
19472,6,4,15,4,3,4,1,0,2,2,0
19473,8,4,4,0,8,4,1,0,2,2,0
19474,7,5,11,0,1,4,0,0,2,2,0
19475,9,4,15,2,4,0,1,1,2,2,1
19476,10,6,15,2,4,0,1,1,2,2,1
19477,5,4,15,2,10,5,1,0,2,2,1
19478,7,4,14,4,10,1,1,1,2,2,0
19479,5,4,12,2,4,0,0,1,4,2,0
19480,10,7,9,0,10,3,1,0,2,2,0
19481,11,4,11,2,8,0,0,1,2,2,0
19482,5,4,11,4,1,3,1,0,2,2,0
19483,4,4,11,4,7,1,1,0,2,2,1
19484,5,6,11,4,3,1,1,1,2,2,0
19485,9,4,9,2,10,5,1,0,2,0,0
19486,3,6,11,4,8,3,0,0,2,2,0
19487,6,5,9,4,12,3,1,0,2,2,0
19488,12,4,8,0,13,1,1,0,2,2,0
19489,7,4,9,5,1,4,1,0,2,2,0
19490,9,4,9,2,10,0,1,1,1,2,1
19491,4,4,11,6,14,1,1,1,2,2,0
19492,7,4,0,2,6,0,0,1,2,2,1
19493,4,4,11,4,10,1,1,0,2,2,0
19494,10,4,9,2,10,0,1,1,2,2,0
19495,10,4,11,6,7,1,1,0,2,2,0
19496,10,0,1,2,0,0,1,1,2,2,1
19497,11,1,11,2,14,0,1,1,2,2,0
19498,5,4,11,4,1,3,0,0,2,2,0
19499,8,0,5,2,0,0,1,1,1,2,1
19500,8,4,11,2,4,0,1,1,2,2,0
19501,9,4,9,0,12,1,1,0,4,0,0
19502,9,1,11,0,1,1,1,0,2,2,0
19503,5,0,11,4,0,3,1,0,2,2,0
19504,5,4,1,4,12,3,1,0,3,2,0
19505,7,4,11,5,1,1,1,0,1,2,0
19506,9,4,9,0,1,1,1,0,2,2,0
19507,8,4,11,4,6,1,1,1,1,2,0
19508,7,4,3,0,8,1,1,1,2,2,1
19509,6,4,15,0,1,1,1,0,1,2,0
19510,8,4,9,2,4,0,0,1,2,2,0
19511,4,2,8,0,11,4,1,0,2,2,0
19512,5,4,9,4,4,3,1,0,2,1,0
19513,4,4,11,4,1,1,1,1,2,2,0
19514,7,2,15,6,12,1,1,1,2,2,0
19515,3,4,15,4,8,4,1,0,2,2,0
19516,11,6,15,2,10,0,0,1,2,2,0
19517,5,4,9,4,6,1,0,1,2,2,0
19518,6,4,11,0,8,4,1,0,1,2,0
19519,8,4,7,2,3,0,1,1,2,2,1
19520,5,7,11,4,8,3,1,0,1,2,0
19521,9,2,10,0,10,1,1,1,0,2,0
19522,7,4,9,2,10,0,1,1,2,0,0
19523,9,1,11,0,14,1,1,1,2,2,0
19524,10,4,11,0,8,1,1,1,0,2,0
19525,9,4,15,0,4,1,1,1,2,2,0
19526,13,4,11,0,14,1,1,1,2,2,0
19527,6,4,0,0,7,4,1,0,2,2,0
19528,11,4,0,2,7,0,0,1,2,2,0
19529,4,4,9,4,8,1,0,1,2,2,0
19530,6,6,15,2,12,0,1,1,2,2,0
19531,6,4,8,4,10,1,1,1,0,2,0
19532,4,4,11,4,5,3,1,0,2,2,0
19533,12,4,10,0,7,3,1,0,2,2,0
19534,8,4,0,0,3,2,1,1,2,2,0
19535,6,4,1,0,7,1,1,0,2,2,0
19536,6,4,9,0,12,4,1,0,3,2,0
19537,7,4,11,6,3,1,1,1,2,2,0
19538,7,4,0,2,3,0,1,1,3,2,0
19539,7,4,9,2,12,0,1,1,2,2,1
19540,4,4,9,4,4,1,1,1,2,2,0
19541,3,1,15,4,1,3,1,1,2,2,0
19542,9,5,15,2,4,0,0,1,4,2,1
19543,10,0,10,2,0,0,1,1,1,2,0
19544,6,4,3,2,14,0,1,1,2,2,1
19545,7,4,9,4,12,3,1,1,2,0,0
19546,10,7,15,2,4,0,1,1,2,2,0
19547,8,4,11,0,7,1,1,0,2,2,0
19548,4,4,9,4,10,3,1,1,2,2,0
19549,8,4,11,0,11,1,1,1,2,2,0
19550,6,4,11,4,6,3,0,1,2,2,0
19551,5,4,9,4,1,3,1,0,0,2,0
19552,9,4,11,0,7,4,0,0,2,2,0
19553,11,4,11,2,3,0,1,1,2,2,1
19554,9,4,11,2,8,0,1,1,2,2,0
19555,7,4,11,4,12,1,1,0,1,2,0
19556,5,4,15,6,13,1,1,0,2,2,0
19557,10,7,11,0,1,4,1,0,2,2,0
19558,5,4,11,4,3,1,1,1,2,2,0
19559,9,4,3,2,14,0,1,1,2,2,0
19560,14,4,12,0,12,1,1,0,2,2,0
19561,9,4,11,2,7,0,1,1,2,2,0
19562,9,4,9,2,4,0,1,1,2,2,0
19563,7,2,7,0,11,1,0,1,2,2,0
19564,9,4,0,2,6,0,1,1,2,2,0
19565,5,4,11,4,3,3,1,1,2,2,0
19566,7,4,14,2,3,0,0,1,1,0,1
19567,11,4,15,2,13,0,1,1,1,2,0
19568,10,4,9,2,10,0,1,1,2,2,0
19569,11,2,11,2,6,0,1,1,2,2,0
19570,10,4,9,2,1,0,1,1,2,2,0
19571,5,7,11,4,1,2,1,0,2,2,0
19572,8,4,9,0,4,4,1,0,2,2,0
19573,8,4,11,2,1,0,0,1,2,2,0
19574,7,6,11,0,1,3,1,0,2,2,0
19575,7,4,15,6,13,4,1,0,0,2,1
19576,6,4,15,4,8,4,1,0,2,2,0
19577,5,4,9,4,10,1,1,0,0,2,0
19578,5,4,11,2,12,0,1,1,3,2,1
19579,8,4,8,4,11,3,1,0,2,2,0
19580,7,4,11,2,3,0,1,1,2,2,1
19581,5,4,1,2,7,0,1,1,2,2,0
19582,7,4,15,2,14,0,1,1,1,2,1
19583,9,4,14,2,1,4,1,0,1,2,0
19584,7,4,9,4,4,3,1,1,2,2,0
19585,5,7,1,4,12,4,1,0,2,2,0
19586,10,4,15,0,8,3,1,0,1,2,0
19587,4,4,11,4,12,3,1,0,1,2,0
19588,7,2,9,2,11,0,1,1,2,2,1
19589,6,4,15,2,10,0,1,1,1,1,0
19590,7,4,1,2,12,0,1,1,2,2,1
19591,4,5,9,4,7,1,1,1,2,2,0
19592,6,2,0,2,6,0,0,1,2,2,1
19593,4,0,6,4,0,3,1,1,1,2,0
19594,10,4,11,2,8,0,1,1,2,2,1
19595,7,4,0,2,3,0,1,1,2,2,1
19596,12,4,11,2,3,0,1,1,2,2,0
19597,5,4,15,4,1,4,1,0,2,1,0
19598,4,4,15,4,1,3,1,0,2,2,0
19599,10,2,11,2,11,0,1,1,2,2,1
19600,8,4,15,2,14,0,1,1,1,2,1
19601,5,4,15,4,1,3,1,0,2,2,0
19602,10,2,15,2,1,0,1,1,2,2,0
19603,6,8,9,2,13,0,1,1,1,2,1
19604,5,4,14,4,1,1,1,0,2,2,1
19605,5,4,9,4,1,3,1,0,0,2,0
19606,9,6,9,0,10,4,1,0,2,2,0
19607,8,4,11,2,14,0,1,1,2,2,0
19608,7,4,5,2,3,5,1,0,2,2,1
19609,7,4,11,2,8,5,1,0,2,2,1
19610,4,6,9,2,4,0,1,1,2,2,0
19611,10,4,12,2,10,5,1,0,1,2,1
19612,9,4,9,0,10,2,1,0,2,2,0
19613,9,4,11,2,3,0,1,1,2,2,0
19614,5,1,9,2,4,0,1,1,2,2,0
19615,4,4,11,6,8,1,1,0,2,4,0
19616,3,4,4,4,8,1,1,1,2,2,0
19617,13,4,9,5,6,4,1,1,3,2,0
19618,8,4,9,2,13,0,1,1,2,2,0
19619,8,4,9,4,8,3,1,1,2,0,0
19620,6,4,15,4,4,1,0,0,2,2,0
19621,4,4,15,4,1,1,1,0,2,2,0
19622,8,4,15,2,8,0,1,1,2,2,0
19623,8,4,9,0,8,1,1,1,2,2,0
19624,4,5,15,4,10,3,1,1,2,2,0
19625,5,4,11,4,3,3,1,1,2,2,0
19626,9,1,11,2,7,0,0,1,2,2,1
19627,7,4,11,4,4,1,1,0,2,2,0
19628,6,4,13,2,8,0,0,1,2,2,0
19629,11,4,6,2,3,0,1,1,1,2,1
19630,7,6,11,2,8,0,1,1,2,2,1
19631,10,4,11,2,8,0,1,1,2,2,0
19632,5,2,15,4,10,1,1,1,1,2,0
19633,9,7,9,2,1,2,1,0,2,2,0
19634,5,4,15,6,13,1,1,0,2,2,0
19635,5,4,15,2,1,0,1,1,2,2,1
19636,8,4,11,2,12,0,1,1,2,2,0
19637,12,4,11,2,8,0,1,1,2,2,1
19638,3,0,5,4,0,1,1,1,0,2,0
19639,3,4,15,4,10,3,1,0,1,2,0
19640,8,1,7,2,12,0,1,1,3,2,1
19641,11,7,15,1,1,1,1,1,0,2,0
19642,9,4,15,0,10,1,1,1,1,2,0
19643,12,6,1,2,3,0,1,1,3,2,0
19644,8,4,15,2,3,0,1,1,2,2,1
19645,8,4,11,0,1,4,0,0,2,2,0
19646,9,4,11,0,1,1,0,0,2,0,0
19647,11,4,11,2,3,0,1,1,2,2,1
19648,9,4,11,2,8,0,0,1,1,2,0
19649,9,4,11,2,6,0,1,1,2,2,0
19650,6,4,11,4,1,1,1,0,2,2,0
19651,6,4,11,2,14,0,1,1,2,1,0
19652,6,4,1,0,8,4,1,0,2,2,1
19653,7,6,8,6,3,3,1,1,2,2,0
19654,5,0,11,4,0,3,1,1,2,2,0
19655,4,4,11,6,3,1,1,1,2,2,0
19656,7,2,15,2,1,0,1,1,4,2,1
19657,5,4,0,4,3,1,1,1,2,2,0
19658,7,8,1,0,13,1,0,1,2,2,0
19659,7,4,9,6,1,4,1,0,1,2,0
19660,5,4,9,4,1,3,1,0,2,2,0
19661,5,4,11,4,8,1,1,0,2,2,0
19662,3,0,9,4,0,1,1,1,2,2,0
19663,7,4,1,5,3,1,1,1,2,2,0
19664,15,4,7,2,4,0,1,1,2,2,1
19665,5,4,15,2,10,5,1,0,2,1,0
19666,3,4,11,4,8,4,1,0,2,3,0
19667,9,4,9,0,13,1,1,0,2,2,0
19668,11,4,9,2,10,0,1,1,2,2,0
19669,13,4,11,2,14,0,1,1,2,2,0
19670,4,4,11,4,7,1,1,0,2,2,0
19671,8,4,11,2,4,0,1,1,2,2,0
19672,5,4,10,4,7,4,1,0,2,2,0
19673,3,5,9,4,4,3,1,1,2,2,0
19674,6,4,5,4,3,3,1,0,2,2,0
19675,5,4,11,4,12,3,1,1,2,2,0
19676,3,4,11,4,5,1,1,1,1,3,0
19677,6,6,9,4,8,1,1,1,2,2,0
19678,6,4,9,2,13,0,1,1,1,2,0
19679,6,4,15,2,11,0,0,1,1,0,0
19680,4,4,5,4,10,3,1,1,2,2,0
19681,7,4,12,2,6,0,1,1,1,2,0
19682,6,6,2,0,8,1,0,1,2,2,0
19683,8,4,9,2,4,0,1,1,2,1,0
19684,8,4,15,2,10,0,1,1,2,2,1
19685,6,5,11,2,4,0,1,1,1,2,1
19686,7,4,11,2,13,5,1,0,2,2,1
19687,3,4,8,4,10,1,1,1,2,2,1
19688,6,4,11,2,12,0,1,1,2,2,1
19689,4,4,1,4,3,1,1,1,2,2,0
19690,11,4,11,2,3,0,1,1,2,2,1
19691,7,5,15,2,5,0,1,1,3,2,0
19692,10,4,11,0,7,2,1,0,2,2,0
19693,12,4,15,2,7,0,1,1,2,2,1
19694,9,4,11,0,8,4,1,0,1,2,0
19695,10,4,11,2,3,0,1,1,2,2,0
19696,6,4,14,0,10,4,0,0,2,2,1
19697,4,4,9,6,4,4,1,1,1,2,0
19698,7,4,15,2,13,0,1,1,2,2,0
19699,7,4,0,0,2,1,1,1,1,2,0
19700,6,7,7,4,1,3,1,0,2,2,0
19701,4,4,4,2,12,0,1,1,2,2,1
19702,6,4,11,3,6,0,1,1,1,2,0
19703,5,0,9,2,0,0,1,1,2,2,0
19704,8,7,11,3,1,1,1,0,2,2,0
19705,4,4,11,0,1,4,1,0,2,2,0
19706,4,4,14,4,10,1,1,1,2,2,0
19707,10,4,11,2,4,0,1,1,2,2,0
19708,9,4,15,4,3,3,1,1,2,0,0
19709,6,6,0,1,3,1,0,1,2,2,0
19710,5,4,7,4,12,1,1,0,1,2,0
19711,7,4,8,2,3,0,1,1,1,2,0
19712,18,4,11,6,8,1,1,1,1,2,0
19713,13,2,11,6,11,4,1,0,2,2,0
19714,3,5,15,4,5,1,1,1,1,2,0
19715,17,4,0,0,3,1,1,1,2,2,0
19716,12,4,15,2,4,0,1,1,2,2,0
19717,8,4,11,2,14,0,0,1,2,2,1
19718,9,4,11,4,12,3,1,0,2,2,0
19719,9,4,9,5,13,1,1,1,2,2,0
19720,4,5,9,4,4,1,1,0,2,2,0
19721,4,4,11,4,8,1,1,1,1,2,0
19722,3,4,11,4,1,4,1,0,2,2,0
19723,4,4,15,4,4,3,1,1,2,2,0
19724,13,4,9,2,4,0,1,1,2,2,0
19725,5,4,0,2,8,0,1,1,2,2,0
19726,6,6,15,0,12,1,1,0,1,2,1
19727,5,4,11,4,12,1,1,0,2,2,0
19728,10,4,9,2,10,0,1,1,1,2,0
19729,8,4,11,2,3,0,1,1,2,2,1
19730,7,1,11,2,1,0,1,1,1,2,0
19731,9,1,11,2,14,0,0,1,2,2,0
19732,10,4,11,2,12,0,1,1,2,2,0
19733,8,4,11,0,12,4,1,0,1,2,0
19734,7,6,11,2,4,5,1,0,4,2,0
19735,17,2,11,6,6,4,0,0,2,2,0
19736,9,4,11,2,6,5,1,0,2,2,0
19737,4,4,15,4,8,3,1,0,2,2,0
19738,4,2,11,4,6,1,1,1,2,2,0
19739,7,6,7,2,12,0,1,1,2,2,0
19740,9,4,9,2,1,5,1,0,2,2,0
19741,11,4,11,2,7,0,0,1,2,2,0
19742,5,4,11,2,8,0,1,1,2,2,1
19743,11,3,11,2,13,0,1,1,2,2,0
19744,7,4,9,2,12,0,1,1,2,1,0
19745,4,4,9,4,4,3,1,1,2,2,0
19746,6,4,5,4,3,3,1,1,2,2,0
19747,8,4,11,2,12,5,0,0,2,2,1
19748,11,4,9,6,11,1,1,1,2,2,0
19749,4,6,11,4,5,3,1,1,3,2,0
19750,4,4,0,4,13,1,1,1,0,2,0
19751,9,4,1,0,14,1,1,1,1,2,0
19752,7,4,9,2,10,0,0,1,3,2,0
19753,13,4,9,2,4,0,1,1,3,2,1
19754,4,4,15,4,8,3,1,0,1,2,0
19755,11,4,11,2,12,2,1,1,1,2,0
19756,10,4,12,2,10,0,1,1,1,2,0
19757,7,6,11,2,12,0,1,1,2,2,1
19758,9,2,12,2,1,0,1,1,2,1,0
19759,8,4,9,2,10,0,1,1,2,2,0
19760,3,4,15,4,8,3,0,1,2,2,0
19761,4,4,15,4,8,3,0,0,2,2,0
19762,4,4,9,0,10,1,1,1,2,2,0
19763,7,4,15,6,8,4,1,0,2,4,0
19764,4,4,11,4,12,3,1,0,2,2,0
19765,4,6,15,2,13,0,1,1,1,2,1
19766,9,4,9,0,4,3,1,0,2,2,0
19767,11,4,11,6,3,4,1,0,2,2,1
19768,7,4,15,2,1,0,0,1,0,2,0
19769,10,7,11,2,1,5,1,0,2,2,0
19770,10,4,15,2,14,0,0,1,2,2,1
19771,11,4,14,2,1,0,1,1,0,2,1
19772,11,4,11,2,3,0,1,1,2,2,1
19773,5,4,9,2,4,0,1,1,2,1,0
19774,6,4,9,0,10,1,1,0,1,2,0
19775,7,7,15,4,12,3,1,0,2,2,0
19776,5,4,15,4,1,1,1,0,1,2,1
19777,6,4,1,4,14,3,1,1,2,2,0
19778,6,4,15,2,8,5,1,0,1,2,1
19779,8,4,15,2,14,0,1,1,2,2,1
19780,8,4,9,0,4,1,1,0,2,2,0
19781,4,4,5,4,3,3,1,1,2,2,1
19782,9,4,7,0,7,1,1,1,2,2,0
19783,9,4,15,2,4,0,1,1,3,2,1
19784,5,4,1,4,7,1,0,1,2,2,0
19785,9,4,11,0,12,1,1,1,2,2,0
19786,3,4,11,4,6,1,1,1,2,2,0
19787,3,4,9,4,4,1,1,1,3,2,0
19788,9,4,12,2,5,0,1,1,3,2,0
19789,8,4,11,2,11,0,1,1,2,2,1
19790,3,4,15,4,3,1,0,1,2,2,0
19791,6,4,11,0,8,4,1,0,1,2,0
19792,7,4,12,4,5,2,1,1,3,2,0
19793,8,6,11,2,3,0,0,1,3,2,0
19794,10,7,11,0,12,1,1,1,2,2,0
19795,9,4,11,0,1,1,1,0,2,2,0
19796,9,4,8,2,3,0,1,1,2,2,1
19797,4,4,11,2,3,0,1,1,1,2,0
19798,6,4,11,0,7,1,1,1,4,2,1
19799,14,4,11,0,14,1,0,1,2,2,0
19800,10,4,11,2,4,0,0,1,2,2,1
19801,6,4,9,1,12,1,1,1,2,2,0
19802,10,4,13,2,6,0,0,1,2,2,0
19803,11,5,15,2,5,0,1,1,3,2,0
19804,9,4,15,2,8,0,0,1,1,2,1
19805,9,6,12,2,10,0,1,1,2,2,1
19806,3,4,11,4,14,3,1,1,2,2,0
19807,9,6,1,2,3,0,1,1,2,2,0
19808,4,4,15,4,6,3,0,1,2,2,0
19809,4,4,9,4,8,2,0,0,2,2,0
19810,7,4,15,2,14,0,1,1,2,2,0
19811,14,4,12,2,12,0,1,1,3,2,0
19812,7,4,11,5,8,1,1,0,0,2,0
19813,10,4,11,2,7,0,1,1,2,2,1
19814,10,2,9,2,10,0,1,1,2,2,1
19815,10,2,9,2,10,0,1,1,2,2,1
19816,6,4,11,4,12,3,1,1,1,2,0
19817,11,4,15,2,8,5,1,0,1,2,0
19818,13,1,5,2,3,0,1,1,2,2,0
19819,6,7,12,4,10,1,1,1,2,2,0
19820,9,4,11,2,4,0,1,1,3,2,1
19821,8,4,15,2,6,0,1,1,3,2,0
19822,5,4,9,4,12,3,1,1,2,2,0
19823,13,4,11,2,12,0,1,1,3,2,0
19824,5,4,15,4,8,1,1,1,1,2,0
19825,9,4,11,4,8,4,1,0,1,2,0
19826,10,4,10,2,10,0,1,1,2,2,0
19827,9,4,11,0,1,1,1,0,4,2,0
19828,6,6,11,4,13,1,0,0,2,2,0
19829,16,4,11,6,12,4,1,0,2,2,0
19830,11,4,10,2,8,0,1,1,1,2,0
19831,13,2,14,2,10,2,1,1,1,2,0
19832,7,4,0,2,6,0,1,1,2,2,1
19833,6,4,11,0,7,4,1,1,4,2,0
19834,9,6,11,4,3,4,1,0,2,2,0
19835,5,4,15,4,10,4,1,0,1,2,0
19836,9,4,9,4,8,3,1,0,1,2,0
19837,4,4,15,4,4,3,1,1,3,2,0
19838,5,4,11,2,14,0,1,1,3,2,0
19839,4,4,11,6,8,1,1,0,1,2,0
19840,5,4,11,2,1,5,1,0,4,2,1
19841,8,4,15,2,12,0,0,1,2,2,0
19842,9,7,9,0,10,4,1,0,2,2,0
19843,7,4,11,4,8,1,1,1,1,0,0
19844,6,4,15,2,11,0,0,1,2,1,1
19845,6,2,9,4,10,3,1,1,2,2,0
19846,9,0,11,0,0,2,1,1,1,2,0
19847,4,4,11,5,3,4,1,0,2,2,0
19848,9,1,9,0,4,1,1,1,2,2,0
19849,6,4,9,2,4,0,1,1,2,2,1
19850,5,4,11,2,4,0,1,1,2,2,0
19851,5,4,11,4,12,4,1,0,0,2,0
19852,11,4,9,1,11,1,1,0,2,2,0
19853,7,4,11,2,1,2,1,0,2,2,0
19854,4,4,9,4,12,1,1,0,2,2,0
19855,7,4,15,0,1,4,0,0,2,2,0
19856,3,4,6,4,5,2,1,0,2,2,0
19857,7,7,5,2,1,0,1,1,2,2,1
19858,8,6,11,2,14,0,1,1,1,2,0
19859,7,4,11,2,14,0,1,1,1,2,1
19860,4,2,10,4,10,1,1,0,0,2,0
19861,4,4,9,4,12,1,1,0,2,2,0
19862,9,4,15,5,14,0,1,1,3,2,0
19863,5,4,11,4,4,3,1,0,2,2,0
19864,6,4,9,0,10,1,1,0,2,2,0
19865,8,4,11,2,3,0,1,1,2,2,1
19866,7,0,11,2,0,0,1,1,0,2,1
19867,5,6,11,2,12,0,0,1,4,2,0
19868,7,4,7,2,10,0,1,1,2,2,0
19869,7,4,11,4,1,1,1,1,2,2,0
19870,12,2,0,0,6,1,1,0,2,2,0
19871,7,4,15,2,7,0,1,1,2,2,1
19872,9,5,5,4,1,2,1,0,1,0,0
19873,5,4,11,2,8,0,1,1,2,2,1
19874,8,7,15,2,10,1,1,1,2,0,1
19875,6,4,12,0,4,1,1,1,1,2,0
19876,9,4,14,4,10,3,1,1,1,2,0
19877,6,4,0,2,7,0,1,1,2,2,1
19878,11,2,0,2,9,0,1,1,1,2,0
19879,7,4,12,2,10,0,1,1,1,2,0
19880,6,4,15,2,6,0,1,1,3,0,1
19881,7,4,15,2,5,0,1,1,2,2,0
19882,8,4,14,2,10,5,1,0,2,2,0
19883,4,4,9,4,10,3,1,0,2,2,0
19884,3,4,11,4,3,4,1,1,2,2,0
19885,5,4,11,4,8,4,0,0,0,2,0
19886,14,1,5,2,3,0,1,1,2,2,1
19887,7,4,15,4,5,1,1,1,2,2,0
19888,5,4,11,4,1,3,1,1,1,2,1
19889,7,4,11,2,3,0,1,1,2,2,0
19890,6,4,12,4,5,2,1,1,3,0,0
19891,9,4,15,4,10,3,1,0,1,2,0
19892,4,4,11,4,5,1,1,0,2,2,0
19893,6,4,1,4,12,3,1,1,1,2,0
19894,4,4,14,5,10,4,1,0,2,2,0
19895,10,1,15,2,12,0,1,1,2,2,1
19896,7,4,10,2,10,4,1,0,3,2,1
19897,5,7,11,4,4,1,1,1,2,2,0
19898,8,2,9,2,6,5,1,0,2,2,0
19899,6,4,15,4,1,3,1,0,2,1,0
19900,4,1,11,4,7,3,1,1,2,2,0
19901,13,4,11,2,3,0,1,1,2,2,0
19902,8,6,9,2,4,0,1,1,2,2,1
19903,15,4,12,0,4,1,1,0,2,2,0
19904,7,4,15,2,7,0,1,1,2,2,0
19905,8,4,15,2,4,0,1,1,2,2,0
19906,7,4,11,4,4,1,1,0,2,2,0
19907,4,4,7,4,3,1,1,1,2,2,0
19908,8,4,11,2,12,0,1,1,4,2,0
19909,5,2,15,2,5,0,1,1,3,2,0
19910,9,4,11,2,14,0,0,1,2,2,0
19911,4,2,11,4,11,2,0,1,2,2,0
19912,4,4,11,4,11,1,1,1,2,2,0
19913,7,6,9,4,4,3,1,1,2,2,1
19914,6,4,15,4,5,1,1,1,3,2,0
19915,7,4,11,2,12,0,1,1,2,2,1
19916,4,4,11,4,1,3,0,1,2,2,0
19917,7,4,11,2,8,0,0,1,2,2,0
19918,10,4,12,2,14,0,1,1,2,2,0
19919,7,4,11,5,1,4,1,0,2,2,0
19920,18,6,15,0,13,1,1,1,2,2,0
19921,7,4,15,2,10,0,1,1,1,2,0
19922,7,4,11,2,12,0,1,1,2,2,0
19923,6,4,3,0,13,4,1,0,2,2,0
19924,4,4,5,4,3,1,1,1,2,2,0
19925,7,4,11,2,8,0,0,1,2,2,1
19926,8,4,15,0,8,3,0,1,2,2,0
19927,7,4,11,4,12,3,1,0,3,2,0
19928,11,4,11,2,14,0,1,1,2,2,0
19929,7,2,11,2,10,0,1,1,2,2,0
19930,10,8,15,6,13,4,1,0,2,2,0
19931,5,4,4,0,13,4,1,0,2,2,0
19932,9,4,15,2,4,0,1,1,2,2,0
19933,4,4,11,4,1,3,1,1,2,2,0
19934,5,0,6,4,0,3,1,1,2,2,0
19935,6,4,11,2,8,0,1,1,2,2,1
19936,11,4,9,2,8,5,0,0,2,2,1
19937,9,4,12,2,10,0,1,1,2,2,1
19938,7,4,9,0,1,1,1,0,0,2,0
19939,3,6,9,4,12,1,1,1,3,2,0
19940,9,4,11,2,3,0,1,1,2,2,0
19941,10,2,5,2,11,0,0,1,2,2,0
19942,4,4,11,6,7,1,1,0,2,2,0
19943,5,4,11,2,1,0,1,1,2,2,1
19944,5,4,11,4,7,3,1,1,2,2,0
19945,8,4,2,0,8,4,1,0,0,2,0
19946,7,4,11,2,4,0,0,1,3,2,1
19947,11,4,11,2,14,0,1,1,2,2,1
19948,7,4,0,0,7,2,1,0,2,2,1
19949,6,4,11,0,1,1,1,0,2,2,0
19950,8,4,11,2,3,0,1,1,2,2,0
19951,6,2,9,4,10,1,1,1,4,2,0
19952,7,4,1,2,3,0,1,1,2,2,0
19953,5,4,7,4,1,1,1,0,1,1,0
19954,10,4,11,2,12,0,1,1,4,2,0
19955,16,4,9,6,13,4,0,0,1,2,0
19956,8,4,9,5,1,4,1,0,2,2,0
19957,7,4,9,2,10,0,1,1,2,2,1
19958,3,7,11,4,1,3,1,0,2,2,0
19959,6,5,15,2,4,0,1,1,2,2,0
19960,5,4,11,2,12,0,1,1,2,2,0
19961,12,4,0,4,8,1,1,0,2,2,0
19962,5,4,15,4,4,3,1,1,2,2,0
19963,8,5,9,2,4,0,1,1,2,2,0
19964,3,4,11,4,4,1,1,0,2,2,1
19965,9,4,15,0,12,1,1,1,2,0,0
19966,15,4,1,2,5,5,1,0,1,2,0
19967,10,4,7,2,12,0,1,1,2,2,0
19968,4,4,8,4,3,1,1,1,2,2,0
19969,3,5,9,4,4,3,1,1,2,2,0
19970,4,4,15,4,12,1,1,1,2,2,0
19971,4,6,15,4,5,1,1,0,2,2,0
19972,6,2,15,2,1,0,0,1,2,2,0
19973,8,4,7,2,4,0,1,1,2,2,1
19974,17,4,15,0,4,1,1,0,2,2,0
19975,11,4,11,2,1,0,1,1,2,2,0
19976,9,4,1,2,2,0,1,1,2,2,0
19977,12,4,8,2,3,0,1,1,2,2,0
19978,10,4,4,4,6,3,0,1,3,2,0
19979,8,4,15,2,3,0,1,1,2,2,0
19980,8,1,12,4,14,3,1,1,2,2,0
19981,4,4,11,4,6,3,1,1,1,2,0
19982,8,4,11,0,12,1,1,0,2,2,0
19983,9,2,10,2,10,0,1,1,2,2,1
19984,7,4,9,2,10,0,1,1,2,2,1
19985,3,2,5,4,9,1,1,1,1,2,0
19986,7,4,15,4,4,1,1,0,2,2,0
19987,7,4,9,0,1,1,0,0,2,2,0
19988,4,4,15,4,12,1,0,1,4,2,0
19989,5,4,11,4,12,1,1,1,2,2,1
19990,10,2,9,2,10,0,1,1,2,2,1
19991,9,2,9,2,4,0,1,1,2,2,0
19992,5,5,10,2,0,0,1,1,0,2,1
19993,4,4,11,4,12,3,1,1,2,2,0
19994,8,4,9,4,1,3,1,1,2,2,0
19995,7,4,15,2,13,0,1,1,2,2,0
19996,5,4,11,4,1,1,1,1,2,2,0
19997,7,4,11,2,3,0,1,1,2,2,1
19998,8,4,1,2,3,0,1,1,2,2,0
19999,7,6,11,2,4,0,1,1,3,2,1
20000,12,4,1,2,8,0,1,1,2,2,0
20001,3,7,15,4,4,4,1,0,2,2,0
20002,7,4,9,0,4,1,1,1,2,2,0
20003,8,4,1,0,8,1,1,0,2,2,0
20004,4,4,9,4,10,3,1,0,3,2,0
20005,4,2,3,6,12,1,1,0,1,2,0
20006,5,4,1,2,12,0,1,1,2,2,0
20007,9,4,15,2,12,0,0,1,1,0,1
20008,10,4,9,0,7,2,1,1,2,2,0
20009,13,4,15,6,10,4,1,0,2,2,0
20010,6,4,11,2,12,0,1,1,2,2,1
20011,6,1,15,4,12,4,1,0,2,2,0
20012,3,4,15,4,3,1,1,0,2,2,0
20013,8,4,11,4,8,2,1,0,1,2,0
20014,5,4,9,2,10,0,1,1,2,4,1
20015,12,4,15,4,1,2,1,0,1,2,0
20016,8,6,11,0,4,4,1,1,2,2,0
20017,10,4,11,2,6,0,1,1,2,2,0
20018,4,4,11,4,7,3,1,0,2,2,0
20019,3,2,9,4,4,2,1,0,3,2,0
20020,10,4,11,2,8,0,1,1,1,2,1
20021,7,4,1,0,14,4,1,1,1,2,0
20022,10,6,10,0,10,4,1,0,2,2,0
20023,3,4,11,4,6,1,1,0,2,2,0
20024,6,4,12,2,4,0,0,1,2,2,0
20025,4,4,0,4,3,1,1,1,2,2,0
20026,9,6,9,0,13,1,1,1,2,2,0
20027,8,4,11,0,12,4,1,1,4,2,0
20028,9,4,14,2,10,5,1,0,2,2,0
20029,17,4,11,6,8,4,0,0,2,2,0
20030,10,4,15,2,13,0,1,1,2,2,0
20031,8,0,9,4,0,1,1,0,2,2,0
20032,8,4,11,2,4,0,1,1,2,1,0
20033,8,4,11,2,6,0,0,1,2,2,0
20034,12,4,15,0,1,4,1,0,2,2,0
20035,5,2,11,4,1,1,1,0,1,2,0
20036,10,4,15,2,7,0,1,1,2,2,1
20037,10,4,6,4,5,4,1,0,1,2,1
20038,5,4,8,4,3,1,1,1,2,2,0
20039,5,4,15,4,8,1,1,0,2,2,0
20040,6,4,11,1,12,0,1,1,2,2,0
20041,11,4,15,2,10,0,1,1,3,2,1
20042,5,4,11,4,3,4,1,0,2,2,1
20043,4,6,12,4,12,2,1,1,2,2,0
20044,5,4,0,2,13,0,1,1,2,2,0
20045,8,4,9,2,10,0,1,1,2,2,1
20046,6,4,11,2,5,0,1,1,2,2,0
20047,9,4,8,2,3,0,1,1,2,2,1
20048,8,4,9,4,8,1,1,0,2,2,0
20049,4,4,7,4,1,1,1,0,2,2,1
20050,7,4,8,2,1,5,1,0,1,2,1
20051,15,7,11,6,1,4,1,0,1,2,0
20052,12,4,11,2,14,0,1,1,2,2,0
20053,6,4,11,0,7,1,1,1,2,2,0
20054,7,6,6,5,3,4,1,0,2,2,0
20055,6,4,1,2,5,0,1,1,3,2,0
20056,12,0,15,2,0,5,0,0,1,2,0
20057,5,4,11,4,8,1,1,1,2,2,0
20058,5,4,15,2,4,0,0,1,2,2,1
20059,9,6,3,0,8,1,1,0,1,2,0
20060,13,4,11,5,1,4,1,0,2,2,0
20061,7,4,15,6,8,4,1,0,1,2,0
20062,11,1,11,2,4,0,1,1,2,2,1
20063,11,4,9,2,12,5,1,0,1,2,1
20064,7,4,9,2,10,0,1,1,2,2,1
20065,5,4,15,4,7,3,1,1,2,2,0
20066,9,4,11,0,13,4,0,0,2,2,0
20067,4,4,9,4,10,4,1,0,2,2,0
20068,6,4,9,3,1,5,1,0,1,2,0
20069,9,4,11,5,1,0,1,1,2,2,0
20070,7,7,15,5,1,4,1,0,2,2,0
20071,7,0,9,2,0,2,1,0,2,2,0
20072,8,0,15,0,0,4,1,0,2,2,0
20073,10,7,5,2,11,0,1,1,1,2,0
20074,5,4,1,4,3,1,1,1,2,2,0
20075,3,4,15,4,12,1,1,0,3,2,0
20076,15,4,3,2,8,0,1,1,2,2,1
20077,4,4,9,2,12,0,1,1,3,2,1
20078,4,4,11,4,3,3,1,1,2,2,0
20079,8,4,12,2,10,0,0,1,2,2,0
20080,6,4,7,4,12,1,1,0,1,2,0
20081,6,7,10,0,10,1,1,0,2,2,0
20082,4,2,15,4,10,3,1,0,2,2,0
20083,7,4,11,2,1,0,1,1,1,2,0
20084,6,1,12,2,12,0,1,1,2,1,1
20085,9,4,11,0,1,1,1,0,2,2,1
20086,5,7,15,2,11,0,1,1,2,1,1
20087,4,4,11,4,8,1,1,1,2,2,0
20088,6,6,6,4,5,1,1,1,3,2,0
20089,4,4,9,4,13,1,1,0,2,2,0
20090,8,4,15,0,12,1,1,1,4,2,1
20091,6,6,1,1,8,5,1,0,2,2,0
20092,10,4,11,2,6,0,1,1,3,2,0
20093,8,4,15,2,1,0,0,1,0,2,0
20094,7,7,15,2,1,2,1,0,2,2,1
20095,7,1,10,2,10,0,1,1,0,0,1
20096,10,4,12,2,4,0,1,1,2,2,1
20097,9,4,11,0,3,1,1,0,2,2,0
20098,10,4,11,0,8,4,1,0,1,2,0
20099,7,1,9,6,4,1,1,1,2,2,0
20100,7,4,0,2,8,0,1,1,1,2,1
20101,5,4,15,2,12,0,1,1,2,2,1
20102,12,4,10,2,10,0,0,1,2,2,1
20103,8,4,11,0,1,1,1,0,1,0,0
20104,10,5,9,2,12,0,1,1,2,2,0
20105,11,4,15,2,4,0,1,1,2,2,0
20106,6,4,9,0,8,1,1,0,2,2,0
20107,3,2,5,4,11,3,1,0,2,2,0
20108,3,4,12,4,10,1,1,0,1,2,0
20109,11,4,11,0,1,1,1,1,2,2,0
20110,8,2,10,0,10,1,1,0,3,2,0
20111,4,4,9,4,11,1,1,1,2,2,0
20112,9,4,9,0,10,1,1,1,1,2,1
20113,8,4,11,4,3,2,1,1,2,2,0
20114,10,4,11,2,8,5,1,0,2,2,0
20115,6,4,4,2,8,0,0,1,2,2,1
20116,10,4,9,2,12,0,1,1,2,2,1
20117,8,7,9,2,8,0,1,1,2,2,0
20118,3,4,11,4,1,3,1,1,4,2,1
20119,5,4,11,2,12,0,1,1,2,2,0
20120,6,5,15,2,1,0,1,1,0,2,1
20121,13,4,15,0,1,4,1,0,2,2,0
20122,8,4,9,4,4,1,1,1,2,2,0
20123,7,4,10,2,10,0,1,1,2,2,1
20124,12,6,15,2,10,0,1,1,1,2,1
20125,6,4,15,2,1,0,1,1,2,2,1
20126,7,0,5,2,0,0,1,1,0,2,0
20127,8,4,15,4,7,1,1,1,2,2,0
20128,4,2,9,4,10,3,1,0,1,2,0
20129,4,4,15,4,3,3,1,1,2,2,0
20130,4,6,11,5,12,1,1,1,1,2,0
20131,12,0,5,2,0,0,0,1,0,2,0
20132,4,4,10,4,10,4,1,0,0,2,1
20133,8,6,8,0,13,1,1,1,2,2,0
20134,6,6,7,2,4,0,1,1,2,2,0
20135,8,4,11,2,12,0,1,1,2,2,0
20136,7,4,8,2,3,1,1,1,1,2,1
20137,6,4,11,4,1,3,1,0,2,2,0
20138,7,4,11,2,3,0,1,1,3,2,1
20139,4,4,15,4,10,3,1,1,2,2,0
20140,8,4,11,2,3,0,1,1,1,2,0
20141,11,4,15,2,5,0,1,1,1,2,0
20142,4,4,8,4,11,1,1,0,2,2,0
20143,4,4,5,5,3,1,1,1,2,2,0
20144,6,4,7,4,12,3,1,1,4,2,0
20145,17,2,15,6,9,1,0,0,2,2,0
20146,9,4,9,2,1,5,1,0,1,2,0
20147,9,4,11,0,10,4,1,0,2,0,0
20148,6,4,5,4,3,3,1,1,1,2,0
20149,9,4,9,2,8,5,1,0,2,2,1
20150,9,7,9,0,10,1,1,0,1,2,1
20151,6,2,15,1,1,4,1,0,2,2,0
20152,7,6,12,5,10,4,1,0,1,2,0
20153,6,4,8,2,7,0,1,1,2,2,0
20154,6,6,11,2,3,0,1,1,2,2,0
20155,5,4,11,4,12,1,1,0,2,2,1
20156,9,6,12,2,5,0,1,1,1,0,0
20157,12,2,9,5,4,1,1,1,2,2,0
20158,3,6,6,4,5,3,1,1,2,2,0
20159,6,5,9,4,4,3,1,0,2,2,0
20160,5,4,15,2,6,0,1,1,3,2,0
20161,9,4,0,5,13,3,1,0,2,2,0
20162,6,4,11,2,7,0,1,1,2,2,0
20163,10,4,11,2,1,5,1,0,2,2,1
20164,4,4,8,4,3,3,1,0,2,2,0
20165,8,4,11,2,12,0,1,1,2,2,1
20166,5,4,11,4,12,3,0,0,1,2,0
20167,3,7,9,4,1,1,0,0,2,2,0
20168,4,6,12,4,4,4,1,0,2,2,1
20169,5,4,11,4,3,1,1,1,1,2,0
20170,4,6,11,4,3,1,1,1,2,2,1
20171,4,4,9,4,10,3,1,1,2,2,0
20172,12,2,9,4,4,3,1,1,2,2,0
20173,7,4,11,2,12,0,1,1,2,2,0
20174,4,4,9,4,10,3,1,0,2,2,0
20175,5,4,11,2,3,0,1,1,3,2,0
20176,6,4,9,2,4,0,1,1,2,2,0
20177,10,4,11,2,3,0,1,1,2,2,0
20178,3,4,1,4,5,1,1,1,2,2,0
20179,8,6,15,4,1,1,0,1,2,2,0
20180,7,6,1,6,3,1,1,1,2,2,0
20181,11,4,11,2,14,0,1,1,2,2,0
20182,3,4,9,4,13,2,1,0,2,2,0
20183,10,4,1,2,14,0,1,1,2,2,1
20184,3,0,11,4,0,1,0,0,2,2,0
20185,10,7,12,2,10,5,1,0,3,2,1
20186,9,6,9,4,12,3,1,0,2,2,0
20187,3,4,9,4,10,1,1,1,2,2,0
20188,4,6,9,4,12,3,0,1,2,2,0
20189,13,4,8,5,1,4,1,0,2,2,0
20190,8,4,15,0,8,1,1,1,2,2,0
20191,10,4,12,0,10,4,1,0,2,3,0
20192,10,4,15,2,12,0,1,1,1,2,0
20193,3,4,9,4,4,3,1,1,2,2,0
20194,8,4,15,2,10,0,1,1,2,2,0
20195,4,5,15,2,1,0,0,1,2,2,0
20196,3,7,15,4,1,1,1,0,4,2,0
20197,6,4,11,2,4,0,0,1,2,1,0
20198,8,4,15,2,3,0,0,1,2,0,1
20199,8,4,12,2,10,0,0,1,2,0,0
20200,10,7,15,0,1,1,1,1,0,2,0
20201,4,4,15,4,1,3,0,0,2,2,0
20202,3,1,0,4,14,3,0,1,2,0,0
20203,5,4,11,4,14,3,1,1,2,0,0
20204,4,7,9,4,1,3,0,0,2,2,0
20205,5,6,9,4,12,1,1,1,2,2,0
20206,4,4,8,4,11,3,1,1,2,2,0
20207,10,4,11,0,8,4,1,0,0,2,0
20208,7,4,11,2,8,0,1,1,2,2,0
20209,15,2,11,6,12,1,1,0,2,2,0
20210,5,4,1,2,3,0,1,1,2,2,0
20211,9,4,15,0,8,1,1,0,2,2,0
20212,5,4,11,2,4,0,1,1,4,2,0
20213,15,1,7,2,10,0,1,1,0,2,1
20214,11,4,11,2,3,0,1,1,2,2,0
20215,7,4,11,2,7,0,1,1,2,2,0
20216,6,2,9,4,11,3,1,0,2,2,0
20217,8,4,11,2,10,0,1,1,2,2,0
20218,3,4,9,4,4,1,1,1,1,4,1
20219,11,6,15,2,8,0,1,1,0,2,1
20220,6,4,1,2,8,0,1,1,2,2,0
20221,7,4,11,2,5,0,1,1,3,0,0
20222,4,4,11,2,14,0,1,1,2,2,0
20223,10,4,9,2,4,0,1,1,2,2,0
20224,9,4,9,0,12,1,1,0,2,2,0
20225,7,4,15,2,8,1,1,1,2,2,1
20226,5,4,11,6,8,4,1,0,2,2,0
20227,9,4,11,0,1,4,1,0,2,2,0
20228,9,7,9,0,8,1,1,0,0,2,1
20229,9,8,11,2,8,0,1,1,2,0,1
20230,7,4,15,2,12,0,1,1,2,2,0
20231,8,7,11,5,10,4,1,0,1,2,0
20232,10,4,15,2,1,5,1,0,2,2,1
20233,7,4,15,3,4,5,1,0,1,2,0
20234,12,6,11,2,4,0,1,1,2,2,0
20235,4,4,12,4,5,1,1,1,2,2,0
20236,5,4,8,2,6,0,0,1,2,2,0
20237,12,2,11,5,4,4,1,1,2,2,0
20238,5,4,15,4,1,1,1,0,1,2,0
20239,6,4,11,2,8,0,1,1,2,2,1
20240,4,4,11,4,6,3,1,1,2,2,0
20241,4,4,15,4,7,3,1,0,2,2,1
20242,3,1,11,4,14,3,1,0,1,3,0
20243,8,1,11,2,14,0,1,1,2,2,0
20244,6,4,15,4,13,4,1,0,2,2,0
20245,8,6,11,2,3,0,1,1,2,2,1
20246,6,7,9,2,8,0,1,1,2,2,0
20247,15,4,12,0,12,1,1,0,2,2,0
20248,3,4,15,4,14,3,1,1,2,2,0
20249,7,4,8,4,4,3,0,0,1,2,0
20250,6,0,1,4,0,3,1,0,2,1,1
20251,4,7,15,4,1,3,1,1,2,2,0
20252,9,4,9,2,4,0,0,1,2,0,1
20253,11,4,11,2,5,0,1,1,2,2,0
20254,6,1,14,1,10,0,1,1,1,2,0
20255,8,6,9,2,10,0,1,1,1,2,1
20256,11,7,11,0,1,1,1,0,2,2,0
20257,9,6,15,2,5,0,1,1,2,2,0
20258,4,5,15,4,4,1,1,0,2,2,1
20259,4,4,11,4,8,3,0,1,2,2,0
20260,3,4,5,4,3,1,1,1,2,2,0
20261,15,4,9,0,8,4,1,0,0,2,0
20262,9,4,1,4,12,1,1,1,2,2,0
20263,6,4,15,4,13,3,1,0,2,2,0
20264,5,4,9,4,4,3,1,0,2,2,0
20265,12,0,11,2,0,5,1,0,2,2,1
20266,7,5,12,2,4,0,1,1,2,2,0
20267,6,2,8,2,10,0,1,1,2,1,0
20268,8,4,1,2,14,0,1,1,2,2,1
20269,5,4,15,2,7,0,1,1,2,2,0
20270,8,4,11,2,1,0,1,1,2,0,0
20271,4,4,14,2,14,0,0,1,2,2,1
20272,4,4,11,4,8,1,1,0,2,2,1
20273,5,4,11,4,6,3,1,1,2,2,0
20274,9,4,11,0,7,4,0,0,2,0,0
20275,7,2,15,2,1,0,1,1,1,2,0
20276,10,4,14,0,10,4,1,1,1,2,0
20277,9,6,9,0,4,3,1,1,2,2,0
20278,3,6,1,4,3,3,1,1,2,2,0
20279,10,1,9,2,10,0,0,1,3,2,0
20280,13,2,12,2,6,0,1,1,2,2,1
20281,8,4,11,0,3,1,1,1,2,2,0
20282,6,4,9,4,10,4,0,1,2,2,0
20283,6,4,0,2,7,0,1,1,2,4,1
20284,5,4,11,4,8,1,1,1,1,2,0
20285,6,4,15,0,12,4,1,0,2,2,0
20286,3,4,5,4,3,1,0,1,2,2,0
20287,5,4,15,6,10,1,1,1,2,2,0
20288,5,4,0,4,7,3,1,1,2,2,0
20289,11,4,11,2,7,0,1,1,2,2,0
20290,3,4,11,4,8,4,0,0,2,2,0
20291,9,4,1,2,8,0,0,1,2,2,1
20292,7,4,15,0,1,1,1,0,2,2,0
20293,12,4,11,2,12,0,1,1,2,2,1
20294,4,4,15,4,1,1,1,0,4,2,0
20295,6,4,11,2,4,0,1,1,2,2,0
20296,5,7,14,4,10,3,1,0,1,2,0
20297,11,4,11,2,12,0,1,1,2,2,0
20298,5,4,12,2,6,0,0,1,2,2,1
20299,7,4,11,2,7,0,1,1,2,2,0
20300,3,4,11,4,1,3,1,1,2,2,0
20301,4,6,9,4,12,1,1,0,2,2,0
20302,7,4,15,5,6,4,1,0,3,2,0
20303,7,4,11,2,14,0,1,1,2,2,0
20304,7,4,11,6,12,1,1,0,2,2,0
20305,12,4,15,2,12,0,1,1,3,2,1
20306,4,4,11,4,1,3,1,0,2,2,0
20307,6,4,6,2,5,0,1,1,2,2,1
20308,9,6,15,0,4,3,1,1,3,2,0
20309,7,4,11,2,7,0,1,1,2,2,0
20310,5,2,12,4,10,1,1,1,2,2,0
20311,10,4,15,2,6,0,1,1,2,2,1
20312,8,4,11,4,6,3,1,1,2,2,0
20313,5,4,11,4,3,1,1,1,2,2,0
20314,7,7,7,2,4,0,1,1,2,2,0
20315,8,4,11,2,1,0,0,1,2,2,0
20316,8,4,7,5,11,1,0,1,1,2,0
20317,10,6,0,2,8,0,0,1,0,2,1
20318,6,4,8,2,10,0,1,1,2,2,1
20319,4,4,9,4,13,1,1,1,0,2,0
20320,7,4,15,4,8,3,1,0,2,2,0
20321,7,6,9,2,10,0,1,1,2,0,0
20322,7,4,15,4,12,3,1,1,1,1,0
20323,4,4,11,4,7,1,0,1,2,2,0
20324,7,4,0,2,3,0,1,1,2,2,0
20325,7,4,9,2,10,0,1,1,2,2,0
20326,5,7,5,4,10,3,1,0,2,2,0
20327,9,4,9,0,11,1,1,1,2,2,0
20328,6,1,11,4,4,1,1,1,2,2,0
20329,4,4,11,4,7,1,1,1,2,2,0
20330,9,4,15,2,3,0,1,1,2,0,1
20331,12,0,9,2,6,0,1,1,2,2,1
20332,7,4,8,2,3,0,1,1,2,2,0
20333,9,7,11,0,1,4,1,0,2,2,0
20334,9,4,11,2,7,0,0,1,2,2,0
20335,8,4,9,0,10,1,0,0,0,2,0
20336,6,7,15,2,1,5,1,0,1,2,0
20337,7,2,9,0,10,1,1,0,1,2,0
20338,13,4,8,2,12,0,1,1,2,2,0
20339,5,4,11,2,3,0,1,1,2,1,0
20340,3,4,11,4,3,1,1,1,2,2,0
20341,8,4,15,4,1,4,1,0,1,2,0
20342,6,4,9,2,4,0,1,1,2,2,1
20343,3,4,11,4,14,3,1,1,2,2,0
20344,7,4,9,4,8,1,1,0,2,2,0
20345,8,4,11,2,1,0,1,1,2,2,1
20346,10,6,5,2,3,0,1,1,2,2,0
20347,6,4,15,4,14,3,1,1,2,2,0
20348,8,5,11,5,3,1,1,1,2,2,0
20349,4,4,15,4,1,3,1,0,2,2,0
20350,3,4,9,4,8,3,1,1,1,2,0
20351,7,5,6,2,5,0,1,1,2,2,1
20352,4,4,15,4,1,3,1,1,2,2,0
20353,8,4,11,0,8,4,0,0,2,2,0
20354,11,4,9,2,12,0,1,1,4,2,1
20355,9,4,15,2,4,1,1,1,2,2,1
20356,5,4,8,4,3,3,1,1,2,2,0
20357,12,4,3,2,14,0,1,1,2,2,1
20358,10,4,15,2,12,0,1,1,1,2,1
20359,7,4,6,5,10,1,1,1,2,2,0
20360,8,4,11,2,1,0,0,1,0,2,0
20361,5,4,9,2,10,0,1,1,2,2,1
20362,8,4,9,2,4,0,1,1,2,2,1
20363,4,6,1,4,3,3,1,1,2,3,0
20364,6,4,9,4,4,4,1,0,2,2,0
20365,11,4,8,2,3,0,1,1,1,2,1
20366,9,4,11,4,6,1,1,1,1,2,0
20367,4,6,11,4,3,1,1,1,2,2,0
20368,4,0,11,4,0,1,1,0,0,2,0
20369,11,4,11,6,8,4,1,0,2,2,0
20370,6,6,15,4,10,1,1,1,3,2,0
20371,10,4,11,2,6,0,1,1,2,2,1
20372,10,4,11,2,14,0,1,1,2,2,0
20373,9,4,11,0,3,1,1,1,2,2,0
20374,4,2,0,4,9,1,1,0,1,2,0
20375,6,4,15,4,13,3,1,0,2,2,1
20376,10,4,9,2,12,0,1,1,2,2,1
20377,11,6,9,2,12,0,0,1,2,2,0
20378,12,4,11,5,13,4,1,0,2,2,0
20379,6,4,9,4,4,3,1,0,2,2,0
20380,9,5,11,2,5,5,1,0,2,2,1
20381,5,4,1,4,12,3,0,0,2,2,0
20382,9,4,11,2,1,0,0,1,2,2,1
20383,7,4,11,4,1,1,0,0,2,2,0
20384,8,4,9,2,10,0,1,1,2,2,1
20385,5,4,9,4,13,4,1,0,2,2,0
20386,8,6,6,2,5,4,1,0,1,2,1
20387,7,7,4,0,8,1,1,0,1,2,0
20388,10,4,11,2,1,5,1,0,2,3,1
20389,7,6,15,4,10,1,1,0,2,2,0
20390,8,7,12,2,10,0,1,1,2,2,1
20391,6,4,11,4,8,3,1,1,1,2,0
20392,7,6,11,0,5,1,1,1,3,2,1
20393,4,4,9,4,10,1,1,1,2,2,0
20394,9,0,1,2,0,0,1,1,2,2,1
20395,4,6,6,4,5,1,1,1,2,2,0
20396,6,4,12,2,14,0,1,1,2,2,1
20397,7,4,11,0,8,4,0,0,2,2,0
20398,5,4,11,4,8,4,1,0,0,2,0
20399,8,4,0,2,8,0,1,1,2,2,1
20400,9,4,9,2,12,0,1,1,2,2,1
20401,6,4,11,4,1,1,1,0,2,1,0
20402,7,7,11,4,1,3,1,1,2,2,0
20403,4,4,11,4,8,1,0,0,2,2,0
20404,11,1,15,2,4,0,1,1,2,2,1
20405,3,4,15,4,14,1,1,1,2,2,1
20406,3,4,11,4,12,1,1,1,3,2,1
20407,9,4,11,2,10,2,1,0,2,2,0
20408,12,4,8,2,3,0,1,1,2,2,1
20409,6,4,9,4,12,3,1,1,2,2,1
20410,7,4,11,2,6,0,1,1,2,2,0
20411,9,4,9,2,10,0,1,1,2,2,0
20412,8,4,11,2,11,0,1,1,2,2,1
20413,10,4,2,2,13,0,1,1,2,2,0
20414,8,4,9,0,8,1,0,0,2,2,0
20415,7,5,6,2,5,0,1,1,2,2,0
20416,5,4,12,4,12,1,1,1,0,2,0
20417,4,1,11,4,1,1,1,1,1,2,0
20418,7,6,11,0,1,4,1,0,2,2,0
20419,4,4,15,4,12,1,1,1,1,2,0
20420,13,4,9,5,4,1,1,0,2,2,0
20421,3,2,15,4,10,3,1,1,2,2,0
20422,12,7,12,6,9,4,1,0,1,2,0
20423,4,4,11,4,8,3,1,0,2,2,0
20424,7,4,11,0,14,1,1,0,2,2,0
20425,9,4,11,2,7,5,1,0,2,2,1
20426,12,7,15,2,11,0,1,1,2,2,1
20427,5,7,11,4,11,1,1,1,2,2,0
20428,7,7,11,0,8,1,0,0,1,2,0
20429,6,6,9,2,4,0,1,1,3,2,1
20430,3,4,8,4,3,2,1,1,2,2,0
20431,9,4,9,4,11,3,0,1,2,2,0
20432,8,4,15,2,5,0,1,1,2,2,1
20433,7,4,8,0,13,4,1,1,2,2,0
20434,7,4,8,0,10,4,1,1,2,2,0
20435,4,4,15,4,1,3,1,1,2,2,0
20436,5,4,11,4,4,1,1,1,2,2,0
20437,14,4,9,0,10,1,1,1,2,2,0
20438,9,4,8,2,3,0,1,1,2,2,1
20439,4,4,15,4,12,3,1,0,1,2,0
20440,9,4,5,2,3,0,1,1,2,2,0
20441,9,4,0,2,3,0,0,1,2,2,0
20442,6,8,15,2,13,5,1,0,1,2,0
20443,3,1,11,4,1,3,1,0,4,2,0
20444,8,4,15,0,7,1,1,1,2,2,0
20445,4,4,8,4,3,3,1,1,3,2,0
20446,7,4,14,4,10,3,1,1,0,2,0
20447,8,1,9,0,10,4,1,0,2,2,0
20448,6,5,1,4,0,3,1,0,2,2,0
20449,4,4,11,4,8,1,1,0,2,2,0
20450,7,4,9,0,10,4,1,0,2,2,0
20451,9,4,8,2,13,0,1,1,2,2,1
20452,12,4,13,2,8,5,1,0,1,2,1
20453,7,4,3,2,8,0,0,1,0,2,0
20454,8,4,11,2,3,0,1,1,2,2,1
20455,7,4,11,6,3,1,1,1,2,2,0
20456,11,7,9,2,1,0,0,1,0,2,0
20457,13,4,11,0,8,1,0,1,1,2,0
20458,6,4,15,2,14,0,0,1,2,2,0
20459,4,4,15,4,12,3,0,0,2,2,0
20460,11,4,11,2,3,0,1,1,2,2,0
20461,6,4,9,4,12,3,1,1,2,2,0
20462,8,4,15,2,13,0,1,1,0,2,0
20463,6,4,9,2,10,0,1,1,2,2,0
20464,9,4,11,2,14,0,1,1,1,2,1
20465,7,4,9,2,6,0,1,1,2,2,1
20466,6,4,9,2,4,0,1,1,3,2,0
20467,6,4,15,0,8,4,1,0,1,2,0
20468,5,4,11,4,1,3,1,1,2,2,0
20469,4,4,7,4,14,1,1,0,2,2,0
20470,10,6,11,2,12,0,1,1,2,2,0
20471,8,6,9,4,1,1,1,0,2,2,0
20472,5,2,12,2,10,0,1,1,1,2,0
20473,6,4,5,1,3,1,0,1,2,2,1
20474,8,4,11,2,12,5,1,0,2,2,0
20475,8,4,11,0,14,1,1,1,1,0,0
20476,4,4,15,4,12,1,1,0,1,2,0
20477,8,2,14,4,10,1,1,1,2,2,0
20478,7,4,11,2,3,0,0,1,2,2,0
20479,7,4,9,2,10,0,1,1,3,2,1
20480,8,0,7,2,12,0,1,1,2,2,0
20481,7,4,9,2,4,0,1,1,2,2,0
20482,13,2,9,2,10,0,1,1,2,2,0
20483,9,4,6,2,5,0,1,1,3,0,1
20484,6,4,15,4,8,3,0,0,1,1,0
20485,5,4,11,4,1,3,1,0,2,2,0
20486,4,4,9,4,4,1,1,1,2,2,0
20487,4,4,1,5,7,4,1,1,2,1,0
20488,5,6,7,4,12,3,0,0,2,2,0
20489,4,6,15,4,8,3,1,0,1,2,1
20490,7,4,15,2,12,0,1,1,2,2,1
20491,7,2,8,2,4,0,1,1,2,2,1
20492,10,4,1,2,2,0,0,1,1,2,1
20493,18,6,1,2,5,0,0,1,3,2,0
20494,9,2,9,2,11,0,1,1,2,2,0
20495,10,4,11,2,3,0,1,1,3,2,1
20496,9,4,9,2,4,0,1,1,2,2,0
20497,7,4,11,6,3,1,1,1,1,2,0
20498,6,7,11,4,1,3,1,0,2,4,1
20499,5,4,11,4,14,1,1,1,3,2,0
20500,5,4,9,2,6,0,1,1,2,2,1
20501,7,1,9,0,10,1,1,1,0,2,0
20502,5,4,7,2,11,0,1,1,2,1,0
20503,7,4,15,2,4,0,1,1,2,2,1
20504,3,4,15,4,1,4,1,0,2,2,0
20505,10,4,15,2,7,0,1,1,4,2,0
20506,4,4,11,2,3,0,1,1,1,2,0
20507,4,4,15,4,1,1,0,0,2,2,0
20508,11,4,1,2,7,1,1,1,4,2,0
20509,8,2,9,5,11,4,1,0,1,2,0
20510,3,7,9,4,10,3,1,0,2,2,0
20511,17,4,11,6,8,3,1,0,2,2,0
20512,8,4,9,0,10,1,1,0,2,2,0
20513,6,6,11,2,3,2,1,0,2,2,1
20514,12,4,1,2,5,0,1,1,1,2,1
20515,8,4,15,5,10,1,1,1,2,2,0
20516,5,4,11,4,1,1,1,0,1,2,0
20517,11,5,12,2,4,0,1,1,1,2,0
20518,9,6,11,0,4,1,1,0,3,2,0
20519,8,2,5,2,11,0,1,1,2,2,0
20520,12,4,11,2,5,0,1,1,2,2,1
20521,8,2,11,2,5,0,1,1,1,2,0
20522,4,4,11,2,12,0,1,1,1,2,1
20523,3,4,11,4,6,3,1,1,2,2,0
20524,8,0,10,2,0,0,1,1,1,0,0
20525,9,4,11,4,1,1,1,0,2,2,0
20526,4,4,15,4,7,4,1,0,2,2,0
20527,5,2,11,0,1,4,1,0,4,2,0
20528,8,1,9,2,4,0,1,1,2,2,1
20529,5,4,8,4,3,1,1,1,2,2,0
20530,7,4,9,2,4,0,1,1,2,2,1
20531,17,4,11,0,6,3,1,1,2,2,0
20532,10,4,0,2,7,0,1,1,2,2,0
20533,7,4,11,2,3,0,0,1,2,2,0
20534,4,4,11,4,6,3,1,1,2,2,0
20535,7,4,1,2,2,0,0,1,1,2,0
20536,5,4,15,4,12,3,1,1,2,2,0
20537,8,6,11,0,4,4,1,1,2,2,0
20538,4,6,9,4,4,1,1,0,2,1,0
20539,9,4,15,0,13,4,0,1,2,2,0
20540,7,4,11,2,8,0,1,1,2,2,0
20541,7,4,6,0,3,1,1,1,2,2,0
20542,9,5,6,2,3,0,1,1,2,2,0
20543,3,6,12,4,12,3,1,0,1,2,0
20544,10,4,11,4,12,3,1,1,2,2,0
20545,7,4,11,2,1,5,1,0,2,2,0
20546,8,7,15,2,8,0,0,1,1,2,1
20547,9,4,15,2,8,0,1,1,1,2,1
20548,6,2,15,2,10,5,1,0,2,2,0
20549,4,4,0,4,7,1,1,0,2,2,0
20550,4,4,5,4,3,1,0,1,2,2,0
20551,4,4,9,4,1,4,0,0,2,2,1
20552,6,4,5,4,3,1,1,1,2,2,0
20553,5,4,12,2,10,0,1,1,1,2,0
20554,5,0,10,2,0,0,1,1,2,2,0
20555,12,4,11,2,5,0,1,1,1,2,1
20556,10,4,15,0,10,1,1,1,1,2,0
20557,8,4,9,1,12,0,1,1,1,2,1
20558,6,4,5,4,3,1,1,1,2,2,0
20559,13,4,12,5,4,3,1,0,2,2,0
20560,10,6,15,2,5,0,1,1,3,3,0
20561,12,5,9,2,4,0,1,1,2,2,1
20562,6,2,11,4,1,2,0,0,2,2,0
20563,11,0,1,2,0,0,1,1,2,2,1
20564,6,4,11,0,4,4,1,1,2,2,0
20565,9,2,12,2,9,5,1,0,1,2,1
20566,5,4,15,2,3,0,1,1,2,2,1
20567,6,4,11,2,8,0,1,1,1,2,0
20568,9,4,15,2,12,0,1,1,2,2,1
20569,9,4,9,2,10,0,1,1,2,2,0
20570,4,4,11,4,7,3,1,1,0,2,0
20571,7,4,9,4,4,2,1,0,2,2,0
20572,6,1,12,2,10,0,1,1,2,2,1
20573,6,6,9,2,12,0,1,1,2,2,1
20574,5,4,9,4,8,1,1,0,1,2,0
20575,3,4,11,4,11,3,1,0,2,2,0
20576,5,2,11,2,6,0,1,1,2,2,0
20577,10,7,7,2,1,3,0,0,1,2,1
20578,6,0,11,2,0,0,1,1,2,2,1
20579,7,2,11,2,3,0,1,1,2,2,0
20580,9,4,7,0,7,1,0,0,2,1,0
20581,5,6,15,2,5,0,1,1,2,2,0
20582,9,4,11,2,1,2,0,0,2,2,0
20583,12,4,0,2,7,0,1,1,2,2,0
20584,7,0,15,0,0,1,0,1,1,2,1
20585,5,4,14,4,10,3,1,0,0,2,0
20586,4,4,9,4,10,1,1,0,2,2,0
20587,7,6,9,2,10,5,1,0,2,2,0
20588,9,6,11,2,1,3,0,0,2,2,1
20589,8,4,8,2,13,0,1,1,0,2,0
20590,9,2,9,2,4,0,0,1,2,2,1
20591,7,0,7,2,0,0,1,1,0,2,0
20592,6,4,15,2,1,0,1,1,2,0,1
20593,11,4,1,2,7,0,1,1,2,2,0
20594,5,4,7,2,4,0,1,1,2,2,1
20595,8,4,9,0,12,4,1,0,2,2,0
20596,12,4,11,2,3,0,1,1,2,2,0
20597,6,6,12,2,4,0,1,1,2,2,0
20598,11,5,15,4,5,3,1,1,1,2,0
20599,7,4,6,4,8,3,1,1,2,2,0
20600,7,4,11,0,1,4,1,0,2,2,0
20601,8,4,15,2,6,0,1,1,2,2,1
20602,4,1,11,4,14,1,1,1,2,2,0
20603,5,2,9,4,10,2,1,1,1,2,0
20604,5,2,15,4,10,2,1,1,2,2,0
20605,3,6,11,4,8,3,1,0,1,2,0
20606,11,4,8,2,6,0,1,1,2,2,0
20607,4,4,8,4,10,3,1,0,2,2,0
20608,7,2,12,2,10,4,1,0,2,2,0
20609,4,1,9,6,10,3,1,1,2,2,0
20610,5,6,9,4,1,1,1,0,2,2,0
20611,4,4,15,4,13,1,1,1,1,2,0
20612,10,4,9,2,12,5,0,0,1,2,1
20613,7,4,11,2,8,0,1,1,1,2,0
20614,10,4,7,2,4,0,1,1,4,2,1
20615,11,4,7,2,14,0,1,1,2,2,0
20616,7,4,9,2,8,0,0,1,1,2,1
20617,9,4,7,2,12,0,1,1,2,2,1
20618,4,4,15,4,8,3,1,0,2,2,0
20619,6,2,11,0,6,1,1,1,3,2,1
20620,4,4,11,4,6,3,1,1,2,2,0
20621,5,4,9,2,12,0,1,1,2,2,1
20622,5,4,11,4,8,3,1,0,1,2,0
20623,9,4,11,2,7,0,0,1,2,2,1
20624,4,4,11,5,4,1,1,1,2,2,0
20625,7,4,1,4,3,3,1,1,2,2,0
20626,4,4,11,0,1,1,1,1,2,2,0
20627,10,4,11,2,7,0,1,1,2,2,0
20628,5,4,11,4,13,3,1,1,2,2,0
20629,5,4,11,2,3,0,1,1,3,2,1
20630,3,4,11,4,14,3,0,1,3,2,0
20631,9,2,0,2,6,0,1,1,1,0,1
20632,4,4,11,4,14,1,1,1,2,2,0
20633,9,1,11,2,4,0,1,1,4,0,0
20634,6,4,11,2,3,0,1,1,2,2,1
20635,6,4,11,4,4,1,1,0,1,2,0
20636,9,4,1,2,3,0,1,1,2,2,1
20637,6,4,9,4,10,1,1,1,2,2,0
20638,14,4,10,0,10,4,1,1,1,2,0
20639,6,4,1,2,12,0,1,1,2,2,0
20640,6,4,11,2,3,0,1,1,2,2,0
20641,6,4,15,2,5,0,1,1,2,2,1
20642,10,4,10,4,10,3,1,1,3,2,0
20643,8,4,6,2,5,0,1,1,2,2,0
20644,4,4,12,4,4,1,0,1,2,2,0
20645,8,4,11,0,6,3,1,1,2,2,0
20646,10,4,15,4,6,1,1,1,2,2,0
20647,7,6,11,2,1,5,1,0,2,2,1
20648,13,1,11,6,3,1,1,1,1,2,0
20649,12,4,0,2,7,0,1,1,2,2,0
20650,6,2,15,2,4,0,1,1,3,2,0
20651,8,2,15,2,11,0,0,1,2,2,0
20652,7,4,9,2,4,0,1,1,2,2,0
20653,8,4,9,5,1,1,1,0,2,2,0
20654,14,4,15,2,4,0,1,1,2,2,1
20655,5,4,5,2,3,0,1,1,2,2,1
20656,3,0,10,4,0,1,0,0,1,4,0
20657,13,4,9,2,4,0,1,1,2,2,0
20658,9,4,11,2,3,0,1,1,2,2,0
20659,9,4,11,2,14,0,1,1,2,2,0
20660,9,2,14,0,10,3,1,0,2,2,0
20661,12,4,12,2,14,0,1,1,1,2,0
20662,6,6,11,2,3,0,0,1,2,2,0
20663,6,4,11,0,8,1,1,0,1,2,0
20664,12,6,9,0,10,1,1,1,2,2,0
20665,4,4,12,4,10,3,1,1,2,2,0
20666,5,4,15,2,12,0,1,1,4,2,1
20667,14,4,11,0,6,1,1,0,2,2,1
20668,7,4,9,4,10,3,0,0,2,2,0
20669,4,6,11,4,8,2,1,1,2,2,0
20670,9,4,0,2,7,2,1,0,2,2,0
20671,7,4,11,4,14,1,1,1,2,0,0
20672,4,4,1,4,8,3,1,0,1,2,0
20673,12,4,0,0,13,4,1,0,1,2,1
20674,3,4,2,4,12,3,1,0,2,2,1
20675,4,4,11,4,12,3,1,1,2,2,1
20676,6,5,11,2,3,0,1,1,2,2,1
20677,5,4,0,2,6,0,1,1,2,2,1
20678,5,4,0,4,7,3,1,1,2,2,0
20679,8,4,15,2,3,0,1,1,2,2,0
20680,8,4,15,2,4,0,1,1,1,2,0
20681,3,4,15,4,1,4,0,0,2,2,0
20682,7,4,11,0,1,4,1,0,1,2,0
20683,4,4,9,4,12,1,1,1,2,2,0
20684,6,4,5,2,3,0,1,1,3,2,0
20685,6,1,9,0,4,1,1,0,2,2,0
20686,6,4,9,2,4,0,1,1,2,2,0
20687,12,4,15,0,8,1,1,0,1,2,0
20688,5,6,9,4,4,4,0,0,2,2,0
20689,3,4,7,4,12,3,1,1,1,2,0
20690,5,6,11,4,8,3,1,0,1,2,0
20691,5,4,15,4,10,1,1,1,2,2,0
20692,7,6,1,2,3,0,1,1,2,2,1
20693,4,4,11,4,14,3,1,1,2,2,0
20694,7,4,11,4,14,3,1,1,2,2,0
20695,9,2,15,0,11,1,0,1,2,2,0
20696,6,4,15,0,8,4,1,1,2,2,0
20697,6,0,15,4,0,4,0,1,0,2,1
20698,10,4,1,0,12,4,1,0,2,2,0
20699,5,4,11,4,11,3,1,1,2,2,0
20700,3,4,0,4,7,1,1,1,2,2,1
20701,12,1,7,2,14,0,1,1,2,2,1
20702,5,4,12,4,12,4,1,0,2,2,1
20703,6,4,7,4,12,1,1,1,1,2,0
20704,9,7,15,2,10,0,0,1,1,2,1
20705,4,4,13,4,8,3,1,0,2,2,0
20706,4,6,12,4,4,3,1,1,2,2,0
20707,3,4,11,4,4,4,1,0,2,2,0
20708,4,4,0,4,7,3,1,1,2,2,0
20709,9,4,9,2,10,0,0,1,2,0,0
20710,5,4,9,2,10,0,1,1,3,2,0
20711,5,4,0,4,13,3,1,0,2,2,0
20712,6,4,11,2,7,0,1,1,2,2,0
20713,10,4,11,0,3,4,1,0,0,2,0
20714,6,4,11,0,3,4,0,0,3,2,0
20715,3,1,7,4,12,1,1,0,1,2,0
20716,9,4,14,2,14,0,1,1,2,2,0
20717,11,4,8,2,1,0,1,1,2,2,1
20718,3,4,9,4,10,1,1,1,2,2,0
20719,5,4,8,2,3,0,1,1,2,2,1
20720,5,4,11,2,1,0,1,1,2,2,0
20721,6,1,11,0,7,1,1,1,2,2,0
20722,9,4,14,2,10,0,0,1,2,2,0
20723,12,6,15,2,3,0,1,1,2,2,1
20724,5,4,1,6,12,4,1,0,2,2,0
20725,8,4,11,5,1,3,0,0,2,2,0
20726,5,4,9,4,7,4,1,0,2,2,0
20727,7,4,15,2,12,0,1,1,3,2,1
20728,9,4,8,2,3,0,1,1,2,2,0
20729,4,6,8,4,13,4,1,0,2,2,0
20730,4,4,9,4,12,3,1,0,2,2,0
20731,7,4,9,6,6,1,1,1,3,2,0
20732,9,6,8,2,10,0,1,1,2,2,0
20733,8,4,11,2,6,0,0,1,2,2,0
20734,8,4,11,4,3,1,1,0,2,2,0
20735,6,0,11,2,0,0,1,1,2,2,1
20736,4,4,15,4,8,1,1,1,1,2,0
20737,3,5,12,4,4,1,1,0,2,2,0
20738,10,2,5,6,9,1,0,0,1,2,0
20739,3,4,11,4,3,1,1,1,1,2,0
20740,6,1,9,2,10,0,1,1,2,2,1
20741,3,4,11,4,1,1,1,0,2,2,0
20742,12,4,15,2,4,0,1,1,3,2,0
20743,9,4,5,2,3,5,1,0,3,2,0
20744,5,4,10,2,10,0,1,1,2,2,0
20745,6,4,9,2,1,0,1,1,2,2,1
20746,6,4,5,2,3,0,1,1,2,2,1
20747,15,4,9,0,4,4,1,1,2,2,0
20748,7,4,15,4,4,3,1,1,4,2,0
20749,9,6,12,2,10,0,1,1,2,2,1
20750,7,4,11,2,14,0,1,1,1,2,1
20751,10,4,7,2,12,0,1,1,2,2,1
20752,11,4,5,0,2,4,1,0,1,2,0
20753,4,4,11,4,1,1,0,1,2,2,0
20754,6,4,15,4,1,3,1,0,2,2,0
20755,6,6,11,0,8,1,1,0,1,2,0
20756,8,4,11,4,1,1,1,0,1,2,0
20757,9,6,11,2,8,5,1,0,1,2,0
20758,6,6,9,2,13,0,1,1,2,2,0
20759,8,0,11,0,0,4,1,0,1,2,0
20760,3,4,15,4,8,3,1,1,2,2,0
20761,7,4,15,2,4,0,1,1,2,2,0
20762,18,5,15,6,4,1,1,0,2,2,0
20763,7,4,15,2,6,0,1,1,2,2,0
20764,10,4,12,2,10,5,1,0,2,2,1
20765,11,5,15,2,4,0,1,1,4,2,0
20766,6,4,15,2,1,0,1,1,1,2,0
20767,11,4,11,2,7,0,1,1,2,2,0
20768,6,6,8,2,3,0,1,1,2,4,1
20769,8,7,15,3,1,1,0,0,2,2,0
20770,8,5,9,2,4,0,0,1,2,2,0
20771,7,4,11,2,7,0,1,1,2,2,0
20772,3,6,2,4,13,1,1,1,2,0,0
20773,11,4,11,2,1,0,1,1,2,2,0
20774,5,4,11,4,14,3,1,1,3,2,0
20775,4,4,15,4,1,3,1,0,2,2,0
20776,4,4,11,2,3,0,1,1,2,2,0
20777,6,1,11,2,14,0,1,1,2,2,0
20778,4,7,9,4,10,3,1,1,3,2,0
20779,8,4,15,4,10,3,0,1,2,2,0
20780,10,4,9,2,13,0,1,1,2,2,1
20781,4,4,11,6,6,1,1,1,2,2,0
20782,4,7,11,4,12,2,1,0,2,2,0
20783,4,4,12,4,10,1,1,0,1,2,0
20784,7,4,12,4,10,4,1,0,2,2,0
20785,8,2,7,5,12,1,1,0,4,2,0
20786,5,7,15,2,8,5,1,0,0,2,1
20787,8,4,15,2,1,0,1,1,2,2,1
20788,13,4,15,2,3,0,1,1,2,2,0
20789,11,0,15,0,0,4,1,0,0,2,0
20790,12,7,11,2,8,0,0,1,1,2,1
20791,7,4,11,2,14,0,1,1,1,1,0
20792,8,4,11,2,1,5,1,0,2,2,0
20793,9,4,11,2,3,0,1,1,2,2,0
20794,7,2,11,2,6,0,1,1,3,2,1
20795,4,2,9,4,12,3,1,0,3,2,0
20796,8,4,15,2,10,0,0,1,0,0,0
20797,7,4,9,6,13,3,1,1,1,2,0
20798,7,4,15,2,8,0,1,1,2,2,1
20799,8,4,15,5,1,4,0,0,0,2,0
20800,6,4,15,4,1,1,0,0,2,2,0
20801,5,4,11,2,3,0,1,1,2,2,1
20802,4,4,11,4,12,3,0,1,2,2,0
20803,15,7,11,2,1,0,1,1,2,2,0
20804,7,4,15,0,4,1,1,1,2,2,0
20805,4,7,11,2,1,0,1,1,0,2,0
20806,11,4,15,2,3,0,1,1,2,2,0
20807,8,6,8,2,13,0,1,1,2,2,1
20808,8,4,15,4,8,3,1,0,2,2,0
20809,3,4,15,4,1,1,0,1,1,2,0
20810,10,4,15,2,7,0,0,1,2,2,0
20811,7,4,15,2,10,0,1,1,2,0,1
20812,9,6,5,2,3,0,0,1,2,2,0
20813,7,4,15,0,8,4,1,0,1,2,0
20814,13,4,11,2,4,0,1,1,1,2,0
20815,9,4,2,2,13,0,1,1,2,2,1
20816,8,4,15,2,14,0,1,1,1,2,1
20817,9,0,5,4,0,1,1,1,1,0,0
20818,7,4,11,2,8,0,1,1,1,2,1
20819,5,5,12,4,4,4,1,0,1,2,0
20820,8,4,15,2,10,1,1,0,0,2,0
20821,12,4,11,2,14,0,1,1,2,2,1
20822,5,4,9,4,12,1,0,1,0,2,0
20823,6,4,7,4,1,1,1,0,2,1,0
20824,7,4,9,2,10,0,1,1,3,2,0
20825,7,4,12,0,12,1,1,1,3,2,0
20826,5,7,11,4,1,3,0,0,2,2,0
20827,11,4,9,2,13,0,1,1,2,2,0
20828,4,4,15,4,8,1,1,0,2,2,0
20829,3,5,8,4,4,1,0,1,2,2,0
20830,8,4,15,4,3,3,1,1,2,2,0
20831,3,4,7,4,4,1,1,0,3,2,0
20832,12,4,11,2,12,0,1,1,2,2,0
20833,8,7,12,2,10,0,1,1,1,2,1
20834,13,4,11,6,3,1,0,1,2,2,0
20835,9,4,12,2,1,0,0,1,2,2,0
20836,5,2,15,4,1,3,0,0,2,2,0
20837,11,7,11,2,8,5,1,0,2,2,0
20838,7,4,15,0,7,2,1,0,2,2,0
20839,9,4,9,0,10,1,1,0,2,2,0
20840,6,4,8,1,3,1,1,1,2,2,1
20841,8,4,11,2,7,0,0,1,2,2,0
20842,10,4,9,2,13,5,1,0,2,2,1
20843,8,2,11,0,6,2,1,1,2,2,0
20844,12,4,0,5,7,1,1,0,2,2,0
20845,6,4,1,2,3,0,1,1,2,0,0
20846,7,4,13,2,8,0,1,1,2,2,0
20847,10,2,14,2,3,0,0,1,2,2,0
20848,9,4,8,0,1,1,1,0,2,2,0
20849,5,4,11,4,14,3,1,1,2,2,0
20850,3,4,15,4,4,3,1,1,2,2,0
20851,4,4,0,4,8,1,1,0,2,2,0
20852,6,4,15,0,1,4,1,0,0,4,0
20853,10,4,7,2,12,0,1,1,2,2,1
20854,7,4,11,0,4,1,1,0,2,2,0
20855,3,4,8,4,12,1,1,1,2,2,0
20856,10,6,11,2,4,0,1,1,2,2,1
20857,4,4,9,4,8,3,1,0,2,2,0
20858,7,4,8,2,12,0,1,1,2,2,1
20859,5,6,9,4,4,3,1,0,2,2,0
20860,11,4,9,2,8,0,1,1,2,2,0
20861,4,4,12,2,1,0,1,1,1,2,1
20862,7,7,8,2,11,0,1,1,1,2,0
20863,11,5,9,2,4,0,1,1,2,2,0
20864,6,4,11,2,3,0,1,1,2,2,1
20865,6,4,9,2,4,0,1,1,1,2,1
20866,9,4,11,2,14,0,1,1,3,0,1
20867,7,4,9,2,12,0,1,1,1,2,0
20868,10,4,15,0,1,2,1,0,1,2,0
20869,8,4,11,2,3,0,1,1,2,2,1
20870,9,7,15,2,1,5,1,0,2,2,0
20871,8,4,11,2,5,0,1,1,3,2,0
20872,7,4,12,2,6,0,1,1,2,2,0
20873,9,4,12,0,10,1,1,1,2,2,0
20874,12,4,11,2,3,0,1,1,2,2,0
20875,7,7,15,0,4,1,1,1,3,2,0
20876,4,4,15,4,4,1,1,1,2,2,0
20877,8,4,11,2,1,5,1,0,1,2,1
20878,4,4,15,4,1,3,1,1,2,2,0
20879,9,4,12,2,1,0,1,1,2,2,1
20880,3,4,15,4,1,1,0,0,2,2,0
20881,3,4,11,4,14,1,1,0,2,3,0
20882,8,4,11,2,4,5,0,0,1,0,0
20883,7,4,9,2,1,5,0,0,2,2,1
20884,4,4,11,4,14,1,1,1,2,2,0
20885,5,4,11,4,7,4,1,1,2,1,0
20886,10,7,11,2,8,0,1,1,2,2,1
20887,9,4,11,2,3,0,1,1,2,2,1
20888,9,2,11,0,11,4,0,0,2,1,0
20889,6,2,3,2,6,0,0,1,2,2,1
20890,5,4,15,4,1,1,1,0,1,2,0
20891,5,4,15,4,8,3,0,0,1,2,0
20892,5,2,15,2,1,2,1,1,2,2,0
20893,4,4,15,4,1,3,1,0,2,2,0
20894,10,4,5,0,3,1,1,1,2,2,0
20895,3,4,11,0,3,1,1,1,1,2,0
20896,11,4,15,6,8,4,0,0,1,2,0
20897,3,6,11,4,3,1,1,1,1,2,0
20898,4,4,11,2,14,0,1,1,2,2,1
20899,10,4,11,2,3,0,1,1,1,2,0
20900,5,4,9,4,4,1,1,0,2,2,0
20901,7,4,11,2,3,0,1,1,2,2,1
20902,12,4,0,2,6,0,1,1,2,2,1
20903,5,7,12,4,10,1,0,0,0,2,0
20904,6,7,8,2,10,0,1,1,1,2,0
20905,12,2,11,5,6,0,1,1,2,2,0
20906,7,4,15,4,1,1,1,0,2,0,0
20907,7,4,11,2,3,0,1,1,1,2,1
20908,3,6,11,4,5,1,1,1,2,2,0
20909,6,4,11,0,8,4,0,0,1,2,0
20910,6,0,1,2,0,5,1,0,0,2,1
20911,3,1,15,4,1,1,0,1,1,2,0
20912,8,4,8,0,11,4,1,0,2,2,0
20913,7,4,15,2,4,0,1,1,2,2,0
20914,7,7,9,4,4,1,1,1,2,2,1
20915,8,6,12,5,10,1,1,1,1,0,0
20916,7,2,12,2,10,0,1,1,2,2,0
20917,13,4,9,5,8,4,1,0,2,2,0
20918,9,4,12,2,4,0,1,1,3,2,1
20919,6,4,11,2,8,0,1,1,1,2,0
20920,4,0,10,4,0,1,0,1,1,2,0
20921,4,4,15,4,12,3,0,1,4,2,0
20922,9,5,9,0,4,1,1,1,2,2,0
20923,10,4,2,2,8,0,0,1,2,2,0
20924,5,4,9,2,4,0,1,1,1,2,0
20925,9,4,6,4,3,1,1,0,2,2,0
20926,3,4,11,4,12,1,1,1,0,0,0
20927,12,5,1,5,3,1,1,1,2,2,0
20928,9,4,15,2,1,0,1,1,2,2,0
20929,11,4,15,2,3,0,1,1,1,2,0
20930,11,4,0,2,14,0,1,1,1,2,0
20931,6,4,11,2,12,0,1,1,2,2,1
20932,4,4,9,0,10,1,0,0,2,2,0
20933,13,4,11,5,3,1,1,0,2,2,0
20934,9,4,9,2,1,5,0,0,2,2,1
20935,7,4,15,2,3,0,1,1,2,2,1
20936,5,6,9,2,4,0,1,1,2,2,1
20937,6,4,11,2,7,0,1,1,2,2,0
20938,9,4,14,2,10,0,1,1,2,1,0
20939,9,4,7,2,4,0,1,1,2,1,0
20940,6,4,3,2,13,0,1,1,2,2,0
20941,4,7,15,4,1,1,1,0,1,2,0
20942,9,4,8,2,7,0,1,1,2,2,1
20943,7,1,1,2,14,0,1,1,2,2,0
20944,12,5,11,2,0,0,1,1,0,2,1
20945,7,2,9,2,6,0,0,1,2,2,0
20946,11,4,9,2,8,5,0,0,0,2,0
20947,12,4,9,2,4,0,1,1,2,2,1
20948,7,7,3,4,12,3,1,0,1,2,0
20949,12,4,1,5,12,4,1,0,2,2,0
20950,6,4,1,2,12,0,0,1,2,2,1
20951,10,2,15,2,10,0,0,1,1,2,1
20952,9,4,7,2,1,5,1,0,1,2,1
20953,9,6,6,2,5,0,1,1,1,2,0
20954,10,4,15,2,13,0,1,1,2,2,1
20955,10,0,9,2,0,0,1,1,0,2,0
20956,7,4,11,2,6,0,1,1,2,0,1
20957,5,4,9,4,13,1,1,1,1,2,1
20958,12,0,1,2,0,0,1,1,2,2,0
20959,5,4,0,4,8,4,1,0,2,2,0
20960,7,4,11,4,1,3,0,0,0,0,0
20961,3,4,11,4,3,1,1,1,0,2,0
20962,11,4,12,2,10,5,1,0,2,2,1
20963,6,4,11,0,12,4,0,0,1,2,0
20964,6,4,9,4,1,3,0,0,2,2,0
20965,7,6,6,4,5,1,1,1,2,2,0
20966,4,7,15,4,1,1,1,0,2,2,0
20967,10,4,5,6,1,1,1,0,2,2,0
20968,9,6,0,4,8,3,1,1,2,2,0
20969,10,7,15,2,10,0,0,1,1,2,1
20970,3,4,15,4,13,1,1,0,2,2,1
20971,10,1,15,2,4,0,1,1,2,2,0
20972,7,4,11,4,1,3,1,0,1,2,0
20973,7,0,11,2,0,0,1,1,0,2,0
20974,4,4,15,6,12,4,1,0,3,2,0
20975,5,4,11,2,3,0,1,1,2,2,0
20976,9,0,1,2,0,0,0,1,1,2,1
20977,6,6,15,4,3,4,1,0,2,2,0
20978,6,4,9,0,8,4,1,0,1,2,0
20979,11,4,11,2,12,5,1,0,3,2,0
20980,5,4,7,4,4,3,1,1,3,2,0
20981,8,4,15,4,13,1,1,1,1,2,0
20982,6,4,11,4,7,1,1,0,2,2,0
20983,7,4,11,2,7,0,1,1,2,2,0
20984,7,0,5,0,0,4,0,0,2,2,0
20985,9,4,9,0,10,1,1,1,1,2,0
20986,9,7,15,5,8,4,1,1,2,2,0
20987,7,0,6,2,0,0,1,1,1,2,1
20988,6,4,1,2,7,0,1,1,2,2,0
20989,6,4,8,2,12,0,1,1,4,2,1
20990,6,4,7,2,12,0,1,1,2,2,0
20991,11,4,5,2,3,0,1,1,2,2,0
20992,13,4,12,2,4,0,1,1,2,2,0
20993,12,4,1,2,7,0,1,1,2,2,0
20994,12,4,12,2,10,0,1,1,2,2,0
20995,12,4,11,5,1,4,1,0,2,2,0
20996,10,4,4,0,13,1,1,0,2,3,0
20997,4,4,9,4,10,1,1,0,2,2,0
20998,8,1,10,4,14,3,1,1,2,2,0
20999,5,4,9,4,4,1,1,1,2,2,0
21000,10,4,15,2,12,0,1,1,4,2,0
21001,7,4,9,2,1,0,1,1,1,2,0
21002,4,4,9,4,10,3,1,0,1,2,0
21003,4,4,11,4,8,3,1,0,2,2,0
21004,10,4,15,0,1,4,1,0,2,2,0
21005,6,5,7,2,4,0,1,1,2,2,0
21006,4,7,9,4,10,1,1,0,2,2,0
21007,3,4,15,4,6,3,0,1,3,2,0
21008,12,4,7,2,12,0,1,1,4,2,0
21009,7,2,0,2,6,0,1,1,3,2,1
21010,8,1,9,4,4,3,0,0,2,2,0
21011,10,4,7,2,11,0,0,1,2,2,1
21012,9,4,11,0,12,4,1,0,2,2,0
21013,5,0,9,4,0,3,0,0,0,2,0
21014,4,4,11,4,1,3,0,0,2,2,0
21015,9,4,12,2,4,0,1,1,1,2,0
21016,4,5,12,4,4,1,1,1,2,2,0
21017,11,4,12,2,14,0,1,1,2,2,0
21018,6,4,15,2,1,5,1,0,1,2,1
21019,9,2,11,2,6,0,0,1,3,2,1
21020,8,4,1,2,14,0,1,1,2,2,1
21021,7,4,9,2,10,0,1,1,1,2,0
21022,6,6,15,2,4,0,1,1,2,2,0
21023,8,1,11,2,14,0,1,1,2,2,0
21024,8,2,11,4,1,4,1,0,2,2,0
21025,5,4,11,2,3,0,1,1,2,2,0
21026,6,1,12,0,4,4,0,0,2,2,0
21027,3,1,9,4,10,1,1,1,3,2,0
21028,5,4,11,4,7,1,1,1,2,2,0
21029,6,4,11,4,8,2,1,0,1,2,0
21030,8,4,11,2,7,0,1,1,2,2,1
21031,5,8,0,2,3,0,1,1,2,2,1
21032,3,2,15,4,5,1,1,1,2,2,0
21033,10,4,10,2,7,5,1,0,2,2,0
21034,9,4,15,0,1,4,1,0,2,2,0
21035,3,4,1,4,14,3,1,1,2,2,0
21036,6,4,15,2,6,5,1,0,2,2,0
21037,13,4,15,0,11,1,0,0,2,2,0
21038,8,6,14,4,1,1,1,0,2,2,1
21039,7,4,9,2,4,0,1,1,3,2,0
21040,9,1,9,4,10,3,1,1,3,2,1
21041,8,4,15,2,12,1,1,1,3,2,1
21042,11,6,7,4,12,1,1,0,2,2,0
21043,13,4,12,2,10,0,1,1,3,2,1
21044,9,4,11,0,4,4,1,0,2,2,0
21045,9,0,6,2,0,0,1,1,1,2,1
21046,6,4,10,2,10,0,1,1,0,2,0
21047,6,0,6,2,0,0,0,1,1,2,0
21048,14,4,11,6,8,1,1,0,0,2,0
21049,9,4,7,2,12,0,1,1,2,2,0
21050,8,4,11,2,7,0,1,1,2,2,0
21051,13,5,11,2,4,0,1,1,1,2,0
21052,9,4,9,5,10,4,1,0,1,2,0
21053,9,4,1,2,3,0,1,1,2,2,1
21054,4,4,15,4,1,1,1,0,2,2,0
21055,3,4,9,4,13,3,1,1,2,2,0
21056,7,4,15,2,4,0,0,1,2,2,0
21057,9,4,9,0,12,1,1,1,1,1,0
21058,11,6,4,2,13,0,1,1,2,2,1
21059,4,4,11,4,1,3,1,0,1,1,0
21060,8,4,11,0,3,4,1,0,2,2,0
21061,5,4,11,4,5,1,1,1,3,2,0
21062,4,4,15,4,12,1,1,0,2,2,0
21063,6,4,11,2,7,0,1,1,4,2,1
21064,6,4,11,2,3,0,1,1,1,2,0
21065,6,4,9,0,12,4,1,0,1,0,0
21066,4,0,5,4,0,3,1,1,0,2,0
21067,5,4,8,4,12,3,1,1,4,2,0
21068,11,4,5,6,1,4,1,0,2,2,0
21069,9,4,15,4,4,1,1,1,4,2,0
21070,5,4,9,2,10,0,1,1,3,2,1
21071,7,6,11,6,3,4,1,1,1,2,0
21072,8,4,11,4,1,4,1,1,0,2,1
21073,12,4,10,0,10,1,1,0,2,2,1
21074,12,4,11,2,7,5,1,0,2,2,0
21075,5,0,15,2,0,0,1,1,2,2,1
21076,5,4,15,2,7,0,1,1,2,2,0
21077,4,4,1,2,8,0,1,1,0,2,0
21078,5,4,9,4,4,1,1,1,2,2,0
21079,10,4,0,2,3,0,1,1,2,2,0
21080,4,4,9,2,12,5,0,0,2,2,1
21081,11,4,15,2,3,0,1,1,2,2,1
21082,4,4,12,4,4,1,1,1,2,2,0
21083,9,4,15,2,13,0,1,1,2,2,1
21084,7,4,15,4,7,4,1,0,2,2,1
21085,5,4,15,2,3,0,1,1,2,1,1
21086,4,4,7,4,12,3,1,0,2,2,0
21087,4,4,15,6,8,1,1,0,2,2,0
21088,5,8,0,4,13,3,1,1,1,2,0
21089,12,4,11,0,8,4,1,0,2,2,0
21090,8,4,9,4,4,1,1,1,4,2,0
21091,7,4,15,6,8,4,1,0,1,2,1
21092,8,4,11,4,8,3,1,0,1,2,0
21093,8,1,11,2,1,0,1,1,2,2,0
21094,7,1,7,2,12,0,1,1,2,2,0
21095,5,4,11,4,5,1,1,0,1,2,0
21096,8,4,9,0,10,1,1,0,1,2,0
21097,3,4,2,4,6,1,1,1,2,2,0
21098,5,2,15,4,11,3,0,1,1,2,0
21099,4,6,6,4,5,1,1,1,3,2,0
21100,9,4,10,2,10,0,1,1,1,2,1
21101,10,4,8,0,13,1,1,0,2,2,0
21102,4,4,9,4,12,3,1,1,2,2,0
21103,6,4,15,2,3,0,1,1,2,2,0
21104,6,0,9,4,0,1,1,0,2,2,0
21105,9,4,12,4,10,1,1,0,2,2,0
21106,7,0,6,5,0,4,1,0,1,2,0
21107,5,4,11,2,6,0,1,1,2,2,0
21108,10,4,0,2,7,5,1,0,2,2,1
21109,5,4,6,4,5,1,1,1,2,2,0
21110,5,3,15,4,13,3,1,0,2,2,0
21111,12,4,11,2,1,5,1,0,2,2,1
21112,8,4,15,4,8,3,1,1,2,2,0
21113,3,4,8,4,10,3,0,1,2,2,0
21114,7,4,9,2,10,0,1,1,1,2,0
21115,5,4,14,2,3,0,1,1,2,2,1
21116,7,4,11,0,7,1,0,1,2,2,0
21117,10,4,15,2,12,0,1,1,2,2,1
21118,9,4,9,2,10,0,1,1,2,2,1
21119,7,4,9,2,4,0,1,1,3,2,0
21120,7,4,11,2,12,0,1,1,2,0,1
21121,3,4,12,4,10,1,1,1,2,2,0
21122,11,4,11,2,14,0,1,1,1,2,0
21123,7,4,0,0,7,4,1,0,2,2,1
21124,8,7,11,4,1,3,1,0,2,2,0
21125,3,4,12,4,10,3,1,1,0,2,0
21126,6,4,11,4,14,1,1,1,3,2,0
21127,6,6,15,4,8,4,1,0,1,2,0
21128,5,4,0,2,7,0,1,1,2,2,0
21129,5,7,7,4,4,1,1,0,2,2,0
21130,7,4,11,4,7,1,1,1,2,2,0
21131,8,1,11,4,7,3,1,1,2,2,0
21132,6,4,11,4,8,4,1,0,1,2,0
21133,7,6,1,0,8,4,1,0,1,2,1
21134,12,4,11,2,7,0,1,1,2,2,1
21135,7,4,15,0,3,1,0,1,2,2,0
21136,8,4,11,4,6,3,1,1,2,2,0
21137,12,4,14,5,3,1,0,1,2,2,0
21138,4,4,9,4,6,1,1,1,1,2,1
21139,9,4,11,2,6,0,1,1,2,2,1
21140,6,4,11,4,3,1,0,1,2,2,0
21141,8,2,15,0,1,1,1,0,2,2,0
21142,6,4,11,0,7,4,1,0,2,2,0
21143,4,4,15,6,12,1,1,1,4,2,0
21144,8,4,6,2,8,0,1,1,1,2,0
21145,5,4,11,4,1,1,0,0,1,2,1
21146,7,4,15,2,3,0,1,1,2,2,0
21147,11,4,8,2,10,0,1,1,0,2,1
21148,4,6,1,4,8,3,1,0,1,2,0
21149,4,5,11,4,4,1,1,1,3,2,0
21150,6,2,8,0,10,1,1,0,2,2,0
21151,6,4,15,4,12,3,1,0,3,2,0
21152,11,0,11,2,0,0,1,1,2,2,0
21153,9,6,15,0,12,1,1,1,1,2,0
21154,11,4,8,2,13,0,0,1,2,2,1
21155,6,4,15,2,12,0,1,1,2,2,0
21156,6,0,1,2,0,0,1,1,2,2,1
21157,9,4,15,0,1,1,1,0,2,2,0
21158,7,4,9,0,1,2,1,0,1,0,0
21159,3,4,8,4,4,4,1,1,2,2,0
21160,10,4,9,2,10,0,1,1,2,2,1
21161,10,7,11,0,1,4,1,0,2,2,0
21162,6,4,15,4,4,1,1,0,2,2,0
21163,7,8,9,2,13,0,1,1,2,2,1
21164,7,5,9,2,4,0,1,1,2,2,1
21165,13,6,15,5,10,4,1,0,1,2,0
21166,4,4,11,0,3,4,1,1,2,2,0
21167,6,4,11,4,12,4,1,0,2,2,0
21168,9,4,15,0,7,1,1,0,2,2,0
21169,8,4,7,4,12,1,1,0,0,2,0
21170,8,4,15,2,6,0,0,1,2,2,0
21171,7,2,10,2,10,0,1,1,2,2,1
21172,10,4,3,2,14,0,1,1,1,2,0
21173,9,4,11,5,3,1,1,1,2,2,0
21174,10,4,11,2,6,0,1,1,2,2,1
21175,6,7,14,2,10,0,1,1,2,2,0
21176,7,4,15,4,12,3,1,0,1,2,0
21177,5,4,6,4,3,1,1,1,2,2,0
21178,9,4,11,0,8,1,1,0,2,2,0
21179,6,5,12,2,5,0,1,1,2,2,0
21180,7,4,11,2,7,0,1,1,2,2,0
21181,6,4,8,4,4,1,1,1,2,2,0
21182,4,4,15,2,10,0,1,1,2,2,0
21183,9,4,11,2,6,0,0,1,2,2,0
21184,4,6,9,4,12,3,1,1,4,2,0
21185,7,4,9,4,4,3,1,0,3,2,0
21186,7,4,13,4,6,3,1,1,2,2,0
21187,9,2,12,2,10,0,1,1,2,2,1
21188,8,4,11,4,4,3,1,1,2,2,0
21189,6,4,15,0,1,4,0,0,1,2,0
21190,5,7,9,6,12,4,1,0,4,2,0
21191,3,4,0,4,7,3,1,1,2,2,1
21192,5,4,7,4,1,1,1,1,2,1,1
21193,13,6,12,2,4,0,0,1,2,2,0
21194,6,4,9,4,10,3,1,0,2,2,0
21195,5,4,11,2,12,5,1,0,2,2,1
21196,7,4,11,2,12,0,0,1,2,2,0
21197,7,4,11,2,6,0,1,1,3,2,0
21198,9,2,2,4,6,1,1,1,3,2,0
21199,7,4,15,4,14,1,0,1,2,2,0
21200,15,4,1,0,8,4,1,0,0,2,0
21201,4,4,9,4,1,4,1,0,2,2,0
21202,10,4,11,2,14,0,1,1,2,2,0
21203,7,4,15,2,12,0,1,1,2,2,0
21204,11,0,6,2,0,0,1,1,1,2,1
21205,8,4,9,0,12,1,1,1,2,2,0
21206,8,4,11,2,13,1,1,0,2,2,1
21207,9,4,11,0,3,4,1,0,2,2,1
21208,8,4,15,2,4,0,0,1,2,2,1
21209,9,4,1,2,12,0,1,1,2,2,0
21210,3,4,11,4,6,1,0,1,2,2,0
21211,5,4,0,4,8,1,1,0,2,2,0
21212,9,4,11,0,1,3,1,0,2,2,1
21213,6,4,11,2,3,0,1,1,2,2,0
21214,8,6,13,5,8,1,1,0,2,2,0
21215,7,4,9,1,10,0,1,1,1,2,1
21216,13,4,15,0,12,1,1,0,2,2,0
21217,5,6,7,4,12,1,1,0,2,2,0
21218,13,4,15,5,7,4,0,0,2,2,0
21219,7,4,11,5,7,1,0,1,2,2,0
21220,9,0,5,0,0,1,1,0,2,2,0
21221,5,4,11,4,8,3,1,0,1,2,0
21222,7,4,11,2,4,0,1,1,2,2,0
21223,5,4,9,2,4,0,1,1,2,2,1
21224,10,4,15,2,11,0,0,1,2,2,0
21225,11,2,14,2,10,0,1,1,2,2,1
21226,7,4,1,2,14,0,1,1,3,0,1
21227,5,4,11,2,1,0,0,1,2,2,1
21228,4,4,5,4,14,1,1,1,1,2,0
21229,9,4,9,2,12,0,1,1,2,2,0
21230,5,4,12,4,10,3,1,1,3,2,0
21231,13,4,11,2,5,0,1,1,2,2,0
21232,7,4,15,2,4,0,1,1,2,2,1
21233,6,4,11,2,3,0,1,1,2,2,1
21234,5,4,11,2,8,0,1,1,1,2,0
21235,4,4,11,4,8,1,1,0,1,2,0
21236,6,4,0,4,7,3,1,0,2,2,0
21237,10,4,9,0,4,4,1,1,3,2,0
21238,6,7,9,0,10,1,1,0,1,2,1
21239,9,4,15,4,8,1,0,1,2,1,0
21240,5,4,1,4,3,1,1,1,2,2,0
21241,8,4,15,2,10,0,1,1,2,2,1
21242,9,4,11,2,3,0,1,1,2,2,0
21243,6,2,12,4,10,1,1,0,3,2,0
21244,11,4,11,2,3,0,1,1,2,2,0
21245,9,4,11,0,6,1,1,1,2,2,0
21246,5,4,11,0,6,2,1,1,3,2,0
21247,8,7,9,2,10,0,1,1,3,2,0
21248,4,6,15,4,10,3,1,0,2,3,0
21249,8,6,9,2,4,0,1,1,2,2,1
21250,10,4,9,0,8,1,1,0,0,2,0
21251,10,4,1,0,14,1,1,1,1,2,0
21252,3,0,6,4,0,1,1,1,2,2,0
21253,4,0,1,2,0,0,1,1,1,2,1
21254,4,4,9,4,1,1,1,0,2,2,0
21255,13,6,15,2,3,0,1,1,2,2,1
21256,6,4,15,4,1,3,0,0,2,0,0
21257,9,2,12,2,10,0,0,1,0,2,0
21258,6,4,11,3,12,4,1,0,2,2,0
21259,7,4,11,0,8,1,1,1,2,2,0
21260,9,4,15,2,3,0,1,1,2,2,0
21261,4,4,11,4,1,3,1,0,1,2,0
21262,9,4,11,2,12,0,1,1,1,2,1
21263,13,4,10,2,10,0,0,1,2,2,1
21264,5,2,9,4,10,3,1,1,2,2,0
21265,6,4,8,2,4,0,1,1,2,2,0
21266,12,4,9,2,10,0,1,1,2,2,1
21267,7,4,11,2,7,0,1,1,2,2,0
21268,11,4,11,2,12,0,1,1,1,2,1
21269,9,4,11,2,6,0,1,1,2,2,0
21270,12,4,11,2,7,0,1,1,2,2,1
21271,6,4,15,2,11,0,0,1,2,2,0
21272,8,4,4,0,13,1,1,0,1,2,0
21273,9,6,7,4,12,3,0,0,1,2,0
21274,7,6,15,2,5,0,1,1,3,2,1
21275,14,4,7,0,12,1,1,1,4,2,0
21276,9,4,9,2,12,0,1,1,2,2,0
21277,17,4,11,0,14,1,1,1,2,2,0
21278,10,4,11,0,7,4,1,0,2,2,0
21279,5,2,5,2,11,0,0,1,2,2,0
21280,9,4,9,4,12,3,1,1,2,2,0
21281,6,4,11,4,1,1,0,0,1,2,0
21282,4,7,5,4,9,3,0,1,2,2,0
21283,12,1,15,2,7,0,0,1,2,2,0
21284,9,4,15,2,4,0,1,1,2,2,0
21285,12,4,7,2,12,0,1,1,2,2,1
21286,8,0,11,4,0,3,1,1,2,2,0
21287,11,6,15,2,10,5,1,0,0,2,1
21288,6,4,11,4,13,1,0,1,0,2,0
21289,3,4,12,4,10,4,0,0,0,2,0
21290,7,4,11,4,8,3,1,0,2,2,0
21291,5,4,15,2,12,5,1,0,2,2,1
21292,7,4,9,2,4,0,1,1,2,2,0
21293,9,4,7,2,12,0,1,1,3,1,0
21294,7,1,11,2,14,2,1,1,2,2,1
21295,7,4,7,2,7,0,0,1,2,2,0
21296,5,4,12,4,10,4,0,0,0,2,0
21297,4,4,15,4,12,1,1,0,1,2,0
21298,7,4,15,2,10,0,1,1,1,2,0
21299,9,4,15,2,13,0,1,1,2,2,0
21300,10,2,5,6,11,1,0,1,1,2,0
21301,5,4,15,2,1,0,0,1,2,0,0
21302,8,4,1,2,7,0,1,1,2,2,0
21303,4,6,11,4,3,3,1,1,2,2,0
21304,11,4,11,2,14,0,1,1,2,3,1
21305,6,4,0,2,4,0,1,1,4,2,1
21306,10,4,11,2,6,0,0,1,3,2,1
21307,6,4,9,4,12,2,1,1,2,2,0
21308,5,4,15,2,7,0,1,1,2,2,0
21309,6,4,9,2,12,0,1,1,2,2,1
21310,11,4,5,2,10,0,1,1,2,2,0
21311,8,4,12,2,4,0,1,1,2,2,1
21312,11,6,12,2,5,0,1,1,3,2,1
21313,5,4,11,2,7,0,1,1,2,2,1
21314,9,4,11,2,3,0,1,1,2,2,1
21315,6,4,9,2,4,0,1,1,3,2,1
21316,10,4,11,6,1,1,1,0,2,2,0
21317,6,4,11,2,14,0,1,1,3,2,0
21318,7,4,15,5,13,4,1,0,2,2,0
21319,4,0,11,4,6,3,1,1,2,2,0
21320,5,4,1,2,7,0,0,1,2,2,1
21321,8,4,11,0,1,4,1,0,2,2,0
21322,7,4,15,2,1,5,1,0,2,4,1
21323,7,4,15,2,1,0,1,1,4,2,0
21324,8,4,9,4,10,3,1,1,2,2,0
21325,7,6,11,2,8,0,1,1,1,2,1
21326,8,4,11,0,8,1,1,1,2,2,0
21327,3,4,1,4,8,3,1,1,2,2,0
21328,9,4,9,0,10,1,1,1,1,2,0
21329,6,4,15,0,7,1,1,1,2,2,0
21330,11,4,8,6,14,1,1,1,2,2,0
21331,8,4,15,0,12,1,1,1,2,2,0
21332,8,2,9,3,11,1,1,1,1,2,0
21333,6,1,15,2,4,4,1,0,1,2,1
21334,5,7,11,2,10,0,0,1,1,2,1
21335,6,4,9,3,1,1,1,0,2,0,1
21336,12,2,11,2,5,0,1,1,3,2,1
21337,10,4,9,2,10,0,1,1,0,2,0
21338,4,4,15,2,12,0,1,1,1,2,1
21339,4,4,7,4,1,1,0,0,2,2,0
21340,12,7,7,0,1,4,0,0,0,2,0
21341,12,4,0,2,7,5,1,0,2,2,0
21342,9,4,11,5,14,1,1,1,2,2,0
21343,10,0,9,2,0,0,1,1,0,2,1
21344,8,0,11,2,0,0,1,1,0,2,0
21345,6,4,11,2,7,0,1,1,2,2,0
21346,15,4,11,0,7,4,1,1,2,2,0
21347,7,4,11,0,1,4,1,0,0,2,0
21348,8,4,15,0,1,1,1,0,1,2,0
21349,5,6,8,4,1,4,1,0,2,2,1
21350,10,2,15,2,11,0,1,1,2,2,1
21351,5,2,15,2,12,0,1,1,0,2,1
21352,5,5,1,4,0,3,1,0,2,2,0
21353,6,4,4,2,8,0,1,1,2,2,1
21354,6,5,9,4,4,1,1,1,2,2,0
21355,6,0,1,2,0,0,0,1,2,0,1
21356,8,4,15,0,4,1,1,1,2,2,0
21357,8,4,15,2,7,0,1,1,2,2,0
21358,5,4,15,2,13,0,1,1,1,2,0
21359,4,4,11,6,1,4,1,1,2,2,0
21360,5,7,15,4,8,3,1,0,0,2,0
21361,8,4,15,2,6,0,0,1,1,2,1
21362,12,0,11,2,6,0,1,1,2,2,1
21363,4,4,5,4,11,2,1,1,1,1,0
21364,8,4,9,2,10,5,1,0,2,2,0
21365,8,4,0,5,3,4,1,0,2,2,0
21366,8,4,8,2,10,0,1,1,2,2,0
21367,6,2,15,2,6,0,0,1,2,2,1
21368,5,6,9,4,10,3,1,0,0,2,0
21369,10,4,11,2,3,0,1,1,2,2,0
21370,4,4,12,4,4,1,1,1,2,2,0
21371,11,6,11,2,3,0,1,1,2,2,1
21372,9,4,4,5,14,1,1,1,2,2,0
21373,10,2,15,6,10,1,1,0,2,2,0
21374,8,4,9,0,8,1,1,0,1,2,0
21375,7,4,7,2,12,0,1,1,2,2,1
21376,13,0,12,2,4,0,1,1,2,2,0
21377,6,4,9,0,8,4,0,0,2,2,0
21378,12,4,7,5,14,1,1,1,2,2,0
21379,6,7,15,0,1,1,1,0,2,2,0
21380,8,4,15,3,1,5,1,0,2,2,0
21381,5,1,9,2,10,5,1,0,1,2,1
21382,4,4,12,4,12,2,1,0,3,2,0
21383,13,4,15,2,3,0,1,1,2,2,0
21384,9,4,11,2,7,0,1,1,2,2,0
21385,8,2,9,2,10,0,1,1,2,2,1
21386,5,4,12,4,1,3,1,1,1,2,0
21387,7,4,0,2,8,0,1,1,1,2,0
21388,4,4,11,2,6,0,1,1,2,2,0
21389,7,4,11,2,3,0,1,1,2,2,0
21390,9,4,11,2,3,0,0,1,1,2,1
21391,9,5,9,0,4,4,1,0,2,0,1
21392,4,4,11,2,8,0,1,1,2,2,0
21393,6,4,15,0,3,1,1,1,2,2,0
21394,4,4,12,6,4,1,1,1,2,2,1
21395,9,4,15,2,4,0,1,1,2,2,0
21396,4,4,11,4,1,3,1,0,1,2,0
21397,10,4,5,2,3,0,1,1,2,2,0
21398,10,7,15,2,11,0,0,1,2,2,0
21399,4,4,11,4,3,3,1,1,2,2,0
21400,11,4,12,3,10,4,1,1,1,2,0
21401,9,4,11,0,8,4,1,0,1,2,0
21402,6,4,9,4,13,3,1,1,2,2,0
21403,6,4,15,0,12,1,1,0,2,2,0
21404,6,5,9,4,10,3,1,1,2,2,0
21405,3,4,15,4,1,4,1,0,2,4,0
21406,6,4,9,2,13,0,1,1,2,2,1
21407,7,4,14,2,3,0,1,1,2,2,1
21408,9,0,12,2,4,0,1,1,2,2,0
21409,11,4,0,2,3,0,1,1,2,2,1
21410,6,2,11,4,1,2,1,0,2,2,0
21411,8,4,12,2,2,5,0,0,1,2,0
21412,7,2,9,2,11,0,1,1,1,2,0
21413,7,2,11,2,4,0,1,1,2,2,0
21414,6,5,15,2,4,1,1,1,2,2,1
21415,10,4,14,2,14,0,1,1,2,2,0
21416,4,7,11,4,1,1,1,0,2,2,0
21417,12,4,11,2,7,0,1,1,4,2,0
21418,3,8,15,4,8,3,1,0,1,2,0
21419,9,4,9,2,4,0,1,1,2,2,1
21420,7,4,6,2,3,0,1,1,2,1,1
21421,9,4,11,4,1,1,1,1,1,2,0
21422,9,4,13,4,12,3,1,0,2,2,0
21423,7,4,11,2,1,0,1,1,1,2,1
21424,5,4,11,2,8,0,1,1,1,2,0
21425,7,5,5,0,3,2,1,1,2,2,0
21426,6,7,11,4,8,3,1,0,2,2,0
21427,6,4,1,2,7,0,1,1,2,2,1
21428,5,4,5,4,1,2,1,0,0,2,0
21429,8,4,12,0,6,1,0,0,2,2,0
21430,5,1,15,2,4,0,1,1,3,2,0
21431,12,4,11,2,14,0,1,1,2,2,1
21432,8,4,11,2,3,0,1,1,3,2,1
21433,7,6,15,2,5,0,1,1,1,2,1
21434,7,4,12,2,4,5,1,0,2,2,1
21435,5,4,11,2,1,5,0,0,2,2,0
21436,9,5,12,2,4,2,1,1,2,2,1
21437,6,4,11,2,1,0,1,1,1,2,0
21438,4,4,9,4,8,1,1,0,2,2,0
21439,7,4,11,2,1,0,1,1,2,2,0
21440,3,5,11,4,4,3,1,1,2,2,0
21441,8,5,15,2,10,0,1,1,2,2,0
21442,7,6,11,6,3,3,1,1,2,2,0
21443,9,4,11,0,7,1,1,1,2,2,0
21444,8,4,11,2,6,0,1,1,3,2,1
21445,9,4,11,0,1,4,1,0,2,2,0
21446,4,1,9,2,10,0,1,1,2,2,0
21447,6,4,12,1,9,5,0,0,2,2,0
21448,7,2,0,4,2,1,0,0,1,2,0
21449,4,4,11,4,1,4,1,0,2,2,0
21450,5,4,11,4,1,1,0,0,2,2,0
21451,7,8,15,2,8,0,0,1,0,2,0
21452,8,6,15,0,10,1,0,0,1,2,0
21453,7,4,9,0,8,1,1,0,2,2,0
21454,8,4,11,4,8,1,1,0,1,2,1
21455,6,4,11,1,7,5,1,0,2,2,0
21456,10,4,9,0,8,1,1,0,2,2,0
21457,6,4,8,2,3,0,1,1,2,2,0
21458,6,6,15,0,4,3,1,1,2,2,0
21459,5,0,1,2,0,0,1,1,0,2,1
21460,9,4,15,2,12,0,1,1,3,2,1
21461,4,4,8,4,3,3,1,1,2,2,0
21462,5,4,15,4,13,3,1,1,2,2,1
21463,9,4,11,0,1,1,1,0,2,2,0
21464,4,4,11,4,3,2,1,1,2,2,0
21465,7,4,11,4,1,3,0,1,1,2,0
21466,6,5,9,0,12,1,1,0,2,2,0
21467,9,4,8,2,12,0,1,1,2,2,0
21468,7,4,6,0,5,3,1,1,2,2,0
21469,5,5,11,4,4,1,1,0,2,2,0
21470,5,4,11,4,4,3,1,1,2,2,0
21471,4,4,15,4,3,1,1,1,2,2,0
21472,11,1,9,2,1,0,1,1,1,2,0
21473,6,4,11,2,12,0,1,1,2,2,0
21474,6,4,15,4,1,1,1,1,2,2,0
21475,7,8,1,2,8,5,1,0,2,2,0
21476,8,8,11,2,8,0,1,1,1,2,0
21477,4,4,15,2,12,0,0,1,4,2,1
21478,6,4,11,2,12,0,1,1,2,2,0
21479,8,4,11,2,5,5,1,0,1,2,0
21480,11,6,6,2,3,0,1,1,2,2,0
21481,3,4,11,4,4,1,1,0,2,2,0
21482,6,4,3,1,8,1,1,0,0,2,0
21483,7,4,1,2,12,0,1,1,2,0,0
21484,10,4,11,2,5,0,1,1,2,2,0
21485,4,4,15,4,8,3,1,1,1,2,0
21486,5,4,9,4,12,4,1,1,1,2,0
21487,6,4,11,4,1,4,1,0,0,2,0
21488,4,4,11,6,1,1,0,1,2,2,0
21489,9,4,11,2,11,0,0,1,2,2,1
21490,3,4,15,4,4,3,1,1,3,2,0
21491,11,4,11,0,8,1,1,0,2,2,0
21492,4,4,11,4,1,4,1,0,0,2,0
21493,7,4,11,2,6,0,1,1,3,2,0
21494,9,2,15,2,10,0,1,1,2,2,0
21495,8,4,1,2,8,5,1,0,2,0,0
21496,5,4,15,4,1,1,0,1,1,1,0
21497,6,5,6,2,3,0,1,1,2,2,0
21498,9,4,15,5,3,1,1,1,1,2,0
21499,5,4,15,4,12,3,0,0,1,2,0
21500,10,4,9,2,10,0,1,1,0,2,0
21501,4,6,11,4,3,1,1,1,2,2,0
21502,9,4,6,2,5,0,1,1,2,2,0
21503,9,6,11,2,12,0,1,1,4,2,0
21504,6,5,9,4,4,3,1,1,2,2,0
21505,5,0,9,4,0,1,1,1,2,2,0
21506,10,4,9,2,12,0,1,1,2,2,0
21507,9,4,15,2,12,0,1,1,2,2,0
21508,5,4,15,4,12,3,1,1,1,2,0
21509,6,4,7,4,12,4,1,1,3,2,0
21510,8,4,14,4,10,3,1,1,2,2,0
21511,12,4,11,0,12,1,1,1,2,2,1
21512,5,4,11,4,3,1,1,1,2,2,0
21513,10,4,11,2,7,0,1,1,2,2,0
21514,6,4,5,0,3,1,1,0,2,2,0
21515,4,5,15,4,4,1,1,0,2,2,0
21516,8,8,0,4,8,1,1,0,2,2,0
21517,6,4,9,2,12,0,1,1,2,2,1
21518,9,4,3,0,13,1,1,1,2,2,0
21519,12,4,11,2,3,0,1,1,2,2,1
21520,8,4,9,0,10,3,1,1,2,2,1
21521,7,4,0,4,7,1,0,0,2,2,0
21522,4,4,11,4,11,1,1,1,2,2,0
21523,6,4,0,0,7,4,1,1,2,2,0
21524,8,7,11,2,1,0,1,1,2,2,0
21525,5,0,15,2,0,0,1,1,1,2,0
21526,5,6,11,2,7,0,0,1,4,2,0
21527,5,4,11,4,8,1,1,0,2,2,0
21528,10,5,8,2,10,0,1,1,1,2,1
21529,9,2,15,2,5,0,1,1,2,2,1
21530,13,4,12,6,4,4,1,0,2,2,0
21531,12,4,15,0,8,1,1,0,1,2,0
21532,6,4,11,3,4,1,1,1,2,2,0
21533,9,4,14,2,1,0,0,1,1,1,0
21534,7,4,14,0,10,1,1,1,2,2,0
21535,6,4,3,4,8,1,1,1,1,2,0
21536,9,4,8,4,10,4,1,1,2,2,0
21537,5,4,1,4,8,4,1,0,1,2,0
21538,6,4,15,0,14,1,1,1,3,2,0
21539,12,6,15,5,12,1,1,1,3,2,0
21540,4,4,15,6,1,1,1,0,0,2,1
21541,6,4,15,2,4,0,1,1,2,2,1
21542,9,4,11,0,12,1,1,1,2,2,0
21543,9,2,11,2,4,0,1,1,2,2,0
21544,11,4,11,2,3,0,0,1,2,2,1
21545,10,7,8,2,11,0,0,1,2,2,0
21546,4,2,12,4,4,1,1,1,3,2,0
21547,4,4,7,2,4,0,1,1,2,2,0
21548,10,0,15,2,4,0,1,1,2,2,1
21549,10,4,1,4,8,3,1,0,2,2,0
21550,6,4,0,2,13,0,1,1,1,2,1
21551,12,4,1,2,8,5,0,0,2,2,0
21552,13,4,15,0,10,1,1,1,2,2,0
21553,5,7,11,2,11,0,0,1,1,2,1
21554,7,4,9,2,13,0,1,1,2,2,1
21555,5,4,11,4,8,3,1,0,0,2,1
21556,3,4,15,4,12,2,1,0,2,2,0
21557,4,2,12,4,9,1,1,0,1,2,0
21558,6,4,11,2,12,5,1,0,3,2,1
21559,5,4,11,4,6,3,1,1,2,2,0
21560,4,4,15,4,1,3,0,0,2,2,0
21561,7,4,9,2,4,0,1,1,3,2,0
21562,7,4,15,2,11,0,1,1,2,2,1
21563,7,4,15,0,12,4,1,0,2,1,0
21564,11,4,11,2,3,0,1,1,3,2,0
21565,6,5,9,3,4,4,1,0,2,2,0
21566,6,2,11,4,8,4,1,0,1,2,0
21567,12,4,11,2,7,0,1,1,2,2,1
21568,7,4,13,4,8,3,1,1,2,2,0
21569,12,4,9,2,6,0,0,1,3,2,1
21570,11,4,15,2,1,1,1,0,2,2,0
21571,5,4,11,2,3,0,1,1,2,2,0
21572,7,4,11,0,7,2,1,1,2,2,1
21573,5,4,4,4,8,3,1,1,1,1,0
21574,7,7,15,2,1,0,1,1,2,2,1
21575,4,4,11,2,3,0,1,1,2,2,0
21576,8,4,11,0,8,1,0,0,2,2,0
21577,3,7,14,4,10,1,1,1,2,2,0
21578,4,0,1,4,0,1,1,0,1,2,0
21579,7,2,11,0,10,1,1,1,3,2,0
21580,6,4,15,4,3,3,1,0,1,2,0
21581,13,4,8,2,3,0,1,1,2,2,1
21582,9,4,9,2,4,0,1,1,3,2,0
21583,4,4,15,4,12,3,1,1,2,2,0
21584,12,4,0,2,7,0,1,1,2,2,0
21585,6,4,9,4,12,3,1,1,1,2,0
21586,6,4,11,4,3,4,1,0,2,2,0
21587,7,2,0,2,6,0,1,1,2,2,1
21588,9,6,7,0,12,1,1,0,2,2,0
21589,6,4,11,4,7,1,1,1,2,1,0
21590,12,4,9,2,4,0,1,1,2,2,0
21591,4,6,9,4,10,1,1,0,2,2,0
21592,6,7,15,0,8,1,1,0,1,2,0
21593,7,4,15,6,8,1,1,0,2,2,0
21594,4,2,9,4,10,1,1,1,3,2,0
21595,6,4,9,4,8,3,1,0,2,2,0
21596,9,4,15,2,10,0,1,1,2,2,0
21597,6,4,11,2,12,5,1,0,4,2,1
21598,4,4,1,4,8,1,1,0,0,2,0
21599,9,4,8,2,3,0,1,1,2,2,0
21600,3,2,9,4,10,3,1,0,1,2,0
21601,4,4,15,2,14,0,1,1,2,2,1
21602,9,4,10,2,10,0,0,1,2,2,0
21603,10,4,15,2,12,0,1,1,2,2,0
21604,4,4,11,4,8,4,1,0,1,2,0
21605,6,4,15,2,3,0,1,1,2,2,1
21606,4,4,11,4,8,1,1,0,1,2,0
21607,5,4,7,4,12,2,1,0,4,2,0
21608,10,5,15,2,4,1,1,1,3,2,1
21609,9,4,15,2,12,0,1,1,2,2,1
21610,10,6,9,2,10,0,1,1,1,2,0
21611,5,4,12,4,10,3,1,0,0,2,0
21612,7,4,12,2,10,0,1,1,3,2,1
21613,7,4,11,5,3,4,1,1,2,2,0
21614,10,6,11,4,3,3,1,1,2,2,0
21615,8,4,1,0,12,1,1,1,2,2,0
21616,10,4,11,0,4,1,1,0,1,2,0
21617,6,2,11,4,11,3,1,1,2,2,0
21618,6,2,11,2,1,0,1,1,2,2,1
21619,6,1,9,2,10,0,1,1,2,2,0
21620,8,4,15,2,8,0,1,1,2,2,1
21621,4,4,11,4,14,1,1,1,1,2,0
21622,7,4,15,2,10,0,1,1,1,2,0
21623,10,4,11,0,8,4,0,0,1,2,1
21624,9,0,11,2,0,0,1,1,0,2,0
21625,9,7,9,2,11,0,1,1,2,2,0
21626,4,5,11,4,4,1,1,0,2,2,0
21627,6,0,11,4,0,1,1,0,1,2,0
21628,8,7,7,2,10,0,1,1,2,2,0
21629,8,6,11,4,8,1,1,0,1,2,0
21630,8,6,1,0,3,1,1,1,1,2,0
21631,9,4,11,4,14,1,1,1,2,2,0
21632,7,4,12,2,4,0,1,1,4,2,0
21633,6,4,11,2,3,0,0,1,2,2,0
21634,8,4,9,0,10,1,1,0,2,2,0
21635,8,4,11,5,3,1,1,1,0,2,0
21636,3,4,15,4,3,3,1,1,1,2,0
21637,5,6,11,4,8,1,1,1,1,2,0
21638,9,4,15,0,12,4,1,0,3,2,0
21639,5,4,15,2,8,0,1,1,2,2,0
21640,6,4,15,2,3,0,1,1,2,0,1
21641,5,4,15,0,11,4,0,1,2,2,0
21642,5,4,13,2,14,0,1,1,2,2,1
21643,9,5,5,0,3,1,1,1,2,2,1
21644,6,2,9,4,10,1,1,0,2,2,0
21645,6,5,15,4,7,3,1,1,2,2,0
21646,10,4,11,2,3,0,1,1,2,3,0
21647,7,4,11,2,3,0,1,1,2,0,0
21648,9,4,11,2,8,5,1,0,2,2,0
21649,10,4,15,2,1,0,0,1,2,2,0
21650,8,4,10,2,7,0,1,1,2,2,0
21651,4,2,15,4,11,3,1,1,2,2,0
21652,7,4,15,0,3,1,1,1,2,2,0
21653,9,7,5,2,11,0,0,1,2,2,0
21654,11,4,15,3,10,4,1,0,1,2,0
21655,9,4,15,0,4,1,1,0,2,2,0
21656,7,4,15,2,13,0,1,1,2,2,1
21657,5,4,9,4,12,1,1,0,3,2,0
21658,4,6,15,4,4,1,1,1,4,2,1
21659,6,4,12,4,1,1,1,0,2,0,0
21660,8,4,11,2,11,5,1,0,2,2,0
21661,7,4,10,2,10,0,1,1,2,2,0
21662,9,5,6,2,5,0,1,1,1,2,0
21663,9,7,15,2,1,0,1,1,2,2,1
21664,7,6,5,2,10,0,1,1,2,2,1
21665,3,2,9,4,10,1,1,0,2,2,0
21666,6,4,15,4,8,1,0,1,1,2,0
21667,9,4,6,2,5,0,1,1,2,2,1
21668,6,4,14,0,3,4,1,1,2,2,0
21669,4,4,12,0,10,4,1,0,0,2,0
21670,11,5,15,6,4,1,1,1,2,2,0
21671,7,4,0,2,6,0,1,1,2,2,0
21672,5,4,15,4,7,1,1,1,2,2,0
21673,7,4,8,5,12,4,1,0,2,2,0
21674,6,4,15,4,6,1,1,1,3,1,0
21675,10,4,11,2,3,0,1,1,2,2,0
21676,3,4,11,4,7,3,1,0,2,2,0
21677,7,2,11,2,4,0,1,1,2,2,1
21678,8,5,12,2,10,0,1,1,1,2,0
21679,12,6,11,2,1,0,1,1,2,2,1
21680,8,4,11,5,8,4,0,0,2,2,0
21681,7,4,9,2,8,0,1,1,2,2,0
21682,5,4,11,4,3,1,1,1,2,2,0
21683,6,7,15,4,11,2,1,0,2,2,0
21684,3,4,11,4,3,1,1,1,1,2,0
21685,4,4,9,4,10,1,1,0,1,2,0
21686,4,6,11,4,12,3,1,1,1,2,0
21687,6,2,12,4,5,1,1,1,1,2,0
21688,12,4,9,4,10,1,1,1,2,2,0
21689,8,4,5,2,3,0,1,1,2,2,0
21690,10,4,11,0,7,1,1,0,2,2,0
21691,8,1,12,2,1,5,1,0,1,2,1
21692,6,4,11,4,12,4,0,0,2,2,0
21693,4,0,5,4,0,3,1,0,0,2,0
21694,6,4,14,2,10,0,1,1,2,2,1
21695,9,7,9,0,10,4,1,0,3,2,0
21696,8,7,10,2,10,0,1,1,2,2,1
21697,11,6,15,2,3,0,0,1,1,2,0
21698,6,4,9,4,10,3,1,0,2,2,1
21699,4,4,15,6,3,1,1,1,2,3,0
21700,17,6,15,6,8,1,1,0,2,2,0
21701,4,4,11,4,12,1,1,0,2,2,0
21702,6,4,11,0,14,1,1,1,2,2,0
21703,7,6,15,2,5,0,1,1,1,1,0
21704,8,7,11,4,8,1,1,1,2,2,0
21705,7,7,9,2,10,0,1,1,2,2,0
21706,3,4,4,4,6,3,1,1,2,2,0
21707,8,4,15,0,14,1,1,1,3,2,0
21708,8,6,11,2,4,0,1,1,3,2,1
21709,10,4,9,2,12,0,1,1,2,2,1
21710,8,4,15,0,8,4,0,0,0,2,0
21711,8,4,11,2,3,0,1,1,2,0,0
21712,5,4,11,4,12,3,1,0,1,2,0
21713,10,4,9,2,12,0,1,1,2,2,0
21714,11,4,11,2,12,0,1,1,1,2,0
21715,10,4,1,0,12,4,1,0,1,2,0
21716,7,4,1,2,3,0,1,1,2,2,0
21717,5,5,9,2,4,0,0,1,2,2,0
21718,12,4,15,2,1,0,0,1,2,2,0
21719,8,4,15,5,6,1,1,1,1,2,0
21720,9,4,15,0,1,4,0,1,2,2,0
21721,4,2,11,4,1,1,0,0,2,2,0
21722,9,4,8,2,3,0,1,1,2,2,0
21723,10,4,14,0,10,1,1,1,2,2,0
21724,8,4,11,2,3,0,1,1,2,2,0
21725,10,0,5,2,0,0,1,1,0,2,0
21726,9,0,11,2,0,5,1,0,2,2,0
21727,10,6,15,2,10,0,1,1,1,2,0
21728,4,4,15,4,8,3,1,0,1,2,0
21729,9,4,6,0,5,1,1,0,2,2,0
21730,6,4,8,4,3,3,1,1,2,2,0
21731,11,2,14,2,10,5,0,0,2,2,1
21732,11,4,15,2,12,0,1,1,2,2,0
21733,12,4,12,0,1,4,1,0,1,2,0
21734,10,4,15,2,1,0,1,1,2,2,0
21735,4,4,15,4,1,3,1,0,1,2,0
21736,4,4,7,4,12,1,1,1,2,2,0
21737,7,4,0,2,7,0,1,1,2,2,0
21738,7,4,15,4,7,3,1,1,2,2,0
21739,5,4,11,4,12,1,1,0,2,2,0
21740,5,4,15,4,7,1,1,1,2,2,0
21741,3,0,11,4,0,3,1,0,0,2,0
21742,5,7,15,4,1,3,0,0,2,2,0
21743,8,7,9,0,1,1,1,0,2,2,0
21744,6,4,9,4,4,1,0,1,3,2,0
21745,7,4,11,0,7,1,1,0,2,2,0
21746,8,4,12,4,6,3,1,0,3,1,0
21747,7,0,15,0,0,1,1,0,2,2,0
21748,10,4,11,2,12,0,1,1,2,2,1
21749,4,3,11,6,13,3,1,1,2,2,0
21750,12,4,11,2,3,0,1,1,2,2,1
21751,10,4,15,0,8,1,1,0,0,2,0
21752,9,4,12,2,10,0,0,1,1,2,1
21753,4,4,14,4,10,2,1,0,1,2,0
21754,3,4,14,4,1,1,1,0,2,2,0
21755,5,4,11,2,8,0,1,1,2,2,0
21756,6,4,1,2,8,0,1,1,2,2,1
21757,4,4,9,4,8,3,1,1,1,2,0
21758,7,4,0,0,14,1,0,1,2,2,0
21759,6,5,12,0,4,4,1,0,2,2,0
21760,3,5,15,4,4,4,0,0,2,2,0
21761,7,4,0,0,7,1,0,1,2,0,0
21762,4,4,11,2,3,0,0,1,2,2,1
21763,7,2,7,2,4,0,1,1,2,2,1
21764,4,4,14,4,3,3,1,1,2,3,0
21765,8,2,9,2,11,0,1,1,1,2,1
21766,10,4,1,2,3,0,1,1,2,2,0
21767,12,2,11,2,11,0,1,1,2,2,0
21768,8,4,7,0,8,1,1,1,2,2,0
21769,4,4,15,4,12,3,1,0,3,2,0
21770,11,2,5,2,11,0,1,1,2,2,0
21771,10,4,11,0,5,4,1,0,1,2,0
21772,13,4,15,2,6,0,1,1,2,2,0
21773,6,4,11,0,7,3,0,0,2,2,0
21774,9,4,15,0,12,4,1,0,2,2,0
21775,8,1,15,2,1,2,0,0,2,0,0
21776,10,0,11,2,0,0,1,1,0,2,0
21777,5,2,12,4,10,2,1,1,2,1,0
21778,14,4,15,6,1,1,0,0,1,2,0
21779,7,4,8,6,1,1,1,1,1,2,0
21780,12,0,9,4,0,3,0,0,0,2,0
21781,12,7,1,2,8,0,1,1,0,2,1
21782,6,2,12,2,10,0,1,1,2,2,0
21783,13,4,11,2,12,0,1,1,2,2,1
21784,11,6,15,2,4,0,1,1,3,2,1
21785,5,4,15,2,3,0,1,1,2,2,1
21786,13,4,11,0,1,1,1,0,1,2,0
21787,4,6,11,4,3,3,1,1,2,2,0
21788,5,2,9,4,10,3,1,1,0,2,0
21789,7,4,11,0,12,1,1,0,2,2,0
21790,8,4,9,2,4,0,1,1,2,2,1
21791,5,4,15,4,12,3,1,0,2,2,0
21792,4,6,9,4,8,3,1,0,2,2,0
21793,6,4,9,0,1,4,1,0,0,2,0
21794,3,2,15,4,6,3,1,1,2,2,0
21795,10,2,11,2,3,0,1,1,2,2,0
21796,13,4,15,6,10,4,0,0,1,2,0
21797,10,1,6,2,14,0,1,1,2,2,1
21798,10,4,0,2,7,0,1,1,2,2,0
21799,9,4,11,2,7,0,1,1,2,2,0
21800,11,4,11,1,8,5,1,0,2,2,0
21801,5,4,15,4,1,3,0,0,0,2,0
21802,12,4,15,4,1,4,0,0,2,2,0
21803,8,4,11,2,3,0,1,1,2,2,0
21804,10,4,15,0,12,2,1,0,1,2,1
21805,12,4,15,2,6,0,0,1,3,2,1
21806,7,4,11,2,3,0,0,1,2,2,0
21807,8,4,15,2,3,0,1,1,2,2,1
21808,7,4,11,0,12,4,1,0,2,2,0
21809,8,4,8,0,1,1,1,0,2,2,0
21810,6,4,7,2,4,0,0,1,2,2,1
21811,8,4,11,2,14,0,1,1,2,2,1
21812,8,4,7,2,3,0,1,1,2,2,0
21813,7,4,11,2,7,0,1,1,2,1,0
21814,12,4,11,2,8,5,1,0,2,2,0
21815,7,4,11,4,13,4,0,0,2,2,0
21816,10,4,9,2,4,0,1,1,2,2,0
21817,5,4,15,4,4,1,1,0,2,2,0
21818,4,4,11,4,6,3,1,1,1,2,0
21819,8,4,8,2,4,0,1,1,2,2,1
21820,5,4,8,2,12,0,1,1,1,2,0
21821,7,4,9,2,10,0,0,1,1,2,1
21822,10,2,12,0,9,1,1,0,1,2,1
21823,6,4,9,2,4,0,1,1,2,2,1
21824,4,6,1,4,8,3,0,0,2,2,0
21825,5,4,15,4,1,4,1,0,2,2,0
21826,5,4,11,4,12,3,1,1,1,2,0
21827,7,4,15,2,10,0,0,1,2,2,0
21828,15,6,15,2,8,0,0,1,1,2,0
21829,13,4,11,2,4,0,1,1,2,2,0
21830,13,4,9,2,6,0,1,1,2,2,0
21831,6,4,11,2,3,0,1,1,2,2,0
21832,4,6,11,4,12,4,1,1,3,2,0
21833,8,4,15,2,8,5,1,0,2,0,0
21834,6,4,11,2,3,0,1,1,2,2,0
21835,5,4,9,2,4,0,1,1,2,2,0
21836,8,4,11,2,3,0,1,1,2,2,0
21837,11,6,11,2,3,0,1,1,1,2,0
21838,7,4,15,4,12,1,1,0,2,2,0
21839,6,1,11,0,7,1,1,1,2,1,0
21840,9,4,11,0,12,1,1,1,4,2,1
21841,6,6,11,2,3,2,1,1,2,2,0
21842,11,4,11,2,1,0,0,1,1,2,1
21843,6,4,11,2,3,0,1,1,2,2,0
21844,8,4,9,4,6,1,1,1,2,2,0
21845,5,4,8,4,10,4,1,0,3,2,0
21846,6,4,11,2,8,0,1,1,2,1,1
21847,9,4,8,2,12,0,1,1,2,2,1
21848,3,0,6,4,0,2,1,0,0,2,0
21849,12,4,15,2,12,0,1,1,2,2,1
21850,9,1,11,2,3,3,1,1,2,2,1
21851,16,4,12,2,10,0,1,1,2,2,1
21852,3,4,9,4,13,3,1,1,2,2,0
21853,6,4,12,4,10,1,1,0,2,2,0
21854,4,4,9,4,10,3,1,1,1,2,0
21855,6,1,6,0,3,4,1,0,1,2,0
21856,8,6,15,2,12,5,1,0,2,2,1
21857,11,4,11,4,6,1,1,1,3,2,0
21858,5,4,11,4,8,3,1,1,0,2,0
21859,7,4,11,5,1,1,0,0,4,2,0
21860,9,4,12,2,4,0,1,1,2,2,0
21861,10,2,15,2,4,0,1,1,1,2,0
21862,10,2,11,0,1,4,1,0,2,2,0
21863,10,4,2,2,6,0,1,1,3,2,1
21864,7,4,12,2,10,0,1,1,2,2,0
21865,7,4,15,2,12,0,1,1,1,2,0
21866,5,2,9,4,10,3,1,1,2,2,0
21867,12,7,1,2,8,0,1,1,1,2,0
21868,7,4,11,5,14,1,1,1,2,2,0
21869,4,0,10,2,0,0,1,1,1,2,0
21870,6,4,15,4,1,3,1,0,2,2,0
21871,4,4,11,4,3,1,1,1,2,2,0
21872,11,4,15,2,1,5,1,0,0,2,1
21873,11,4,15,6,12,4,1,0,4,2,0
21874,8,4,9,5,1,4,0,0,4,2,0
21875,4,4,1,4,5,3,1,1,2,2,0
21876,5,4,11,4,8,1,1,0,2,2,0
21877,9,4,9,2,8,0,1,1,1,2,1
21878,9,7,11,2,11,0,0,1,2,2,0
21879,6,4,11,4,1,3,1,1,2,2,0
21880,10,4,11,0,14,4,1,1,2,2,0
21881,6,4,11,4,8,3,1,0,2,2,0
21882,9,7,7,2,1,0,0,1,2,2,0
21883,10,8,9,2,8,0,1,1,1,2,1
21884,7,4,1,4,12,1,0,0,2,2,0
21885,3,2,11,4,3,3,1,0,2,3,0
21886,10,4,9,0,4,1,1,0,2,2,0
21887,9,4,11,2,3,0,1,1,2,2,1
21888,7,4,11,2,3,0,1,1,2,2,0
21889,5,4,11,4,1,3,1,0,1,2,0
21890,4,4,11,4,12,3,0,1,1,2,0
21891,7,4,11,4,12,3,0,1,2,1,0
21892,6,4,12,4,12,2,1,0,2,2,0
21893,11,4,11,2,3,0,1,1,0,2,0
21894,4,4,1,0,12,3,1,0,1,2,0
21895,9,4,9,4,1,1,1,0,1,2,0
21896,3,1,9,4,10,3,1,1,1,2,0
21897,4,4,12,4,4,1,1,1,2,2,0
21898,4,4,15,2,1,0,1,1,2,2,0
21899,9,7,15,0,8,4,1,0,1,2,0
21900,9,6,7,2,3,5,1,0,2,2,1
21901,8,0,11,5,0,4,1,0,1,2,0
21902,5,2,9,2,10,0,1,1,2,2,0
21903,3,4,9,4,4,1,1,1,2,2,0
21904,5,7,9,4,10,1,0,1,2,2,0
21905,12,4,1,2,7,0,1,1,2,2,1
21906,8,4,9,0,13,1,1,0,2,2,0
21907,5,4,1,0,12,1,1,1,2,3,0
21908,10,4,12,2,4,0,1,1,2,2,0
21909,9,4,9,0,4,4,1,0,2,0,0
21910,11,1,15,2,4,0,1,1,1,2,0
21911,6,4,9,2,10,0,1,1,2,2,0
21912,5,4,15,2,4,0,1,1,2,2,0
21913,6,4,15,3,8,5,0,0,2,2,1
21914,10,4,11,2,12,0,1,1,2,2,1
21915,7,4,12,2,10,0,1,1,1,2,0
21916,9,7,8,2,11,0,1,1,2,2,0
21917,7,4,11,5,8,4,1,0,2,2,0
21918,11,4,15,4,10,1,1,1,2,2,0
21919,3,5,15,4,4,3,1,0,2,2,0
21920,4,4,11,4,1,4,1,0,4,2,0
21921,4,4,15,6,3,4,1,0,2,2,0
21922,7,4,8,2,13,0,1,1,1,2,0
21923,3,2,12,4,2,3,1,0,2,2,0
21924,7,4,15,4,1,3,1,0,2,2,0
21925,5,4,14,2,1,5,1,0,1,2,1
21926,6,4,15,2,7,0,1,1,2,3,0
21927,10,4,11,0,13,1,1,0,1,2,0
21928,6,4,11,4,7,4,1,1,2,2,0
21929,5,4,15,2,1,4,0,0,2,2,1
21930,4,2,9,4,4,1,1,1,0,2,0
21931,9,4,12,2,12,5,1,0,4,2,1
21932,10,2,11,2,1,5,1,0,2,2,0
21933,8,4,15,2,3,0,1,1,2,2,1
21934,9,4,12,2,6,0,1,1,2,2,1
21935,12,4,11,0,4,1,1,0,2,2,1
21936,5,2,11,4,12,1,1,0,3,2,0
21937,5,2,10,2,10,0,0,1,2,2,1
21938,8,5,7,2,4,0,1,1,2,2,0
21939,8,6,9,2,13,0,1,1,2,2,0
21940,8,4,5,0,10,1,0,0,2,2,0
21941,7,4,9,2,4,0,1,1,2,2,1
21942,7,4,1,2,14,0,1,1,3,2,0
21943,5,4,11,4,12,1,1,1,4,2,0
21944,6,4,9,2,10,0,1,1,2,2,1
21945,5,4,9,2,6,0,1,1,2,2,1
21946,10,7,15,0,1,1,1,0,2,2,0
21947,5,4,1,4,14,1,1,1,1,2,0
21948,6,0,15,3,0,4,0,0,0,2,1
21949,3,4,9,0,4,1,1,0,2,2,0
21950,4,4,11,2,7,0,1,1,2,2,1
21951,8,4,15,2,10,0,1,1,2,2,1
21952,9,0,11,2,0,5,1,0,1,2,1
21953,4,2,15,4,11,1,0,0,2,2,0
21954,5,4,12,2,10,0,1,1,2,2,0
21955,6,4,1,4,12,3,1,0,4,2,0
21956,6,4,9,0,11,1,1,1,1,2,0
21957,7,4,11,2,12,0,1,1,4,2,0
21958,11,4,11,3,8,4,1,0,2,2,0
21959,4,4,11,4,11,1,0,0,2,2,0
21960,5,4,5,2,3,0,1,1,2,2,0
21961,9,5,9,2,10,0,1,1,2,2,1
21962,7,4,15,5,1,4,1,0,1,2,0
21963,13,4,15,2,13,0,1,1,0,2,0
21964,5,4,1,4,14,4,1,0,1,2,0
21965,7,4,15,0,1,1,1,1,2,2,1
21966,9,4,11,0,3,1,1,0,2,2,0
21967,7,4,15,2,10,0,1,1,0,2,0
21968,5,4,7,4,7,1,1,1,2,1,0
21969,11,4,15,4,12,1,1,0,1,2,0
21970,5,4,9,2,7,0,0,1,2,2,0
21971,6,4,11,2,6,0,0,1,2,2,0
21972,6,4,9,2,10,0,1,1,2,2,0
21973,6,4,15,4,8,1,1,0,2,2,0
21974,4,4,7,5,12,4,1,1,2,2,0
21975,7,4,11,3,8,1,1,0,0,2,0
21976,5,4,4,4,6,1,0,1,2,2,0
21977,9,4,7,0,4,3,1,1,2,2,0
21978,10,5,5,2,3,1,1,1,2,2,0
21979,9,4,9,2,12,0,1,1,4,2,0
21980,5,0,9,4,0,1,1,0,2,1,0
21981,7,4,11,2,6,0,1,1,3,2,0
21982,7,4,8,2,14,0,1,1,2,2,0
21983,5,6,9,2,10,0,1,1,2,2,0
21984,12,4,15,0,1,1,0,1,2,2,0
21985,9,1,11,2,14,0,1,1,2,2,0
21986,9,7,11,2,1,0,0,1,1,2,0
21987,3,4,11,4,3,3,1,1,2,2,0
21988,9,4,7,2,3,0,1,1,2,0,0
21989,4,4,15,4,3,3,1,1,2,2,0
21990,11,4,11,3,1,4,1,0,2,2,1
21991,9,6,15,0,8,1,1,0,1,2,0
21992,3,6,11,0,8,4,1,0,1,2,0
21993,8,4,15,2,1,0,0,1,2,2,1
21994,12,4,11,0,3,4,1,1,2,2,0
21995,9,4,1,4,7,1,1,1,2,2,0
21996,7,4,15,4,12,1,1,1,2,2,0
21997,9,4,15,2,12,0,1,1,4,2,1
21998,13,4,9,5,10,1,1,1,0,2,0
21999,6,4,5,4,10,1,1,1,0,2,0
22000,5,6,11,2,12,0,1,1,3,2,1
22001,5,6,12,4,4,2,1,1,2,2,0
22002,5,0,15,2,0,5,1,0,2,2,1
22003,8,4,9,2,4,0,1,1,2,2,0
22004,7,4,15,0,12,1,1,0,1,1,0
22005,6,4,3,2,8,0,1,1,1,2,1
22006,6,2,9,3,10,1,1,0,2,2,0
22007,12,4,9,4,1,3,1,1,1,2,0
22008,6,4,11,4,4,3,1,0,2,2,0
22009,5,2,11,2,11,0,0,1,2,2,0
22010,7,4,11,4,13,3,1,0,2,0,1
22011,3,7,11,4,8,1,1,1,0,2,0
22012,5,4,11,2,3,0,1,1,2,2,0
22013,4,4,15,4,12,1,1,1,2,2,0
22014,9,4,15,2,12,1,1,1,3,2,0
22015,6,4,11,4,14,1,0,1,2,2,0
22016,4,4,9,4,1,3,1,0,2,2,0
22017,6,2,11,2,11,0,0,1,1,2,0
22018,7,2,15,2,6,0,1,1,3,2,1
22019,8,4,15,2,1,0,1,1,1,2,1
22020,10,4,0,2,7,5,1,0,2,2,0
22021,5,2,11,4,11,2,1,1,1,2,0
22022,12,7,15,2,12,0,1,1,3,2,1
22023,4,4,11,4,12,3,1,1,3,2,0
22024,5,4,10,0,10,1,1,0,2,2,0
22025,5,4,9,4,10,3,0,1,1,1,0
22026,11,4,9,2,1,0,1,1,1,2,0
22027,9,2,15,4,11,1,0,1,2,0,0
22028,5,4,12,4,4,3,1,0,2,2,0
22029,3,4,11,4,3,4,0,0,2,2,0
22030,8,4,10,2,10,0,1,1,3,2,1
22031,12,4,9,2,10,0,1,1,2,2,0
22032,7,4,15,2,14,0,1,1,2,2,0
22033,4,0,15,4,4,3,1,0,3,2,0
22034,4,4,4,4,8,1,1,0,2,2,0
22035,13,6,6,2,5,0,1,1,3,2,0
22036,5,4,11,2,12,2,1,1,2,2,0
22037,7,4,15,0,8,1,0,0,2,2,0
22038,6,4,8,4,12,1,0,0,1,2,0
22039,8,4,8,0,6,1,1,1,1,2,0
22040,14,4,15,0,5,4,1,1,2,2,0
22041,5,4,5,4,3,1,1,1,2,2,0
22042,5,4,11,2,8,0,1,1,1,2,1
22043,6,0,9,2,0,0,0,1,0,2,1
22044,7,4,11,2,12,0,1,1,3,2,0
22045,7,1,9,4,10,3,1,1,1,2,0
22046,4,4,1,4,8,1,0,0,1,2,0
22047,9,4,11,0,3,1,1,1,2,2,0
22048,4,4,12,4,10,1,1,1,0,2,0
22049,10,5,8,2,4,0,1,1,2,2,0
22050,8,4,12,4,10,3,0,1,0,2,0
22051,9,4,11,0,7,1,0,0,2,2,0
22052,7,4,11,0,3,1,0,1,2,2,0
22053,5,4,0,2,3,0,1,1,2,2,0
22054,6,4,11,2,12,0,1,1,2,1,1
22055,4,0,15,4,0,1,1,1,1,2,0
22056,12,4,7,5,11,4,0,1,2,2,0
22057,7,4,15,0,3,1,1,1,2,2,0
22058,8,4,15,2,12,0,1,1,2,0,1
22059,8,4,11,2,4,0,1,1,3,2,0
22060,8,4,12,2,10,0,1,1,2,2,0
22061,3,4,11,4,1,1,1,0,1,2,0
22062,13,4,11,2,8,2,1,0,2,2,1
22063,5,4,11,2,4,0,1,1,2,2,0
22064,4,4,7,4,12,1,0,1,2,2,0
22065,6,4,7,4,1,1,1,0,0,2,0
22066,8,6,11,0,12,1,1,0,2,2,0
22067,7,4,15,2,8,5,1,0,1,2,1
22068,12,6,8,4,3,1,0,1,2,2,0
22069,12,4,8,2,4,0,0,1,2,2,1
22070,4,4,8,4,10,3,1,0,1,2,0
22071,11,4,11,2,6,0,0,1,2,2,0
22072,6,4,15,2,4,0,1,1,3,2,1
22073,6,4,9,2,10,0,1,1,1,2,0
22074,4,4,5,4,1,1,1,0,2,2,0
22075,3,6,15,0,4,4,1,0,2,2,0
22076,5,6,6,2,5,0,1,1,2,2,0
22077,9,4,11,2,3,0,1,1,2,2,0
22078,9,4,1,0,8,4,1,0,2,2,0
22079,4,4,11,2,14,0,1,1,2,2,0
22080,6,4,11,2,6,0,1,1,3,2,0
22081,8,4,1,2,14,0,1,1,1,2,1
22082,10,6,12,2,12,0,1,1,2,2,1
22083,4,4,11,4,8,1,1,0,1,2,0
22084,5,6,11,4,1,3,1,0,1,2,0
22085,4,4,15,4,1,4,1,0,2,2,0
22086,9,0,9,2,0,0,1,1,1,2,0
22087,3,4,11,4,1,1,1,0,2,2,0
22088,7,4,11,2,14,5,1,0,2,2,0
22089,10,4,15,2,12,0,1,1,3,2,1
22090,5,4,10,4,8,3,1,0,2,2,0
22091,7,4,12,2,2,0,1,1,1,2,0
22092,12,4,12,2,9,0,1,1,1,2,1
22093,7,7,15,5,1,4,0,0,2,2,0
22094,13,7,15,5,10,1,1,0,2,2,0
22095,8,6,0,2,3,0,0,1,2,2,0
22096,7,4,15,0,10,1,1,1,1,2,0
22097,7,4,15,2,6,0,1,1,3,2,1
22098,10,6,13,0,8,1,1,0,1,2,0
22099,6,2,9,2,10,0,1,1,1,2,0
22100,10,4,11,2,3,0,1,1,2,2,1
22101,10,4,11,2,4,0,1,1,2,2,1
22102,3,4,15,4,1,3,0,0,2,2,0
22103,9,0,5,2,0,0,1,1,1,2,1
22104,4,4,15,4,4,1,1,1,3,2,0
22105,7,2,10,0,10,1,1,0,1,2,0
22106,6,4,11,3,7,1,0,0,2,2,0
22107,5,5,11,4,1,1,1,0,2,2,0
22108,5,6,15,2,3,0,1,1,3,2,0
22109,6,4,11,4,7,1,1,1,2,2,0
22110,6,4,11,4,6,3,1,1,1,2,0
22111,16,7,12,2,10,0,1,1,1,2,1
22112,5,4,11,4,6,1,1,1,2,2,0
22113,8,4,9,2,1,5,1,0,2,2,1
22114,4,4,9,5,7,4,1,0,2,2,0
22115,6,6,11,2,3,0,1,1,2,2,1
22116,9,6,11,2,5,0,1,1,3,2,0
22117,9,0,11,2,0,0,0,1,2,2,0
22118,10,4,9,0,10,1,1,1,2,2,0
22119,5,4,15,4,1,1,1,0,4,2,0
22120,10,6,9,2,10,0,1,1,1,2,1
22121,5,4,11,2,1,5,1,0,2,2,0
22122,9,4,0,2,7,0,1,1,2,2,1
22123,5,4,10,4,7,3,1,1,2,2,0
22124,8,4,11,2,1,5,1,0,2,2,1
22125,4,4,10,4,10,1,0,1,2,4,0
22126,7,4,9,4,8,1,1,0,2,2,0
22127,7,4,11,4,8,3,1,1,1,0,0
22128,12,4,11,0,7,4,0,0,2,2,0
22129,5,4,11,2,3,0,1,1,2,2,1
22130,9,6,14,2,3,0,1,1,2,2,0
22131,11,4,15,2,12,0,1,1,1,2,1
22132,9,2,9,2,4,0,1,1,0,2,1
22133,4,4,12,2,10,5,1,0,1,2,1
22134,6,6,11,2,3,0,1,1,2,2,1
22135,7,4,9,2,10,0,1,1,0,2,1
22136,9,4,15,2,4,0,1,1,2,2,0
22137,10,4,11,4,8,3,1,0,0,2,0
22138,12,4,1,2,3,0,1,1,2,2,1
22139,7,2,11,4,4,1,1,1,2,2,0
22140,5,4,6,4,3,1,1,1,1,2,0
22141,9,4,9,2,4,0,1,1,2,2,1
22142,5,4,15,4,13,1,1,1,2,2,0
22143,14,7,9,6,4,4,1,1,1,2,0
22144,10,4,9,2,13,0,1,1,0,2,0
22145,6,2,11,2,1,0,1,1,2,2,0
22146,7,4,11,5,8,1,0,0,1,2,0
22147,6,4,15,0,6,1,1,0,1,2,0
22148,6,4,13,0,8,1,1,1,2,0,1
22149,11,2,15,4,11,2,1,1,2,2,0
22150,11,4,12,2,4,5,1,0,2,2,0
22151,6,4,9,2,6,0,1,1,1,2,1
22152,7,4,15,2,10,0,1,1,2,2,0
22153,5,4,12,4,10,1,1,1,2,2,0
22154,4,4,9,4,10,3,1,0,2,2,0
22155,8,4,11,0,6,1,1,1,1,2,0
22156,5,4,13,4,13,3,0,1,2,2,0
22157,10,4,9,0,8,4,1,0,1,2,0
22158,9,6,15,2,8,5,1,0,2,2,1
22159,6,5,11,3,7,1,1,1,2,2,0
22160,5,4,11,2,14,0,1,1,2,1,0
22161,11,4,11,6,1,1,0,0,2,2,0
22162,13,4,11,0,1,1,1,1,0,2,0
22163,5,6,11,4,12,1,1,0,2,2,0
22164,5,4,8,4,3,3,1,1,2,2,1
22165,5,4,11,6,4,1,0,0,2,2,0
22166,3,2,11,4,6,3,1,0,2,2,0
22167,11,4,15,2,3,0,1,1,2,2,0
22168,7,4,15,4,12,3,1,1,2,2,0
22169,10,4,5,2,3,0,1,1,1,2,0
22170,8,4,9,2,4,0,1,1,2,2,0
22171,4,4,15,4,10,1,1,0,1,2,0
22172,6,4,15,2,1,5,1,0,0,2,0
22173,5,1,15,2,14,0,1,1,2,2,1
22174,10,6,6,2,5,0,1,1,3,2,1
22175,9,4,7,2,7,0,1,1,2,2,0
22176,3,5,1,4,0,3,1,1,0,2,0
22177,5,4,9,2,4,0,1,1,1,2,1
22178,8,6,11,2,14,0,1,1,3,0,1
22179,9,4,11,2,7,0,1,1,2,2,0
22180,4,4,11,4,1,1,1,0,2,2,0
22181,9,4,8,5,3,1,0,1,2,2,0
22182,6,4,9,4,1,3,0,0,2,2,0
22183,6,6,8,4,12,1,0,0,2,3,1
22184,4,4,1,4,14,1,1,1,3,2,0
22185,9,5,9,2,0,0,1,1,2,2,0
22186,7,5,11,2,3,0,1,1,2,2,1
22187,7,6,14,2,3,0,1,1,3,2,0
22188,4,4,6,4,5,3,1,1,2,2,0
22189,15,4,0,2,8,2,0,1,1,2,0
22190,8,4,11,0,6,1,1,1,3,2,1
22191,9,4,11,2,8,0,1,1,1,2,0
22192,7,6,9,4,8,1,1,1,2,2,0
22193,8,5,11,0,4,4,1,0,3,2,0
22194,5,4,11,2,1,0,1,1,4,2,0
22195,8,4,3,2,14,0,1,1,1,2,1
22196,4,6,11,4,4,1,1,1,2,2,0
22197,12,4,15,2,3,0,1,1,2,2,1
22198,4,4,12,0,5,1,1,1,2,2,0
22199,8,0,9,2,0,0,1,1,0,2,1
22200,6,0,6,4,0,1,1,0,1,0,0
22201,12,4,9,2,10,0,1,1,0,2,1
22202,9,6,0,4,8,1,1,0,2,2,0
22203,6,1,9,4,10,3,1,1,2,2,0
22204,4,4,11,4,12,1,1,0,2,2,0
22205,9,4,2,0,8,4,1,0,2,2,0
22206,8,5,11,5,3,4,1,0,3,2,0
22207,7,6,9,4,4,3,1,1,3,2,0
22208,7,4,12,2,4,0,1,1,2,2,0
22209,6,4,15,4,4,1,1,1,2,2,0
22210,6,2,11,2,6,0,1,1,2,0,1
22211,7,4,11,2,14,0,1,1,3,2,1
22212,4,4,12,4,4,3,0,0,2,2,0
22213,8,2,7,2,11,0,1,1,2,2,0
22214,9,4,11,2,6,0,1,1,2,2,0
22215,5,1,11,4,14,3,1,1,2,2,0
22216,8,4,14,0,10,4,1,1,3,2,0
22217,4,4,11,4,3,1,1,1,2,2,0
22218,7,0,15,2,0,0,1,1,1,2,0
22219,9,4,11,2,7,5,1,0,2,2,1
22220,8,4,15,2,4,0,1,1,2,2,0
22221,6,4,11,2,14,0,0,1,2,2,1
22222,10,4,11,0,12,1,1,1,4,2,0
22223,12,4,11,2,12,0,1,1,4,2,0
22224,3,6,11,4,5,1,1,0,2,2,0
22225,10,4,11,2,14,0,1,1,2,2,0
22226,4,4,11,4,7,1,1,1,2,2,0
22227,5,2,15,4,9,4,0,1,2,2,1
22228,11,4,10,0,7,3,1,1,2,2,1
22229,10,4,14,6,10,1,1,1,2,2,0
22230,4,4,15,4,4,1,1,1,3,2,0
22231,3,4,15,4,3,3,1,0,2,2,0
22232,8,5,5,0,0,1,1,1,2,2,0
22233,10,0,11,0,0,2,1,0,1,2,0
22234,12,4,8,2,3,0,1,1,2,2,0
22235,7,3,11,2,13,0,0,1,2,2,1
22236,4,6,15,4,13,1,1,1,2,2,0
22237,8,4,8,2,4,0,1,1,2,2,1
22238,12,6,10,2,10,0,0,1,2,2,0
22239,5,6,11,2,3,0,1,1,2,2,0
22240,4,4,6,4,3,3,1,1,2,2,0
22241,7,4,11,2,8,5,1,0,2,0,0
22242,9,3,1,2,13,0,1,1,0,2,1
22243,7,4,11,5,12,4,1,1,2,0,0
22244,3,7,1,4,8,1,1,0,2,2,0
22245,6,4,11,2,1,5,0,0,2,1,0
22246,7,4,15,2,4,0,1,1,2,2,0
22247,8,4,11,0,4,4,1,0,2,0,0
22248,5,4,11,4,6,3,1,0,2,0,0
22249,6,4,11,4,3,3,1,1,2,2,0
22250,6,4,12,2,12,0,1,1,2,2,0
22251,6,4,11,0,12,4,1,0,0,2,0
22252,4,4,9,4,1,1,1,0,2,2,0
22253,7,2,12,5,10,1,1,0,3,2,0
22254,7,0,1,2,0,0,1,1,2,2,0
22255,13,4,9,5,4,0,1,1,4,2,0
22256,9,4,9,2,4,0,1,1,2,2,1
22257,10,4,1,2,14,0,0,1,2,2,0
22258,10,4,15,0,1,1,1,0,2,2,0
22259,7,4,7,6,1,4,1,0,0,2,0
22260,4,7,11,4,10,1,1,1,3,2,0
22261,6,2,11,2,6,0,1,1,2,2,0
22262,9,0,11,0,0,4,1,0,2,2,0
22263,5,7,8,4,10,1,1,1,2,2,0
22264,10,4,15,4,4,4,1,1,2,2,0
22265,8,4,15,2,4,5,1,0,2,2,1
22266,7,4,15,2,1,5,1,0,2,2,1
22267,9,4,9,0,7,1,1,1,2,0,0
22268,12,2,9,2,10,5,1,0,2,2,0
22269,7,4,5,2,10,0,1,1,2,2,0
22270,5,4,7,4,12,3,1,1,2,2,0
22271,8,4,5,2,3,0,1,1,2,2,0
22272,5,6,6,2,5,0,1,1,2,0,1
22273,3,6,11,4,10,3,1,1,2,2,0
22274,9,4,10,0,10,1,1,0,2,2,1
22275,4,6,11,5,5,1,1,0,1,2,0
22276,13,4,4,2,6,0,1,1,3,2,1
22277,9,8,2,0,13,4,1,0,0,2,0
22278,6,4,11,2,6,0,1,1,2,2,1
22279,4,4,11,4,1,1,1,0,2,2,0
22280,8,2,15,2,1,5,1,0,2,2,0
22281,8,4,8,0,13,1,1,0,2,2,0
22282,5,4,11,2,6,0,1,1,2,2,1
22283,11,4,15,2,1,0,1,1,1,4,1
22284,8,6,11,2,4,0,1,1,2,2,1
22285,7,7,11,2,11,0,1,1,2,2,0
22286,5,4,7,4,12,1,1,1,2,2,0
22287,7,7,15,2,1,5,1,0,2,2,0
22288,9,4,11,2,3,0,1,1,2,2,0
22289,3,4,8,4,3,3,0,1,2,2,0
22290,9,4,11,2,3,0,1,1,1,0,1
22291,4,4,15,4,3,1,1,1,2,2,0
22292,16,4,15,2,1,0,0,1,2,2,1
22293,5,4,11,2,14,0,1,1,2,2,0
22294,9,4,12,2,5,5,1,0,3,2,0
22295,13,5,11,2,1,0,1,1,2,2,0
22296,7,4,11,2,10,0,1,1,3,2,0
22297,4,5,11,2,5,5,1,0,2,2,0
22298,8,4,11,4,1,3,1,0,2,2,0
22299,6,2,12,2,9,0,1,1,1,2,1
22300,8,4,11,2,3,0,1,1,2,2,1
22301,12,4,9,2,4,0,1,1,4,2,1
22302,6,2,9,2,10,0,1,1,3,2,0
22303,11,2,8,2,11,0,0,1,2,2,1
22304,7,4,11,5,7,0,1,1,2,1,0
22305,10,0,15,2,6,0,1,1,2,2,0
22306,7,4,11,0,14,1,0,0,2,2,0
22307,11,2,9,2,1,0,0,1,2,2,0
22308,5,4,0,2,3,0,1,1,2,2,1
22309,8,4,8,2,3,0,1,1,1,2,0
22310,4,4,9,4,1,1,1,1,2,2,0
22311,3,4,9,4,8,1,1,0,2,2,0
22312,4,2,11,4,12,1,1,1,2,2,0
22313,4,4,15,4,8,4,0,1,1,2,0
22314,9,4,11,4,12,1,1,0,2,2,0
22315,10,2,12,2,12,0,0,1,4,2,1
22316,7,6,11,2,5,0,1,1,1,2,0
22317,10,5,1,2,5,0,0,1,1,2,0
22318,9,4,12,2,10,0,1,1,2,2,0
22319,10,4,11,2,3,0,1,1,1,2,0
22320,11,4,6,2,5,0,1,1,2,2,0
22321,7,4,11,2,8,0,1,1,1,2,0
22322,8,1,11,2,7,0,0,1,2,0,1
22323,11,4,11,2,3,0,1,1,2,2,0
22324,9,4,9,2,6,0,0,1,2,2,0
22325,8,4,9,5,12,1,1,0,2,2,0
22326,6,6,6,1,5,5,1,0,3,3,0
22327,7,4,12,2,4,0,1,1,2,2,1
22328,3,6,15,4,4,1,1,1,2,2,0
22329,6,7,9,2,4,0,1,1,2,2,1
22330,5,4,9,4,4,3,1,1,1,2,0
22331,8,4,2,2,13,0,1,1,2,0,0
22332,9,6,15,0,4,1,1,0,2,2,0
22333,7,5,7,2,4,0,1,1,2,2,0
22334,4,7,9,4,10,1,1,1,2,2,0
22335,8,1,15,2,14,0,1,1,2,2,0
22336,3,4,15,4,3,1,1,1,2,2,0
22337,8,4,9,4,8,1,1,0,2,2,0
22338,3,4,15,4,8,1,0,1,2,2,0
22339,10,4,11,4,7,1,1,1,4,2,0
22340,9,5,7,2,7,0,1,1,2,0,1
22341,13,4,11,6,1,1,1,1,2,2,0
22342,10,5,10,2,10,0,1,1,2,2,0
22343,7,2,15,2,6,0,1,1,2,0,1
22344,6,4,9,4,1,1,1,0,2,2,0
22345,9,6,11,2,1,4,1,0,2,2,1
22346,7,6,12,2,12,0,1,1,2,2,0
22347,4,2,11,4,8,3,1,0,2,2,0
22348,9,4,11,2,6,0,1,1,2,2,0
22349,4,4,15,4,14,1,1,1,3,2,0
22350,11,4,0,2,7,0,1,1,4,2,1
22351,8,4,15,0,12,2,1,0,3,2,0
22352,5,4,2,4,8,3,1,0,0,2,0
22353,8,4,5,2,10,0,1,1,2,0,0
22354,8,6,9,2,4,0,1,1,2,2,0
22355,12,4,11,2,6,0,1,1,2,2,0
22356,10,4,7,2,1,5,1,0,2,2,1
22357,6,4,1,0,3,1,1,1,2,2,0
22358,12,4,11,2,6,0,1,1,2,2,0
22359,5,4,11,4,3,1,1,1,3,2,0
22360,9,4,11,4,8,1,1,0,2,2,0
22361,9,4,12,2,12,0,0,1,3,2,1
22362,9,4,11,2,14,0,1,1,2,2,0
22363,11,4,11,0,4,1,1,0,2,2,0
22364,4,6,15,4,12,3,1,1,2,2,0
22365,8,4,11,4,6,3,1,1,2,2,0
22366,7,4,15,4,1,3,0,0,2,2,0
22367,5,6,11,4,13,3,1,1,0,2,0
22368,13,4,11,0,4,4,1,0,2,2,0
22369,12,4,11,0,6,1,1,1,2,2,0
22370,4,4,12,4,10,3,1,1,2,2,0
22371,7,4,0,2,7,5,1,0,2,2,0
22372,6,4,4,4,12,1,1,0,2,2,0
22373,10,4,11,2,8,0,0,1,1,2,0
22374,5,6,11,2,3,0,1,1,2,2,1
22375,9,6,12,2,10,0,1,1,2,2,0
22376,6,4,11,4,1,3,1,0,1,2,0
22377,12,4,11,0,8,1,0,0,2,2,1
22378,6,4,9,4,13,2,1,0,0,2,0
22379,10,0,9,2,0,0,1,1,1,2,1
22380,9,6,10,0,10,1,1,1,2,2,0
22381,12,4,9,6,10,1,1,1,1,2,0
22382,4,7,9,0,10,1,1,0,1,2,0
22383,6,2,8,4,1,3,1,0,2,2,0
22384,4,2,9,4,10,3,1,0,1,2,0
22385,7,4,12,2,4,0,1,1,2,2,0
22386,3,4,11,4,3,3,1,1,1,2,0
22387,12,4,1,2,3,0,1,1,2,2,1
22388,8,6,11,2,5,0,1,1,3,2,0
22389,11,7,15,2,12,0,1,1,4,2,1
22390,4,2,9,5,12,0,1,1,1,2,0
22391,4,4,8,2,3,0,1,1,2,2,0
22392,5,4,10,2,10,0,1,1,2,2,0
22393,6,4,12,4,10,1,1,0,2,2,0
22394,13,2,9,2,10,0,1,1,1,2,1
22395,9,4,15,2,7,0,1,1,2,2,0
22396,10,4,1,2,3,0,1,1,2,2,0
22397,9,4,9,0,10,4,1,0,2,2,0
22398,9,4,11,2,4,0,1,1,2,2,0
22399,7,4,11,4,8,1,0,0,2,2,0
22400,6,4,11,4,12,3,1,1,2,1,0
22401,7,4,15,2,1,0,0,1,2,2,1
22402,6,4,8,0,11,1,0,1,2,1,0
22403,5,4,11,4,7,1,1,1,2,2,1
22404,5,5,15,2,4,0,1,1,2,2,1
22405,9,4,1,2,8,0,1,1,1,2,0
22406,9,4,15,2,14,0,0,1,2,2,1
22407,4,4,11,4,8,1,1,0,2,2,0
22408,3,4,1,4,13,4,1,0,2,2,0
22409,9,4,15,0,3,1,1,1,2,2,0
22410,3,4,9,4,10,3,1,1,1,2,0
22411,4,4,12,4,1,1,1,0,2,2,0
22412,6,4,11,1,8,1,1,0,1,2,1
22413,7,0,5,2,0,1,1,0,0,2,0
22414,5,4,15,4,8,4,1,0,1,2,0
22415,6,2,12,2,10,0,1,1,2,1,1
22416,4,5,10,4,0,3,1,0,0,2,0
22417,6,4,5,3,3,1,1,1,2,2,0
22418,3,2,9,4,11,3,0,1,2,2,0
22419,4,4,11,4,12,1,0,0,2,2,0
22420,12,4,15,0,14,1,1,0,3,2,0
22421,13,4,1,2,3,0,0,1,1,2,0
22422,10,4,15,2,14,0,1,1,1,2,1
22423,4,4,10,0,4,4,1,1,2,2,0
22424,6,1,15,4,10,1,1,0,3,2,0
22425,3,6,11,4,8,1,1,1,1,3,1
22426,7,2,9,4,4,1,0,0,2,2,0
22427,9,4,9,2,10,0,1,1,2,2,1
22428,6,4,11,4,1,3,1,0,4,2,0
22429,7,4,15,2,14,0,1,1,2,2,1
22430,8,4,11,2,6,0,0,1,2,2,1
22431,7,4,12,2,1,0,1,1,2,2,0
22432,3,4,15,4,4,3,1,1,3,2,0
22433,11,7,9,2,10,5,1,0,1,2,0
22434,8,4,15,2,12,0,1,1,2,2,0
22435,11,0,9,2,0,0,1,1,2,2,1
22436,6,4,11,4,8,1,1,0,2,2,0
22437,3,6,11,4,12,4,1,1,1,2,0
22438,10,4,8,2,3,0,1,1,2,2,0
22439,8,4,15,4,10,3,0,1,2,2,0
22440,4,4,2,5,13,5,1,0,2,2,0
22441,18,1,11,2,1,5,1,0,2,2,0
22442,7,4,15,4,1,3,1,0,2,2,0
22443,6,4,11,2,7,5,1,0,2,2,0
22444,3,6,11,4,8,3,0,0,0,2,0
22445,3,4,1,4,12,1,1,1,4,2,1
22446,8,4,11,2,7,0,0,1,2,2,0
22447,10,4,11,2,7,0,1,1,2,2,0
22448,12,4,15,2,1,5,1,0,2,2,1
22449,11,4,15,2,8,0,1,1,2,2,0
22450,9,4,15,2,12,0,1,1,3,2,1
22451,7,0,9,0,0,1,0,0,1,0,0
22452,3,6,11,4,3,1,1,1,2,2,0
22453,11,6,7,2,12,0,1,1,2,2,0
22454,6,4,11,0,1,4,1,0,2,2,0
22455,8,6,12,0,10,2,1,1,1,2,0
22456,9,4,9,0,10,1,1,1,1,2,0
22457,6,4,9,2,4,0,1,1,3,2,0
22458,6,0,1,2,0,0,1,1,1,2,0
22459,13,4,1,5,8,1,1,0,1,2,0
22460,9,5,9,2,4,0,1,1,4,2,0
22461,7,5,15,2,1,0,1,1,2,2,1
22462,8,4,11,2,7,0,1,1,2,2,0
22463,4,4,15,4,4,2,1,1,2,2,0
22464,5,4,15,4,7,1,1,0,2,2,0
22465,7,4,15,0,8,1,1,0,2,0,1
22466,6,4,15,4,4,1,1,1,2,2,0
22467,6,6,11,1,1,4,1,0,2,2,0
22468,8,2,14,0,10,4,1,0,2,2,0
22469,11,6,9,2,13,0,0,1,0,2,1
22470,9,2,6,2,5,0,1,1,1,2,0
22471,9,2,15,4,4,3,1,1,2,2,0
22472,6,4,9,2,12,0,1,1,1,2,1
22473,7,4,11,4,12,3,1,1,1,2,0
22474,6,4,11,2,11,0,1,1,2,2,1
22475,13,4,9,2,12,0,1,1,2,2,1
22476,3,4,11,4,5,3,1,1,2,2,0
22477,7,4,1,2,13,0,1,1,2,2,0
22478,7,2,11,2,6,0,0,1,3,2,0
22479,8,7,14,2,10,0,1,1,3,2,1
22480,5,4,15,4,1,3,0,0,2,2,0
22481,7,4,8,2,3,0,1,1,3,1,0
22482,4,4,15,4,8,1,1,0,1,2,0
22483,13,5,14,2,3,0,1,1,2,2,1
22484,4,4,15,4,3,1,1,1,1,2,0
22485,8,4,11,2,7,0,0,1,2,2,1
22486,4,0,9,4,0,1,1,0,2,2,0
22487,4,4,5,4,3,3,1,1,2,2,0
22488,8,4,11,5,3,1,1,1,2,2,0
22489,7,4,11,4,1,3,0,0,2,2,0
22490,11,4,5,6,10,4,0,0,0,2,0
22491,14,4,11,2,7,5,1,0,2,2,0
22492,7,4,15,2,3,0,1,1,2,2,0
22493,8,4,15,4,8,3,1,0,2,2,0
22494,3,4,11,0,8,4,0,1,2,2,0
22495,4,4,9,4,4,1,1,0,2,2,0
22496,7,4,15,2,3,0,1,1,2,2,0
22497,9,4,15,0,1,4,1,0,2,2,0
22498,4,4,15,4,1,3,1,1,2,2,0
22499,7,4,15,2,1,0,1,1,2,2,0
22500,9,4,11,0,3,1,1,0,2,2,0
22501,7,2,6,2,10,0,1,1,2,2,1
22502,7,6,15,4,3,1,1,1,2,2,0
22503,13,4,15,2,3,0,1,1,2,2,1
22504,4,6,12,4,4,2,0,1,2,2,0
22505,9,4,15,5,4,4,1,1,2,2,0
22506,7,4,15,2,10,5,1,0,1,2,1
22507,6,4,9,2,1,1,0,0,1,2,1
22508,12,0,15,0,4,1,1,1,2,2,0
22509,5,4,11,0,6,1,1,1,3,2,0
22510,10,6,10,0,10,1,1,0,2,2,1
22511,12,4,15,6,1,4,1,0,2,2,0
22512,8,4,15,2,12,0,0,1,3,2,0
22513,3,4,15,4,10,1,1,0,2,2,0
22514,11,4,9,2,10,5,1,0,2,2,0
22515,4,4,15,4,12,1,1,0,2,2,0
22516,6,5,11,4,4,3,1,1,4,2,0
22517,6,4,15,2,11,5,1,0,2,2,1
22518,4,2,11,4,1,3,0,0,1,2,0
22519,4,4,11,4,3,3,1,1,2,2,1
22520,7,4,9,4,6,1,1,1,2,1,0
22521,7,6,9,6,13,1,1,0,2,0,0
22522,8,6,14,5,10,4,0,0,2,2,0
22523,6,2,11,2,1,0,0,1,2,2,0
22524,9,4,11,4,1,2,1,0,2,2,0
22525,9,4,12,0,10,4,1,1,1,2,0
22526,5,4,11,2,14,0,1,1,1,2,1
22527,3,4,8,4,13,2,1,1,2,2,0
22528,7,4,11,2,7,0,1,1,4,2,1
22529,12,4,11,2,4,0,1,1,2,2,1
22530,10,4,15,2,1,0,1,1,2,2,0
22531,5,2,9,2,10,5,1,0,1,2,1
22532,6,4,1,0,12,1,1,1,2,2,0
22533,7,4,14,2,14,0,1,1,2,2,0
22534,5,4,15,4,10,3,0,1,2,2,0
22535,5,6,11,2,3,0,1,1,2,2,0
22536,8,4,11,2,14,0,1,1,2,2,0
22537,5,4,11,2,5,0,1,1,3,2,0
22538,8,4,15,2,12,5,1,0,2,2,0
22539,6,4,11,2,3,0,1,1,2,2,1
22540,9,4,15,2,14,0,0,1,2,2,1
22541,7,4,15,0,3,1,1,1,2,2,0
22542,6,4,11,2,6,0,1,1,1,2,0
22543,7,4,5,2,10,0,1,1,2,2,1
22544,9,4,12,2,4,0,1,1,2,2,1
22545,3,4,11,4,8,3,1,0,2,2,0
22546,8,5,9,0,4,4,1,0,2,2,0
22547,3,7,9,4,1,1,0,0,2,2,0
22548,4,4,9,5,10,1,1,1,2,2,0
22549,5,4,11,2,12,0,1,1,1,1,1
22550,5,7,11,4,4,1,1,1,2,2,0
22551,10,4,11,2,4,0,1,1,2,2,0
22552,8,2,12,2,10,0,0,1,2,2,1
22553,5,4,1,2,3,0,0,1,2,2,1
22554,6,4,15,3,7,4,1,0,2,2,0
22555,3,4,8,4,12,1,1,1,2,2,0
22556,7,4,0,2,3,0,1,1,2,2,1
22557,6,4,7,2,12,0,1,1,2,2,0
22558,6,4,0,0,8,1,1,0,2,2,0
22559,7,4,8,4,12,3,0,0,2,2,0
22560,6,4,7,0,4,2,1,1,2,2,0
22561,10,4,1,2,14,0,1,1,3,2,1
22562,6,2,15,2,1,0,1,1,2,2,1
22563,9,4,9,2,13,0,1,1,2,1,1
22564,4,4,9,4,4,1,1,1,2,2,0
22565,12,4,9,0,8,1,1,1,2,2,0
22566,7,4,11,2,8,0,1,1,1,0,0
22567,13,4,9,2,11,0,1,1,2,2,1
22568,7,2,15,2,10,0,1,1,2,2,0
22569,5,4,9,4,8,3,0,0,1,2,0
22570,7,4,11,6,12,4,1,0,2,2,0
22571,5,5,9,4,4,1,1,0,2,2,0
22572,4,4,10,4,10,1,1,1,1,2,0
22573,7,4,9,2,10,0,1,1,2,2,1
22574,12,4,11,2,12,0,1,1,3,2,1
22575,4,6,11,4,3,3,1,1,2,2,0
22576,7,4,14,2,3,0,1,1,2,2,1
22577,11,4,15,4,4,3,0,0,2,2,0
22578,9,4,11,2,3,0,1,1,3,2,0
22579,8,5,11,2,4,0,1,1,2,2,0
22580,6,4,15,4,8,1,0,0,0,2,0
22581,7,4,9,4,11,1,0,1,2,2,0
22582,6,1,0,2,7,5,1,0,2,2,0
22583,6,4,15,0,1,1,0,1,2,2,0
22584,12,6,15,2,10,0,1,1,2,2,0
22585,5,4,11,4,12,3,1,0,1,2,0
22586,6,4,12,2,12,0,1,1,2,2,1
22587,6,4,11,1,4,0,1,1,4,2,0
22588,8,4,11,2,14,0,1,1,3,2,1
22589,7,4,12,2,10,0,1,1,2,2,1
22590,10,4,9,4,4,4,1,0,2,2,0
22591,9,4,9,0,4,2,1,0,2,2,0
22592,13,2,15,0,12,1,1,1,2,2,0
22593,10,6,11,2,3,0,1,1,2,2,1
22594,11,4,11,2,6,0,0,1,1,2,1
22595,7,4,15,5,1,1,1,0,2,2,0
22596,5,0,15,4,0,4,1,0,2,2,0
22597,5,2,9,4,4,1,1,1,2,2,0
22598,10,4,15,2,7,0,0,1,2,2,1
22599,11,6,11,2,12,0,1,1,2,2,0
22600,7,6,6,2,5,0,1,1,2,2,0
22601,8,2,7,2,12,0,1,1,4,2,0
22602,4,4,9,4,12,1,1,0,2,2,0
22603,11,5,12,3,4,1,1,0,2,2,0
22604,8,4,11,2,3,0,1,1,2,1,0
22605,4,4,11,4,8,1,1,1,1,2,0
22606,9,4,11,2,14,0,1,1,3,0,1
22607,8,6,15,2,1,0,1,1,2,2,0
22608,3,4,14,4,3,1,1,0,3,2,0
22609,10,2,15,2,10,5,0,0,2,2,0
22610,8,4,7,4,12,3,1,0,1,2,0
22611,13,4,9,2,10,0,0,1,3,2,0
22612,11,4,11,2,12,0,1,1,2,2,0
22613,8,2,10,4,10,3,1,1,2,2,0
22614,11,4,15,6,8,4,1,1,0,2,0
22615,3,6,12,4,12,2,1,1,2,2,0
22616,12,4,15,5,14,1,1,1,1,2,0
22617,12,4,5,2,3,0,1,1,2,2,1
22618,6,4,8,0,12,4,1,0,1,2,0
22619,11,4,11,2,8,0,0,1,2,2,0
22620,11,1,11,6,10,1,1,1,2,2,0
22621,4,4,6,2,5,0,1,1,3,2,1
22622,5,4,0,4,14,3,1,1,2,2,0
22623,10,4,1,2,3,0,1,1,2,2,0
22624,11,4,8,2,10,0,1,1,0,2,1
22625,4,4,11,4,7,3,1,1,2,2,0
22626,10,4,11,0,4,1,1,0,2,2,0
22627,5,7,15,4,11,1,1,0,2,2,0
22628,4,4,15,6,12,1,1,0,2,1,0
22629,6,7,14,3,1,1,1,0,1,2,0
22630,10,4,15,2,5,0,1,1,1,2,1
22631,4,4,15,4,7,3,1,1,2,2,0
22632,7,4,11,0,6,2,0,1,2,2,0
22633,9,4,3,2,6,0,1,1,2,2,1
22634,11,4,12,2,10,0,1,1,2,2,0
22635,8,4,12,0,10,1,1,1,2,2,0
22636,6,4,12,4,4,4,1,1,2,2,0
22637,5,4,11,4,3,3,1,1,2,2,0
22638,10,4,11,2,12,0,1,1,2,2,1
22639,5,4,9,2,6,1,1,1,1,2,0
22640,8,5,15,2,4,0,1,1,2,2,1
22641,9,7,9,2,10,0,1,1,2,2,0
22642,10,3,9,6,13,1,1,0,2,2,0
22643,9,1,15,4,1,1,0,0,2,2,0
22644,3,4,15,4,12,1,1,1,2,2,0
22645,5,4,5,2,3,0,1,1,1,2,0
22646,9,4,9,2,10,0,1,1,2,2,1
22647,7,4,7,2,12,0,1,1,1,2,0
22648,9,4,15,4,5,1,1,0,1,2,0
22649,9,4,0,0,13,4,1,0,2,2,0
22650,7,4,15,2,8,0,1,1,2,2,0
22651,9,4,11,5,1,4,1,0,1,2,0
22652,5,4,15,4,8,3,1,1,1,2,0
22653,9,4,15,4,8,3,1,0,2,2,0
22654,7,4,11,2,3,0,1,1,2,2,0
22655,6,6,12,0,4,1,1,1,2,2,0
22656,9,6,9,2,8,0,1,1,2,2,1
22657,6,6,9,2,4,0,1,1,2,2,1
22658,3,4,11,4,3,1,1,0,2,2,0
22659,13,4,11,2,8,0,0,1,1,2,1
22660,5,2,9,2,6,0,1,1,3,2,0
22661,5,4,12,2,4,0,1,1,3,2,0
22662,12,4,15,6,10,1,1,0,2,2,0
22663,5,4,15,4,1,1,1,0,2,2,0
22664,12,7,11,4,8,1,1,0,1,2,0
22665,12,4,15,2,5,0,1,1,2,2,1
22666,7,4,11,2,1,0,1,1,2,2,0
22667,8,5,11,0,5,1,1,1,3,2,0
22668,8,4,15,2,1,5,1,0,2,2,0
22669,7,4,11,2,12,0,1,1,2,2,1
22670,5,4,12,2,10,0,0,1,0,2,0
22671,4,4,5,4,11,4,1,0,2,2,0
22672,6,2,15,2,1,0,0,1,2,2,1
22673,8,4,11,2,4,0,1,1,2,2,1
22674,10,4,12,2,6,0,1,1,2,2,1
22675,8,4,1,2,8,0,1,1,2,2,0
22676,7,1,11,4,3,3,1,1,2,2,0
22677,9,4,11,2,14,0,1,1,1,2,1
22678,12,4,15,2,1,0,0,1,2,2,1
22679,4,4,11,4,8,3,1,1,2,2,1
22680,17,5,11,2,5,0,1,1,2,2,0
22681,10,4,7,2,4,0,1,1,2,2,0
22682,8,4,15,0,12,4,1,0,2,2,0
22683,3,7,11,4,4,3,1,1,2,2,0
22684,4,6,11,4,3,3,1,1,2,2,0
22685,4,4,11,4,3,3,1,1,2,3,1
22686,8,4,9,0,10,4,1,1,1,2,0
22687,9,4,9,2,1,0,1,1,4,2,1
22688,5,4,11,2,7,0,1,1,2,2,1
22689,7,7,15,5,1,1,1,0,2,2,0
22690,12,1,11,2,3,0,1,1,2,2,0
22691,9,4,9,0,8,1,1,0,2,2,0
22692,6,2,15,4,3,1,1,1,2,2,0
22693,6,5,9,0,0,4,1,1,2,2,0
22694,4,4,3,4,12,3,1,0,2,2,1
22695,5,5,11,4,4,3,1,1,2,2,0
22696,8,0,10,2,0,0,1,1,0,2,0
22697,4,4,9,4,10,3,1,0,2,2,0
22698,6,4,11,2,3,0,1,1,2,2,1
22699,4,5,6,4,5,3,1,1,3,2,0
22700,6,7,9,0,10,1,1,1,2,2,0
22701,5,0,15,4,4,4,1,0,2,2,0
22702,6,7,9,2,10,0,1,1,2,2,0
22703,10,6,15,2,8,0,1,1,2,2,0
22704,3,4,15,4,10,3,1,0,2,2,0
22705,5,0,15,2,6,2,1,1,2,2,1
22706,3,4,11,4,14,3,1,1,1,2,0
22707,9,4,15,0,1,4,0,0,2,2,0
22708,9,1,11,2,14,0,1,1,2,2,0
22709,6,4,12,0,10,1,1,0,0,2,0
22710,4,4,11,4,6,1,1,1,3,2,0
22711,4,4,11,0,14,1,1,1,2,2,0
22712,4,4,12,4,9,3,0,0,1,2,0
22713,5,4,11,4,7,1,0,1,2,2,0
22714,17,4,1,2,8,0,1,1,1,2,0
22715,8,4,12,2,5,0,1,1,1,2,0
22716,7,4,11,0,13,2,1,0,2,2,0
22717,5,6,9,4,13,3,1,0,2,2,0
22718,7,4,8,4,1,3,1,1,0,2,0
22719,4,4,9,4,12,3,1,1,3,2,0
22720,7,4,6,2,8,0,1,1,1,2,1
22721,10,4,11,2,7,4,0,1,2,2,0
22722,6,4,11,4,6,1,1,0,1,2,0
22723,10,4,9,2,4,0,1,1,3,2,1
22724,5,4,8,2,4,0,1,1,2,2,0
22725,3,4,15,4,7,1,1,1,2,2,0
22726,9,4,11,2,1,0,1,1,2,2,0
22727,10,6,15,0,8,4,1,0,2,2,1
22728,5,4,15,4,1,3,1,0,2,2,0
22729,10,4,1,0,8,4,1,0,1,2,0
22730,7,4,2,6,8,4,1,0,1,2,0
22731,9,6,0,2,3,0,1,1,2,2,0
22732,4,4,14,4,3,1,1,1,2,2,0
22733,7,4,11,2,12,0,1,1,2,2,0
22734,5,4,12,2,12,0,1,1,2,2,1
22735,7,4,11,2,12,0,1,1,2,0,1
22736,3,4,14,4,10,3,1,1,2,2,0
22737,3,4,11,4,7,1,1,1,2,2,0
22738,4,4,15,0,5,1,1,0,2,2,0
22739,8,4,11,0,1,4,1,0,2,2,0
22740,5,2,15,2,3,0,1,1,2,2,0
22741,10,5,15,2,4,0,1,1,2,2,0
22742,6,4,11,4,4,1,1,0,2,2,0
22743,8,7,5,0,10,1,1,0,2,0,0
22744,11,7,9,2,10,5,0,0,0,2,0
22745,8,2,0,0,9,1,1,0,2,2,0
22746,6,4,7,2,12,0,1,1,2,0,0
22747,5,0,1,4,0,3,1,1,2,2,0
22748,7,4,15,2,7,0,1,1,2,0,0
22749,6,6,8,2,12,0,1,1,2,2,0
22750,6,4,12,4,6,3,1,1,2,2,0
22751,5,4,11,4,7,1,1,1,2,2,0
22752,7,2,9,4,10,4,0,1,1,2,0
22753,7,4,11,2,3,5,1,0,2,2,0
22754,8,4,11,4,3,3,1,1,2,2,1
22755,4,2,11,4,3,3,1,1,2,2,0
22756,5,4,0,2,7,1,1,0,2,2,0
22757,3,2,12,4,10,1,1,1,2,2,0
22758,9,4,2,2,6,0,1,1,2,2,0
22759,8,4,15,2,8,0,0,1,1,2,1
22760,8,4,11,2,3,0,1,1,2,2,0
22761,11,0,11,0,0,1,1,1,1,2,0
22762,8,4,11,2,3,0,1,1,2,2,1
22763,5,4,11,6,8,4,1,0,2,2,1
22764,5,2,8,2,12,0,1,1,3,2,1
22765,4,0,5,4,0,3,1,1,2,2,0
22766,8,4,15,2,4,0,1,1,2,2,1
22767,7,4,11,2,12,5,1,0,2,2,1
22768,15,6,12,2,12,0,1,1,1,2,1
22769,8,4,0,2,7,0,1,1,2,2,0
22770,7,4,11,4,11,3,1,0,2,2,0
22771,11,4,15,2,12,0,1,1,3,2,0
22772,10,4,11,6,7,4,0,0,2,2,0
22773,7,4,15,1,12,1,1,0,1,2,0
22774,6,4,11,4,4,2,1,1,2,0,1
22775,7,6,0,2,13,0,1,1,2,2,1
22776,4,6,15,4,8,1,1,0,0,2,0
22777,6,4,15,4,8,2,1,0,1,2,0
22778,5,4,15,4,10,3,1,0,2,2,0
22779,12,4,7,2,14,0,1,1,2,2,1
22780,7,2,15,5,1,1,1,1,2,2,0
22781,8,6,1,0,5,1,1,0,2,2,0
22782,5,7,9,4,10,3,1,0,2,2,0
22783,6,4,11,2,3,0,1,1,2,0,1
22784,5,6,9,4,8,1,1,0,1,2,0
22785,6,4,15,0,5,4,1,0,2,2,0
22786,4,4,11,4,8,2,0,0,0,2,0
22787,10,2,9,2,4,5,1,0,2,2,1
22788,5,4,15,2,7,0,0,1,2,2,1
22789,6,4,8,4,10,4,1,0,2,2,0
22790,10,4,11,2,3,0,1,1,0,2,1
22791,7,3,3,5,13,4,0,0,1,2,0
22792,11,4,9,2,4,0,1,1,2,2,0
22793,4,4,11,4,8,2,1,1,1,2,0
22794,5,8,15,4,8,1,1,1,2,2,0
22795,17,7,11,0,4,1,1,0,2,2,0
22796,3,4,13,4,13,1,1,0,2,2,0
22797,8,4,11,4,8,4,1,0,1,2,0
22798,4,4,15,4,8,3,1,0,2,2,0
22799,10,4,11,2,8,5,1,0,1,2,1
22800,5,4,11,0,14,2,1,0,2,2,0
22801,9,4,5,2,3,0,1,1,2,2,1
22802,4,0,10,4,0,3,1,1,1,2,1
22803,6,2,5,4,9,1,1,1,1,2,0
22804,11,7,9,2,10,0,1,1,2,2,0
22805,5,4,15,2,12,0,1,1,1,2,1
22806,15,4,9,6,4,4,1,0,2,2,0
22807,4,4,11,4,3,1,1,1,2,2,0
22808,6,4,11,2,1,0,1,1,2,2,1
22809,8,7,12,2,10,0,0,1,2,2,1
22810,3,4,9,4,8,4,1,1,2,2,0
22811,3,4,11,4,8,1,1,0,0,2,1
22812,7,4,15,2,8,2,1,1,1,2,1
22813,8,4,11,2,8,0,1,1,2,2,1
22814,6,4,9,0,12,4,1,1,2,0,1
22815,6,4,11,2,14,0,1,1,3,2,1
22816,4,4,9,4,10,3,1,1,2,2,0
22817,11,0,5,2,0,0,0,1,0,2,0
22818,11,4,11,2,7,0,1,1,2,2,0
22819,10,4,11,6,8,4,1,0,0,2,0
22820,4,4,9,2,10,0,1,1,1,2,0
22821,16,7,9,0,8,4,1,0,0,2,0
22822,11,6,15,2,12,0,1,1,3,2,0
22823,11,4,14,6,3,4,1,1,2,2,0
22824,9,4,11,0,1,1,1,1,1,2,0
22825,8,4,11,4,8,1,1,0,0,2,0
22826,12,6,15,2,3,0,1,1,2,2,1
22827,6,4,0,0,7,1,1,0,2,2,0
22828,6,1,10,4,10,1,1,0,2,2,0
22829,6,4,0,2,7,0,1,1,2,2,1
22830,5,4,11,4,8,4,1,0,0,2,0
22831,9,4,10,2,10,0,1,1,2,2,0
22832,5,1,15,4,3,3,1,1,2,2,0
22833,7,0,11,5,0,4,1,1,1,2,0
22834,5,4,9,2,12,0,1,1,1,1,0
22835,9,4,0,2,8,0,1,1,1,2,1
22836,7,2,9,2,10,1,1,1,2,2,1
22837,3,4,11,4,12,3,1,0,4,2,0
22838,6,5,9,0,4,3,1,0,2,2,0
22839,16,6,7,2,12,0,1,1,0,2,0
22840,13,4,9,5,10,4,1,0,1,2,0
22841,9,4,11,2,1,0,0,1,1,2,0
22842,8,4,0,2,7,0,0,1,2,2,1
22843,7,0,6,2,0,1,1,1,2,2,1
22844,4,4,11,4,13,1,1,0,2,2,0
22845,5,4,14,4,3,3,1,1,2,2,0
22846,7,5,11,4,1,1,0,1,4,2,0
22847,4,4,11,4,8,3,1,0,2,2,0
22848,7,5,9,2,4,5,1,0,2,2,1
22849,8,7,9,0,10,1,1,1,2,2,0
22850,8,4,11,0,1,4,1,0,2,2,0
22851,5,4,8,4,12,3,1,1,1,2,0
22852,5,4,9,2,4,5,1,0,2,2,1
22853,11,4,11,0,14,4,1,0,2,2,0
22854,4,4,15,4,4,3,1,0,2,2,0
22855,8,4,11,2,7,0,1,1,2,2,1
22856,6,4,1,2,3,0,0,1,2,2,0
22857,6,0,5,3,0,5,1,0,2,2,1
22858,9,4,8,2,11,0,1,1,2,2,1
22859,7,2,12,2,5,0,1,1,3,2,0
22860,7,4,11,2,8,0,1,1,2,2,1
22861,8,4,11,4,4,2,1,1,2,2,0
22862,11,4,9,2,1,2,1,0,2,2,1
22863,6,4,10,4,10,2,1,0,1,2,0
22864,6,4,12,2,4,5,1,0,2,1,1
22865,5,2,9,0,10,4,1,0,2,2,0
22866,10,4,0,0,3,1,1,1,2,2,0
22867,8,6,9,0,4,1,1,1,3,2,0
22868,5,4,11,4,1,1,0,1,2,2,0
22869,10,4,11,2,4,0,1,1,2,2,1
22870,9,8,9,0,13,4,1,0,1,2,0
22871,5,4,11,4,8,3,1,0,2,2,0
22872,9,4,0,4,8,1,1,1,2,2,0
22873,6,6,11,4,12,1,1,1,2,2,0
22874,4,4,8,4,10,1,1,1,2,2,0
22875,11,4,11,4,4,3,1,1,2,2,0
22876,9,4,11,2,12,0,1,1,3,2,1
22877,5,4,7,4,12,3,1,1,0,2,0
22878,8,7,11,4,10,3,1,0,2,2,0
22879,7,0,1,2,0,0,1,1,1,2,0
22880,5,1,11,4,1,4,1,0,2,2,0
22881,6,4,0,2,3,0,1,1,2,2,1
22882,10,5,11,2,10,0,1,1,1,2,0
22883,9,4,11,2,3,0,1,1,2,2,0
22884,5,0,15,4,0,1,1,0,1,2,0
22885,6,5,12,1,4,5,1,0,2,1,0
22886,8,5,9,2,4,0,0,1,3,2,0
22887,13,4,15,5,1,1,1,0,2,2,0
22888,10,0,10,4,0,1,1,0,2,2,1
22889,7,4,5,6,3,1,1,1,2,2,0
22890,6,4,11,0,6,1,0,1,2,2,0
22891,8,4,5,2,3,0,1,1,2,2,0
22892,10,4,11,0,8,4,1,0,2,2,0
22893,6,4,7,0,1,1,1,0,2,2,0
22894,6,0,10,2,0,0,1,1,1,1,0
22895,5,4,11,4,4,1,1,1,2,2,0
22896,7,4,15,4,8,3,0,0,2,0,0
22897,10,4,8,2,10,0,1,1,2,2,0
22898,7,5,5,2,3,0,0,1,2,2,0
22899,8,0,5,0,0,1,0,0,2,2,0
22900,6,4,11,4,3,3,1,1,2,2,0
22901,6,0,15,4,4,3,1,1,2,2,0
22902,5,4,11,2,7,0,1,1,2,2,0
22903,11,4,11,2,14,0,0,1,3,2,1
22904,10,4,15,2,12,5,1,0,2,2,0
22905,12,4,11,2,1,0,1,1,2,2,0
22906,3,4,11,4,10,3,1,1,2,2,0
22907,7,4,6,4,3,1,1,1,2,2,0
22908,13,4,15,2,8,0,1,1,0,2,1
22909,5,4,15,4,3,1,1,1,1,2,0
22910,4,4,9,4,12,1,0,1,2,2,0
22911,7,4,15,0,13,1,1,0,2,2,0
22912,3,4,15,4,1,1,1,0,1,2,0
22913,10,0,9,2,0,0,1,1,0,2,1
22914,6,3,11,3,13,4,1,0,2,2,1
22915,9,4,11,2,13,0,1,1,2,2,0
22916,8,0,6,2,0,0,1,1,1,2,1
22917,4,1,9,4,4,3,1,1,2,2,0
22918,8,4,9,4,10,2,1,0,3,2,0
22919,8,6,12,2,4,0,1,1,2,2,0
22920,6,4,15,2,4,0,1,1,2,2,1
22921,9,4,6,2,5,0,1,1,1,2,0
22922,5,4,9,2,11,0,0,1,2,2,0
22923,8,4,11,4,14,3,1,1,2,2,0
22924,10,4,0,2,13,2,1,1,2,2,0
22925,8,4,11,0,1,1,1,0,2,2,0
22926,4,4,5,4,3,1,1,1,2,2,0
22927,8,5,5,0,10,2,1,1,2,2,0
22928,9,5,9,2,4,0,1,1,2,2,1
22929,5,4,9,0,1,4,1,0,2,2,0
22930,5,4,8,4,4,3,0,0,3,2,0
22931,6,4,11,2,14,0,1,1,1,2,1
22932,5,4,14,4,3,3,1,1,2,2,0
22933,6,4,11,2,4,0,1,1,2,2,1
22934,4,4,11,4,3,4,1,0,2,2,0
22935,9,4,9,4,12,1,1,1,2,2,0
22936,7,4,11,5,8,3,1,0,2,4,0
22937,4,4,11,4,14,1,1,1,3,2,0
22938,11,4,15,4,1,2,1,0,2,2,0
22939,10,4,1,2,7,0,1,1,2,2,0
22940,6,4,11,4,1,3,1,0,1,2,0
22941,7,4,11,2,14,5,1,0,2,1,0
22942,5,4,11,4,3,3,1,1,2,2,0
22943,11,4,11,2,3,0,1,1,2,2,0
22944,6,4,9,4,13,3,1,0,2,2,0
22945,9,4,15,2,12,0,1,1,4,2,0
22946,12,4,9,2,4,0,1,1,2,2,1
22947,5,4,9,2,10,0,1,1,2,2,0
22948,4,7,11,4,10,3,1,0,1,2,0
22949,4,6,11,4,5,1,1,1,3,2,0
22950,5,4,9,2,12,0,1,1,2,2,0
22951,18,7,9,2,10,0,1,1,0,2,1
22952,10,4,0,2,13,0,1,1,0,2,0
22953,8,4,12,2,4,0,1,1,2,2,1
22954,6,4,1,2,7,5,1,0,2,2,0
22955,7,4,7,2,3,0,1,1,2,2,0
22956,9,2,9,0,10,1,1,1,2,2,0
22957,5,4,9,4,10,3,1,1,1,2,0
22958,6,4,11,2,3,0,1,1,2,2,1
22959,18,4,11,6,14,1,1,1,2,2,0
22960,4,4,9,4,13,4,1,0,2,2,1
22961,6,4,12,0,10,1,1,1,2,1,0
22962,9,2,11,0,11,4,0,0,2,2,0
22963,6,4,9,2,12,0,1,1,2,2,1
22964,8,4,0,2,3,0,1,1,2,2,0
22965,13,4,11,0,3,4,0,0,1,2,0
22966,3,4,5,4,10,3,1,0,2,2,0
22967,8,7,5,2,11,5,1,0,2,2,1
22968,4,4,15,0,1,1,1,0,1,2,0
22969,7,7,9,0,8,1,1,0,2,2,0
22970,7,2,9,2,10,0,1,1,1,2,0
22971,7,4,15,0,1,1,1,1,4,2,0
22972,12,4,9,2,10,0,0,1,2,2,0
22973,9,4,11,5,4,4,1,0,1,2,0
22974,6,6,12,4,10,1,1,1,2,2,0
22975,6,4,11,2,12,0,1,1,2,2,1
22976,12,4,0,4,8,3,1,0,2,2,0
22977,7,6,11,2,4,0,0,1,2,2,0
22978,6,4,11,2,7,0,1,1,2,2,1
22979,7,6,9,4,10,1,1,0,2,2,0
22980,6,4,7,2,12,0,1,1,1,1,0
22981,10,6,11,2,5,0,1,1,3,2,1
22982,4,4,11,4,4,1,1,0,4,2,0
22983,11,4,11,2,6,0,1,1,2,2,0
22984,6,5,9,4,4,3,1,1,2,2,0
22985,8,4,15,0,4,1,1,0,2,2,0
22986,9,4,11,2,3,0,1,1,1,2,0
22987,6,4,11,2,12,0,1,1,2,2,1
22988,7,6,9,2,8,5,0,0,0,2,0
22989,4,4,15,5,3,4,1,1,2,2,0
22990,9,4,10,4,7,3,1,1,2,2,0
22991,5,7,9,4,1,1,1,0,2,4,0
22992,7,4,14,2,3,0,1,1,2,2,0
22993,9,6,9,4,4,3,1,1,2,2,0
22994,8,6,8,2,3,0,1,1,2,2,1
22995,6,0,9,3,0,1,1,0,1,2,0
22996,4,4,11,4,4,1,1,0,2,2,0
22997,17,4,11,0,4,1,1,1,2,2,1
22998,10,4,11,2,1,0,1,1,2,2,1
22999,3,4,9,4,12,3,0,1,2,2,0
23000,8,4,9,2,12,5,1,0,2,2,0
23001,9,4,9,0,8,1,1,0,2,2,0
23002,5,7,15,2,8,0,1,1,2,2,0
23003,9,4,9,2,12,0,1,1,1,2,1
23004,5,1,11,2,3,0,0,1,2,2,1
23005,5,6,15,4,1,3,1,0,2,2,0
23006,6,6,11,4,5,3,1,1,1,2,0
23007,8,2,12,5,4,4,1,0,2,2,0
23008,5,4,9,2,12,0,1,1,2,2,0
23009,7,7,9,4,1,4,1,0,2,2,0
23010,8,0,1,2,0,0,1,1,2,2,0
23011,7,4,11,5,6,0,1,1,1,2,0
23012,7,2,8,2,12,0,1,1,1,2,1
23013,6,4,11,0,14,3,1,1,2,2,0
23014,7,4,9,2,4,0,1,1,2,2,1
23015,7,7,10,2,10,0,1,1,2,2,0
23016,6,4,11,2,3,0,1,1,2,2,0
23017,8,2,12,0,10,4,1,0,2,2,0
23018,10,6,15,2,4,0,1,1,2,2,1
23019,9,4,11,2,8,0,1,1,2,2,0
23020,6,6,9,2,12,0,1,1,2,2,1
23021,9,4,11,2,6,0,1,1,3,2,0
23022,9,4,15,2,1,0,0,1,2,2,1
23023,8,4,11,4,6,3,1,0,3,2,0
23024,6,4,8,4,4,3,1,1,2,2,0
23025,9,4,15,2,12,0,1,1,3,2,0
23026,6,4,15,4,12,1,1,0,3,2,0
23027,5,4,10,4,8,3,1,1,2,2,0
23028,8,1,7,0,4,2,1,0,2,2,0
23029,10,6,9,2,10,0,1,1,2,2,1
23030,11,7,9,2,10,0,1,1,3,2,0
23031,10,4,11,2,3,5,1,0,2,2,0
23032,9,6,12,2,10,0,1,1,2,2,0
23033,17,4,15,0,3,4,1,0,2,2,0
23034,9,0,11,2,6,0,1,1,3,2,1
23035,8,4,11,2,6,0,1,1,2,2,0
23036,9,4,11,2,3,0,1,1,1,2,1
23037,7,4,5,4,3,1,1,1,1,2,0
23038,4,4,11,4,4,3,1,0,2,2,0
23039,8,4,1,2,2,0,0,1,1,2,0
23040,9,4,12,2,10,0,1,1,2,2,0
23041,5,4,12,4,4,4,1,0,2,2,1
23042,11,4,12,2,10,0,0,1,1,2,0
23043,9,4,0,2,6,0,1,1,2,2,0
23044,4,0,15,0,0,1,1,1,2,2,0
23045,4,4,10,4,10,1,0,0,2,2,0
23046,12,4,6,2,10,0,1,1,2,2,0
23047,10,4,15,0,13,1,1,0,1,2,0
23048,8,4,9,0,4,1,1,0,2,2,0
23049,3,4,11,4,3,1,1,1,2,2,0
23050,6,4,14,4,10,3,1,1,3,0,1
23051,3,4,12,4,1,3,0,0,2,2,0
23052,5,4,8,4,3,1,1,1,2,2,0
23053,11,4,0,6,6,1,1,1,2,2,0
23054,12,4,9,2,12,0,1,1,0,2,0
23055,6,4,11,0,7,1,1,1,2,2,0
23056,7,4,5,4,10,3,1,1,1,2,0
23057,4,4,11,4,1,1,1,1,2,2,0
23058,9,4,11,0,8,1,0,0,0,2,0
23059,5,4,8,2,12,0,1,1,1,2,1
23060,6,4,9,0,12,1,1,0,2,2,0
23061,8,0,15,2,4,0,1,1,2,2,1
23062,4,4,11,4,3,3,1,1,2,2,1
23063,7,4,0,2,4,0,1,1,2,2,0
23064,10,3,11,2,13,0,1,1,2,2,0
23065,7,4,0,3,7,0,1,1,2,2,0
23066,5,4,15,4,12,3,1,1,2,2,0
23067,9,4,9,0,4,1,1,0,2,2,0
23068,9,4,11,0,7,1,1,1,2,2,0
23069,9,4,11,2,1,5,1,0,2,2,0
23070,12,4,9,0,4,1,1,1,1,2,0
23071,5,4,15,4,1,1,0,0,2,2,0
23072,8,4,15,0,12,4,1,0,2,2,0
23073,9,4,11,2,8,4,1,0,2,2,0
23074,9,5,15,0,4,1,1,1,2,2,0
23075,8,4,7,0,1,4,1,0,2,2,0
23076,6,4,9,2,10,0,1,1,2,2,0
23077,8,4,8,2,3,0,0,1,1,2,1
23078,5,4,5,2,3,0,1,1,2,2,0
23079,6,4,0,4,7,3,1,1,2,2,0
23080,7,4,11,2,3,0,1,1,2,2,1
23081,6,6,15,4,8,3,1,0,2,2,0
23082,9,4,14,2,10,0,1,1,2,2,1
23083,9,4,11,2,8,4,1,0,2,2,0
23084,9,4,11,2,3,0,0,1,2,2,1
23085,8,4,11,0,14,4,1,1,1,2,0
23086,5,2,9,0,10,3,1,0,2,2,0
23087,8,4,1,2,14,0,1,1,2,2,1
23088,8,4,11,0,1,2,1,0,2,2,1
23089,9,4,9,0,6,1,1,1,2,2,0
23090,7,4,6,2,5,0,1,1,2,2,1
23091,4,4,9,4,12,3,1,0,2,2,0
23092,3,2,12,4,10,1,1,0,2,2,0
23093,5,2,11,4,8,3,1,1,1,2,0
23094,7,4,11,5,12,4,1,0,2,0,0
23095,12,4,1,0,3,1,1,1,2,2,0
23096,8,6,11,4,3,1,1,1,2,2,0
23097,7,4,11,4,8,3,0,1,1,2,0
23098,9,6,6,4,8,4,0,0,1,2,0
23099,11,6,15,0,12,4,1,0,2,2,0
23100,9,2,11,4,6,2,0,1,2,2,0
23101,11,6,15,4,12,1,1,0,2,2,0
23102,8,7,9,5,8,1,1,0,2,2,0
23103,11,4,12,2,4,5,1,0,2,2,1
23104,12,4,8,5,1,4,0,0,2,2,0
23105,8,5,12,4,5,1,1,1,3,2,0
23106,4,2,12,4,2,3,0,1,1,2,0
23107,6,4,15,0,4,4,1,1,2,2,0
23108,7,4,11,0,14,1,1,1,3,2,0
23109,12,4,15,2,4,0,1,1,2,2,0
23110,8,6,11,2,5,0,1,1,1,2,0
23111,7,4,15,2,3,0,1,1,2,2,0
23112,11,4,11,2,1,0,0,1,1,2,0
23113,9,2,11,2,11,0,0,1,2,0,0
23114,8,4,12,0,6,1,1,1,2,2,0
23115,10,1,12,2,10,0,1,1,2,2,0
23116,3,1,15,4,14,3,1,1,2,2,0
23117,5,4,15,4,5,3,1,0,3,2,0
23118,12,4,9,2,4,5,1,0,3,2,0
23119,7,4,1,4,12,3,1,1,3,2,0
23120,11,4,12,1,1,0,1,1,0,2,1
23121,4,4,11,2,12,0,1,1,2,2,0
23122,9,4,14,0,3,4,1,1,2,2,0
23123,8,4,10,2,10,0,1,1,3,2,1
23124,4,4,11,4,7,3,1,1,2,2,0
23125,9,4,11,2,1,5,1,0,1,0,0
23126,14,4,11,2,3,0,1,1,2,2,0
23127,6,4,7,2,4,0,1,1,2,0,0
23128,7,4,7,2,14,0,0,1,2,2,1
23129,9,4,15,2,14,0,1,1,2,2,0
23130,6,4,15,2,1,0,1,1,0,1,0
23131,4,4,11,6,4,1,1,1,2,2,0
23132,8,2,11,2,4,0,1,1,3,2,1
23133,5,4,9,4,12,2,0,1,2,2,0
23134,9,4,15,4,10,3,0,1,2,2,0
23135,7,5,12,2,4,0,1,1,2,2,1
23136,5,6,15,2,8,0,1,1,1,2,0
23137,9,4,15,2,1,0,1,1,1,2,0
23138,12,4,15,2,7,0,1,1,2,2,0
23139,6,4,5,0,1,4,0,0,2,2,0
23140,4,4,0,4,14,1,1,1,1,2,0
23141,6,2,11,4,3,2,1,1,2,2,0
23142,4,4,11,4,7,3,1,1,2,2,0
23143,10,4,15,2,8,0,0,1,1,2,0
23144,11,4,15,0,8,1,1,0,2,2,1
23145,11,7,15,2,1,1,1,0,2,2,1
23146,6,4,11,4,12,1,0,1,2,2,0
23147,4,2,9,6,1,4,1,0,2,1,0
23148,4,4,12,4,1,4,1,0,2,2,0
23149,9,0,1,0,0,1,1,0,2,2,0
23150,8,4,11,0,3,4,1,1,2,2,0
23151,5,4,11,4,7,4,0,0,2,2,0
23152,12,4,11,2,14,0,1,1,2,2,1
23153,11,4,11,2,7,5,1,0,2,2,0
23154,7,4,11,5,1,1,0,1,2,2,0
23155,8,4,11,2,4,0,1,1,4,2,1
23156,3,4,9,4,6,2,1,1,2,2,0
23157,5,6,11,2,4,0,1,1,2,2,0
23158,8,4,11,2,8,0,1,1,2,2,0
23159,11,4,13,1,6,1,0,1,2,2,0
23160,10,4,11,2,6,5,1,0,2,2,0
23161,7,4,15,2,4,0,1,1,2,2,1
23162,8,4,11,4,12,1,1,0,3,2,0
23163,11,4,2,2,13,0,1,1,2,2,0
23164,6,4,15,0,13,1,1,0,2,1,0
23165,8,4,9,4,13,3,1,1,2,2,0
23166,3,6,15,4,1,2,0,0,1,2,0
23167,10,4,9,0,1,2,0,0,2,2,0
23168,8,4,9,2,12,0,1,1,2,2,0
23169,7,4,11,2,8,0,1,1,2,2,1
23170,6,4,15,2,14,0,1,1,2,2,0
23171,9,4,0,2,6,0,1,1,2,2,0
23172,7,4,15,2,1,5,0,0,2,2,1
23173,5,4,9,2,4,0,1,1,2,2,1
23174,5,4,11,4,1,2,1,0,0,2,0
23175,3,4,15,4,13,3,1,1,2,2,0
23176,9,4,11,2,8,5,1,0,1,2,0
23177,5,4,11,4,8,3,0,0,2,2,0
23178,7,4,9,4,4,3,1,1,2,2,0
23179,11,4,15,2,14,0,1,1,2,2,0
23180,8,4,11,2,13,0,1,1,2,2,0
23181,9,4,0,2,3,0,0,1,2,2,1
23182,9,6,11,4,4,3,1,0,2,0,0
23183,6,4,7,2,12,0,1,1,1,2,0
23184,11,4,12,2,4,0,1,1,3,2,0
23185,4,4,15,4,8,4,0,0,2,2,0
23186,10,6,9,0,10,4,1,0,2,2,1
23187,6,4,11,2,7,0,0,1,4,2,1
23188,7,4,8,2,10,0,1,1,1,2,1
23189,5,7,14,2,10,0,1,1,3,2,1
23190,3,2,9,4,4,1,1,0,2,2,0
23191,7,4,7,0,1,4,1,0,2,2,0
23192,8,4,15,2,11,0,1,1,2,2,1
23193,12,1,15,2,12,2,1,0,4,2,0
23194,8,4,11,2,5,2,1,0,2,2,0
23195,9,6,11,0,3,2,1,1,2,2,0
23196,7,4,11,2,12,0,1,1,2,2,1
23197,8,4,6,2,5,0,1,1,3,2,0
23198,13,4,12,2,10,0,1,1,1,2,0
23199,8,4,15,2,12,0,1,1,2,2,0
23200,6,4,11,2,12,0,1,1,2,2,1
23201,5,4,11,4,3,3,0,1,2,2,0
23202,11,6,1,2,3,0,1,1,2,2,0
23203,6,4,15,4,1,4,1,0,2,2,0
23204,4,4,8,4,3,1,1,1,2,2,0
23205,10,4,3,2,13,0,1,1,2,2,0
23206,10,1,11,0,14,4,1,0,2,2,1
23207,9,4,11,0,3,1,1,1,2,2,0
23208,11,7,12,4,10,3,1,1,1,2,0
23209,8,4,9,2,10,0,0,1,2,2,0
23210,7,7,11,2,10,0,1,1,0,2,1
23211,18,0,10,2,0,0,1,1,1,2,0
23212,10,4,11,2,14,0,1,1,2,2,0
23213,9,4,15,2,4,0,1,1,2,2,0
23214,8,4,8,2,3,0,1,1,1,2,0
23215,8,4,9,0,10,4,1,1,2,2,0
23216,11,5,15,2,4,5,1,0,2,2,0
23217,7,4,15,4,1,4,0,0,0,2,0
23218,8,4,15,2,12,0,1,1,2,2,1
23219,7,4,11,4,8,1,0,1,1,2,0
23220,8,4,15,2,4,0,1,1,2,2,0
23221,7,4,15,2,6,0,1,1,2,2,0
23222,6,4,11,2,8,0,1,1,1,2,1
23223,11,6,7,2,3,0,1,1,2,2,1
23224,9,4,15,0,5,4,1,0,1,2,0
23225,5,6,11,4,3,3,1,1,2,2,0
23226,5,4,15,4,3,4,1,0,2,2,0
23227,6,4,9,2,4,0,1,1,2,2,0
23228,10,6,10,6,10,1,1,0,2,2,0
23229,6,5,9,0,4,1,1,1,2,2,0
23230,7,4,11,4,1,1,1,1,2,2,0
23231,5,2,12,2,10,0,1,1,2,2,0
23232,13,4,15,2,1,0,1,1,2,2,0
23233,3,4,11,4,4,3,1,1,2,2,0
23234,4,4,15,4,10,1,0,1,2,2,0
23235,9,4,9,4,12,3,1,0,2,0,0
23236,10,4,11,2,1,0,1,1,1,2,0
23237,7,4,15,2,8,0,1,1,1,2,0
23238,8,7,11,0,11,4,1,0,1,2,1
23239,8,6,8,0,12,1,1,0,2,2,0
23240,8,4,15,2,4,0,1,1,2,2,0
23241,10,4,11,2,8,0,0,1,2,2,1
23242,12,4,15,0,12,1,1,1,2,2,0
23243,11,4,8,4,10,3,1,0,2,2,0
23244,10,4,1,2,12,0,1,1,3,2,0
23245,10,4,11,2,5,0,1,1,1,2,0
23246,6,4,11,0,6,1,1,0,3,2,0
23247,8,4,15,0,6,1,1,0,3,2,0
23248,9,4,15,2,12,0,1,1,2,2,1
23249,7,4,15,4,7,2,1,1,2,2,0
23250,13,5,6,2,5,0,1,1,2,2,0
23251,3,6,11,4,3,1,1,1,2,2,0
23252,4,4,15,6,1,4,0,0,2,3,0
23253,8,4,9,0,13,1,0,0,2,2,0
23254,6,4,15,2,14,0,1,1,3,2,1
23255,4,4,12,4,10,1,0,0,2,2,0
23256,6,4,0,2,6,0,0,1,3,2,0
23257,12,4,7,0,13,3,1,1,2,2,0
23258,7,2,9,4,4,1,1,1,2,2,0
23259,8,4,11,2,14,0,1,1,1,2,1
23260,6,4,11,3,8,5,0,0,1,2,0
23261,7,7,11,0,11,1,1,1,1,2,0
23262,6,4,15,2,1,0,1,1,2,2,0
23263,4,4,11,4,14,1,1,1,2,2,0
23264,11,4,9,2,10,0,1,1,2,2,1
23265,7,4,15,2,1,0,1,1,1,2,0
23266,7,4,8,0,10,4,1,0,2,0,0
23267,8,6,11,2,12,0,1,1,2,2,1
23268,17,4,15,0,12,1,1,1,3,2,0
23269,5,4,11,4,3,3,1,1,2,2,0
23270,8,4,12,2,10,0,1,1,1,2,1
23271,7,4,11,2,3,0,1,1,2,2,1
23272,10,4,11,2,4,3,1,1,2,2,1
23273,8,4,11,4,1,1,1,1,1,2,0
23274,6,4,15,4,1,4,1,0,2,1,0
23275,10,4,15,0,12,4,1,0,2,2,0
23276,7,4,15,5,8,1,1,0,1,0,0
23277,7,4,8,2,11,0,1,1,2,2,0
23278,5,4,0,0,6,4,1,1,3,2,0
23279,6,6,11,4,3,3,1,1,2,2,0
23280,5,4,8,4,13,1,1,0,2,2,0
23281,5,4,11,4,1,3,1,0,2,2,0
23282,8,4,15,3,4,0,1,1,2,2,0
23283,10,4,9,2,11,0,1,1,2,2,0
23284,3,4,12,4,4,3,1,0,4,2,0
23285,10,4,14,2,14,0,1,1,2,2,1
23286,17,4,11,6,7,1,1,1,2,2,0
23287,9,4,9,0,4,4,1,1,2,2,0
23288,11,1,9,2,4,0,1,1,2,2,1
23289,4,4,8,4,3,1,1,1,2,2,0
23290,14,4,15,2,12,0,1,1,2,2,0
23291,4,4,15,4,14,3,1,1,2,2,0
23292,3,4,15,4,4,1,1,0,2,2,0
23293,13,6,11,2,12,0,1,1,3,2,1
23294,9,4,11,2,14,0,1,1,2,2,0
23295,7,4,15,4,6,1,1,1,2,2,0
23296,8,4,15,2,8,5,1,0,2,2,0
23297,11,4,15,2,3,0,0,1,2,2,0
23298,6,4,9,0,12,2,1,1,2,2,0
23299,3,4,15,4,7,1,1,0,2,2,0
23300,10,4,15,2,12,0,1,1,4,2,1
23301,5,4,15,4,8,3,0,0,2,2,0
23302,5,5,15,2,4,0,1,1,2,2,0
23303,4,4,15,4,1,1,1,0,1,2,0
23304,3,4,12,4,4,4,1,0,1,2,0
23305,5,4,5,4,3,1,0,1,2,2,0
23306,8,4,11,2,3,0,1,1,2,2,1
23307,7,4,0,5,7,1,1,1,2,2,0
23308,9,4,11,0,1,1,1,0,2,2,0
23309,6,4,15,4,1,3,1,1,1,2,0
23310,9,4,6,2,3,0,1,1,2,2,0
23311,8,4,11,2,12,0,1,1,2,2,0
23312,7,2,14,2,10,0,1,1,2,2,0
23313,10,4,11,0,1,1,1,0,2,2,1
23314,5,4,11,2,10,0,0,1,1,2,0
23315,10,4,15,0,6,4,1,1,2,2,0
23316,5,4,15,4,10,1,1,0,2,2,0
23317,7,4,9,4,8,1,1,0,1,2,0
23318,10,4,8,2,14,0,1,1,1,2,0
23319,5,4,11,4,14,3,1,1,2,2,0
23320,6,4,11,4,12,3,1,0,2,2,0
23321,8,4,15,2,8,5,1,0,1,2,1
23322,8,4,11,2,3,0,1,1,2,2,1
23323,4,4,11,5,1,4,1,0,3,2,0
23324,7,4,7,2,12,0,0,1,4,2,1
23325,5,6,12,2,5,0,1,1,3,2,0
23326,9,7,15,2,1,0,1,1,0,2,1
23327,4,4,15,4,4,3,1,1,2,2,0
23328,8,4,12,2,4,0,1,1,2,2,1
23329,9,6,15,2,5,0,1,1,3,2,0
23330,3,4,11,4,1,3,1,0,0,2,0
23331,4,4,8,4,3,3,1,1,2,2,0
23332,3,4,11,4,7,1,0,0,2,2,0
23333,11,4,11,2,3,0,0,1,2,2,1
23334,6,4,15,0,1,1,1,0,2,2,0
23335,4,5,9,4,1,1,1,1,2,2,0
23336,8,4,9,2,7,0,1,1,4,2,0
23337,4,6,9,4,4,3,1,0,2,2,0
23338,12,4,11,2,12,5,0,0,1,2,0
23339,9,4,15,2,8,0,1,1,2,2,0
23340,8,6,15,5,12,4,1,0,2,2,0
23341,11,4,11,2,4,0,1,1,2,2,1
23342,8,4,15,2,3,0,1,1,2,2,0
23343,4,4,15,6,10,1,1,0,2,2,0
23344,9,4,15,4,8,1,0,1,2,2,0
23345,7,4,0,4,7,3,1,0,2,2,0
23346,6,4,11,2,3,0,1,1,2,2,0
23347,7,4,11,2,7,0,1,1,2,2,0
23348,5,4,10,4,7,2,1,0,2,2,0
23349,8,4,0,2,6,0,1,1,1,2,1
23350,13,0,10,2,0,0,1,1,1,2,0
23351,7,4,11,2,3,0,1,1,2,2,1
23352,10,0,11,0,0,4,1,0,1,2,0
23353,5,5,9,4,4,4,1,0,2,2,0
23354,5,5,10,2,0,0,1,1,2,2,0
23355,10,6,12,2,10,0,1,1,2,2,0
23356,7,4,11,0,3,4,1,1,2,0,0
23357,4,0,11,4,0,1,1,1,1,2,0
23358,5,4,11,2,6,0,1,1,2,2,1
23359,11,1,9,4,10,3,1,0,2,2,0
23360,5,4,11,4,10,1,1,1,2,2,0
23361,4,4,11,4,12,1,1,1,2,2,0
23362,7,4,13,2,13,5,1,0,2,2,0
23363,8,4,4,0,8,4,1,0,2,2,0
23364,6,2,5,4,11,3,1,1,1,2,0
23365,9,4,15,2,12,0,1,1,3,2,0
23366,10,4,11,2,4,0,1,1,2,2,0
23367,4,4,12,4,4,1,1,1,4,2,0
23368,13,4,14,2,3,0,1,1,2,2,1
23369,5,4,11,2,7,0,1,1,2,2,0
23370,7,4,11,4,1,3,1,0,1,2,0
23371,9,2,9,2,10,0,1,1,2,2,1
23372,7,4,1,2,14,0,1,1,2,2,1
23373,6,4,9,4,4,1,1,1,2,2,0
23374,8,1,11,2,14,0,1,1,1,2,1
23375,5,0,6,2,0,0,1,1,1,2,1
23376,10,4,15,2,12,0,1,1,2,2,0
23377,8,4,11,5,3,4,1,0,2,2,0
23378,8,4,12,4,10,2,1,1,1,2,0
23379,9,4,11,2,4,0,1,1,2,2,1
23380,7,5,6,4,5,3,1,1,3,4,0
23381,6,4,1,2,3,0,0,1,2,2,1
23382,3,4,11,4,3,1,1,1,2,2,0
23383,8,6,9,2,10,4,1,0,1,2,1
23384,7,0,1,4,0,1,1,1,1,2,0
23385,8,4,15,4,4,1,1,1,2,2,0
23386,10,4,9,6,8,4,1,0,0,2,0
23387,5,4,5,4,3,3,1,1,2,2,0
23388,6,4,15,2,14,0,1,1,2,2,1
23389,8,4,1,2,12,0,0,1,1,2,0
23390,10,4,9,2,4,0,1,1,2,2,0
23391,11,4,11,4,7,4,1,1,2,2,1
23392,5,4,14,4,1,3,1,0,2,2,0
23393,11,1,9,6,4,1,0,1,2,2,0
23394,9,2,12,2,9,0,1,1,1,2,1
23395,8,4,11,2,4,0,1,1,2,2,1
23396,6,4,12,2,10,0,1,1,2,2,1
23397,9,4,12,0,12,1,1,1,2,2,0
23398,7,6,9,4,4,3,1,1,2,2,0
23399,8,4,12,0,12,1,1,0,4,2,0
23400,9,4,15,2,1,5,0,0,2,2,1
23401,12,6,15,2,13,0,1,1,2,2,0
23402,4,7,12,4,10,3,1,0,2,2,0
23403,10,7,15,2,10,5,1,0,0,2,1
23404,7,4,13,2,8,0,1,1,1,2,0
23405,9,4,11,2,3,0,1,1,3,2,0
23406,4,4,9,4,13,1,1,1,2,2,0
23407,5,0,11,4,0,1,1,1,2,2,0
23408,8,4,11,2,12,0,1,1,2,2,0
23409,6,4,1,4,12,1,0,1,4,2,0
23410,17,4,11,6,8,1,1,0,0,2,0
23411,18,4,15,0,1,1,1,0,2,2,0
23412,6,7,9,4,10,1,1,1,3,2,0
23413,9,6,11,0,3,2,1,1,2,2,0
23414,8,2,15,2,1,5,1,0,1,2,1
23415,10,4,11,0,3,1,1,1,2,2,0
23416,4,4,6,4,5,3,1,1,2,2,0
23417,6,6,9,2,8,0,1,1,1,2,0
23418,9,4,11,5,4,1,1,1,2,2,0
23419,7,4,15,2,7,3,1,0,4,2,1
23420,10,4,11,2,5,0,1,1,1,2,0
23421,5,4,9,4,8,1,1,0,2,2,0
23422,11,5,11,2,10,0,1,1,2,2,0
23423,16,2,11,2,12,0,1,1,2,2,1
23424,8,4,9,4,13,1,1,1,0,2,0
23425,4,4,15,4,1,3,1,0,1,2,0
23426,12,2,12,2,4,0,0,1,2,2,0
23427,8,4,15,2,11,1,1,0,2,2,0
23428,8,4,15,5,1,1,1,1,2,2,0
23429,5,5,15,2,4,5,1,0,2,2,1
23430,8,6,3,5,13,4,1,0,0,2,0
23431,6,2,15,4,6,3,1,0,3,2,0
23432,7,4,9,4,4,1,1,1,3,2,0
23433,6,5,9,0,4,1,1,1,2,2,0
23434,6,4,11,2,3,0,1,1,1,2,0
23435,5,0,10,2,0,0,1,1,1,2,0
23436,7,0,11,5,0,4,1,1,2,2,0
23437,16,2,9,6,10,1,1,1,2,2,0
23438,3,2,15,4,2,3,1,1,2,2,0
23439,4,4,9,4,10,1,1,1,3,2,0
23440,8,7,5,2,10,0,0,1,2,2,1
23441,8,7,15,2,2,5,0,0,1,2,0
23442,10,4,11,2,4,0,0,1,2,2,0
23443,10,4,11,2,14,0,1,1,2,2,1
23444,6,4,11,1,1,1,1,1,1,2,0
23445,5,7,11,4,1,3,1,0,2,2,0
23446,7,2,11,2,1,0,0,1,2,2,0
23447,11,4,15,2,1,0,1,1,2,2,0
23448,5,1,0,4,7,1,0,1,2,2,0
23449,8,7,14,5,1,1,1,0,2,2,0
23450,6,4,11,2,8,0,1,1,1,2,1
23451,6,4,15,2,4,0,1,1,2,2,1
23452,3,6,11,4,12,1,1,0,2,2,0
23453,4,6,9,4,12,3,1,0,2,2,0
23454,8,6,15,0,1,4,1,0,2,2,0
23455,7,4,11,2,3,0,1,1,2,2,0
23456,11,4,11,0,4,1,1,1,2,2,0
23457,7,8,11,2,13,0,1,1,2,2,1
23458,8,4,11,2,3,0,1,1,2,2,0
23459,3,4,15,4,1,3,1,1,2,2,0
23460,8,2,5,2,2,0,0,1,1,2,0
23461,6,8,9,4,13,2,1,1,0,0,0
23462,8,4,11,2,14,0,1,1,1,2,0
23463,7,5,9,2,0,0,1,1,2,2,1
23464,12,4,9,2,8,0,1,1,2,2,0
23465,9,4,12,2,10,0,1,1,3,2,0
23466,5,6,0,4,8,2,1,1,2,2,0
23467,12,4,15,2,4,0,1,1,2,2,0
23468,11,4,11,2,7,0,1,1,2,2,1
23469,9,4,15,0,4,4,1,0,2,2,0
23470,8,4,11,4,12,3,0,0,2,2,0
23471,5,4,11,4,14,3,1,1,2,2,1
23472,11,4,15,2,8,0,1,1,2,2,1
23473,6,6,15,2,4,0,1,1,2,2,0
23474,6,4,10,2,10,4,1,0,2,2,0
23475,5,4,10,4,10,1,1,1,2,2,0
23476,5,4,12,2,4,0,1,1,2,2,1
23477,7,1,11,0,1,4,1,0,2,2,0
23478,13,4,9,2,10,0,1,1,2,2,1
23479,8,4,15,0,10,1,1,0,2,2,0
23480,3,4,11,4,3,3,1,1,2,2,1
23481,7,2,9,4,10,3,1,0,2,2,0
23482,6,4,1,4,3,1,1,1,2,2,0
23483,5,6,14,4,3,3,1,1,2,2,0
23484,9,4,15,2,12,5,1,0,3,2,1
23485,8,4,9,2,10,0,1,1,2,2,0
23486,13,4,11,2,7,0,1,1,2,2,0
23487,6,2,7,2,4,0,1,1,2,2,1
23488,5,4,1,2,3,0,1,1,2,2,0
23489,8,4,11,0,3,4,1,1,2,2,0
23490,7,4,9,2,8,0,1,1,2,2,0
23491,9,4,9,0,8,2,1,0,1,2,0
23492,4,4,2,5,8,1,1,1,2,2,0
23493,4,4,11,2,4,0,1,1,2,2,0
23494,7,4,15,2,7,0,1,1,2,2,0
23495,9,4,15,2,12,0,1,1,2,2,0
23496,7,4,11,2,3,0,1,1,2,2,0
23497,3,4,1,4,3,3,1,1,2,3,0
23498,11,4,15,2,10,5,1,0,1,2,0
23499,9,4,11,2,14,0,1,1,1,2,0
23500,5,4,9,2,4,0,1,1,3,2,1
23501,7,4,14,4,3,1,0,1,2,2,0
23502,9,4,14,0,3,4,1,0,1,0,0
23503,5,4,11,2,14,0,1,1,2,2,1
23504,3,0,1,4,0,1,1,0,0,2,0
23505,5,4,11,2,3,0,1,1,2,2,1
23506,4,5,9,4,10,1,1,1,2,2,0
23507,5,6,11,4,4,1,0,0,2,2,0
23508,6,4,14,4,10,4,1,0,2,2,0
23509,5,4,9,4,6,1,0,1,2,2,0
23510,5,4,12,2,4,0,1,1,2,2,1
23511,10,4,11,2,4,0,1,1,2,2,1
23512,5,0,11,2,0,0,1,1,1,2,0
23513,4,4,11,4,8,1,1,1,2,2,0
23514,4,7,11,4,12,3,1,1,2,2,0
23515,8,4,11,2,1,0,0,1,4,2,0
23516,4,4,15,4,3,3,1,1,2,2,0
23517,10,4,11,2,12,0,1,1,1,2,1
23518,4,6,9,4,1,1,1,1,2,2,0
23519,6,4,10,4,7,1,1,0,2,2,0
23520,6,4,1,2,3,0,1,1,2,2,0
23521,9,7,9,0,1,4,1,0,2,2,0
23522,6,4,9,2,10,0,0,1,2,2,0
23523,7,6,15,2,5,0,1,1,3,2,0
23524,3,4,9,4,1,1,1,0,2,2,0
23525,6,4,12,4,10,1,1,1,2,2,0
23526,8,4,11,4,12,3,1,1,2,2,0
23527,12,4,15,2,12,0,1,1,2,2,1
23528,5,4,11,4,8,1,1,0,1,2,0
23529,4,0,9,4,0,3,1,0,2,2,0
23530,9,7,15,4,1,4,1,0,2,2,0
23531,4,1,9,0,4,1,0,1,2,2,0
23532,5,4,9,4,13,1,0,1,2,2,0
23533,7,4,11,4,4,3,0,1,4,2,1
23534,10,4,12,2,6,0,1,1,1,2,1
23535,11,2,9,1,10,5,1,0,2,2,0
23536,4,6,11,4,3,3,1,1,2,2,1
23537,16,2,11,6,6,4,0,1,2,2,0
23538,4,2,11,6,12,4,1,0,2,2,0
23539,8,4,15,2,3,0,1,1,2,2,1
23540,6,5,15,0,4,4,1,0,1,2,0
23541,4,4,15,4,1,1,1,0,2,2,0
23542,8,4,1,2,13,0,1,1,1,2,1
23543,4,4,11,4,1,2,0,1,2,2,0
23544,3,4,15,4,12,1,1,1,2,2,0
23545,7,1,11,2,14,0,1,1,1,2,1
23546,7,0,9,5,0,0,1,1,0,2,0
23547,11,4,6,2,5,0,1,1,1,2,0
23548,10,4,0,2,6,0,1,1,1,2,0
23549,18,4,11,2,3,0,1,1,2,2,0
23550,4,4,11,4,14,3,0,1,1,2,0
23551,4,4,9,4,4,3,1,0,2,2,0
23552,11,4,11,2,7,0,1,1,2,2,0
23553,4,4,15,4,1,4,1,0,2,2,0
23554,10,5,11,2,5,0,1,1,2,2,0
23555,7,4,11,2,8,0,1,1,2,2,1
23556,6,4,12,2,10,0,1,1,2,1,1
23557,8,4,11,4,7,1,1,0,2,2,0
23558,6,4,15,2,7,0,1,1,2,2,1
23559,11,4,1,0,12,2,1,0,1,2,0
23560,3,4,9,4,8,1,0,0,1,2,0
23561,9,5,1,2,0,0,1,1,2,2,0
23562,4,4,12,4,1,2,1,0,2,2,0
23563,5,7,15,4,8,3,1,1,1,2,0
23564,7,4,8,2,4,0,1,1,4,2,0
23565,7,4,9,2,4,0,1,1,2,2,0
23566,8,6,11,4,5,1,1,0,3,2,0
23567,10,4,10,2,10,0,1,1,1,2,1
23568,7,4,15,0,8,1,0,0,2,2,0
23569,5,7,15,4,11,3,1,0,1,2,0
23570,3,4,15,4,13,2,1,0,2,4,0
23571,5,4,12,4,12,3,1,0,2,2,0
23572,7,4,9,2,8,4,1,0,1,2,0
23573,9,7,9,2,4,0,1,1,2,2,1
23574,7,0,9,6,12,1,1,0,3,2,0
23575,11,4,9,2,8,0,1,1,0,2,0
23576,3,0,6,4,0,3,1,0,1,2,0
23577,6,4,11,2,3,0,1,1,2,2,0
23578,7,4,2,2,8,0,1,1,1,2,0
23579,9,4,9,2,10,0,1,1,2,2,0
23580,4,4,9,4,4,1,0,1,4,2,0
23581,8,6,15,4,1,3,1,0,2,2,0
23582,8,4,10,4,10,3,1,1,2,2,0
23583,8,4,2,0,13,4,1,0,2,2,0
23584,8,5,12,2,4,0,1,1,2,2,0
23585,3,4,11,4,1,2,1,0,1,2,0
23586,8,4,9,2,8,0,0,1,0,2,1
23587,5,4,15,4,1,1,1,0,1,2,0
23588,6,4,15,0,8,4,1,0,2,2,0
23589,8,4,13,2,8,0,1,1,1,2,1
23590,4,4,11,4,14,2,1,1,2,2,0
23591,7,4,11,2,5,0,1,1,1,2,0
23592,7,4,15,2,8,0,1,1,2,2,0
23593,8,4,11,2,14,0,1,1,3,2,0
23594,9,4,9,2,12,0,1,1,2,2,0
23595,7,4,2,2,6,0,0,1,2,2,0
23596,3,2,12,4,10,4,1,0,2,2,0
23597,8,4,11,0,1,4,1,0,1,2,0
23598,4,4,14,4,1,1,0,0,1,2,0
23599,8,6,12,2,10,0,1,1,2,2,1
23600,4,6,7,4,1,3,0,0,2,2,0
23601,5,4,11,4,8,1,1,0,2,2,0
23602,8,4,7,0,4,2,1,1,2,2,1
23603,5,4,15,4,14,1,1,1,2,2,0
23604,9,4,15,0,3,1,1,1,3,2,0
23605,10,4,11,6,12,1,1,0,3,2,0
23606,8,7,15,4,1,3,1,0,2,2,0
23607,4,4,7,4,4,3,1,1,3,2,0
23608,8,4,9,2,12,5,1,0,2,2,1
23609,4,4,8,4,10,3,1,0,2,2,0
23610,8,4,12,0,10,1,1,0,2,2,0
23611,11,5,9,2,4,0,1,1,4,2,0
23612,9,4,8,4,14,3,1,1,1,2,0
23613,9,4,0,2,3,0,1,1,2,2,0
23614,8,4,3,2,14,0,1,1,2,2,1
23615,7,4,11,4,12,3,1,1,4,2,0
23616,5,4,11,4,12,1,1,0,3,2,0
23617,13,4,11,2,4,0,1,1,1,2,0
23618,9,4,11,0,3,1,1,1,2,2,0
23619,18,0,1,6,0,1,0,1,0,2,0
23620,8,4,15,4,11,4,1,0,2,2,0
23621,6,6,8,0,4,1,1,1,1,2,0
23622,7,4,11,0,6,1,0,1,2,2,0
23623,10,4,4,2,6,0,1,1,2,2,1
23624,6,4,15,0,12,1,1,1,2,2,1
23625,4,4,12,5,4,4,1,0,2,2,0
23626,7,4,11,2,14,0,1,1,2,2,0
23627,12,4,9,2,8,5,0,0,2,2,1
23628,6,4,11,4,12,3,1,1,2,2,0
23629,7,4,7,5,11,4,1,0,1,2,0
23630,8,4,11,2,10,0,1,1,2,2,0
23631,4,2,11,4,12,3,1,1,2,2,0
23632,6,4,11,2,3,0,1,1,2,2,0
23633,12,7,15,0,1,1,1,0,2,2,0
23634,11,2,11,2,10,0,1,1,1,2,1
23635,5,4,11,2,1,0,1,1,2,2,1
23636,3,4,15,4,1,1,1,0,1,2,0
23637,8,4,15,2,4,0,1,1,2,2,1
23638,8,4,11,4,1,1,1,0,1,2,0
23639,4,2,11,4,14,1,1,1,2,2,0
23640,8,4,7,0,14,1,1,1,2,2,0
23641,3,4,8,4,1,3,1,1,2,2,0
23642,4,4,15,4,8,3,1,1,2,2,0
23643,4,4,9,4,10,1,1,0,2,2,0
23644,7,7,12,2,10,0,1,1,2,2,0
23645,9,1,12,2,4,0,1,1,2,0,0
23646,5,2,15,4,4,1,1,1,2,2,1
23647,4,4,12,4,4,3,1,1,1,2,0
23648,5,2,9,4,10,3,1,1,2,2,0
23649,6,6,12,2,4,0,1,1,2,2,1
23650,8,4,11,4,14,1,1,1,3,2,0
23651,12,4,11,2,12,0,1,1,2,2,1
23652,8,7,11,0,1,4,1,0,4,2,0
23653,8,4,15,0,13,4,0,0,2,2,0
23654,7,4,9,5,12,0,1,1,1,2,0
23655,5,4,7,2,14,0,1,1,2,2,1
23656,7,4,9,2,1,4,1,0,2,2,0
23657,10,4,11,0,1,4,1,0,2,2,0
23658,11,4,9,0,6,1,1,1,2,2,0
23659,10,2,7,6,2,4,1,0,2,2,0
23660,11,4,9,2,4,0,1,1,2,2,0
23661,10,0,15,2,0,0,1,1,0,2,0
23662,9,4,11,0,12,4,1,0,3,2,0
23663,3,4,14,4,10,1,0,0,2,2,0
23664,7,4,15,2,12,0,1,1,2,2,0
23665,5,4,9,4,1,1,1,0,2,2,0
23666,3,4,15,4,6,1,1,1,2,2,0
23667,12,2,15,2,11,4,1,1,2,2,1
23668,4,7,11,4,1,3,1,0,2,2,0
23669,10,4,8,0,3,1,1,1,2,2,0
23670,10,6,11,2,3,0,1,1,2,2,1
23671,13,4,10,2,10,5,1,0,1,2,0
23672,6,4,15,2,8,5,1,0,1,2,0
23673,4,4,11,0,10,1,1,1,2,2,0
23674,8,4,11,0,3,1,1,1,2,2,0
23675,8,4,9,2,1,4,1,0,1,2,1
23676,3,4,8,4,11,1,0,0,2,2,0
23677,4,4,11,4,1,1,0,0,2,2,0
23678,13,0,9,2,0,5,0,0,0,2,0
23679,5,4,9,4,1,3,1,0,2,2,0
23680,6,4,11,4,7,3,1,0,2,2,0
23681,6,2,10,2,10,0,1,1,2,2,1
23682,6,4,12,2,6,0,0,1,2,2,0
23683,10,6,15,2,4,0,1,1,2,2,0
23684,11,6,10,2,10,0,0,1,2,2,1
23685,7,4,11,5,8,4,1,0,2,2,0
23686,8,4,11,2,3,0,1,1,2,2,1
23687,7,4,15,2,14,0,1,1,2,1,0
23688,7,2,9,0,4,1,1,1,3,0,0
23689,10,4,15,2,6,0,0,1,2,2,1
23690,5,4,7,4,4,1,1,1,3,2,0
23691,7,4,11,2,6,0,1,1,2,2,0
23692,4,2,8,4,11,3,1,1,2,2,0
23693,5,4,15,4,8,4,0,0,2,2,0
23694,9,4,12,2,4,0,1,1,2,2,0
23695,7,2,15,2,3,0,1,1,0,0,1
23696,9,4,5,2,11,0,1,1,2,2,1
23697,7,4,15,2,6,0,1,1,1,2,1
23698,5,5,15,4,4,3,1,0,2,2,0
23699,9,4,9,0,8,1,0,1,1,2,0
23700,6,5,12,2,5,0,1,1,1,2,1
23701,9,4,5,0,1,1,1,0,2,0,0
23702,8,2,15,2,12,0,1,1,2,2,0
23703,8,4,15,2,3,0,1,1,2,2,1
23704,8,4,15,2,12,0,1,1,2,2,0
23705,3,4,12,4,12,1,1,1,2,0,0
23706,3,4,12,4,4,3,1,1,1,2,0
23707,5,4,9,4,12,2,0,0,4,2,1
23708,7,4,11,2,5,0,1,1,2,2,0
23709,10,4,12,0,4,4,1,0,2,2,0
23710,12,6,11,2,12,5,1,0,2,2,1
23711,9,4,11,0,3,2,1,0,2,2,0
23712,4,4,5,4,11,3,1,1,2,4,0
23713,7,4,15,4,12,4,1,1,4,2,0
23714,8,4,15,2,8,0,1,1,1,2,1
23715,9,6,9,0,8,1,1,0,1,2,0
23716,7,4,8,0,1,4,1,1,1,2,0
23717,10,4,11,2,8,0,0,1,2,2,0
23718,5,6,11,4,12,4,1,0,4,2,0
23719,8,4,12,0,1,4,1,0,2,2,0
23720,9,4,8,2,13,0,0,1,2,2,1
23721,8,4,9,4,12,1,1,1,2,2,1
23722,6,4,15,2,10,0,1,1,3,2,1
23723,8,6,15,2,8,5,0,0,1,2,0
23724,10,6,12,2,5,0,1,1,1,2,0
23725,5,6,11,2,3,0,1,1,2,2,0
23726,5,6,15,4,12,3,1,1,3,2,0
23727,6,4,15,3,1,1,1,0,2,2,0
23728,6,6,12,2,12,0,1,1,2,2,1
23729,10,4,15,2,6,0,1,1,1,2,0
23730,10,4,11,2,14,0,0,1,2,2,0
23731,10,4,10,2,7,5,1,0,2,2,1
23732,5,4,8,2,6,0,1,1,2,4,0
23733,7,4,1,4,14,1,1,1,2,2,0
23734,9,4,12,2,4,0,1,1,2,2,0
23735,11,4,15,2,8,5,1,0,2,2,1
23736,8,4,0,2,7,0,1,1,2,2,1
23737,13,4,11,5,1,1,1,0,2,2,0
23738,10,4,11,2,12,0,1,1,2,2,0
23739,8,4,8,2,3,0,1,1,2,2,0
23740,11,5,11,2,0,0,1,1,2,2,1
23741,12,4,0,2,14,0,1,1,2,2,0
23742,3,4,11,4,12,3,1,1,2,2,0
23743,4,4,11,2,6,0,0,1,3,2,1
23744,3,4,8,4,4,1,1,0,3,2,0
23745,4,4,11,4,12,1,0,1,4,2,0
23746,6,0,11,2,0,0,1,1,0,2,1
23747,12,4,11,5,3,4,1,1,2,2,0
23748,8,4,15,0,1,4,1,0,2,2,0
23749,10,4,11,2,7,5,1,0,2,2,0
23750,4,4,0,4,7,1,1,1,2,2,0
23751,5,6,7,4,12,3,0,1,2,1,0
23752,3,4,11,4,8,3,1,0,2,2,0
23753,7,2,11,2,14,0,1,1,2,2,1
23754,6,4,12,2,10,0,1,1,2,2,1
23755,4,4,11,4,3,1,1,1,2,2,0
23756,5,4,10,4,10,1,1,1,1,2,0
23757,7,4,11,2,4,0,1,1,3,2,1
23758,11,4,11,4,6,1,1,0,2,2,0
23759,3,4,11,4,8,3,1,0,2,2,0
23760,8,4,15,5,10,1,1,1,2,2,0
23761,9,4,1,0,14,1,1,1,2,2,0
23762,4,4,12,4,10,1,1,1,2,2,0
23763,4,4,11,4,3,1,1,1,1,2,0
23764,11,4,15,2,12,0,1,1,2,2,0
23765,8,4,9,2,12,5,1,0,2,2,0
23766,7,4,9,2,4,0,1,1,2,2,0
23767,7,4,15,6,12,4,1,0,2,2,0
23768,4,4,11,4,8,1,1,1,0,2,0
23769,6,4,15,2,1,5,0,0,2,2,0
23770,7,6,15,2,8,0,1,1,2,2,0
23771,4,4,11,4,13,3,1,1,1,2,0
23772,8,5,11,0,1,4,1,0,1,2,0
23773,11,4,11,1,6,0,0,1,2,2,1
23774,7,4,7,3,1,1,0,1,2,2,1
23775,8,4,12,2,10,0,1,1,2,2,0
23776,5,5,14,4,10,1,1,0,2,2,0
23777,7,4,0,0,8,4,1,0,1,2,0
23778,7,0,9,4,0,3,1,0,1,2,0
23779,8,1,10,4,10,1,1,1,2,2,0
23780,4,5,15,4,10,3,1,0,2,2,0
23781,10,6,7,2,4,0,1,1,2,2,0
23782,5,4,0,4,7,2,1,0,2,2,0
23783,6,4,11,2,12,0,0,1,2,2,0
23784,10,4,11,2,1,0,1,1,1,2,1
23785,4,4,15,4,4,3,1,1,3,2,0
23786,3,4,11,4,12,1,1,0,1,2,0
23787,7,4,11,4,6,1,1,1,2,2,0
23788,4,4,11,4,4,3,1,0,2,2,0
23789,6,4,5,4,10,3,1,1,1,2,0
23790,7,4,9,2,13,0,1,1,2,2,0
23791,12,4,15,0,8,4,1,0,1,2,1
23792,7,4,0,5,8,4,0,0,2,0,0
23793,9,4,11,2,6,0,1,1,1,2,0
23794,5,4,11,2,7,0,1,1,2,2,1
23795,10,4,15,0,12,1,1,1,2,2,0
23796,7,5,15,2,4,0,1,1,2,2,0
23797,7,7,9,0,10,1,1,0,2,2,1
23798,11,0,9,2,0,0,1,1,0,2,1
23799,3,6,14,4,10,1,1,1,2,3,0
23800,6,4,13,2,14,0,1,1,3,2,0
23801,5,4,11,4,14,3,1,1,2,2,0
23802,11,2,15,2,1,0,0,1,1,2,1
23803,8,1,11,5,3,0,0,1,2,2,0
23804,5,4,15,4,13,1,1,1,2,1,0
23805,4,5,15,4,5,3,1,1,2,2,0
23806,5,4,9,2,10,0,0,1,2,2,0
23807,8,2,11,2,6,0,1,1,2,2,0
23808,10,4,15,2,2,0,1,1,1,2,0
23809,13,4,9,2,10,0,1,1,1,2,1
23810,6,4,11,4,8,2,0,0,0,4,0
23811,7,4,15,4,3,3,1,1,2,2,0
23812,7,0,9,2,0,0,1,1,2,2,1
23813,5,4,11,2,3,0,1,1,2,2,0
23814,7,4,11,2,1,2,0,0,1,2,0
23815,13,2,1,0,2,4,0,0,1,2,0
23816,8,4,9,2,7,5,1,0,2,2,0
23817,7,4,11,5,6,0,1,1,2,2,0
23818,5,4,11,4,3,3,1,1,1,2,0
23819,11,4,1,2,14,0,1,1,3,2,0
23820,7,4,11,2,1,0,1,1,0,2,0
23821,6,2,9,3,10,1,1,1,2,0,0
23822,5,4,11,2,1,0,1,1,2,2,0
23823,8,4,5,5,10,4,1,0,2,2,0
23824,5,3,11,4,8,1,1,0,0,2,0
23825,6,1,15,4,4,1,1,0,2,2,0
23826,7,2,11,2,3,0,1,1,2,2,0
23827,7,4,1,4,8,1,1,0,2,2,0
23828,9,4,9,2,12,0,0,1,2,2,1
23829,7,4,15,4,4,2,1,1,4,2,0
23830,8,4,9,4,12,3,0,0,2,2,0
23831,7,4,11,2,3,0,1,1,2,0,0
23832,7,4,11,2,7,0,1,1,2,2,1
23833,6,4,15,2,4,0,1,1,2,2,0
23834,6,6,11,2,12,0,1,1,2,2,1
23835,10,4,15,0,1,4,0,0,2,2,0
23836,11,4,11,2,3,0,1,1,1,2,0
23837,6,6,12,2,5,0,1,1,1,2,1
23838,9,4,11,2,12,0,1,1,3,2,0
23839,6,2,9,4,10,2,1,1,2,2,0
23840,7,5,11,2,5,0,1,1,1,2,1
23841,9,2,15,2,10,0,1,1,2,2,1
23842,4,6,9,4,10,1,1,0,1,2,0
23843,6,1,15,4,7,3,0,0,2,2,0
23844,8,4,6,2,5,0,0,1,2,2,0
23845,4,4,12,4,4,1,1,1,2,2,0
23846,6,5,11,2,5,0,1,1,3,2,1
23847,8,4,11,4,8,1,1,0,0,2,0
23848,6,5,12,4,4,1,1,1,2,2,0
23849,7,4,9,4,1,1,1,0,2,2,0
23850,6,6,15,2,12,0,1,1,3,2,1
23851,3,6,15,4,12,3,1,0,2,2,0
23852,9,6,11,2,5,0,1,1,3,2,0
23853,13,4,15,5,12,4,1,0,2,2,0
23854,9,4,12,0,4,4,1,1,2,2,0
23855,10,4,11,2,8,0,1,1,2,2,1
23856,11,2,15,2,8,0,1,1,2,2,1
23857,11,4,11,2,4,0,1,1,4,2,0
23858,5,4,11,2,4,0,0,1,2,2,0
23859,8,4,1,5,8,4,1,0,1,2,0
23860,7,4,11,2,3,0,1,1,2,2,1
23861,6,4,11,4,3,3,1,1,2,2,0
23862,7,4,9,0,10,1,1,0,2,2,0
23863,7,4,15,4,7,3,1,0,2,2,0
23864,5,4,12,2,2,5,1,0,1,2,1
23865,3,2,9,4,4,1,1,0,2,4,0
23866,8,2,5,4,2,3,0,0,1,2,0
23867,5,4,11,2,4,0,1,1,2,2,0
23868,10,4,11,2,4,0,1,1,1,2,0
23869,4,4,15,4,12,3,1,1,1,2,0
23870,6,4,12,4,12,2,0,1,2,2,0
23871,17,4,9,2,12,0,0,1,2,2,0
23872,5,4,11,4,5,3,1,1,3,2,0
23873,6,6,12,4,4,3,1,1,2,2,0
23874,4,4,11,4,3,3,1,1,2,2,0
23875,5,4,11,2,8,0,1,1,2,2,0
23876,11,7,15,2,4,0,1,1,2,2,1
23877,8,7,7,5,12,4,1,0,2,2,0
23878,7,2,15,2,11,0,1,1,1,2,0
23879,3,0,9,4,0,4,1,0,1,2,0
23880,5,4,0,2,6,0,1,1,2,2,1
23881,7,4,11,2,12,0,1,1,2,2,1
23882,8,1,14,2,3,0,1,1,2,2,0
23883,7,4,11,2,8,0,1,1,2,2,1
23884,9,1,12,2,10,0,0,1,2,2,1
23885,7,2,9,2,10,0,1,1,2,2,0
23886,9,4,11,0,1,2,1,0,2,2,0
23887,9,2,8,2,10,0,1,1,2,2,1
23888,10,4,1,2,8,0,1,1,2,2,0
23889,10,7,15,2,1,5,0,0,2,2,1
23890,6,4,9,0,12,1,1,0,2,2,1
23891,16,2,15,2,11,0,0,1,2,2,0
23892,9,4,15,4,8,1,1,0,0,2,0
23893,6,4,15,2,12,0,1,1,3,2,1
23894,6,2,5,0,10,1,1,0,2,2,0
23895,5,4,9,4,12,1,0,0,2,2,0
23896,8,7,11,0,8,4,1,0,2,2,0
23897,4,4,11,4,13,2,1,1,2,2,0
23898,9,7,11,2,11,0,0,1,1,0,0
23899,12,4,7,2,3,0,1,1,2,2,1
23900,6,4,9,2,10,0,1,1,2,2,0
23901,5,4,8,4,12,1,1,1,3,3,0
23902,8,4,9,4,12,3,1,0,2,2,0
23903,9,4,15,2,13,5,1,0,2,0,0
23904,8,4,15,2,4,0,1,1,2,2,0
23905,7,4,11,2,8,0,1,1,2,2,1
23906,12,1,9,2,1,5,1,0,2,2,1
23907,4,4,14,4,10,3,1,0,2,2,0
23908,8,4,11,0,12,4,0,0,2,2,0
23909,10,4,11,2,3,0,1,1,2,2,1
23910,13,4,10,2,10,0,1,1,2,2,1
23911,5,4,14,4,3,3,1,1,2,2,1
23912,8,4,11,2,14,0,1,1,2,2,1
23913,13,4,7,2,4,4,1,0,2,2,0
23914,11,4,11,0,3,2,1,1,2,2,0
23915,5,2,8,4,12,3,0,0,2,2,0
23916,7,4,9,4,1,1,1,0,2,2,0
23917,4,4,11,2,12,0,1,1,2,2,0
23918,5,4,5,4,3,3,0,1,0,2,0
23919,6,4,15,1,8,5,1,0,2,2,1
23920,5,4,11,4,1,3,1,0,2,2,0
23921,9,4,0,2,8,5,1,0,2,2,0
23922,6,4,9,2,4,0,1,1,2,2,1
23923,8,4,11,2,14,0,1,1,2,2,1
23924,9,2,9,0,10,4,1,0,2,2,1
23925,9,4,13,2,14,0,1,1,2,2,1
23926,8,4,15,0,11,4,0,1,2,2,0
23927,11,4,9,2,4,0,1,1,2,2,1
23928,7,4,9,2,1,0,1,1,2,2,0
23929,9,4,11,2,3,0,1,1,2,2,1
23930,9,4,9,2,1,5,1,0,2,2,0
23931,7,2,11,2,4,0,1,1,2,2,0
23932,6,6,6,2,5,0,1,1,1,2,0
23933,7,4,1,2,3,0,1,1,2,2,0
23934,10,7,11,2,1,0,1,1,2,2,0
23935,4,4,12,4,4,1,1,0,1,1,0
23936,4,6,5,4,3,1,1,1,2,2,0
23937,7,4,15,4,10,1,1,1,2,2,0
23938,3,1,11,4,7,2,1,0,4,2,0
23939,6,6,15,4,12,1,1,0,2,2,0
23940,7,1,1,4,7,2,0,0,2,2,0
23941,4,7,1,4,12,2,0,1,2,2,0
23942,9,4,1,2,8,0,1,1,1,2,1
23943,4,4,10,4,7,1,0,1,2,2,0
23944,6,4,7,2,12,0,1,1,3,2,1
23945,6,4,15,2,4,0,1,1,1,2,0
23946,11,4,15,2,3,0,1,1,2,2,1
23947,5,4,15,2,4,0,1,1,2,2,1
23948,7,4,11,2,8,5,1,0,2,2,0
23949,11,4,11,2,10,0,1,1,2,2,1
23950,13,4,11,5,1,4,0,0,2,2,0
23951,8,2,12,2,10,0,1,1,2,2,1
23952,9,4,7,5,12,3,1,0,2,2,0
23953,8,4,15,2,12,0,1,1,0,2,0
23954,8,0,11,2,0,0,1,1,2,2,0
23955,7,4,9,0,4,2,1,1,2,2,0
23956,6,4,11,2,1,4,1,0,1,2,1
23957,6,2,13,2,6,0,0,1,2,2,1
23958,6,4,5,4,3,2,1,1,2,2,0
23959,6,4,12,4,12,3,1,0,1,2,0
23960,6,7,9,4,10,1,1,0,2,2,0
23961,3,4,11,4,1,3,1,0,2,2,0
23962,7,4,11,2,1,0,1,1,2,2,0
23963,13,4,9,0,10,4,1,0,1,2,0
23964,12,4,11,2,8,0,1,1,1,2,0
23965,12,4,9,2,10,0,1,1,2,2,1
23966,5,4,11,4,6,4,1,0,2,2,0
23967,6,2,11,4,1,1,1,0,2,2,0
23968,12,4,14,2,10,0,1,1,0,2,1
23969,4,4,5,4,3,1,1,1,2,2,0
23970,10,4,12,2,4,0,1,1,2,2,0
23971,10,6,11,0,3,4,1,0,2,2,0
23972,7,4,15,2,5,0,1,1,3,2,1
23973,9,4,15,2,4,0,1,1,2,2,0
23974,8,4,9,0,6,4,0,0,2,2,1
23975,10,7,0,2,9,0,1,1,2,2,1
23976,5,4,1,2,7,0,1,1,2,2,1
23977,5,4,11,4,6,3,0,1,2,2,0
23978,8,4,15,4,4,1,1,0,2,2,0
23979,10,1,9,2,4,0,1,1,2,2,0
23980,5,4,15,4,10,1,1,1,2,2,1
23981,7,4,15,2,1,0,1,1,2,2,0
23982,8,7,11,2,1,0,1,1,1,2,1
23983,11,4,8,2,4,0,0,1,2,2,0
23984,7,2,12,2,2,0,0,1,1,2,0
23985,6,4,11,4,14,3,1,1,1,2,0
23986,7,4,15,2,14,0,1,1,1,2,0
23987,8,4,15,4,6,4,0,0,3,2,1
23988,6,4,11,4,4,1,1,0,2,2,0
23989,8,2,12,2,10,0,1,1,2,0,1
23990,4,4,11,4,5,1,1,1,3,2,0
23991,7,4,11,2,1,0,0,1,2,2,0
23992,10,4,14,2,10,0,1,1,2,3,1
23993,7,4,11,2,1,0,1,1,2,2,0
23994,5,4,12,4,10,1,1,0,2,2,0
23995,7,6,11,0,12,4,1,0,4,2,0
23996,8,4,15,1,14,1,1,1,3,2,0
23997,6,4,11,2,14,0,1,1,2,2,1
23998,9,2,15,0,12,1,1,1,2,2,0
23999,11,2,15,6,10,3,1,0,2,2,1
24000,4,4,11,4,1,1,1,1,2,2,0
24001,9,4,11,2,12,0,1,1,2,2,0
24002,7,4,0,4,7,1,1,0,2,2,0
24003,7,4,13,0,6,1,1,1,1,2,0
24004,6,4,10,1,7,1,1,0,2,2,0
24005,4,0,11,5,0,4,0,1,2,2,0
24006,7,2,9,2,11,0,0,1,2,2,0
24007,6,4,11,4,8,2,1,0,2,2,0
24008,7,4,15,6,1,1,1,0,2,1,0
24009,8,4,1,4,12,3,1,0,2,2,0
24010,10,4,0,2,7,0,1,1,4,2,0
24011,7,4,15,2,4,0,1,1,2,0,1
24012,6,4,7,4,12,4,1,1,2,2,0
24013,7,4,15,2,12,0,1,1,2,2,0
24014,5,7,9,4,10,1,1,0,2,1,0
24015,11,6,0,4,8,2,1,1,1,2,0
24016,5,4,9,4,4,3,1,1,3,2,0
24017,10,4,11,4,1,1,1,0,1,2,0
24018,4,4,9,4,10,1,1,1,2,2,0
24019,11,4,11,2,5,0,1,1,2,2,1
24020,8,4,11,0,3,1,1,1,2,2,0
24021,13,0,11,2,0,2,0,0,1,2,1
24022,8,4,11,0,1,4,1,0,2,2,0
24023,10,4,1,4,3,3,1,1,4,2,0
24024,6,4,15,4,13,3,1,1,2,2,0
24025,8,7,12,2,10,0,1,1,1,0,0
24026,3,4,15,4,5,1,1,1,2,2,0
24027,10,4,11,2,6,5,1,0,2,2,1
24028,3,0,11,4,0,3,1,1,2,2,0
24029,11,0,11,2,0,0,1,1,2,2,0
24030,5,6,12,4,4,3,1,1,4,2,0
24031,3,0,11,4,0,1,1,0,1,2,1
24032,6,4,11,2,8,0,0,1,2,2,1
24033,3,4,15,4,1,3,1,0,0,0,0
24034,9,4,9,4,13,3,0,1,2,2,0
24035,9,4,0,4,13,1,1,0,2,2,0
24036,5,4,12,4,4,2,1,1,2,2,0
24037,12,7,9,4,10,3,1,1,2,2,0
24038,7,0,1,4,0,1,1,1,0,2,0
24039,5,4,11,2,4,0,1,1,2,2,0
24040,8,2,11,2,11,0,0,1,2,2,0
24041,8,4,8,0,6,4,1,1,3,2,0
24042,6,4,9,2,12,5,1,0,3,2,1
24043,9,4,11,5,12,4,1,0,4,2,0
24044,8,4,11,2,6,0,1,1,2,0,0
24045,8,6,11,0,8,1,1,0,1,2,0
24046,3,4,15,4,13,3,1,0,2,2,0
24047,5,4,15,4,8,3,1,0,1,3,0
24048,3,1,9,4,10,3,1,1,1,2,0
24049,6,4,9,4,10,1,1,1,2,1,0
24050,12,7,9,2,12,0,1,1,2,2,0
24051,4,6,9,4,10,1,1,1,2,2,0
24052,9,4,11,0,8,1,1,0,0,2,0
24053,8,4,12,2,1,0,1,1,2,2,0
24054,7,4,9,2,12,0,1,1,1,2,1
24055,3,4,15,4,8,4,1,0,2,2,0
24056,11,4,15,6,1,1,1,0,1,2,0
24057,5,4,15,2,3,0,1,1,2,2,1
24058,12,7,11,2,8,0,1,1,2,2,0
24059,5,4,8,2,12,5,1,0,1,2,0
24060,10,4,12,0,6,4,1,1,2,2,0
24061,11,5,12,2,4,0,1,1,2,2,1
24062,4,6,14,4,10,1,0,1,0,2,0
24063,4,4,8,4,12,1,1,1,0,2,0
24064,6,4,9,4,1,2,1,0,2,2,0
24065,11,4,11,2,3,0,1,1,2,2,0
24066,6,4,1,4,3,3,1,1,2,2,0
24067,7,7,9,5,10,0,1,1,2,2,0
24068,4,6,1,4,12,1,1,0,2,2,0
24069,8,6,6,2,5,0,1,1,2,2,0
24070,3,4,15,4,12,1,1,0,3,2,0
24071,7,4,7,2,12,0,0,1,3,2,0
24072,10,4,12,2,4,0,1,1,2,2,0
24073,7,4,11,4,14,1,1,1,2,2,0
24074,6,5,11,4,5,4,1,0,2,2,0
24075,3,4,1,4,3,3,1,1,2,2,0
24076,6,4,6,4,3,4,1,0,2,2,0
24077,7,4,11,0,12,4,1,0,2,2,0
24078,7,2,12,0,10,4,1,0,3,0,0
24079,8,4,9,2,13,0,1,1,2,2,1
24080,4,4,9,0,4,1,1,1,2,2,0
24081,11,4,2,2,6,3,1,1,2,2,0
24082,10,4,12,2,4,0,1,1,2,2,1
24083,6,6,9,4,4,3,1,0,1,2,0
24084,12,4,0,6,7,1,1,0,2,2,0
24085,8,4,11,2,12,0,1,1,2,2,1
24086,9,2,15,2,5,0,1,1,2,2,1
24087,10,4,11,2,1,0,1,1,1,2,1
24088,11,6,15,2,12,0,1,1,3,2,0
24089,4,4,11,0,6,4,1,1,2,2,0
24090,5,4,11,4,4,3,1,1,2,2,0
24091,8,4,11,0,1,2,1,0,2,2,0
24092,9,7,11,0,12,4,1,0,2,2,0
24093,6,4,15,2,4,0,1,1,2,2,0
24094,11,4,7,2,12,0,1,1,2,2,1
24095,10,4,9,2,10,0,1,1,2,2,0
24096,9,4,11,0,7,1,0,1,2,0,1
24097,10,4,11,2,4,0,1,1,2,2,0
24098,5,4,14,2,10,0,1,1,2,2,0
24099,8,4,2,4,8,3,1,1,2,2,0
24100,6,7,9,2,11,0,0,1,2,2,0
24101,9,2,9,2,10,0,1,1,3,2,0
24102,4,4,11,4,1,3,1,0,2,2,0
24103,10,4,1,2,13,0,1,1,2,2,0
24104,10,7,15,2,1,0,1,1,2,2,1
24105,8,4,7,0,12,4,1,0,2,2,0
24106,6,5,11,4,4,3,1,0,2,2,0
24107,9,5,9,0,4,1,1,1,2,2,0
24108,7,2,12,4,2,4,0,1,2,2,0
24109,5,2,9,4,4,3,1,1,3,2,0
24110,9,6,9,4,12,1,1,1,3,0,0
24111,4,4,11,4,7,1,1,0,2,2,0
24112,6,4,9,0,13,1,1,1,2,2,0
24113,5,4,9,2,4,0,1,1,2,2,1
24114,12,4,11,2,1,0,1,1,1,2,0
24115,8,4,5,2,11,0,1,1,1,2,0
24116,11,6,9,4,4,3,1,1,1,2,0
24117,9,2,10,2,10,0,1,1,1,2,0
24118,9,2,11,2,4,0,1,1,4,2,1
24119,8,2,5,0,10,1,1,0,2,2,0
24120,7,4,11,4,8,4,1,0,0,2,0
24121,7,6,9,2,4,0,1,1,2,2,0
24122,7,6,9,2,12,0,1,1,2,2,0
24123,5,2,9,4,4,1,0,1,2,2,0
24124,7,7,9,0,10,1,0,1,2,0,0
24125,9,4,0,0,7,1,1,1,2,2,0
24126,7,5,6,2,5,0,1,1,3,2,1
24127,6,0,5,2,0,0,1,1,1,2,0
24128,10,4,8,2,3,0,1,1,2,2,0
24129,4,4,15,4,4,3,1,1,2,2,0
24130,4,4,15,4,4,3,1,0,2,2,0
24131,7,4,15,2,3,0,1,1,2,2,1
24132,10,4,9,2,4,0,1,1,3,2,1
24133,12,4,15,2,10,5,1,0,2,2,1
24134,5,7,12,4,10,1,1,0,3,1,0
24135,7,4,11,4,8,3,1,1,2,2,0
24136,10,4,15,2,12,0,1,1,1,2,0
24137,3,4,11,4,8,4,0,0,2,2,0
24138,3,4,0,4,3,1,1,1,2,2,0
24139,7,4,9,2,10,0,1,1,2,2,0
24140,6,4,9,2,10,0,1,1,2,2,1
24141,7,4,9,2,10,1,1,0,2,2,1
24142,7,4,11,4,8,1,1,0,2,2,0
24143,7,6,9,2,4,0,1,1,2,1,0
24144,6,4,5,4,2,3,0,1,1,2,0
24145,6,4,11,2,12,0,1,1,2,1,1
24146,6,4,11,4,5,3,1,1,1,0,0
24147,8,5,15,0,3,1,1,1,2,2,0
24148,7,4,15,2,1,0,1,1,2,2,1
24149,4,6,9,2,10,0,1,1,2,2,1
24150,7,0,9,4,0,3,1,1,0,2,0
24151,10,4,15,2,12,0,1,1,4,2,0
24152,10,4,15,2,13,0,1,1,1,2,0
24153,13,4,15,0,1,4,1,1,2,2,0
24154,10,6,8,2,12,0,1,1,2,2,0
24155,4,4,12,4,2,1,0,0,2,2,0
24156,3,4,5,4,3,1,1,1,2,4,0
24157,8,4,11,2,4,0,1,1,2,2,1
24158,6,6,11,2,4,0,1,1,2,2,0
24159,3,6,15,4,5,3,1,1,2,2,0
24160,7,1,13,0,14,1,1,1,2,2,0
24161,4,4,15,4,12,3,1,1,2,2,0
24162,9,4,11,2,1,0,1,1,2,2,0
24163,8,4,11,0,14,1,1,1,2,2,0
24164,7,4,0,2,3,0,1,1,2,0,1
24165,9,4,9,2,10,0,1,1,2,2,1
24166,8,4,1,5,14,1,1,1,1,2,0
24167,6,4,9,4,1,1,1,0,2,2,0
24168,7,2,11,0,12,1,1,1,2,2,0
24169,5,6,15,4,8,3,0,1,0,2,0
24170,12,0,5,2,0,0,1,1,1,2,0
24171,8,4,11,0,7,3,1,1,2,2,0
24172,6,4,11,2,6,0,1,1,2,2,1
24173,8,4,11,4,12,1,1,0,4,2,0
24174,5,1,11,4,4,4,1,1,2,2,0
24175,13,1,5,0,1,4,1,0,2,2,0
24176,4,4,11,4,7,1,1,1,2,2,0
24177,12,4,11,2,6,0,1,1,2,2,1
24178,4,4,1,4,8,3,1,0,2,2,0
24179,3,4,15,4,12,3,1,0,2,2,0
24180,6,4,9,2,13,0,1,1,2,2,0
24181,6,4,11,4,4,4,1,0,2,2,0
24182,7,0,11,5,0,1,1,0,1,2,0
24183,8,4,14,2,3,0,1,1,2,2,0
24184,9,4,11,2,3,0,1,1,3,2,1
24185,4,4,15,4,13,2,1,0,2,2,0
24186,9,4,8,0,10,4,1,0,2,2,0
24187,6,4,15,0,4,1,1,1,2,2,0
24188,5,4,1,2,7,0,1,1,2,2,1
24189,10,4,15,2,3,0,1,1,2,2,1
24190,10,4,6,2,3,0,0,1,2,2,1
24191,8,2,15,2,6,0,1,1,1,2,0
24192,4,7,11,4,8,1,1,0,1,2,0
24193,7,4,7,2,7,2,1,1,2,2,0
24194,5,6,11,4,3,3,1,1,2,2,0
24195,5,4,9,2,12,0,0,1,2,2,1
24196,10,4,11,2,3,0,1,1,2,2,1
24197,6,4,11,0,7,4,0,0,2,2,1
24198,14,4,11,2,7,0,1,1,2,2,1
24199,3,2,5,4,2,3,0,0,1,3,0
24200,9,4,11,2,4,0,1,1,2,2,0
24201,7,4,9,0,10,1,1,1,2,2,0
24202,10,4,11,2,4,0,1,1,2,4,0
24203,6,4,9,4,12,1,1,1,2,2,0
24204,9,7,15,4,10,3,0,0,2,2,0
24205,4,7,15,4,4,3,1,1,2,2,0
24206,4,4,5,4,10,3,1,1,2,1,0
24207,4,1,9,4,10,1,1,1,2,2,0
24208,11,0,11,2,0,0,1,1,0,2,0
24209,8,4,13,2,13,0,1,1,2,2,1
24210,5,4,11,4,12,3,1,0,1,2,0
24211,6,4,12,2,10,0,1,1,1,2,1
24212,5,1,4,4,14,1,1,1,2,2,1
24213,6,0,1,4,0,3,1,1,2,2,0
24214,7,4,0,2,3,0,1,1,2,2,0
24215,8,4,11,2,12,0,1,1,1,2,0
24216,10,1,12,2,10,0,1,1,2,2,0
24217,4,4,11,4,12,1,1,1,2,2,0
24218,7,4,11,2,7,0,0,1,2,2,0
24219,6,4,15,2,11,0,0,1,2,2,0
24220,9,4,15,2,10,5,1,0,2,2,1
24221,6,4,1,4,3,3,1,1,2,2,0
24222,5,2,11,4,10,3,1,0,2,2,0
24223,7,4,15,4,7,3,0,1,2,2,0
24224,3,4,11,4,14,4,1,1,2,2,0
24225,10,4,11,6,8,4,1,0,2,2,0
24226,6,6,11,4,3,4,1,1,2,2,0
24227,4,4,15,4,12,1,1,1,2,2,0
24228,4,4,11,4,12,3,0,1,1,2,0
24229,8,4,9,0,10,1,1,1,2,2,0
24230,10,4,11,2,1,0,1,1,1,2,0
24231,13,6,1,2,3,0,1,1,3,2,1
24232,9,6,11,2,12,0,1,1,2,2,0
24233,8,4,8,2,14,0,0,1,2,2,0
24234,9,4,1,0,8,4,1,0,2,2,0
24235,4,4,13,4,8,4,1,0,0,2,0
24236,8,4,15,0,8,4,1,0,1,2,0
24237,7,5,15,0,1,1,1,1,2,2,0
24238,9,7,11,2,4,0,1,1,2,2,0
24239,4,4,12,4,4,3,1,1,1,2,0
24240,7,4,11,2,7,0,1,1,2,2,1
24241,6,4,11,3,1,1,1,0,2,2,0
24242,7,6,9,2,4,0,1,1,4,2,0
24243,5,2,9,2,10,5,1,0,2,2,1
24244,6,4,12,4,4,1,1,1,2,2,0
24245,9,4,11,2,1,5,1,0,1,2,0
24246,6,4,11,0,8,4,0,0,2,2,0
24247,5,2,9,2,10,0,1,1,2,2,0
24248,4,2,9,4,10,3,1,0,2,2,0
24249,7,2,0,2,9,0,1,1,1,2,1
24250,10,4,0,2,3,0,1,1,2,2,1
24251,6,4,12,2,10,0,1,1,2,2,1
24252,5,4,11,2,8,0,1,1,1,2,0
24253,4,4,11,4,6,3,1,1,3,2,0
24254,8,4,1,4,8,3,1,1,1,2,0
24255,13,4,11,0,7,1,1,0,2,2,0
24256,7,4,11,2,14,0,1,1,2,0,0
24257,5,4,11,2,14,0,1,1,2,2,1
24258,9,4,9,2,12,0,1,1,1,2,1
24259,14,4,1,0,8,4,0,0,2,2,0
24260,4,2,9,4,10,3,1,1,2,2,0
24261,5,4,11,6,1,1,1,1,0,2,0
24262,6,4,11,2,14,0,1,1,1,2,0
24263,4,8,11,4,14,3,1,1,2,2,0
24264,12,2,9,0,10,1,1,0,2,2,0
24265,12,5,15,0,4,1,1,0,2,2,0
24266,6,2,1,4,3,1,1,1,2,2,0
24267,7,4,11,5,6,1,0,1,2,2,0
24268,8,4,4,2,14,0,1,1,2,2,1
24269,7,4,1,6,7,1,1,1,2,2,0
24270,8,4,11,0,6,3,1,1,2,2,1
24271,3,4,11,4,14,3,1,1,2,2,0
24272,8,4,11,2,11,0,0,1,2,2,0
24273,4,4,15,4,12,1,1,0,2,2,0
24274,5,1,11,4,14,3,1,1,2,2,0
24275,10,4,11,2,13,0,1,1,2,2,0
24276,4,4,9,4,13,1,1,0,2,2,0
24277,8,4,7,2,4,0,1,1,0,2,0
24278,6,2,11,3,10,0,1,1,2,2,0
24279,5,2,15,4,10,1,0,0,3,2,0
24280,5,7,5,4,1,1,1,0,0,2,0
24281,5,4,11,4,3,1,1,1,2,2,0
24282,12,4,11,2,3,0,1,1,2,2,0
24283,11,4,15,0,3,1,1,1,2,3,0
24284,9,4,11,2,8,5,1,0,2,2,0
24285,7,4,12,4,2,2,0,1,1,2,0
24286,4,4,11,4,8,1,1,0,2,2,1
24287,4,7,15,4,1,1,0,0,1,2,0
24288,10,5,15,2,4,0,1,1,2,2,1
24289,7,4,1,2,3,0,1,1,2,2,1
24290,6,4,15,0,4,1,1,0,2,2,0
24291,6,4,9,4,8,3,1,0,2,2,0
24292,7,4,11,2,6,0,1,1,2,1,1
24293,5,4,1,4,8,3,1,0,2,2,0
24294,11,6,9,2,12,0,1,1,2,2,0
24295,9,2,11,2,5,0,1,1,1,2,0
24296,6,2,9,4,12,3,1,1,2,2,0
24297,3,7,11,4,12,4,1,0,4,2,0
24298,9,4,15,4,14,1,0,1,3,0,0
24299,6,2,11,4,4,3,1,1,2,2,0
24300,7,2,15,2,12,0,1,1,3,2,0
24301,8,4,6,4,5,1,1,0,2,2,0
24302,8,4,12,4,5,3,1,1,1,2,0
24303,6,6,11,0,5,1,1,0,1,2,0
24304,7,4,9,2,12,0,1,1,3,2,0
24305,5,4,11,2,7,0,1,1,2,2,1
24306,7,4,14,2,3,0,1,1,2,2,0
24307,10,4,15,2,12,0,1,1,2,2,1
24308,11,6,0,4,3,3,1,1,2,2,0
24309,9,4,11,4,3,1,1,1,1,2,0
24310,9,6,7,5,12,1,1,0,4,2,0
24311,5,0,11,4,0,1,1,0,2,2,0
24312,8,4,11,2,3,0,1,1,2,2,0
24313,3,4,12,4,6,3,1,1,2,2,0
24314,11,4,15,0,3,1,1,0,1,2,0
24315,8,4,11,0,5,1,1,1,2,2,0
24316,10,2,15,0,1,4,1,0,1,2,0
24317,10,4,3,2,14,0,1,1,2,2,0
24318,7,4,9,4,4,1,1,1,3,2,0
24319,3,6,15,4,12,3,0,0,2,2,0
24320,10,2,11,2,6,0,0,1,3,2,1
24321,13,6,15,2,4,0,1,1,2,2,1
24322,7,4,7,4,1,1,1,0,2,2,0
24323,4,4,9,4,8,1,1,0,1,2,0
24324,5,4,9,4,12,1,1,1,2,2,0
24325,5,4,11,4,12,1,1,1,2,2,0
24326,12,4,12,5,10,0,1,1,2,2,0
24327,4,0,9,4,0,1,1,1,2,2,0
24328,7,2,9,2,10,0,1,1,2,2,0
24329,12,2,9,2,1,0,1,1,2,2,0
24330,4,4,11,4,8,1,1,0,1,2,0
24331,5,4,11,2,7,0,1,1,3,2,0
24332,12,4,15,2,3,0,1,1,2,2,1
24333,9,4,11,2,1,0,0,1,1,2,0
24334,5,5,8,4,3,1,0,1,2,2,0
24335,5,4,12,2,6,0,1,1,2,2,1
24336,11,1,0,4,7,1,1,1,2,2,0
24337,11,4,1,2,14,0,1,1,2,2,0
24338,5,6,9,2,10,0,1,1,1,2,1
24339,11,4,9,2,4,0,1,1,3,2,0
24340,16,4,11,2,3,0,1,1,2,2,0
24341,11,4,14,2,3,0,1,1,2,2,1
24342,8,4,11,0,3,1,1,1,3,2,1
24343,10,4,11,2,8,0,1,1,0,2,0
24344,4,4,9,4,10,2,1,0,1,2,0
24345,7,4,11,2,3,0,1,1,2,2,0
24346,4,4,11,4,14,1,1,0,3,2,0
24347,5,4,15,4,1,1,1,0,2,2,0
24348,3,7,11,4,1,4,1,0,2,2,0
24349,7,4,11,2,10,5,1,0,2,2,0
24350,5,4,11,4,1,1,1,0,2,2,0
24351,7,4,15,2,8,5,1,0,1,2,0
24352,8,1,12,2,10,0,1,1,1,2,1
24353,15,5,9,0,7,1,1,0,2,2,0
24354,11,4,9,2,10,2,0,0,2,2,1
24355,3,4,11,4,3,3,1,1,2,2,0
24356,9,0,11,2,0,5,1,0,2,2,0
24357,9,4,11,2,3,0,0,1,2,2,1
24358,9,4,15,4,4,1,1,0,2,2,0
24359,8,0,9,0,4,4,1,0,2,2,0
24360,9,4,8,2,12,0,1,1,2,1,0
24361,11,4,15,1,12,4,1,0,1,2,0
24362,7,6,11,2,4,0,1,1,2,2,1
24363,4,4,15,4,4,3,0,0,2,2,0
24364,4,4,11,4,12,3,1,1,2,2,0
24365,4,4,9,4,10,2,1,1,2,2,0
24366,8,6,11,0,3,3,1,1,0,2,0
24367,8,4,11,0,3,1,1,1,2,2,0
24368,7,4,8,4,12,3,1,0,2,2,0
24369,4,4,15,6,12,4,1,0,2,2,0
24370,8,7,15,0,10,4,1,0,1,2,0
24371,6,1,11,2,14,0,1,1,2,2,0
24372,5,4,11,4,1,1,1,0,2,2,0
24373,6,4,9,4,10,1,1,1,2,2,0
24374,5,4,6,4,8,3,1,0,0,2,1
24375,8,7,11,2,1,5,1,0,2,2,0
24376,6,4,15,2,3,0,1,1,2,0,0
24377,6,4,11,2,3,0,1,1,2,2,0
24378,4,4,11,4,3,1,1,1,2,2,0
24379,8,6,15,4,3,1,1,1,1,2,0
24380,5,4,15,4,12,3,0,1,2,2,0
24381,12,4,7,2,11,0,1,1,2,2,0
24382,3,4,15,4,1,3,1,0,2,2,0
24383,5,4,11,2,11,0,0,1,1,2,0
24384,6,7,11,2,10,0,0,1,1,2,0
24385,9,4,5,2,3,0,1,1,2,2,1
24386,5,1,12,2,14,0,1,1,1,2,0
24387,4,4,9,0,13,4,1,1,2,2,0
24388,5,4,5,4,3,4,1,0,2,2,0
24389,4,5,15,4,7,3,1,0,2,2,1
24390,10,4,15,2,8,0,1,1,1,2,1
24391,4,4,15,4,12,1,1,0,2,2,0
24392,12,2,9,2,12,5,1,0,1,2,1
24393,7,4,9,4,12,1,1,0,2,2,0
24394,11,1,11,2,14,0,1,1,2,2,0
24395,3,4,8,4,13,1,0,1,2,2,0
24396,9,2,11,2,12,0,1,1,1,2,0
24397,4,6,15,4,10,3,1,0,2,2,0
24398,6,4,11,2,3,0,1,1,2,2,1
24399,3,4,15,4,13,3,1,0,1,2,0
24400,3,4,8,4,4,1,1,1,2,2,0
24401,8,4,15,2,12,0,1,1,2,2,1
24402,10,2,15,2,4,0,1,1,4,2,0
24403,8,6,1,2,3,0,1,1,2,2,1
24404,5,4,11,4,3,1,1,1,2,2,0
24405,4,4,0,4,7,4,1,0,2,2,0
24406,4,4,11,4,8,1,1,1,2,2,0
24407,3,4,11,4,1,1,1,1,2,2,0
24408,13,4,15,5,3,4,1,1,2,2,0
24409,4,4,0,6,7,1,1,1,2,2,0
24410,13,4,9,0,1,1,0,0,2,2,0
24411,5,7,11,4,1,4,1,0,2,2,0
24412,13,4,9,2,12,0,1,1,2,2,1
24413,4,4,15,4,4,3,1,1,2,2,0
24414,12,4,15,2,5,0,1,1,3,2,1
24415,6,6,15,0,12,4,0,0,4,2,0
24416,5,4,11,2,3,0,1,1,3,2,1
24417,7,6,15,0,1,1,1,1,2,2,1
24418,4,4,11,4,1,1,1,0,1,2,0
24419,4,4,15,4,12,3,1,1,2,2,0
24420,5,6,12,2,4,0,1,1,2,2,0
24421,11,4,15,2,1,5,1,0,2,2,0
24422,6,7,9,4,10,4,1,0,2,2,0
24423,9,2,9,4,6,1,0,1,2,2,0
24424,6,4,15,1,1,1,1,0,2,2,1
24425,9,5,15,2,4,0,1,1,2,0,1
24426,10,5,5,2,0,0,1,1,2,2,1
24427,6,4,15,4,1,3,0,0,1,2,0
24428,8,4,9,0,8,4,0,0,2,2,0
24429,6,4,11,2,12,0,1,1,2,1,0
24430,7,4,11,2,1,0,1,1,2,2,0
24431,7,6,15,2,4,0,1,1,2,2,1
24432,9,4,15,0,6,2,1,0,2,2,0
24433,6,2,10,2,10,0,1,1,2,2,0
24434,6,4,11,2,14,0,1,1,1,2,0
24435,10,4,15,2,12,0,1,1,1,2,1
24436,8,4,2,0,13,3,1,1,2,2,0
24437,4,4,11,4,12,3,1,0,2,2,0
24438,8,4,14,0,1,1,1,0,0,2,1
24439,6,4,7,2,4,0,1,1,2,2,0
24440,4,2,15,2,3,0,1,1,0,2,1
24441,4,2,11,4,11,1,0,0,2,2,1
24442,8,4,6,2,8,0,1,1,1,2,0
24443,6,6,12,4,5,3,1,1,2,1,0
24444,10,4,11,0,8,1,1,1,1,2,0
24445,7,0,9,2,0,0,1,1,0,2,0
24446,11,4,15,3,4,1,1,0,2,2,1
24447,7,4,9,2,1,0,1,1,2,2,0
24448,7,6,11,2,4,0,1,1,2,2,0
24449,9,2,11,2,6,0,1,1,2,2,1
24450,10,6,6,6,5,4,1,1,2,2,0
24451,7,4,9,2,4,0,1,1,2,2,0
24452,11,4,15,2,3,0,1,1,2,2,0
24453,4,4,1,4,3,4,1,0,2,2,0
24454,8,4,15,2,4,0,1,1,2,2,0
24455,6,4,4,2,14,0,1,1,2,2,0
24456,5,4,15,4,8,1,1,0,1,2,0
24457,7,4,10,2,10,0,1,1,2,2,0
24458,11,4,15,6,10,1,1,1,2,2,0
24459,6,4,11,0,8,4,1,0,2,2,0
24460,6,1,9,4,10,3,1,1,0,2,0
24461,5,4,15,2,3,0,1,1,2,2,0
24462,8,4,1,2,8,5,1,0,2,2,0
24463,11,4,9,4,10,3,1,1,1,2,0
24464,6,4,9,2,12,0,1,1,2,2,1
24465,9,4,15,0,12,4,1,0,1,2,0
24466,12,4,15,0,1,4,1,0,2,2,0
24467,9,4,9,2,4,0,1,1,2,2,1
24468,4,4,15,4,1,1,1,0,0,2,0
24469,4,4,15,4,7,3,1,0,2,2,0
24470,7,4,15,4,14,1,1,1,2,2,0
24471,9,4,9,2,6,0,1,1,2,2,0
24472,8,4,11,2,14,0,1,1,2,2,0
24473,8,4,1,2,3,0,1,1,2,2,0
24474,9,4,15,0,1,1,1,1,1,2,0
24475,9,0,15,2,0,0,1,1,2,2,1
24476,8,0,9,0,0,4,1,0,0,2,0
24477,4,4,15,4,8,4,1,0,2,2,0
24478,11,4,11,2,3,0,1,1,2,2,1
24479,12,4,11,2,7,0,0,1,2,2,1
24480,10,4,7,2,4,0,1,1,2,2,0
24481,11,6,12,0,4,4,1,1,2,2,0
24482,6,4,13,4,8,1,1,0,1,2,0
24483,18,4,9,6,8,1,0,1,2,2,0
24484,6,4,9,2,13,0,1,1,2,2,0
24485,4,6,11,0,8,4,1,0,1,2,1
24486,10,4,5,2,3,0,1,1,2,2,0
24487,3,4,9,4,8,3,1,0,2,2,0
24488,3,4,5,4,3,1,1,1,2,2,0
24489,7,4,11,2,10,5,1,0,1,2,0
24490,6,4,11,0,3,1,1,1,1,2,0
24491,8,2,9,2,10,0,1,1,2,2,0
24492,7,4,11,2,8,4,1,0,0,2,0
24493,8,0,13,2,6,0,1,1,1,2,1
24494,5,5,11,4,4,1,1,0,2,2,0
24495,5,0,9,4,0,4,1,0,2,2,0
24496,9,4,15,2,14,0,1,1,2,2,0
24497,9,4,11,2,14,0,1,1,2,2,0
24498,7,1,11,4,14,1,1,1,2,2,0
24499,5,4,11,2,7,5,1,0,2,2,1
24500,13,4,11,2,3,0,1,1,1,2,1
24501,5,4,12,4,12,3,1,1,3,2,0
24502,6,4,9,2,10,5,1,0,2,2,0
24503,7,4,9,0,10,1,1,0,1,2,0
24504,6,6,12,4,5,3,1,1,2,3,1
24505,5,4,0,2,14,0,1,1,2,2,0
24506,5,4,11,4,8,1,1,0,2,2,0
24507,10,4,15,2,3,0,1,1,2,2,1
24508,12,4,15,2,2,0,1,1,1,2,0
24509,11,4,0,2,3,0,1,1,2,2,1
24510,7,2,11,2,14,0,1,1,1,2,1
24511,7,6,11,2,1,0,1,1,0,2,0
24512,6,4,11,4,1,3,1,1,2,2,0
24513,9,4,0,0,7,1,1,1,4,2,0
24514,7,4,11,0,1,1,1,1,4,2,0
24515,13,7,11,2,1,5,1,0,0,2,0
24516,8,4,15,4,1,2,1,0,2,2,0
24517,7,4,11,2,14,0,1,1,3,2,1
24518,4,4,9,4,4,3,1,1,2,2,0
24519,8,4,11,0,12,4,1,0,2,2,0
24520,4,4,11,4,3,3,1,1,2,2,0
24521,8,4,11,5,4,1,1,0,2,2,0
24522,4,6,0,6,8,1,1,0,2,2,0
24523,3,4,11,4,3,3,1,1,2,2,0
24524,11,4,9,2,4,0,1,1,2,2,0
24525,11,4,11,2,14,0,1,1,2,2,0
24526,9,4,11,2,3,0,1,1,2,2,0
24527,6,2,11,4,1,3,1,0,2,2,0
24528,3,4,9,4,13,4,1,0,2,2,0
24529,7,4,11,5,7,4,0,0,2,2,0
24530,13,5,15,2,4,0,1,1,3,2,0
24531,10,4,11,6,4,4,1,1,2,2,0
24532,6,4,9,0,1,4,1,0,1,2,0
24533,9,4,15,2,8,0,0,1,1,2,0
24534,3,4,1,4,8,3,1,0,2,2,0
24535,8,4,15,4,7,1,1,1,2,2,0
24536,10,4,11,2,3,0,1,1,2,2,0
24537,5,6,15,4,3,1,1,0,2,2,0
24538,10,6,9,0,10,1,1,0,2,2,0
24539,6,4,11,4,4,3,1,1,3,2,0
24540,7,4,9,2,10,0,1,1,1,2,0
24541,5,4,9,4,12,1,1,1,4,2,0
24542,4,6,11,4,5,3,1,1,2,2,0
24543,8,4,11,0,3,1,0,1,2,0,0
24544,6,4,1,4,12,1,1,0,2,2,0
24545,9,4,15,2,3,0,1,1,2,2,0
24546,5,5,12,2,10,5,1,0,2,2,1
24547,6,4,11,0,8,4,1,0,1,2,0
24548,8,4,10,2,10,0,0,1,2,2,0
24549,11,4,15,1,1,5,0,0,0,2,0
24550,4,4,11,4,14,3,0,1,2,2,0
24551,3,4,5,4,3,3,1,1,2,4,0
24552,10,4,15,0,12,2,0,1,2,2,1
24553,7,6,11,4,8,1,1,1,1,2,0
24554,4,4,15,5,3,4,1,1,2,2,0
24555,4,4,8,4,12,3,0,1,2,2,0
24556,17,4,14,0,1,1,1,0,2,2,0
24557,4,5,15,4,12,1,1,1,2,2,0
24558,9,5,11,0,4,1,1,1,1,2,0
24559,8,4,15,4,12,3,1,1,2,2,0
24560,9,4,11,2,8,5,1,0,0,0,0
24561,8,4,0,4,7,1,1,0,4,2,0
24562,8,4,11,0,4,1,1,1,2,2,0
24563,5,4,9,2,7,0,1,1,2,2,0
24564,5,4,11,2,7,0,1,1,2,2,1
24565,7,4,11,2,3,0,1,1,2,0,1
24566,9,4,11,0,12,3,1,1,1,2,0
24567,7,5,15,4,1,3,1,1,1,2,0
24568,8,6,11,2,1,0,1,1,2,2,0
24569,9,4,11,2,12,0,1,1,2,2,0
24570,8,4,1,4,3,1,1,1,2,2,0
24571,5,4,15,2,12,0,1,1,1,2,0
24572,4,7,15,4,10,1,1,0,3,2,0
24573,7,4,12,0,10,1,1,1,2,2,0
24574,5,4,15,2,7,0,1,1,2,2,0
24575,6,4,0,2,7,0,1,1,2,2,1
24576,4,6,8,4,3,1,1,1,2,2,0
24577,7,4,11,2,12,0,0,1,2,2,1
24578,10,4,1,2,8,0,0,1,2,2,0
24579,9,4,12,0,4,4,1,0,4,2,0
24580,6,4,0,4,3,1,1,0,2,2,0
24581,3,4,1,4,3,3,1,1,2,2,0
24582,12,4,7,4,4,3,1,0,2,2,0
24583,5,4,15,4,4,4,1,0,2,2,0
24584,3,0,6,4,0,1,1,1,0,2,0
24585,8,4,15,2,3,0,1,1,2,2,1
24586,6,4,9,2,10,0,1,1,0,2,1
24587,12,4,14,4,10,4,1,0,2,2,0
24588,7,4,0,6,7,4,1,0,2,2,0
24589,4,2,9,4,10,3,1,0,2,2,0
24590,6,0,11,4,0,3,1,0,2,2,0
24591,10,4,3,0,8,1,1,1,1,2,0
24592,5,4,9,4,1,3,0,1,2,2,0
24593,7,4,9,5,10,4,1,0,2,2,0
24594,5,4,11,4,14,1,1,1,2,2,0
24595,3,4,15,4,12,3,1,0,2,2,0
24596,7,2,15,2,11,0,0,1,2,2,0
24597,5,0,11,4,4,4,1,0,2,2,0
24598,6,4,11,4,8,1,1,0,0,2,0
24599,8,1,11,4,14,3,1,1,3,2,0
24600,7,4,9,4,8,4,1,1,1,2,0
24601,6,4,15,4,7,3,1,0,2,3,0
24602,4,4,11,4,8,4,1,0,0,2,0
24603,10,4,12,2,5,0,1,1,2,2,0
24604,5,4,14,4,3,2,1,1,2,2,0
24605,15,7,15,6,1,4,0,0,0,2,0
24606,7,7,15,2,8,0,1,1,2,2,0
24607,7,4,15,0,12,1,1,1,2,2,0
24608,9,4,11,2,3,0,1,1,2,2,1
24609,3,4,8,4,4,2,1,1,2,2,0
24610,3,4,11,4,1,1,1,0,2,2,0
24611,4,4,1,4,3,1,1,1,2,2,0
24612,4,4,5,4,3,3,1,1,2,2,0
24613,9,6,8,2,3,0,0,1,2,2,1
24614,3,4,11,4,1,1,1,0,1,2,0
24615,3,4,12,4,4,1,1,1,2,2,0
24616,3,4,9,4,11,4,1,1,2,2,0
24617,11,7,15,0,10,1,1,0,2,2,0
24618,5,4,9,2,12,0,1,1,1,2,1
24619,5,6,11,4,12,1,1,0,2,2,0
24620,12,4,15,2,4,0,1,1,1,2,0
24621,8,4,11,2,12,5,1,0,2,2,0
24622,6,4,9,4,1,1,1,0,2,2,0
24623,12,4,11,2,14,0,1,1,2,2,1
24624,6,6,9,4,12,2,1,0,3,2,0
24625,6,4,8,2,3,0,1,1,2,2,0
24626,4,5,15,4,5,1,1,0,3,2,0
24627,5,4,11,4,1,3,1,0,1,2,0
24628,6,4,11,2,3,0,1,1,2,2,0
24629,8,4,1,2,8,0,0,1,2,2,0
24630,4,6,15,4,1,3,1,0,1,2,0
24631,7,4,15,4,1,2,0,0,2,2,0
24632,10,4,8,0,3,2,0,0,2,2,0
24633,6,4,11,2,12,0,1,1,2,2,1
24634,6,4,15,2,12,0,1,1,2,0,1
24635,5,7,11,4,1,1,1,0,2,2,0
24636,5,4,9,4,12,3,1,1,2,2,0
24637,4,4,11,4,3,3,1,1,2,2,0
24638,9,4,11,0,7,1,1,1,2,2,0
24639,5,5,12,4,5,1,1,1,3,3,0
24640,5,4,1,4,3,3,1,1,2,2,0
24641,6,4,9,2,4,0,1,1,2,2,0
24642,8,4,0,2,4,0,1,1,2,2,1
24643,3,2,15,4,4,1,1,1,2,2,0
24644,10,4,10,4,7,3,1,0,3,2,0
24645,9,4,15,2,3,0,1,1,2,2,1
24646,10,4,9,0,4,1,1,1,2,2,0
24647,6,4,15,1,7,5,1,0,2,2,1
24648,6,4,11,0,12,2,1,0,2,0,0
24649,12,4,15,4,12,3,1,1,1,2,0
24650,11,4,9,0,4,1,1,1,2,2,0
24651,7,2,15,2,10,0,1,1,2,2,0
24652,8,4,12,2,1,0,1,1,2,2,1
24653,7,2,12,2,10,0,1,1,2,2,0
24654,4,1,11,0,7,1,1,0,2,2,0
24655,5,4,9,2,12,0,1,1,1,2,1
24656,4,6,6,4,5,1,0,0,3,2,0
24657,5,4,9,6,8,1,1,0,0,2,0
24658,6,4,11,0,7,2,1,0,2,2,0
24659,6,4,15,4,10,1,1,0,2,2,0
24660,6,4,9,2,10,5,1,0,1,2,1
24661,8,1,11,0,3,1,1,1,2,2,0
24662,10,4,0,2,7,0,1,1,2,2,1
24663,6,6,15,2,3,0,1,1,2,2,0
24664,4,4,11,4,3,3,1,0,2,2,0
24665,6,4,7,2,1,5,1,0,2,2,0
24666,4,4,9,4,7,4,1,0,2,2,0
24667,8,4,11,2,12,0,1,1,2,2,0
24668,4,4,11,2,3,0,1,1,0,2,0
24669,10,4,9,2,10,0,1,1,2,2,0
24670,6,4,11,2,3,0,1,1,2,2,0
24671,6,4,11,0,3,4,1,0,1,2,0
24672,11,4,11,2,7,0,1,1,2,2,1
24673,7,4,11,2,4,0,1,1,4,2,1
24674,6,7,8,2,10,0,1,1,1,2,0
24675,7,4,15,2,12,0,1,1,2,2,1
24676,6,4,15,2,1,2,1,0,2,2,0
24677,9,4,5,2,10,0,1,1,2,2,0
24678,7,4,11,2,14,0,1,1,1,2,0
24679,4,4,11,4,6,3,1,1,1,2,0
24680,4,4,12,2,6,0,1,1,1,2,1
24681,8,2,5,2,11,0,1,1,1,2,0
24682,6,4,0,2,8,0,1,1,2,2,1
24683,6,0,11,3,0,5,1,0,1,2,0
24684,4,6,12,4,4,4,1,1,2,2,0
24685,7,5,15,2,1,0,1,1,2,2,0
24686,3,2,15,4,6,1,1,1,1,2,0
24687,6,4,15,2,12,0,1,1,2,3,0
24688,12,4,2,2,8,0,1,1,2,2,1
24689,11,0,5,6,0,1,1,0,1,2,0
24690,4,4,9,4,12,3,1,1,2,2,0
24691,13,4,11,2,7,0,1,1,2,2,1
24692,9,4,9,2,12,0,0,1,1,2,1
24693,4,4,14,4,3,1,1,0,2,2,0
24694,12,4,9,2,11,0,1,1,2,2,0
24695,11,4,9,2,13,0,1,1,2,2,0
24696,9,4,11,4,1,3,0,1,2,2,0
24697,5,4,6,2,5,0,1,1,2,2,1
24698,5,6,15,4,8,3,1,0,2,2,0
24699,7,6,11,2,3,0,1,1,2,2,1
24700,9,1,15,4,3,1,1,1,2,2,0
24701,9,4,14,2,3,0,1,1,2,2,0
24702,6,4,11,2,12,0,1,1,1,2,0
24703,6,4,0,2,14,0,1,1,2,2,1
24704,6,4,9,3,12,0,1,1,4,2,1
24705,8,4,11,2,14,0,1,1,2,2,0
24706,18,4,12,6,10,4,1,1,3,2,0
24707,4,0,8,4,4,3,1,1,4,1,0
24708,6,4,15,4,4,3,1,0,2,2,0
24709,11,4,12,2,4,0,1,1,2,2,1
24710,8,4,11,0,7,4,0,0,4,2,0
24711,7,4,15,0,6,1,1,1,2,2,1
24712,5,2,5,2,11,0,0,1,1,2,1
24713,5,4,9,2,7,0,1,1,2,2,1
24714,5,4,11,4,3,1,1,0,2,2,0
24715,4,4,11,2,4,0,1,1,2,2,1
24716,10,4,11,2,7,0,1,1,2,2,1
24717,10,4,11,2,8,0,1,1,4,2,0
24718,16,4,15,2,6,0,1,1,3,2,1
24719,8,4,5,2,3,0,1,1,2,2,1
24720,6,6,9,2,4,0,1,1,2,2,1
24721,8,2,9,0,10,4,0,0,1,2,0
24722,4,5,11,4,5,3,1,1,2,2,0
24723,4,4,0,4,7,3,1,1,2,2,0
24724,8,2,14,2,10,0,1,1,2,2,0
24725,8,4,7,0,1,1,1,0,0,2,0
24726,6,5,11,0,10,1,1,0,0,2,0
24727,5,4,15,4,1,3,1,0,2,2,0
24728,5,4,11,4,3,4,1,0,2,2,0
24729,5,1,11,4,12,1,1,1,2,2,0
24730,10,4,11,0,1,1,0,0,2,3,0
24731,11,4,11,2,12,0,1,1,1,2,0
24732,9,4,0,2,7,2,0,1,2,2,0
24733,10,4,11,0,6,1,1,0,1,2,1
24734,9,6,15,2,4,0,1,1,2,2,0
24735,4,4,0,4,3,3,1,1,2,2,0
24736,7,4,9,0,4,4,1,0,2,2,0
24737,9,4,11,0,8,4,1,0,1,2,0
24738,7,4,14,2,10,1,1,0,2,0,1
24739,11,4,9,4,4,1,1,0,2,2,0
24740,6,4,9,0,8,2,1,0,2,2,0
24741,6,2,9,2,10,0,1,1,0,2,0
24742,5,4,11,4,12,4,1,0,1,2,0
24743,10,4,11,2,12,0,1,1,2,2,1
24744,3,7,9,4,10,2,1,0,2,2,0
24745,7,4,11,2,4,0,1,1,3,2,1
24746,7,4,15,4,4,3,1,1,1,2,0
24747,7,7,6,2,8,5,1,0,2,2,1
24748,10,4,9,2,12,0,1,1,3,2,0
24749,4,4,1,4,8,3,1,1,1,2,0
24750,13,4,15,6,10,1,1,0,1,2,0
24751,6,6,11,4,3,3,1,1,2,2,0
24752,11,0,11,2,6,0,1,1,1,2,1
24753,12,4,11,2,5,0,1,1,2,2,0
24754,11,4,9,2,10,0,0,1,2,2,1
24755,9,4,7,0,1,1,1,0,2,2,0
24756,6,4,15,2,10,0,1,1,2,2,1
24757,5,0,9,4,0,3,1,0,1,2,0
24758,15,4,2,6,12,1,1,0,2,2,0
24759,12,4,15,2,3,0,1,1,2,2,1
24760,8,2,15,2,10,0,1,1,1,0,1
24761,6,6,11,4,1,3,1,0,2,1,0
24762,10,4,11,2,6,0,0,1,3,2,0
24763,3,1,9,4,10,2,1,0,2,2,0
24764,7,7,11,2,1,0,1,1,2,2,1
24765,10,4,15,0,7,3,1,0,2,2,0
24766,5,4,11,4,12,3,0,1,2,2,0
24767,7,4,11,2,14,0,1,1,2,2,0
24768,4,6,9,4,13,3,1,0,2,2,0
24769,6,5,11,2,3,0,1,1,1,2,1
24770,8,4,15,2,12,3,1,0,3,2,1
24771,3,4,11,4,14,3,0,1,2,2,1
24772,7,4,9,2,6,0,0,1,2,2,0
24773,9,4,11,2,7,0,1,1,2,2,0
24774,10,4,11,2,1,0,1,1,2,2,1
24775,10,4,11,2,14,0,0,1,2,2,0
24776,8,5,11,2,3,0,1,1,2,2,1
24777,6,0,10,2,0,5,1,0,2,2,1
24778,7,4,11,2,14,0,1,1,2,2,1
24779,6,4,5,4,3,1,1,1,2,2,0
24780,11,4,11,3,7,5,0,0,2,2,0
24781,5,4,11,2,3,0,1,1,1,2,1
24782,9,4,11,2,3,0,1,1,2,2,0
24783,7,4,11,2,3,2,1,1,2,2,0
24784,17,2,11,6,12,3,1,0,2,2,0
24785,12,4,12,2,14,0,1,1,2,2,0
24786,4,4,10,2,10,0,1,1,3,2,1
24787,7,6,8,0,12,4,1,0,2,2,0
24788,11,4,15,2,8,0,1,1,2,2,0
24789,5,8,11,4,13,3,1,1,2,2,0
24790,7,6,11,2,3,0,1,1,2,2,1
24791,3,6,15,4,12,1,1,0,2,2,0
24792,14,0,1,2,0,5,1,0,1,2,0
24793,6,4,11,2,3,0,1,1,2,2,0
24794,3,4,14,4,10,3,1,1,2,0,0
24795,3,1,8,4,3,3,1,1,2,2,0
24796,8,4,15,2,10,5,1,0,2,2,0
24797,4,4,1,4,8,4,1,0,1,2,0
24798,9,4,11,2,7,0,1,1,2,2,0
24799,4,4,11,4,12,1,1,1,2,2,0
24800,6,4,0,2,14,0,1,1,1,2,1
24801,7,4,10,0,7,2,1,0,2,2,0
24802,8,4,15,0,11,1,1,1,2,2,0
24803,8,4,11,2,3,0,1,1,1,2,1
24804,8,4,12,4,10,1,1,0,2,2,0
24805,6,4,15,2,3,0,1,1,2,2,1
24806,6,4,9,4,10,1,0,0,2,2,0
24807,8,4,5,2,3,0,1,1,2,2,1
24808,10,6,11,4,3,2,1,1,2,2,0
24809,5,4,11,4,5,3,1,0,2,2,0
24810,7,4,11,2,1,0,1,1,2,2,0
24811,10,4,9,2,1,0,0,1,2,2,1
24812,4,4,11,4,1,1,1,0,2,2,0
24813,6,4,9,2,6,0,1,1,2,2,1
24814,9,0,6,0,0,4,1,0,1,2,0
24815,5,0,9,4,0,3,1,0,0,2,0
24816,8,5,15,3,1,4,1,0,2,2,0
24817,9,4,11,2,14,0,1,1,3,2,1
24818,6,4,9,2,4,0,1,1,3,2,0
24819,7,5,14,2,10,5,1,0,2,2,1
24820,5,4,9,0,8,4,1,0,1,2,0
24821,7,4,10,0,10,2,1,1,0,2,0
24822,7,6,9,2,12,0,1,1,2,2,0
24823,8,4,3,2,14,0,1,1,2,2,0
24824,11,4,11,2,12,0,1,1,1,2,0
24825,7,4,7,2,12,0,1,1,2,2,1
24826,10,4,7,2,12,5,0,0,3,2,0
24827,4,2,11,4,3,3,0,1,0,2,0
24828,3,4,11,4,3,1,1,0,2,2,0
24829,9,7,12,2,2,0,1,1,1,2,0
24830,7,4,15,2,1,5,1,0,2,2,1
24831,5,4,11,2,8,0,0,1,1,2,1
24832,7,4,6,2,3,0,1,1,2,2,0
24833,5,4,11,2,1,0,1,1,1,2,0
24834,8,4,11,0,6,2,1,1,3,0,0
24835,7,2,12,2,10,0,0,1,1,2,0
24836,6,2,14,4,10,2,1,1,2,2,0
24837,9,4,11,2,3,0,1,1,2,2,0
24838,9,4,15,5,8,4,1,0,1,2,0
24839,5,4,11,4,14,3,1,1,2,2,0
24840,10,4,15,2,8,0,1,1,2,2,1
24841,7,4,15,2,13,0,1,1,0,2,1
24842,8,0,1,2,0,0,1,1,2,2,0
24843,9,4,0,2,7,0,1,1,2,2,1
24844,4,6,8,4,13,3,1,1,2,2,0
24845,11,4,8,2,11,0,1,1,1,2,1
24846,7,4,11,2,12,0,1,1,1,2,0
24847,5,4,8,6,11,0,1,1,2,2,0
24848,8,4,15,0,10,4,0,1,2,2,0
24849,8,4,9,2,11,0,0,1,2,2,0
24850,8,7,8,2,10,0,1,1,2,2,0
24851,5,6,9,4,4,1,1,1,2,2,0
24852,6,7,7,0,12,4,1,0,1,2,0
24853,4,4,8,4,13,1,1,0,2,2,0
24854,8,4,15,2,13,0,1,1,2,2,1
24855,7,4,15,2,8,2,1,0,2,2,0
24856,8,7,15,2,8,0,0,1,1,2,0
24857,9,2,12,2,2,5,1,0,2,2,0
24858,8,4,11,1,12,1,1,1,2,2,1
24859,7,4,9,2,10,2,1,0,2,2,1
24860,6,4,9,2,4,0,1,1,2,1,0
24861,8,4,1,0,8,1,1,0,0,2,0
24862,6,4,0,2,3,0,1,1,2,2,1
24863,9,4,8,2,12,0,1,1,2,2,1
24864,9,4,11,4,7,1,1,0,2,2,0
24865,10,2,5,2,10,0,1,1,1,2,1
24866,8,4,15,2,2,0,0,1,1,2,0
24867,5,4,6,4,5,3,1,1,2,2,0
24868,4,7,14,6,10,3,1,1,2,2,0
24869,10,4,11,2,7,0,1,1,2,4,0
24870,4,4,5,4,3,1,1,1,1,2,0
24871,7,2,9,0,10,1,1,1,2,2,0
24872,5,4,0,2,3,0,1,1,2,2,0
24873,4,4,11,4,13,1,1,0,2,2,0
24874,8,6,15,2,5,0,1,1,3,2,0
24875,5,4,11,4,6,2,1,1,3,2,0
24876,12,4,11,5,3,1,1,1,2,2,0
24877,7,4,8,2,3,0,1,1,1,2,0
24878,5,4,0,2,6,0,1,1,1,1,0
24879,11,4,0,4,13,3,1,0,1,2,0
24880,9,4,8,0,12,1,1,0,2,2,0
24881,6,2,11,4,5,3,1,0,2,2,0
24882,6,4,11,4,8,3,1,1,2,2,0
24883,12,4,15,6,12,1,1,1,3,2,0
24884,10,6,14,2,3,0,1,1,2,2,0
24885,9,4,9,2,10,0,1,1,2,2,0
24886,6,4,11,4,4,1,1,1,2,2,0
24887,6,4,14,4,10,1,1,1,2,2,0
24888,12,4,12,2,12,0,1,1,1,2,1
24889,6,5,9,2,4,0,1,1,2,2,0
24890,11,7,7,2,10,0,1,1,1,2,0
24891,12,4,11,2,7,0,1,1,2,2,1
24892,10,4,11,2,8,0,1,1,2,2,0
24893,10,4,11,2,1,0,1,1,2,2,1
24894,9,4,15,2,5,0,1,1,3,2,0
24895,9,4,15,2,12,5,1,0,1,2,1
24896,7,2,7,2,4,0,1,1,2,2,1
24897,12,4,11,2,7,0,1,1,2,2,1
24898,10,4,5,2,1,0,1,1,2,2,0
24899,18,5,15,2,1,0,1,1,2,2,0
24900,14,4,7,6,12,1,1,0,2,2,0
24901,6,4,15,2,6,0,1,1,1,2,0
24902,8,4,11,2,14,0,1,1,2,2,1
24903,8,4,15,4,12,4,1,0,1,2,0
24904,8,4,15,2,1,2,0,0,1,2,0
24905,9,4,11,0,12,4,1,0,2,2,0
24906,7,1,15,2,4,0,1,1,2,2,1
24907,9,4,9,2,12,0,1,1,1,2,0
24908,9,3,9,0,13,1,1,0,2,2,0
24909,10,7,7,0,8,1,1,0,2,2,0
24910,8,4,11,2,8,0,1,1,1,2,0
24911,6,4,12,2,10,0,1,1,0,2,0
24912,10,2,12,2,6,0,1,1,1,2,0
24913,10,4,10,0,10,4,1,0,2,2,0
24914,5,4,15,4,5,1,1,1,2,2,0
24915,9,4,11,4,1,1,1,0,2,2,1
24916,6,4,1,2,14,0,1,1,3,2,0
24917,12,4,12,0,4,1,1,0,2,2,0
24918,5,4,11,4,1,1,1,1,4,2,0
24919,10,4,11,2,3,0,1,1,2,2,0
24920,6,4,11,1,1,5,1,0,1,2,1
24921,4,4,11,4,3,1,1,1,2,2,0
24922,11,4,11,2,1,0,1,1,1,2,0
24923,5,4,11,4,10,3,1,1,2,2,1
24924,4,4,15,6,10,1,1,1,2,2,0
24925,5,4,15,4,8,3,0,1,1,2,0
24926,6,4,11,2,14,0,1,1,2,0,1
24927,5,4,15,2,12,0,1,1,2,2,0
24928,6,4,15,0,14,1,1,1,2,2,0
24929,12,4,10,2,10,2,1,0,1,2,1
24930,7,5,15,2,10,0,1,1,2,2,1
24931,5,6,1,4,8,3,1,0,2,2,1
24932,12,4,15,2,12,0,1,1,2,2,0
24933,5,7,11,4,1,3,1,0,2,2,0
24934,3,4,12,4,4,3,1,0,2,4,0
24935,6,6,0,4,3,1,1,1,2,2,0
24936,4,5,11,0,0,4,1,0,2,2,0
24937,7,4,11,2,6,0,1,1,2,2,1
24938,6,4,12,2,4,0,1,1,2,2,0
24939,9,2,9,2,10,0,1,1,0,0,0
24940,5,4,11,4,12,2,1,1,2,2,0
24941,12,6,12,2,5,4,1,1,2,2,0
24942,8,4,9,2,4,0,1,1,1,2,1
24943,5,4,14,2,1,5,0,0,2,2,1
24944,3,4,11,4,6,3,1,0,2,2,0
24945,6,4,11,2,12,0,1,1,2,2,0
24946,4,4,11,4,1,4,0,0,2,2,0
24947,8,4,11,0,1,4,1,0,1,2,0
24948,4,2,12,4,10,1,1,1,2,2,0
24949,5,4,11,2,12,5,0,0,2,2,1
24950,11,4,11,2,8,5,1,0,1,4,0
24951,10,7,15,2,8,5,1,0,0,2,1
24952,6,4,9,4,10,3,1,1,2,2,0
24953,13,5,15,6,1,3,1,0,1,2,0
24954,10,0,1,2,0,0,0,1,2,2,0
24955,8,5,11,4,1,1,0,0,2,2,0
24956,10,4,0,2,6,0,1,1,2,2,0
24957,6,4,11,2,3,0,1,1,1,3,0
24958,8,4,0,2,3,0,1,1,2,2,0
24959,13,4,15,2,1,0,0,1,2,2,0
24960,5,6,3,2,13,0,0,1,2,2,1
24961,10,4,11,2,4,0,1,1,2,2,0
24962,9,4,9,0,13,1,1,1,0,2,0
24963,7,4,15,6,7,1,0,1,2,2,0
24964,4,4,15,4,4,1,1,1,2,2,0
24965,9,4,11,2,4,0,1,1,2,2,1
24966,6,4,11,0,8,4,1,0,1,2,1
24967,10,4,15,2,3,2,1,1,2,2,1
24968,4,8,11,4,8,3,1,0,1,2,0
24969,9,4,11,0,3,2,1,1,2,2,0
24970,5,4,11,4,4,1,1,1,2,2,0
24971,10,6,8,2,3,0,0,1,2,2,0
24972,12,4,15,2,4,0,1,1,2,2,0
24973,3,4,11,4,4,1,1,1,1,3,0
24974,12,4,12,2,10,0,1,1,2,2,1
24975,7,4,15,6,1,1,0,0,0,2,0
24976,5,4,1,2,7,0,1,1,2,2,1
24977,10,6,15,2,3,0,1,1,2,2,1
24978,4,6,4,4,8,1,1,0,2,2,0
24979,4,7,9,4,4,3,1,1,2,2,0
24980,4,4,9,2,4,0,1,1,2,2,0
24981,8,4,15,5,1,4,1,0,1,2,0
24982,4,4,15,4,1,2,0,0,2,2,0
24983,5,4,15,2,13,0,1,1,2,2,1
24984,5,4,15,2,1,0,1,1,2,2,0
24985,4,4,5,4,3,4,1,1,2,2,0
24986,7,4,8,4,12,2,0,0,1,2,0
24987,9,4,5,2,3,0,1,1,1,2,1
24988,3,4,9,0,1,4,1,1,1,2,1
24989,5,4,9,4,10,1,1,0,2,2,0
24990,6,4,15,4,12,3,1,0,2,2,0
24991,9,2,12,2,5,0,1,1,3,2,1
24992,11,4,11,6,3,1,1,0,2,2,0
24993,10,5,5,2,0,0,1,1,0,2,1
24994,9,4,9,2,10,0,1,1,1,2,0
24995,6,4,11,2,1,0,0,1,2,2,1
24996,6,2,15,0,10,4,1,1,2,2,0
24997,8,4,15,2,10,0,1,1,2,2,0
24998,8,7,11,2,8,0,1,1,1,2,1
24999,6,4,5,2,3,0,1,1,2,2,0
25000,6,6,15,2,3,0,1,1,2,2,0
25001,7,0,15,2,0,0,1,1,0,2,1
25002,10,4,9,2,8,0,1,1,0,2,0
25003,10,4,12,2,6,0,1,1,1,2,1
25004,12,4,7,2,12,0,1,1,2,2,0
25005,5,4,15,2,4,0,1,1,2,1,0
25006,10,4,1,2,3,0,1,1,0,2,0
25007,10,4,11,2,8,0,1,1,2,2,0
25008,7,4,15,0,1,4,0,0,2,2,0
25009,6,4,9,2,13,3,0,0,0,2,0
25010,12,6,6,2,5,0,1,1,3,2,0
25011,5,6,9,2,4,0,1,1,3,2,0
25012,6,4,11,4,6,3,1,1,2,2,0
25013,7,4,11,2,14,0,1,1,2,2,1
25014,5,4,11,4,7,1,1,0,2,2,0
25015,9,4,11,0,8,4,1,0,2,1,0
25016,13,4,9,2,10,0,1,1,2,2,0
25017,8,4,4,2,8,2,1,0,2,2,0
25018,5,2,9,4,11,1,1,1,1,2,0
25019,8,4,15,0,1,4,1,0,1,2,0
25020,8,0,1,4,0,3,1,1,1,2,0
25021,7,4,15,5,12,4,1,0,3,2,0
25022,6,4,11,4,14,1,1,1,2,2,0
25023,13,4,12,2,10,0,1,1,2,2,0
25024,5,4,1,4,14,3,1,1,2,2,0
25025,12,0,1,5,0,1,1,0,0,2,0
25026,5,6,15,6,13,1,1,0,2,2,0
25027,8,7,11,2,8,0,1,1,2,2,1
25028,6,6,15,2,12,0,1,1,2,2,1
25029,5,2,11,4,4,1,0,1,1,2,0
25030,5,4,9,4,8,3,1,0,2,0,0
25031,7,4,15,5,11,0,1,1,1,2,0
25032,8,4,1,2,12,0,1,1,1,2,1
25033,12,4,15,2,14,0,0,1,2,2,1
25034,7,4,11,0,1,4,1,0,2,2,0
25035,7,4,9,2,8,2,1,0,1,0,0
25036,4,4,15,4,12,1,1,1,2,2,0
25037,5,4,1,4,3,3,1,1,2,2,0
25038,10,4,15,2,1,0,0,1,1,2,1
25039,7,1,9,2,4,0,0,1,3,2,1
25040,4,4,11,4,1,1,1,1,1,2,1
25041,3,4,11,4,8,1,1,0,1,3,0
25042,3,4,15,4,8,1,1,0,0,2,0
25043,5,4,9,4,10,3,1,0,0,2,0
25044,3,4,11,4,3,1,1,0,2,2,0
25045,7,0,9,4,0,2,1,0,0,2,0
25046,8,4,8,4,10,1,1,0,2,2,0
25047,4,4,11,6,1,1,0,0,2,2,0
25048,11,4,11,2,14,0,1,1,2,2,0
25049,11,4,11,2,5,0,1,1,1,2,1
25050,8,4,12,2,4,0,1,1,2,2,0
25051,10,4,15,2,12,0,1,1,2,2,1
25052,12,6,11,2,5,0,1,1,1,2,0
25053,12,4,15,2,3,0,1,1,2,2,0
25054,9,4,8,2,13,0,1,1,2,2,1
25055,7,4,15,4,12,1,1,0,2,2,0
25056,10,4,11,2,6,0,1,1,3,2,1
25057,8,7,11,5,1,4,0,1,2,2,0
25058,6,4,11,4,12,1,1,0,3,2,0
25059,4,0,15,4,0,1,1,0,2,2,0
25060,9,4,12,0,10,2,1,1,2,2,0
25061,5,4,11,2,3,0,1,1,2,2,0
25062,4,6,14,5,1,4,1,0,1,1,0
25063,3,4,11,4,6,3,1,1,2,2,0
25064,7,4,15,6,6,1,1,1,2,2,0
25065,4,4,11,4,1,1,1,0,2,2,0
25066,5,4,15,2,13,5,1,0,2,2,1
25067,4,4,11,4,3,3,1,0,2,2,1
25068,9,4,7,2,1,5,1,0,2,2,0
25069,14,4,15,0,1,4,1,0,2,2,0
25070,8,4,11,0,6,1,1,1,2,2,0
25071,9,4,9,0,1,4,1,0,0,2,1
25072,7,4,11,4,1,3,0,0,2,2,0
25073,6,4,11,4,6,1,0,1,1,2,0
25074,7,4,11,2,14,0,1,1,2,2,1
25075,7,4,10,2,10,1,0,1,2,2,1
25076,5,4,15,2,12,0,1,1,2,2,0
25077,8,2,12,2,10,0,1,1,2,0,1
25078,6,4,11,2,3,0,1,1,2,2,1
25079,7,4,15,2,3,0,1,1,2,2,0
25080,7,4,11,0,12,1,1,0,2,2,0
25081,8,4,11,2,3,0,1,1,2,2,0
25082,4,4,0,4,13,4,1,0,2,2,0
25083,6,4,9,2,13,0,0,1,0,2,0
25084,6,4,11,4,1,3,0,1,2,4,0
25085,7,4,14,0,1,4,1,0,2,2,0
25086,8,4,9,2,10,0,1,1,2,2,0
25087,7,4,7,6,11,1,1,1,2,2,0
25088,4,1,15,4,3,1,1,1,2,2,0
25089,10,4,14,0,3,4,1,1,2,2,1
25090,10,4,15,4,12,3,1,0,2,2,0
25091,9,4,9,4,10,1,0,1,2,2,0
25092,6,4,11,2,6,0,1,1,3,2,1
25093,6,4,11,4,4,1,0,1,4,2,0
25094,5,4,11,2,12,0,1,1,2,2,0
25095,6,4,0,4,13,3,1,0,2,0,0
25096,14,4,9,2,4,0,1,1,2,2,1
25097,4,4,15,4,12,3,1,1,2,2,0
25098,4,2,8,4,10,3,0,1,1,2,0
25099,10,2,15,2,10,5,1,0,2,4,1
25100,8,4,15,4,7,4,0,0,2,2,0
25101,6,4,15,2,7,0,1,1,2,2,1
25102,8,6,11,2,3,0,1,1,2,2,0
25103,6,4,9,2,1,5,1,0,2,0,1
25104,9,4,15,2,14,0,1,1,2,2,1
25105,8,4,11,0,7,1,0,0,2,0,0
25106,9,7,9,2,11,0,0,1,2,2,1
25107,12,2,15,2,4,0,1,1,2,2,1
25108,5,4,12,4,10,1,1,0,3,2,0
25109,10,4,15,2,14,0,1,1,2,2,1
25110,4,4,11,4,5,2,1,1,2,2,0
25111,8,4,11,0,3,3,1,1,2,2,0
25112,7,4,5,2,3,0,0,1,2,2,1
25113,6,4,9,2,8,0,1,1,2,2,1
25114,9,4,9,2,10,5,1,0,1,2,1
25115,10,7,8,6,1,4,0,1,2,2,0
25116,8,4,15,2,11,0,0,1,2,2,1
25117,8,4,11,2,3,0,1,1,2,2,1
25118,7,4,15,0,11,4,0,1,2,2,0
25119,3,4,1,4,8,1,1,0,1,2,0
25120,7,4,11,2,3,0,1,1,2,2,0
25121,7,4,4,2,8,0,1,1,1,2,0
25122,6,3,11,4,8,1,1,0,2,2,0
25123,4,4,11,6,12,4,1,0,2,2,0
25124,8,4,10,4,7,2,1,1,2,2,0
25125,5,0,0,4,6,3,1,1,1,2,1
25126,5,2,9,4,1,3,1,0,2,2,0
25127,5,4,1,2,14,0,1,1,2,2,1
25128,8,4,11,5,3,1,0,1,3,2,0
25129,7,7,11,2,10,0,0,1,1,2,1
25130,5,4,15,2,1,5,0,0,2,2,1
25131,9,1,11,0,10,1,1,1,2,2,0
25132,8,4,5,2,3,0,1,1,1,0,1
25133,13,4,11,2,7,0,1,1,2,2,1
25134,3,4,10,4,7,3,1,0,2,2,0
25135,10,0,5,2,0,1,1,1,2,2,1
25136,8,4,9,0,11,3,1,1,2,2,0
25137,4,4,9,4,4,3,1,1,2,2,0
25138,8,7,5,5,1,4,1,0,2,2,0
25139,11,4,11,2,3,0,0,1,2,2,0
25140,7,4,9,5,13,4,1,0,2,0,0
25141,11,4,10,2,10,0,1,1,1,2,0
25142,7,4,7,2,12,0,1,1,2,2,1
25143,9,4,9,2,4,0,1,1,1,2,0
25144,12,4,7,2,11,0,1,1,1,2,0
25145,6,4,11,0,8,1,1,0,2,2,0
25146,6,2,9,2,11,0,1,1,1,1,0
25147,7,4,15,2,11,0,1,1,2,2,1
25148,6,7,5,2,10,0,0,1,1,2,0
25149,6,4,11,0,12,3,0,1,4,2,0
25150,4,0,9,2,0,0,1,1,0,2,0
25151,10,4,11,2,3,0,1,1,2,2,0
25152,8,4,9,5,4,4,0,0,2,2,0
25153,4,4,9,4,4,4,1,0,2,2,0
25154,4,4,9,4,4,3,1,0,2,2,0
25155,10,4,7,2,4,0,1,1,2,2,0
25156,13,4,9,2,13,0,1,1,2,2,1
25157,10,0,0,2,6,0,1,1,3,2,0
25158,6,7,5,2,2,5,0,0,1,2,0
25159,7,7,11,2,1,5,1,0,2,2,0
25160,11,4,15,2,12,0,1,1,1,2,0
25161,3,4,10,4,10,3,1,0,1,2,0
25162,6,4,15,2,3,0,1,1,2,2,1
25163,8,4,1,5,7,4,1,0,2,2,0
25164,6,4,15,2,14,0,1,1,2,2,1
25165,13,4,15,0,7,1,1,0,2,2,0
25166,9,2,15,2,11,0,1,1,2,0,1
25167,11,2,15,2,3,0,1,1,2,2,0
25168,6,4,11,4,12,1,1,1,2,2,0
25169,5,2,15,2,10,0,1,1,2,2,0
25170,5,4,11,2,14,0,0,1,1,2,0
25171,4,4,0,5,7,4,1,0,4,2,0
25172,12,4,11,4,6,1,1,0,3,2,0
25173,5,4,12,2,4,0,1,1,2,2,1
25174,12,4,9,2,4,0,1,1,1,2,1
25175,5,4,11,2,3,0,1,1,3,2,0
25176,16,1,12,6,4,4,1,0,3,2,0
25177,7,4,15,6,1,3,1,0,2,2,0
25178,7,4,11,2,3,0,1,1,2,2,0
25179,9,2,15,2,6,0,1,1,2,2,0
25180,3,4,11,4,3,1,1,1,2,2,0
25181,9,0,1,0,0,4,1,0,2,2,0
25182,3,2,12,4,6,3,1,1,1,2,0
25183,3,4,0,4,7,3,0,0,2,2,0
25184,11,4,15,6,12,4,1,0,2,2,0
25185,8,4,11,2,1,0,1,1,2,2,1
25186,6,2,11,2,6,0,1,1,2,2,0
25187,4,4,11,4,1,3,1,1,2,2,0
25188,5,4,0,4,7,4,1,0,1,2,0
25189,3,4,9,4,12,3,0,1,2,2,1
25190,8,4,11,4,8,3,1,1,0,2,0
25191,9,4,15,0,8,4,1,0,1,2,0
25192,10,4,3,2,6,0,1,1,2,2,0
25193,10,4,9,2,4,0,1,1,3,2,0
25194,6,4,15,4,3,3,1,1,2,2,0
25195,8,4,15,0,8,4,1,0,2,2,1
25196,5,4,5,0,11,4,0,0,2,2,0
25197,6,7,15,2,8,0,1,1,2,2,0
25198,9,4,5,2,3,0,1,1,2,2,0
25199,5,6,15,4,1,4,1,0,2,2,0
25200,8,4,10,2,14,0,1,1,1,2,1
25201,7,6,11,2,3,0,1,1,2,2,1
25202,10,4,1,2,3,0,1,1,1,2,1
25203,6,4,1,0,12,4,1,0,1,2,0
25204,6,4,11,2,7,0,1,1,2,0,0
25205,10,4,9,4,4,3,1,1,2,2,0
25206,12,4,9,2,10,0,1,1,2,2,1
25207,9,4,15,2,1,5,0,0,2,2,0
25208,4,4,15,4,5,3,1,1,3,2,0
25209,10,1,0,2,14,0,1,1,2,2,1
25210,4,8,1,2,13,0,0,1,1,2,1
25211,8,4,9,2,1,5,0,0,1,2,0
25212,4,4,2,4,8,3,1,1,2,2,0
25213,8,4,12,0,4,1,1,1,2,2,0
25214,8,4,14,0,10,1,0,1,2,2,0
25215,4,4,11,4,4,1,1,1,2,2,0
25216,6,4,11,4,14,3,1,1,2,2,0
25217,7,6,8,4,3,3,1,1,2,2,0
25218,7,6,11,4,12,1,1,0,2,0,0
25219,9,2,5,0,11,1,1,1,1,2,0
25220,6,4,9,2,1,5,1,0,2,2,1
25221,6,2,11,4,11,1,1,0,2,2,0
25222,4,4,5,4,11,3,0,1,2,2,1
25223,8,4,11,2,1,5,0,0,2,2,0
25224,9,4,11,0,3,1,1,0,2,2,0
25225,8,4,11,4,1,4,1,0,0,2,0
25226,6,4,11,0,1,4,1,0,1,2,0
25227,4,4,15,6,4,1,1,1,2,2,0
25228,4,4,8,5,4,4,1,0,4,2,0
25229,4,4,11,4,3,1,1,0,2,2,0
25230,8,4,8,0,10,1,1,0,0,2,0
25231,8,4,11,5,7,4,1,0,2,1,0
25232,8,4,9,2,10,0,1,1,2,2,0
25233,7,0,11,0,0,1,1,0,2,2,0
25234,4,4,12,4,14,1,0,1,2,2,0
25235,8,4,12,4,10,1,1,0,2,2,0
25236,4,4,15,2,4,0,1,1,2,2,1
25237,7,4,1,2,8,0,1,1,1,2,0
25238,7,4,0,2,7,0,1,1,2,2,1
25239,7,6,11,2,3,0,1,1,3,2,1
25240,6,4,15,4,3,1,1,1,2,1,0
25241,7,4,11,2,3,0,1,1,2,0,0
25242,7,6,12,2,5,0,1,1,3,2,0
25243,10,4,9,4,13,1,1,0,2,2,0
25244,12,4,0,2,6,0,1,1,3,2,0
25245,6,4,11,4,14,1,1,1,1,2,0
25246,9,4,4,2,6,0,1,1,1,0,1
25247,7,4,7,2,12,0,1,1,2,2,1
25248,8,4,9,0,8,1,1,1,0,2,0
25249,10,4,14,2,1,5,1,0,2,2,1
25250,6,4,9,2,4,0,1,1,2,2,1
25251,8,2,12,4,10,1,1,0,2,2,0
25252,4,5,12,4,5,1,1,1,1,2,0
25253,13,4,8,6,13,1,0,1,2,2,0
25254,9,6,11,2,3,0,1,1,2,2,1
25255,14,6,9,0,12,4,1,1,2,2,0
25256,6,6,11,4,12,2,1,1,2,2,0
25257,8,4,9,5,10,4,0,1,2,2,0
25258,5,2,12,2,10,0,1,1,2,2,0
25259,5,5,9,2,4,0,1,1,2,2,1
25260,8,4,15,2,12,0,1,1,2,2,1
25261,8,4,0,0,7,4,1,0,4,0,0
25262,8,4,11,4,1,1,1,1,2,2,0
25263,6,4,15,2,12,0,0,1,1,2,0
25264,10,4,8,2,12,0,1,1,2,2,0
25265,3,0,5,4,0,1,1,1,2,2,0
25266,8,4,15,0,3,4,1,0,2,2,0
25267,10,4,12,2,12,0,1,1,1,2,0
25268,4,4,9,4,4,1,1,1,3,2,0
25269,5,6,7,2,4,0,1,1,2,2,0
25270,10,4,11,2,6,0,1,1,3,2,1
25271,4,4,15,4,1,1,1,0,2,2,0
25272,7,4,9,2,13,5,1,0,0,2,0
25273,10,4,11,2,6,0,1,1,2,3,1
25274,8,4,12,0,10,4,1,1,2,0,1
25275,8,0,15,2,0,0,1,1,1,2,1
25276,4,4,11,4,4,1,1,1,2,2,0
25277,9,4,15,2,6,0,1,1,2,2,0
25278,10,4,8,2,3,0,0,1,2,2,1
25279,8,0,11,2,0,0,1,1,1,2,0
25280,10,4,11,6,7,4,1,0,2,2,0
25281,9,4,11,2,8,0,1,1,2,2,1
25282,4,4,11,4,14,1,1,1,2,2,0
25283,8,4,15,5,11,1,0,1,2,2,0
25284,5,6,14,2,3,0,1,1,2,2,0
25285,11,6,14,2,3,0,1,1,2,2,0
25286,6,4,15,1,10,1,0,1,2,2,0
25287,6,4,15,4,1,3,1,1,1,2,0
25288,3,4,5,4,3,1,1,1,2,2,1
25289,4,7,9,4,10,1,1,1,2,2,0
25290,9,4,11,4,3,3,1,1,3,2,0
25291,7,5,11,0,3,1,1,1,2,2,0
25292,6,4,8,4,3,1,1,1,2,2,0
25293,5,4,11,4,3,1,0,1,0,2,0
25294,10,7,12,2,10,2,1,0,3,2,1
25295,11,4,6,2,5,0,1,1,1,2,0
25296,6,4,11,4,3,1,1,0,2,2,0
25297,9,4,15,2,4,0,1,1,3,2,1
25298,6,4,1,2,8,0,1,1,2,2,0
25299,11,2,15,2,6,0,1,1,3,2,0
25300,5,6,6,0,5,4,1,0,2,2,0
25301,7,4,6,2,3,0,1,1,2,2,0
25302,3,5,9,4,4,1,1,0,2,2,0
25303,4,2,9,6,10,4,0,0,2,2,1
25304,7,4,11,2,13,0,1,1,2,2,0
25305,6,1,11,2,14,0,1,1,2,2,0
25306,4,4,9,2,10,0,1,1,2,2,0
25307,8,6,12,2,4,0,1,1,2,2,1
25308,5,4,8,2,7,0,1,1,2,2,1
25309,8,4,11,2,7,5,1,0,2,2,1
25310,9,4,11,0,1,1,1,0,2,2,0
25311,3,4,11,4,8,4,1,0,2,2,0
25312,9,4,15,2,10,0,1,1,3,2,1
25313,8,4,15,0,1,4,1,0,3,2,0
25314,5,4,9,4,10,1,1,1,1,2,0
25315,10,4,11,2,6,0,1,1,1,2,1
25316,9,4,12,2,6,0,1,1,3,2,1
25317,6,4,7,2,14,0,1,1,2,2,1
25318,9,4,11,2,1,5,0,0,2,2,0
25319,6,4,15,4,8,3,1,0,1,1,0
25320,5,7,6,2,10,0,1,1,2,2,0
25321,11,4,15,2,1,0,1,1,1,2,1
25322,5,2,9,4,6,3,1,1,2,2,0
25323,7,4,12,2,4,0,1,1,2,2,0
25324,7,4,1,2,12,0,1,1,3,2,1
25325,6,4,15,2,1,0,1,1,2,2,0
25326,8,4,12,2,4,0,1,1,2,2,0
25327,8,4,0,4,6,1,1,1,1,2,0
25328,6,4,11,4,8,1,1,0,1,2,0
25329,6,4,15,4,12,4,1,0,4,2,0
25330,3,4,11,4,8,1,1,1,2,2,0
25331,8,4,15,2,4,5,1,0,3,2,0
25332,9,7,15,0,8,1,1,0,2,2,1
25333,7,2,15,4,1,3,1,0,0,2,0
25334,5,4,15,0,1,1,1,0,2,2,0
25335,8,4,8,4,13,4,0,0,2,2,0
25336,9,4,11,2,3,0,1,1,2,2,0
25337,10,1,9,2,4,0,1,1,2,2,0
25338,6,4,11,2,14,0,1,1,2,2,0
25339,6,4,9,2,10,0,0,1,2,2,0
25340,6,0,9,2,0,0,1,1,1,2,0
25341,5,4,9,2,1,0,1,1,2,2,1
25342,11,2,12,0,2,1,1,0,1,2,0
25343,6,4,15,4,4,1,1,1,1,2,0
25344,9,6,8,5,13,3,0,1,2,2,0
25345,9,4,11,2,14,0,1,1,2,2,1
25346,4,4,15,4,14,3,0,1,1,2,0
25347,8,7,12,4,2,3,1,0,1,2,0
25348,9,0,5,2,0,0,1,1,0,2,1
25349,10,4,11,0,6,2,1,1,1,2,0
25350,7,4,9,2,10,0,1,1,2,2,0
25351,5,4,11,4,1,1,1,0,2,2,0
25352,7,4,11,2,5,0,1,1,3,2,1
25353,8,7,15,2,8,0,1,1,1,2,0
25354,9,4,11,2,3,0,1,1,2,0,0
25355,9,4,15,2,4,0,1,1,2,2,0
25356,4,4,9,0,10,1,1,0,2,2,0
25357,8,4,11,2,12,0,1,1,2,2,0
25358,8,5,15,2,4,0,1,1,2,2,1
25359,6,4,9,2,12,0,0,1,1,4,0
25360,5,0,9,4,0,1,1,0,0,1,1
25361,5,4,11,4,3,3,1,1,3,1,0
25362,12,4,1,2,5,0,1,1,2,2,1
25363,6,4,11,2,3,0,1,1,2,2,0
25364,8,4,11,2,7,0,1,1,2,2,1
25365,9,5,0,4,4,4,1,0,2,2,0
25366,5,6,15,0,10,1,1,1,2,2,0
25367,4,7,15,4,8,1,1,0,1,2,0
25368,10,4,11,2,3,0,1,1,2,2,0
25369,5,5,15,2,4,0,1,1,2,2,1
25370,12,4,11,2,14,0,1,1,3,2,0
25371,8,4,11,4,8,1,1,0,1,2,0
25372,13,4,11,0,8,1,1,1,2,2,0
25373,5,4,9,4,4,3,1,1,3,1,0
25374,6,4,15,4,11,4,0,0,1,2,0
25375,6,4,0,2,6,0,1,1,1,2,1
25376,5,4,9,4,8,3,1,0,2,2,1
25377,6,4,15,4,13,3,1,1,2,2,0
25378,4,4,15,4,10,3,1,0,3,2,0
25379,4,4,11,4,8,1,1,0,2,2,0
25380,8,1,5,4,10,1,1,0,2,0,0
25381,4,4,11,4,1,1,1,0,2,2,0
25382,11,4,1,2,12,0,1,1,1,2,1
25383,9,7,9,4,4,1,1,1,2,2,0
25384,12,6,1,2,5,0,1,1,2,2,1
25385,4,4,9,4,1,3,1,0,2,2,0
25386,5,4,11,2,14,0,1,1,2,2,0
25387,5,4,15,4,1,3,1,1,1,2,0
25388,6,2,11,2,5,0,1,1,1,2,0
25389,10,6,7,2,12,5,1,0,2,2,1
25390,9,4,9,2,10,0,1,1,2,2,1
25391,6,4,11,1,6,4,0,1,2,2,0
25392,8,4,11,2,3,0,1,1,2,2,0
25393,7,4,3,4,12,3,1,0,3,2,0
25394,11,4,11,2,3,0,1,1,2,2,0
25395,4,4,15,4,1,3,1,0,2,2,0
25396,8,5,15,2,4,0,1,1,2,2,1
25397,6,4,11,4,7,3,0,0,2,2,0
25398,5,4,5,4,3,1,1,1,2,2,0
25399,8,4,9,2,8,5,1,0,2,2,1
25400,10,4,11,0,3,4,1,1,2,2,0
25401,5,4,9,4,13,3,1,0,1,2,0
25402,9,4,9,0,12,2,1,1,2,2,1
25403,6,4,15,4,1,1,0,0,1,2,1
25404,8,7,11,2,10,0,1,1,2,2,1
25405,4,4,11,6,3,1,0,1,2,2,0
25406,8,5,11,0,5,1,1,1,3,2,0
25407,4,4,8,4,12,1,1,1,3,2,0
25408,11,4,1,2,14,0,1,1,2,2,0
25409,5,4,9,4,13,4,1,1,2,2,0
25410,4,6,7,4,4,3,1,0,2,2,0
25411,4,4,2,5,8,4,0,0,1,2,0
25412,10,4,11,2,4,0,1,1,2,2,1
25413,7,4,11,5,6,4,1,1,3,2,0
25414,8,4,11,2,3,5,1,0,2,2,1
25415,13,4,8,0,10,4,0,0,2,2,0
25416,4,4,11,4,3,1,1,1,3,1,0
25417,3,4,11,0,8,1,1,0,2,2,0
25418,6,2,12,4,4,1,1,1,3,2,0
25419,6,6,14,4,3,1,0,1,2,2,0
25420,6,4,12,3,6,0,1,1,3,2,0
25421,12,4,15,2,1,0,1,1,1,2,1
25422,7,4,11,2,8,5,1,0,2,2,1
25423,8,4,10,2,10,0,1,1,2,2,1
25424,8,4,9,2,8,0,1,1,2,0,0
25425,7,4,15,5,12,1,1,0,2,2,0
25426,3,4,11,4,12,1,1,0,2,2,0
25427,6,2,14,4,10,4,1,0,0,2,0
25428,9,4,15,0,3,1,1,1,0,2,0
25429,4,2,12,4,10,3,1,1,2,2,0
25430,4,4,15,4,12,1,1,1,2,2,0
25431,4,4,9,4,4,4,1,0,1,2,0
25432,10,4,11,2,4,0,1,1,2,2,0
25433,4,7,15,4,1,1,0,0,2,2,0
25434,6,4,15,4,12,1,1,0,4,2,0
25435,9,4,9,2,4,0,1,1,2,2,0
25436,10,2,9,2,4,0,1,1,2,2,0
25437,11,4,0,1,8,5,1,0,1,2,1
25438,7,4,15,4,6,3,0,1,2,2,0
25439,10,4,9,2,10,0,1,1,3,2,0
25440,5,4,9,2,10,2,1,1,2,2,1
25441,4,4,11,4,12,3,1,1,1,2,0
25442,11,4,2,2,14,0,1,1,2,2,1
25443,6,2,15,2,10,0,1,1,1,2,1
25444,9,1,11,2,14,0,1,1,2,2,1
25445,5,4,11,2,3,0,1,1,1,2,0
25446,3,4,5,4,3,3,1,0,1,2,0
25447,6,4,12,0,12,1,1,1,2,2,0
25448,9,4,11,2,3,0,0,1,2,2,0
25449,12,0,1,2,0,1,1,1,1,2,1
25450,4,4,7,4,12,1,1,1,0,2,0
25451,4,4,11,4,1,3,1,0,1,2,0
25452,6,4,11,0,7,1,1,1,4,1,0
25453,11,4,15,1,7,1,1,0,0,2,0
25454,8,0,11,4,0,1,1,0,0,2,0
25455,4,4,11,4,8,1,1,0,2,2,0
25456,8,4,15,2,6,0,1,1,2,2,1
25457,5,4,12,4,10,3,1,0,2,2,0
25458,8,4,1,0,8,1,1,0,2,2,0
25459,5,4,9,2,10,0,1,1,2,2,1
25460,4,4,9,4,4,1,0,0,4,2,0
25461,6,4,11,2,14,5,1,0,2,1,0
25462,11,4,11,2,3,0,1,1,2,2,0
25463,14,4,15,6,1,4,1,0,1,2,0
25464,7,4,11,4,1,4,0,0,2,2,0
25465,10,6,11,2,3,0,1,1,2,2,1
25466,4,4,11,4,8,1,1,0,0,2,0
25467,4,0,11,6,0,4,1,0,2,2,0
25468,4,0,15,4,0,1,1,1,1,2,0
25469,6,2,7,0,11,1,0,0,1,2,0
25470,10,4,11,2,5,0,1,1,2,2,1
25471,9,7,15,2,11,0,1,1,2,2,0
25472,6,6,14,2,3,0,1,1,3,1,0
25473,3,4,9,4,4,1,1,1,3,2,1
25474,9,4,11,2,12,0,1,1,1,2,0
25475,8,4,9,4,8,4,1,0,2,2,0
25476,10,5,15,2,4,0,1,1,2,2,1
25477,6,5,12,4,10,3,1,1,1,2,0
25478,6,4,9,2,4,5,1,0,4,1,0
25479,4,4,12,4,1,4,0,0,2,2,0
25480,7,5,9,2,4,0,1,1,2,2,0
25481,7,4,11,0,8,4,1,0,2,2,0
25482,8,4,9,2,11,0,1,1,1,2,0
25483,12,4,15,2,14,0,1,1,2,2,1
25484,9,4,15,4,1,4,0,0,2,2,1
25485,6,4,11,2,14,0,1,1,2,2,1
25486,8,4,11,5,14,1,1,1,1,2,0
25487,3,4,15,4,1,4,1,0,1,4,0
25488,6,4,8,2,10,5,1,0,2,1,1
25489,7,4,9,2,12,0,1,1,2,2,0
25490,9,4,11,0,1,4,1,0,1,2,0
25491,5,4,9,4,10,1,1,0,1,2,1
25492,5,4,11,4,3,1,1,1,2,2,0
25493,5,4,11,2,8,0,1,1,0,2,0
25494,10,6,6,2,3,0,1,1,1,2,0
25495,6,4,12,2,4,0,1,1,2,2,0
25496,8,6,11,5,3,1,1,1,3,2,0
25497,7,4,6,2,5,0,1,1,1,2,1
25498,9,6,9,2,4,5,1,0,2,2,0
25499,5,4,9,2,10,0,1,1,3,3,0
25500,9,5,12,2,5,0,1,1,3,2,0
25501,7,7,9,2,10,0,1,1,3,2,1
25502,10,5,11,2,4,0,1,1,2,2,0
25503,8,0,15,4,0,1,1,0,1,2,0
25504,4,7,11,4,1,3,1,0,1,2,0
25505,7,4,13,2,14,0,1,1,1,2,1
25506,10,4,0,2,7,0,1,1,2,2,0
25507,5,7,15,4,8,1,1,0,2,2,1
25508,13,4,15,5,12,3,1,1,2,2,0
25509,12,4,9,2,11,0,1,1,2,2,1
25510,5,4,4,2,14,0,1,1,2,2,1
25511,8,4,15,2,14,0,1,1,2,2,0
25512,6,4,9,2,8,0,1,1,1,1,1
25513,8,4,15,2,7,0,1,1,2,2,0
25514,11,4,6,2,5,0,1,1,2,2,1
25515,9,4,11,0,7,2,1,1,4,2,1
25516,6,4,11,2,12,0,1,1,1,2,1
25517,3,4,15,4,12,3,1,1,2,4,0
25518,5,0,15,4,0,1,1,1,0,1,1
25519,8,4,9,2,10,0,1,1,1,2,1
25520,10,4,11,0,1,4,1,0,1,2,0
25521,8,4,11,2,12,0,1,1,3,2,1
25522,4,4,13,4,12,2,1,0,2,2,1
25523,18,4,15,6,8,1,1,1,1,2,0
25524,10,4,15,2,8,0,1,1,0,2,1
25525,6,2,9,2,10,0,1,1,2,2,0
25526,9,4,9,2,7,0,0,1,2,2,0
25527,3,4,15,4,12,3,1,0,1,2,0
25528,6,4,10,2,14,0,1,1,2,2,1
25529,5,4,12,4,1,1,1,0,1,2,0
25530,5,2,8,4,11,1,1,0,2,2,0
25531,10,6,6,2,5,0,1,1,3,2,0
25532,3,4,1,0,3,4,1,1,2,2,0
25533,9,6,12,2,10,0,0,1,2,2,1
25534,4,4,15,2,1,0,1,1,1,2,0
25535,3,4,9,0,12,4,1,0,2,2,1
25536,5,0,11,4,0,3,1,0,0,2,0
25537,9,4,11,2,3,0,0,1,2,2,0
25538,7,0,9,1,0,1,1,0,0,2,1
25539,9,4,15,4,6,1,1,1,2,2,0
25540,7,4,11,5,7,4,0,0,2,2,0
25541,5,2,9,4,10,3,1,1,2,2,0
25542,11,4,9,2,13,0,1,1,2,2,0
25543,7,4,11,2,1,5,1,0,2,0,0
25544,6,4,11,2,3,0,0,1,2,2,0
25545,8,4,14,2,14,0,1,1,2,2,1
25546,15,4,0,2,7,0,1,1,2,2,0
25547,3,4,15,4,4,3,1,1,2,2,0
25548,8,4,0,4,7,1,1,1,2,2,0
25549,5,1,9,2,10,0,1,1,2,2,1
25550,5,4,1,4,12,3,1,0,2,2,0
25551,6,4,11,2,14,0,1,1,2,2,0
25552,10,4,11,0,12,1,0,0,1,2,0
25553,6,4,9,3,10,1,1,1,1,2,0
25554,10,4,15,2,4,0,1,1,2,2,0
25555,7,4,15,5,5,4,1,0,2,2,0
25556,9,6,15,4,8,1,0,0,1,2,0
25557,11,4,11,1,8,4,1,0,3,2,0
25558,6,4,5,2,3,0,1,1,2,2,1
25559,7,6,15,2,8,0,1,1,2,2,1
25560,11,2,9,6,1,1,1,0,1,2,0
25561,7,4,9,0,4,1,1,1,2,2,0
25562,4,4,0,6,8,1,1,1,0,2,0
25563,4,4,9,4,4,4,1,1,3,2,0
25564,5,7,15,2,11,0,1,1,2,2,1
25565,3,4,9,4,10,3,1,0,2,2,0
25566,12,4,15,0,11,1,1,1,2,2,0
25567,8,7,11,2,1,0,1,1,1,2,0
25568,3,4,11,4,12,1,1,1,2,2,0
25569,9,4,11,2,7,5,1,0,2,2,0
25570,6,4,8,0,10,1,1,1,2,2,1
25571,4,4,11,4,7,1,1,0,2,2,1
25572,7,4,0,4,7,1,1,0,2,2,0
25573,8,6,11,2,12,0,1,1,2,2,0
25574,7,0,9,0,0,1,1,1,2,2,0
25575,4,4,0,4,7,3,1,0,2,2,0
25576,7,4,14,0,10,1,1,1,1,2,0
25577,9,4,15,2,3,0,1,1,1,2,0
25578,6,2,11,0,1,3,1,0,2,3,0
25579,7,4,0,4,13,1,0,0,2,2,0
25580,4,4,11,4,1,1,1,1,2,2,0
25581,9,4,15,0,12,1,0,0,2,2,0
25582,5,4,3,2,14,0,1,1,2,2,0
25583,8,4,11,2,1,0,1,1,0,2,0
25584,10,4,11,2,3,0,1,1,2,2,1
25585,4,4,11,4,13,3,0,1,2,2,0
25586,9,4,11,2,3,0,1,1,3,2,1
25587,5,4,9,4,10,3,1,0,2,2,0
25588,7,4,11,2,8,0,1,1,1,2,0
25589,10,4,10,0,10,1,1,0,3,2,0
25590,13,4,1,2,12,0,1,1,2,2,0
25591,7,4,11,0,8,1,1,1,2,2,0
25592,3,6,12,4,4,3,1,1,1,2,0
25593,4,4,14,4,1,3,1,1,2,2,0
25594,10,4,11,2,3,0,1,1,2,2,1
25595,8,0,5,2,0,0,1,1,0,2,1
25596,6,4,4,2,12,0,1,1,2,2,0
25597,9,4,11,2,1,5,0,0,2,2,0
25598,7,0,9,4,0,1,1,0,1,2,1
25599,6,6,11,4,5,1,1,1,2,2,0
25600,5,4,15,6,1,4,0,0,2,2,0
25601,8,4,9,4,8,3,1,0,1,2,0
25602,3,4,15,4,1,3,1,0,2,2,0
25603,8,7,15,0,1,4,0,0,2,2,0
25604,9,2,9,2,10,0,0,1,2,2,0
25605,14,2,12,6,4,1,1,0,2,2,0
25606,5,4,15,4,4,3,1,1,2,2,0
25607,9,4,1,2,8,0,1,1,0,2,1
25608,9,4,11,2,7,0,1,1,2,2,0
25609,5,4,11,2,6,0,1,1,2,2,0
25610,7,4,11,5,8,4,1,0,1,2,0
25611,9,4,15,2,1,5,0,0,2,2,0
25612,7,2,9,2,1,0,1,1,2,2,1
25613,5,2,9,4,11,1,1,1,1,2,0
25614,10,6,9,0,13,1,0,0,2,2,0
25615,6,0,11,2,0,0,1,1,2,2,1
25616,6,4,15,4,1,1,1,0,2,2,0
25617,7,4,3,2,12,0,1,1,0,2,0
25618,8,2,12,2,4,0,1,1,2,2,1
25619,5,4,11,2,3,0,1,1,2,2,0
25620,7,4,15,2,8,0,1,1,2,2,1
25621,10,6,11,2,12,0,0,1,2,2,0
25622,9,4,11,0,12,1,1,1,2,2,0
25623,9,4,15,0,8,4,0,0,2,2,0
25624,7,4,11,2,7,0,1,1,2,2,1
25625,7,4,15,2,5,2,1,0,3,2,0
25626,6,0,11,2,0,0,1,1,1,2,0
25627,3,4,11,4,1,4,0,0,1,2,0
25628,13,4,11,2,3,1,1,1,3,2,1
25629,4,5,12,4,1,2,1,0,1,2,0
25630,6,4,15,4,1,1,1,1,2,2,0
25631,8,4,15,2,6,0,1,1,2,2,0
25632,6,2,15,0,11,1,1,1,2,2,0
25633,6,4,1,2,3,5,1,0,0,2,0
25634,5,6,9,2,4,4,1,0,1,2,1
25635,5,6,9,2,10,0,1,1,1,2,0
25636,3,0,9,4,0,3,1,0,1,2,0
25637,12,4,12,2,5,0,1,1,2,2,1
25638,4,4,11,4,6,1,1,1,3,2,0
25639,6,4,0,4,2,3,1,0,1,1,1
25640,7,4,11,2,5,0,1,1,2,2,0
25641,8,4,9,2,8,5,0,0,2,0,0
25642,11,5,11,6,3,1,1,1,2,2,1
25643,10,4,9,2,11,0,0,1,1,2,0
25644,9,4,11,0,3,1,1,1,2,2,0
25645,7,4,15,2,8,0,1,1,2,2,1
25646,10,6,1,2,8,0,1,1,0,2,1
25647,4,1,15,4,10,3,1,1,1,2,0
25648,6,5,15,0,4,1,1,1,2,2,0
25649,11,4,10,2,10,0,1,1,2,2,0
25650,7,4,15,2,4,0,1,1,2,2,0
25651,5,4,1,4,14,3,1,1,2,2,0
25652,11,7,15,2,1,0,0,1,1,2,0
25653,4,6,1,4,5,4,1,0,2,2,0
25654,5,1,0,0,7,1,1,0,2,2,0
25655,10,4,14,2,10,0,1,1,2,2,1
25656,8,4,8,0,7,4,1,0,2,2,0
25657,8,6,9,2,10,0,1,1,2,2,1
25658,11,6,0,2,3,0,1,1,1,2,0
25659,12,4,15,2,12,0,0,1,2,2,0
25660,10,4,9,2,4,0,1,1,2,2,1
25661,5,4,11,2,14,0,1,1,2,2,1
25662,9,4,15,4,1,3,1,0,1,1,0
25663,4,0,11,4,0,3,1,0,0,2,0
25664,8,0,11,4,0,1,1,0,1,2,0
25665,4,4,11,4,8,1,1,0,0,2,0
25666,4,4,0,4,6,1,0,1,2,2,0
25667,7,4,15,0,12,4,1,1,2,2,1
25668,6,4,15,4,12,4,1,0,0,2,0
25669,13,4,0,2,7,2,1,1,2,2,1
25670,5,1,15,2,10,0,0,1,2,1,1
25671,4,4,9,4,10,3,1,0,1,2,0
25672,5,4,9,2,4,0,1,1,2,2,0
25673,7,4,11,2,3,0,1,1,2,2,1
25674,7,4,9,4,4,3,1,1,2,2,0
25675,9,4,9,0,1,4,1,0,2,2,0
25676,6,7,9,4,10,3,1,1,0,2,0
25677,5,4,11,4,4,3,1,0,2,2,0
25678,12,4,5,6,10,4,1,1,2,2,0
25679,9,2,9,4,10,3,0,1,1,2,0
25680,8,4,13,2,14,0,1,1,2,2,1
25681,8,4,11,4,12,3,1,1,2,2,0
25682,4,4,14,4,1,2,1,1,1,2,0
25683,7,2,12,4,6,1,1,1,2,2,0
25684,3,4,11,4,12,1,1,0,2,2,0
25685,11,4,11,4,8,2,1,1,2,2,0
25686,6,4,8,2,10,0,1,1,2,1,0
25687,9,4,7,2,4,0,1,1,2,2,1
25688,7,4,12,0,4,2,1,0,4,2,0
25689,7,7,10,2,10,0,1,1,2,2,1
25690,6,4,15,4,1,3,1,1,1,2,0
25691,8,1,15,0,10,1,1,0,1,2,0
25692,8,4,11,2,1,0,0,1,4,2,1
25693,7,6,12,2,10,0,1,1,3,2,1
25694,9,4,7,2,3,0,0,1,2,2,0
25695,13,2,11,2,6,0,1,1,2,2,0
25696,6,4,11,4,7,3,1,0,2,0,0
25697,8,6,15,2,5,0,1,1,2,2,0
25698,7,4,0,4,6,4,1,1,1,2,0
25699,5,4,11,2,12,0,1,1,2,2,1
25700,4,1,11,4,3,1,1,1,2,2,0
25701,10,4,11,6,14,4,1,0,1,2,1
25702,11,2,9,2,4,5,0,0,2,2,1
25703,7,4,0,4,3,3,1,1,2,2,0
25704,10,4,15,2,4,0,1,1,2,2,1
25705,4,1,9,4,4,3,1,1,2,2,0
25706,7,4,14,2,3,0,1,1,2,2,0
25707,8,4,7,4,1,3,1,1,2,2,0
25708,3,4,14,4,3,1,1,1,2,4,0
25709,12,2,14,4,10,1,1,1,2,2,0
25710,8,4,0,2,3,0,1,1,2,2,0
25711,5,4,11,4,14,1,1,1,2,2,0
25712,16,4,9,0,10,1,0,1,1,2,0
25713,4,4,12,4,4,1,1,0,2,2,0
25714,10,4,9,2,10,5,1,0,2,2,0
25715,9,0,1,2,0,5,0,0,0,2,1
25716,9,6,14,2,10,5,1,0,1,2,1
25717,8,4,11,2,7,0,1,1,2,2,0
25718,10,4,0,2,8,0,1,1,0,2,0
25719,7,4,11,2,3,0,1,1,3,2,1
25720,4,4,8,6,3,4,1,1,2,2,0
25721,13,4,12,6,9,1,1,0,1,2,0
25722,9,2,11,2,6,0,1,1,2,2,0
25723,8,4,11,2,4,0,0,1,2,2,0
25724,16,1,15,6,14,4,1,0,3,2,0
25725,7,4,11,2,8,5,1,0,2,2,0
25726,7,6,12,5,10,1,1,0,2,2,0
25727,11,4,11,2,14,0,1,1,1,2,1
25728,5,4,5,2,3,0,1,1,2,2,1
25729,6,4,8,2,1,5,1,0,2,2,0
25730,6,4,5,2,3,0,1,1,2,2,1
25731,8,1,11,2,14,0,1,1,2,2,1
25732,3,2,10,4,10,1,1,0,2,2,0
25733,6,1,9,2,4,0,0,1,2,2,1
25734,13,4,1,5,12,4,0,0,2,2,0
25735,4,4,11,4,1,3,1,0,2,2,0
25736,12,2,11,0,1,3,1,0,2,2,0
25737,4,4,11,4,12,3,0,0,2,2,0
25738,7,2,12,0,1,1,0,0,2,2,0
25739,9,6,11,0,4,4,0,0,2,2,0
25740,9,4,11,2,1,0,1,1,1,2,0
25741,5,4,11,4,1,3,1,0,1,2,0
25742,9,4,1,2,3,0,1,1,2,2,0
25743,10,2,15,2,6,0,1,1,3,2,0
25744,6,4,0,0,3,1,1,1,2,2,0
25745,3,4,11,4,12,1,1,1,1,2,0
25746,10,4,12,0,6,1,0,1,3,2,0
25747,9,4,11,2,6,0,1,1,1,2,0
25748,7,4,1,2,14,0,1,1,1,2,0
25749,6,4,0,2,3,0,1,1,2,2,0
25750,7,4,11,4,1,1,1,0,2,2,0
25751,10,5,9,2,4,0,1,1,3,2,1
25752,10,4,11,2,14,0,1,1,1,2,0
25753,9,4,12,2,10,0,1,1,0,2,0
25754,6,4,9,2,10,0,1,1,2,2,0
25755,9,4,11,2,3,0,1,1,2,2,1
25756,9,4,11,0,7,1,1,1,2,2,0
25757,9,4,15,0,1,3,1,1,2,2,0
25758,9,4,11,4,12,2,1,1,2,2,0
25759,5,4,1,2,12,5,1,0,2,2,1
25760,7,4,9,6,13,1,1,0,2,2,0
25761,5,4,0,0,3,1,1,1,2,2,0
25762,6,4,11,2,1,0,1,1,1,2,0
25763,10,4,9,2,12,0,1,1,1,2,0
25764,3,4,9,4,4,3,1,1,2,2,0
25765,10,7,11,2,1,5,1,0,4,2,0
25766,5,0,9,2,0,0,1,1,1,2,1
25767,7,4,1,2,14,0,1,1,1,2,1
25768,4,4,11,2,14,0,1,1,2,2,0
25769,13,4,9,0,10,4,1,1,2,2,0
25770,11,4,8,2,1,2,0,0,2,2,1
25771,3,0,9,4,0,3,1,1,2,2,0
25772,12,1,11,2,1,0,1,1,1,2,0
25773,9,1,11,0,14,1,1,1,2,2,0
25774,6,4,11,0,8,4,1,0,2,0,0
25775,8,4,15,2,3,0,1,1,2,2,0
25776,10,4,15,2,13,0,1,1,2,2,1
25777,6,4,11,4,12,1,1,0,2,2,0
25778,6,5,11,4,3,1,1,1,2,1,0
25779,11,4,8,3,1,4,1,0,2,2,0
25780,8,5,11,4,1,3,1,0,2,2,0
25781,11,4,11,0,7,1,1,1,2,2,0
25782,6,4,12,4,9,1,1,1,2,2,0
25783,12,4,15,2,12,5,1,0,0,2,0
25784,4,4,15,4,1,3,0,1,1,2,0
25785,11,4,11,2,3,0,1,1,2,2,0
25786,7,4,11,2,8,0,1,1,2,2,1
25787,12,4,12,2,4,0,1,1,3,2,1
25788,5,4,7,2,7,0,1,1,2,1,0
25789,5,4,5,4,10,4,1,0,2,2,0
25790,5,4,11,4,1,1,0,0,2,2,0
25791,4,6,9,4,13,2,1,0,2,2,0
25792,6,6,15,0,8,4,1,0,0,2,1
25793,7,4,11,2,4,0,1,1,2,2,0
25794,7,7,15,4,1,1,1,0,2,2,0
25795,10,4,9,2,4,0,1,1,2,2,0
25796,8,4,12,2,4,0,1,1,2,2,0
25797,6,2,15,2,2,5,1,0,1,2,0
25798,7,4,6,2,5,0,1,1,1,2,1
25799,10,4,15,0,1,4,1,0,2,2,0
25800,6,7,1,2,8,0,1,1,1,2,0
25801,7,4,12,4,10,3,1,0,2,2,0
25802,9,6,12,2,5,0,1,1,2,2,0
25803,7,4,7,2,12,0,1,1,2,2,0
25804,4,4,12,4,4,1,1,0,2,2,0
25805,5,6,15,0,12,1,1,0,2,2,0
25806,8,4,11,2,4,0,0,1,4,2,0
25807,7,4,11,2,3,0,1,1,2,1,0
25808,6,4,9,1,12,1,0,1,2,2,0
25809,4,4,11,4,1,1,1,0,2,3,0
25810,9,4,9,2,10,0,1,1,1,2,1
25811,3,4,15,4,4,1,1,0,2,2,0
25812,10,4,8,2,3,0,1,1,1,2,0
25813,7,2,11,2,4,0,1,1,3,2,1
25814,8,4,11,5,3,0,1,1,2,2,0
25815,4,4,7,4,12,1,1,1,4,2,0
25816,5,4,11,2,5,0,1,1,2,2,1
25817,10,6,11,0,3,1,1,1,2,2,0
25818,12,4,15,2,10,0,1,1,2,2,0
25819,6,4,0,2,7,0,1,1,2,2,0
25820,3,5,9,4,4,3,1,1,2,2,0
25821,15,2,11,2,6,0,0,1,2,2,0
25822,4,4,9,4,10,1,1,1,2,2,0
25823,6,4,8,4,3,3,1,1,2,2,0
25824,6,5,11,2,4,0,0,1,2,2,1
25825,7,5,15,5,5,1,1,1,2,2,0
25826,4,5,11,0,7,1,1,0,2,2,0
25827,6,7,15,0,1,4,1,1,2,2,0
25828,9,4,15,2,12,0,1,1,1,2,1
25829,4,4,11,4,1,3,1,0,1,2,0
25830,9,2,11,0,5,4,1,0,3,2,0
25831,6,2,15,2,10,0,1,1,2,2,0
25832,4,6,15,4,12,1,1,0,1,2,0
25833,7,4,15,2,12,5,1,0,2,2,0
25834,7,4,11,2,6,0,0,1,2,2,0
25835,9,4,9,2,10,0,1,1,2,0,1
25836,7,4,11,2,7,0,0,1,2,2,0
25837,7,8,8,2,13,0,1,1,2,2,0
25838,7,2,9,2,10,0,1,1,2,2,1
25839,5,4,11,4,1,3,1,1,2,2,0
25840,11,2,7,2,11,0,1,1,2,2,0
25841,8,4,12,2,4,0,1,1,1,2,1
25842,5,0,11,0,0,1,1,0,1,2,0
25843,5,4,7,4,7,1,1,1,2,2,0
25844,11,4,11,2,3,0,1,1,1,2,1
25845,6,4,5,2,3,0,1,1,1,2,0
25846,3,4,15,4,1,4,1,0,2,2,0
25847,7,4,11,0,4,4,1,0,2,2,0
25848,5,4,9,2,4,0,1,1,4,2,0
25849,8,4,15,0,1,4,1,0,2,2,0
25850,10,4,10,0,7,1,1,0,2,2,0
25851,8,4,0,6,6,1,1,1,2,2,0
25852,6,4,11,0,8,1,1,0,0,2,0
25853,7,2,12,2,4,0,0,1,2,2,0
25854,8,2,14,6,10,1,1,0,2,2,0
25855,6,6,11,2,4,0,1,1,2,2,0
25856,3,4,11,4,4,4,1,0,2,2,0
25857,6,7,15,1,1,1,1,0,2,2,1
25858,8,4,11,4,14,3,1,1,2,2,0
25859,7,4,11,4,6,1,0,1,2,2,0
25860,17,4,15,6,6,1,1,1,2,2,0
25861,10,4,11,2,12,0,1,1,1,2,0
25862,15,4,9,2,10,0,1,1,2,2,0
25863,6,4,9,2,8,0,1,1,0,1,0
25864,7,4,1,4,8,3,1,0,2,2,0
25865,8,4,15,0,14,1,1,1,1,2,0
25866,5,4,9,4,12,3,1,0,1,2,0
25867,13,4,12,2,10,0,1,1,2,2,0
25868,5,7,9,4,1,3,1,1,0,2,0
25869,3,1,1,4,14,1,1,1,1,2,0
25870,8,4,12,2,6,0,1,1,2,2,0
25871,9,4,9,0,4,1,1,1,3,2,1
25872,8,4,15,5,12,1,1,1,2,2,0
25873,4,4,9,2,12,0,1,1,2,2,1
25874,7,4,11,2,14,0,1,1,2,2,0
25875,9,2,11,0,6,4,1,0,3,2,0
25876,13,2,15,5,4,1,1,0,2,2,0
25877,7,4,11,0,7,4,1,0,2,2,0
25878,7,4,15,0,6,1,0,1,3,2,0
25879,4,4,15,4,8,1,1,0,1,2,0
25880,6,0,1,4,0,1,1,0,1,2,0
25881,18,4,9,6,4,3,1,1,2,2,0
25882,18,2,15,6,1,1,0,0,2,2,0
25883,6,4,12,2,1,5,0,0,1,2,0
25884,5,4,15,4,10,3,1,1,2,2,1
25885,5,4,11,2,3,0,1,1,2,2,0
25886,7,4,15,2,4,0,1,1,2,2,1
25887,9,6,15,2,12,0,1,1,2,2,1
25888,8,4,9,2,12,0,1,1,2,2,0
25889,4,4,9,4,12,1,1,0,2,2,0
25890,13,4,11,2,3,0,1,1,1,2,0
25891,8,7,15,0,10,4,1,0,2,0,0
25892,13,4,15,2,4,0,1,1,3,2,1
25893,8,4,1,2,12,0,1,1,1,2,0
25894,3,4,9,4,4,4,1,1,2,2,0
25895,6,6,15,2,8,0,1,1,2,2,1
25896,5,4,10,4,14,1,1,1,2,2,0
25897,13,4,9,0,10,1,1,1,2,2,0
25898,7,1,15,2,10,0,1,1,2,2,1
25899,4,4,9,4,1,3,0,0,2,2,0
25900,4,6,9,4,10,1,1,1,2,2,0
25901,13,0,15,6,0,4,1,0,0,2,0
25902,8,4,15,2,1,0,1,1,1,2,0
25903,9,4,15,4,3,3,1,1,1,2,0
25904,4,4,7,4,3,2,1,1,2,2,0
25905,7,4,11,4,7,1,0,0,4,2,0
25906,4,4,7,0,12,3,1,1,2,2,0
25907,5,4,15,4,8,3,1,0,2,2,0
25908,6,4,11,0,3,1,1,0,3,2,0
25909,9,0,5,4,0,3,1,0,2,2,0
25910,4,6,9,4,4,1,1,1,2,2,0
25911,7,4,11,2,11,0,0,1,1,2,1
25912,5,4,15,4,12,3,1,0,2,2,0
25913,4,6,9,4,10,3,1,1,2,2,0
25914,5,4,15,2,12,0,1,1,1,2,0
25915,11,4,11,2,3,0,1,1,2,2,0
25916,6,1,14,4,10,1,1,1,1,2,0
25917,5,4,11,4,6,3,1,0,3,2,0
25918,6,4,8,4,1,3,1,0,2,2,0
25919,5,4,11,0,3,4,1,1,2,2,0
25920,9,4,15,2,12,0,1,1,2,2,0
25921,9,6,9,0,13,4,0,0,2,2,0
25922,3,4,1,4,8,3,1,0,1,2,0
25923,9,6,9,2,4,0,1,1,2,2,1
25924,6,4,12,4,10,4,1,0,2,2,0
25925,7,4,11,0,3,1,0,1,2,2,0
25926,10,4,11,2,12,0,1,1,2,4,0
25927,9,6,1,5,8,4,0,1,1,1,0
25928,4,4,1,2,7,5,0,0,2,2,0
25929,11,6,11,0,8,4,1,0,0,2,0
25930,12,0,9,4,0,1,1,1,0,2,0
25931,11,7,9,6,8,4,1,0,2,2,0
25932,5,4,2,2,8,4,1,0,1,2,0
25933,5,4,6,2,5,0,1,1,2,2,1
25934,9,6,15,2,8,0,1,1,1,0,1
25935,4,4,15,0,8,4,1,0,1,2,0
25936,5,2,0,4,6,3,0,0,2,2,0
25937,9,2,12,0,2,1,0,1,1,2,0
25938,10,4,15,4,8,3,1,0,2,2,0
25939,7,4,11,2,14,0,1,1,2,2,0
25940,13,5,11,2,4,0,1,1,2,2,0
25941,8,1,10,2,10,0,0,1,1,2,1
25942,11,7,14,0,1,4,0,0,2,2,1
25943,7,4,7,2,4,0,1,1,2,2,0
25944,9,6,15,0,8,1,1,0,2,2,0
25945,8,4,15,2,4,0,1,1,3,2,1
25946,4,4,11,4,7,1,1,1,2,2,0
25947,8,7,9,2,1,0,1,1,0,2,1
25948,8,4,11,4,1,3,1,1,1,2,0
25949,3,4,15,4,12,3,0,1,1,2,0
25950,9,4,7,2,1,0,0,1,2,2,0
25951,8,1,15,0,10,1,1,1,2,2,0
25952,4,5,9,4,4,1,1,1,2,2,0
25953,10,4,11,2,3,0,1,1,2,2,1
25954,13,4,1,2,3,0,1,1,2,2,1
25955,5,4,15,4,4,3,1,1,2,2,0
25956,10,0,11,2,0,0,1,1,2,2,0
25957,7,4,15,2,1,0,0,1,2,2,0
25958,6,4,11,2,4,0,1,1,4,2,0
25959,5,2,11,2,6,0,1,1,2,2,0
25960,7,4,11,2,3,0,1,1,2,2,1
25961,5,6,15,4,8,1,1,0,2,2,0
25962,7,4,9,2,8,0,1,1,2,2,1
25963,8,4,9,4,12,1,1,0,1,0,0
25964,9,0,10,2,0,0,1,1,2,2,1
25965,6,1,15,3,10,4,1,0,2,2,0
25966,4,4,11,4,1,3,1,0,2,2,0
25967,6,6,11,0,8,4,1,0,2,2,0
25968,5,4,12,4,10,3,1,0,2,2,0
25969,8,4,11,2,4,0,1,1,3,2,0
25970,3,7,9,4,10,4,1,0,2,4,0
25971,9,2,8,2,11,0,1,1,1,2,0
25972,7,4,9,5,10,0,1,1,1,2,0
25973,8,4,11,2,7,0,1,1,0,2,1
25974,10,4,9,2,8,5,1,0,2,2,0
25975,10,4,9,2,10,0,1,1,2,2,0
25976,4,2,11,0,6,1,1,1,2,2,0
25977,8,4,6,2,3,0,0,1,2,0,0
25978,6,4,15,4,7,2,1,1,4,2,0
25979,7,4,9,4,4,3,1,1,3,2,0
25980,9,4,11,2,12,0,1,1,3,2,1
25981,8,4,9,2,11,0,0,1,2,2,0
25982,7,4,11,2,1,0,1,1,2,1,0
25983,8,4,11,4,6,3,1,1,2,2,0
25984,6,2,11,2,6,0,0,1,1,2,0
25985,4,6,9,2,12,5,1,0,2,2,0
25986,10,0,9,2,0,0,1,1,2,2,0
25987,7,4,11,4,4,1,1,1,2,2,0
25988,6,2,14,4,10,1,1,1,1,2,0
25989,3,5,9,4,4,4,1,1,4,3,0
25990,9,7,15,4,1,1,0,0,2,2,0
25991,11,4,11,2,7,0,1,1,2,2,0
25992,8,4,9,2,6,0,1,1,3,2,1
25993,8,6,3,2,12,0,1,1,4,2,0
25994,7,4,15,2,8,0,1,1,2,2,1
25995,9,4,15,2,3,0,1,1,2,2,1
25996,7,4,0,2,6,0,1,1,2,2,0
25997,10,4,9,2,11,0,1,1,2,2,0
25998,10,4,11,2,8,0,1,1,1,2,1
25999,8,4,7,4,4,3,1,0,1,2,0
26000,4,4,11,4,14,3,1,1,2,2,0
26001,12,4,0,2,7,0,1,1,2,2,1
26002,7,4,11,4,8,3,1,0,2,2,0
26003,16,4,15,0,8,4,1,0,0,2,0
26004,3,5,11,4,10,3,0,0,2,2,1
26005,10,6,11,2,3,0,1,1,2,2,0
26006,9,4,11,0,7,4,1,0,2,2,0
26007,10,0,6,0,0,1,1,1,0,2,1
26008,6,4,11,2,8,0,0,1,0,2,0
26009,9,4,11,0,3,4,1,1,2,2,0
26010,6,5,6,2,5,0,1,1,3,2,0
26011,3,4,11,4,12,1,1,0,1,2,0
26012,4,2,2,4,6,1,0,1,2,2,0
26013,5,4,15,4,12,3,1,1,2,2,0
26014,5,4,9,2,8,0,1,1,2,2,1
26015,10,2,11,2,12,0,1,1,3,2,0
26016,6,6,1,2,3,0,1,1,2,0,1
26017,17,2,9,6,12,1,0,0,2,2,0
26018,11,4,11,2,12,0,1,1,2,2,0
26019,9,6,9,2,8,0,1,1,1,2,1
26020,12,6,9,2,12,0,1,1,2,2,0
26021,4,4,8,4,1,2,1,0,2,2,0
26022,7,4,11,5,6,4,1,0,2,2,0
26023,5,4,11,2,12,0,1,1,3,2,0
26024,4,6,1,4,12,1,1,0,1,2,0
26025,5,7,11,4,8,4,1,0,2,2,0
26026,6,4,11,2,8,0,1,1,2,2,1
26027,8,4,14,0,1,4,0,0,1,2,0
26028,5,4,12,4,4,3,1,1,2,2,0
26029,7,4,15,4,12,1,1,0,0,0,0
26030,8,6,9,0,10,1,1,0,1,2,0
26031,6,4,11,4,1,1,0,0,4,2,0
26032,7,4,9,0,4,1,0,1,2,2,0
26033,9,2,11,2,12,5,1,0,2,0,1
26034,4,4,15,4,1,3,1,0,2,2,0
26035,7,4,11,1,8,1,1,0,0,2,0
26036,4,4,0,6,7,1,1,1,2,2,0
26037,8,4,9,2,4,0,1,1,2,2,1
26038,7,4,15,2,10,5,1,0,2,2,1
26039,6,4,15,2,6,0,0,1,2,2,0
26040,4,4,11,4,11,3,0,1,1,2,0
26041,4,4,9,4,4,3,1,1,4,2,0
26042,7,2,9,4,10,3,1,1,2,2,0
26043,5,2,12,2,10,0,1,1,2,2,0
26044,8,2,0,4,9,1,1,1,1,2,1
26045,5,7,9,4,1,1,1,0,2,2,0
26046,7,4,15,2,3,2,1,1,2,0,0
26047,3,4,11,4,3,1,1,1,2,2,0
26048,5,7,9,4,10,3,1,1,3,2,0
26049,6,4,11,4,1,3,0,0,2,2,0
26050,11,4,9,2,12,0,0,1,2,2,1
26051,13,4,11,5,6,1,1,1,3,2,0
26052,4,4,15,4,1,3,1,0,1,2,0
26053,6,4,0,2,7,1,1,0,2,2,0
26054,10,4,5,0,3,1,1,1,1,2,0
26055,5,1,12,2,4,0,1,1,2,2,0
26056,8,4,11,5,8,4,0,0,2,2,0
26057,5,4,10,4,10,3,1,1,1,2,0
26058,7,2,11,2,11,0,1,1,2,2,0
26059,8,4,15,2,3,0,1,1,2,2,0
26060,8,4,15,2,14,0,0,1,2,2,0
26061,6,0,1,0,0,4,0,0,0,2,0
26062,8,4,9,5,4,4,1,0,1,2,0
26063,6,4,15,2,4,0,1,1,2,2,1
26064,12,2,9,5,4,1,1,1,2,2,0
26065,8,4,0,2,7,0,1,1,2,2,0
26066,10,4,7,0,1,4,1,0,2,2,0
26067,9,4,11,0,7,1,1,0,2,2,0
26068,10,4,11,0,3,4,1,1,1,2,0
26069,6,4,11,4,1,1,1,0,2,2,0
26070,7,6,11,2,4,0,1,1,2,2,0
26071,7,6,6,0,10,4,1,0,2,2,0
26072,9,4,10,2,10,0,1,1,2,2,1
26073,9,4,5,2,11,0,1,1,2,2,0
26074,6,4,11,4,1,1,1,0,2,2,0
26075,10,4,11,2,4,0,1,1,2,2,1
26076,7,4,15,2,12,1,1,0,2,2,1
26077,9,4,11,2,14,0,1,1,3,2,0
26078,17,4,11,0,13,4,1,0,2,2,0
26079,8,4,12,2,4,5,1,0,1,2,1
26080,10,4,4,2,8,4,1,0,2,2,1
26081,4,4,11,4,1,3,1,0,0,2,0
26082,6,2,9,0,11,4,0,1,2,2,1
26083,6,4,15,0,8,1,1,0,1,2,0
26084,6,7,0,4,9,1,0,0,2,2,0
26085,6,4,1,0,14,1,1,1,2,2,0
26086,9,4,11,2,3,0,1,1,1,2,1
26087,7,4,9,2,10,0,1,1,2,2,0
26088,8,4,7,2,14,0,1,1,2,2,0
26089,7,0,5,6,0,4,1,0,1,2,0
26090,8,4,11,2,4,0,1,1,2,2,0
26091,5,4,11,2,6,0,1,1,3,2,0
26092,7,0,11,2,0,5,1,0,2,2,0
26093,5,6,12,4,12,1,1,1,1,2,0
26094,10,4,11,2,6,0,1,1,3,2,1
26095,8,6,11,4,1,1,1,0,2,0,0
26096,3,0,9,4,0,3,1,1,2,2,0
26097,8,4,8,2,12,5,1,0,2,2,0
26098,3,4,8,4,4,3,1,1,2,2,0
26099,11,4,9,2,12,0,1,1,1,2,0
26100,6,4,15,2,7,0,1,1,2,2,0
26101,7,4,11,2,3,0,1,1,2,2,1
26102,10,4,15,2,12,0,1,1,2,2,1
26103,6,4,11,0,12,4,1,0,2,2,0
26104,7,2,11,2,1,0,0,1,2,2,0
26105,8,4,4,2,13,0,0,1,2,2,0
26106,11,6,11,2,5,0,1,1,2,2,0
26107,7,4,11,0,3,1,1,1,2,2,0
26108,4,1,11,4,3,3,1,1,2,2,0
26109,5,4,11,2,1,0,1,1,1,1,1
26110,3,4,11,4,12,1,1,1,2,2,0
26111,8,2,11,2,10,0,1,1,1,2,1
26112,3,2,8,4,10,3,1,0,2,2,0
26113,7,4,11,2,3,0,1,1,1,2,0
26114,12,4,11,2,6,0,1,1,3,2,1
26115,7,4,11,2,12,0,0,1,1,2,0
26116,8,2,15,5,1,4,1,0,2,2,0
26117,9,4,15,4,10,3,1,0,1,2,0
26118,7,4,7,4,12,1,1,0,2,2,0
26119,8,4,15,2,4,0,1,1,3,2,1
26120,5,4,9,2,12,0,1,1,3,2,0
26121,8,6,11,2,3,0,1,1,2,2,0
26122,13,4,11,2,14,0,1,1,2,2,1
26123,8,4,9,2,12,5,1,0,2,2,1
26124,11,4,9,2,10,0,1,1,2,2,1
26125,7,4,15,6,12,3,0,1,2,2,0
26126,8,4,11,2,12,0,1,1,1,2,0
26127,7,4,11,0,12,1,1,1,2,2,0
26128,5,4,10,2,14,0,1,1,2,2,0
26129,8,4,11,2,8,0,1,1,1,2,1
26130,4,4,9,6,4,1,0,1,2,2,0
26131,9,4,11,0,3,1,1,1,2,2,0
26132,8,4,1,0,8,1,1,1,1,2,1
26133,3,4,7,4,4,3,1,1,2,2,0
26134,4,4,11,4,12,3,1,0,2,2,1
26135,6,4,15,4,14,2,1,1,2,2,0
26136,4,4,15,4,3,1,1,1,2,2,0
26137,8,4,6,2,5,0,1,1,2,2,1
26138,9,7,11,2,1,0,1,1,2,2,1
26139,5,6,9,2,10,0,1,1,2,2,1
26140,11,4,11,2,8,5,1,0,1,2,0
26141,8,4,11,4,8,3,0,1,0,2,0
26142,8,2,15,2,4,0,1,1,1,0,1
26143,8,4,11,4,4,3,1,1,2,2,0
26144,7,4,11,2,7,0,1,1,2,2,0
26145,5,4,8,2,11,0,0,1,2,2,1
26146,3,2,11,4,14,1,1,0,2,2,0
26147,12,4,15,2,4,5,1,0,2,2,1
26148,5,4,15,4,12,1,1,1,4,2,0
26149,18,4,11,0,8,4,1,0,2,2,0
26150,3,4,6,4,10,4,0,0,2,2,0
26151,4,4,15,2,12,0,1,1,2,2,0
26152,10,1,15,2,1,5,0,0,2,2,1
26153,4,6,15,4,1,3,0,0,2,2,1
26154,4,2,8,4,11,1,1,1,2,2,0
26155,5,4,9,2,6,0,1,1,1,2,0
26156,6,6,11,4,3,1,1,1,2,2,0
26157,3,4,11,4,7,1,0,0,4,2,0
26158,4,4,11,4,7,4,1,0,2,4,0
26159,8,4,3,0,13,4,1,0,2,0,0
26160,8,4,6,0,5,4,1,0,2,2,0
26161,9,5,15,0,4,1,1,1,2,2,0
26162,9,6,4,2,8,0,1,1,2,2,0
26163,10,4,11,2,3,0,1,1,0,2,0
26164,13,4,11,2,1,5,0,0,1,2,1
26165,4,4,15,4,12,3,1,1,4,2,0
26166,9,4,9,0,12,1,1,0,3,2,0
26167,11,0,1,0,0,1,1,0,2,2,0
26168,8,4,12,2,4,0,1,1,1,2,0
26169,6,4,7,2,8,0,1,1,1,2,0
26170,6,4,7,4,12,1,1,1,2,2,0
26171,11,4,11,2,14,0,1,1,2,2,0
26172,7,2,11,2,6,0,1,1,3,2,0
26173,3,4,15,4,1,3,1,0,2,2,0
26174,13,7,10,2,10,0,1,1,2,2,0
26175,8,7,11,2,1,0,1,1,2,2,1
26176,3,7,11,4,1,1,1,0,2,2,1
26177,13,4,13,2,14,0,1,1,3,2,1
26178,9,4,9,0,10,1,1,1,2,2,0
26179,8,4,11,2,6,0,0,1,3,2,0
26180,9,4,11,0,8,4,0,0,1,0,1
26181,7,4,11,4,12,1,1,1,2,2,0
26182,9,4,1,2,7,0,1,1,2,2,0
26183,10,4,12,2,4,0,1,1,2,2,0
26184,6,4,12,0,1,4,1,0,1,2,0
26185,8,4,15,2,10,0,1,1,3,2,1
26186,7,4,15,5,8,4,0,0,1,2,0
26187,7,4,15,5,12,1,1,1,4,2,0
26188,9,5,5,0,0,2,1,1,0,0,0
26189,7,4,15,2,10,0,1,1,2,0,1
26190,7,4,9,4,8,3,1,1,0,2,0
26191,6,4,15,2,3,0,1,1,2,2,0
26192,3,4,11,4,3,1,1,0,3,2,0
26193,4,4,0,4,14,1,1,1,2,2,0
26194,7,0,11,5,0,1,1,0,2,2,0
26195,5,4,9,4,13,1,1,1,2,2,0
26196,6,2,5,0,10,4,1,0,1,2,0
26197,3,0,8,4,4,2,1,0,2,2,0
26198,5,4,11,4,7,1,1,0,2,0,0
26199,10,4,11,2,6,0,1,1,1,2,0
26200,6,0,9,4,0,3,1,1,2,2,0
26201,7,4,11,3,1,5,0,0,2,2,0
26202,8,4,11,2,8,4,1,0,1,2,0
26203,5,4,11,2,3,0,1,1,2,2,1
26204,8,0,5,5,0,1,1,1,2,2,0
26205,7,4,8,4,12,1,1,1,2,2,0
26206,10,4,11,2,14,0,1,1,2,2,1
26207,4,4,11,4,7,3,1,0,2,2,1
26208,6,4,5,2,3,0,1,1,2,2,0
26209,7,7,15,2,4,0,1,1,4,2,1
26210,3,4,11,4,3,1,1,1,2,4,0
26211,18,0,11,2,0,0,1,1,1,2,0
26212,6,4,15,4,7,1,1,1,2,2,0
26213,8,4,9,0,4,1,1,0,2,2,1
26214,10,4,7,2,1,0,1,1,0,2,0
26215,10,4,0,2,6,0,1,1,3,2,0
26216,3,1,11,4,3,3,1,1,2,2,0
26217,8,4,7,0,4,4,1,0,3,2,0
26218,5,1,11,2,14,0,1,1,3,1,0
26219,10,4,11,2,4,0,1,1,2,2,0
26220,5,4,8,4,3,1,1,1,2,2,0
26221,8,0,11,5,0,4,1,0,0,2,0
26222,3,4,11,4,14,3,1,1,2,2,0
26223,4,4,12,4,6,1,1,1,2,2,1
26224,11,4,15,2,1,0,1,1,1,2,0
26225,4,6,15,4,10,1,1,1,1,2,0
26226,6,6,11,2,3,0,1,1,2,0,0
26227,5,2,11,2,3,0,1,1,2,2,0
26228,10,4,15,2,4,5,1,0,1,2,0
26229,5,7,12,4,1,3,0,0,1,2,0
26230,6,0,10,4,0,3,1,0,1,2,0
26231,9,4,5,0,3,2,1,0,2,2,0
26232,3,1,11,4,14,1,1,1,1,2,0
26233,4,4,9,4,12,2,1,0,2,2,0
26234,5,4,11,2,6,0,1,1,2,2,0
26235,8,4,9,3,1,1,1,0,2,2,1
26236,11,2,15,2,1,0,1,1,2,2,1
26237,9,4,9,2,10,0,1,1,3,2,1
26238,6,4,11,4,8,2,1,0,2,2,1
26239,7,4,7,2,14,0,1,1,3,2,0
26240,3,4,8,4,12,3,1,1,2,2,0
26241,9,4,8,2,3,0,1,1,2,2,0
26242,6,4,9,0,4,4,1,0,4,2,0
26243,7,4,15,2,3,0,1,1,2,1,1
26244,10,4,12,2,4,0,1,1,3,2,0
26245,10,4,11,2,6,0,1,1,1,2,1
26246,4,4,15,4,1,3,1,0,2,2,0
26247,12,4,9,2,12,0,1,1,2,2,0
26248,10,7,15,0,1,1,0,0,2,2,0
26249,8,4,11,2,3,0,1,1,2,2,1
26250,6,4,11,4,4,3,1,0,2,2,0
26251,10,4,1,2,14,0,1,1,1,2,0
26252,7,4,15,2,14,0,0,1,3,2,1
26253,6,4,15,2,13,5,1,0,2,2,1
26254,4,4,15,4,1,1,1,0,2,2,0
26255,6,4,1,2,3,0,1,1,2,2,0
26256,11,5,11,4,0,3,1,1,2,2,0
26257,10,1,11,2,7,0,1,1,2,2,0
26258,5,4,11,2,3,0,1,1,2,2,0
26259,11,4,11,2,3,0,1,1,2,2,1
26260,5,4,9,2,12,0,1,1,2,2,0
26261,7,7,11,2,1,0,1,1,2,2,0
26262,13,4,9,6,12,1,0,0,2,2,0
26263,12,6,7,2,3,0,1,1,2,2,0
26264,9,4,0,0,6,1,1,1,2,2,0
26265,11,4,0,2,3,0,1,1,2,2,1
26266,11,6,15,2,3,0,1,1,2,2,0
26267,5,4,11,4,12,3,1,1,2,2,0
26268,6,4,15,1,12,4,1,0,1,2,1
26269,9,4,11,0,1,1,1,0,2,2,1
26270,8,4,7,0,12,1,1,1,4,2,0
26271,10,4,8,2,11,0,1,1,1,2,0
26272,5,4,9,4,10,1,1,1,2,2,0
26273,5,5,9,4,10,3,1,1,2,2,0
26274,8,4,15,2,11,0,1,1,1,2,1
26275,9,4,11,0,1,1,0,0,2,2,0
26276,10,4,12,2,6,0,1,1,3,2,0
26277,3,2,9,4,4,3,1,1,2,2,0
26278,7,4,9,0,1,4,0,0,2,2,0
26279,5,4,9,2,6,0,0,1,3,2,1
26280,7,6,6,2,5,0,1,1,3,2,1
26281,6,4,15,4,7,3,1,0,4,0,0
26282,9,4,7,5,1,1,1,0,2,2,0
26283,7,5,0,2,7,4,1,0,4,2,0
26284,3,4,11,4,8,1,1,0,2,2,0
26285,5,4,11,4,3,3,1,1,1,1,0
26286,6,5,0,4,7,1,0,1,2,0,0
26287,8,4,11,4,3,1,1,1,2,2,0
26288,7,4,11,2,10,0,1,1,2,2,0
26289,6,6,15,2,12,4,1,0,2,2,1
26290,5,4,11,2,7,0,0,1,2,2,0
26291,4,5,9,4,4,3,1,1,2,2,0
26292,9,4,1,2,2,0,0,1,1,0,1
26293,4,4,11,0,4,1,1,0,2,2,0
26294,10,4,11,0,7,2,1,1,2,2,0
26295,9,4,15,2,14,0,1,1,2,2,1
26296,5,4,15,4,12,4,1,0,2,2,0
26297,4,4,7,0,4,1,1,1,3,2,0
26298,8,4,11,1,4,1,1,1,2,2,1
26299,6,4,1,4,8,1,0,0,2,2,0
26300,7,4,7,2,12,0,1,1,2,2,0
26301,5,0,6,4,0,1,0,0,0,2,0
26302,6,0,6,2,0,0,1,1,2,2,0
26303,10,4,11,6,7,4,1,0,2,2,0
26304,3,4,15,4,4,1,1,1,2,2,0
26305,5,4,11,4,12,3,1,0,2,2,0
26306,4,4,11,5,1,1,1,0,1,2,0
26307,9,5,0,0,4,4,0,0,2,2,0
26308,6,4,11,2,7,0,1,1,2,2,0
26309,7,4,11,4,7,3,1,1,3,2,0
26310,11,4,5,2,3,0,1,1,1,2,0
26311,4,5,15,4,3,3,1,1,2,2,0
26312,6,4,5,2,3,0,1,1,2,2,0
26313,9,4,11,2,1,5,1,0,2,2,1
26314,9,4,15,2,8,0,1,1,1,2,1
26315,12,7,12,0,10,1,1,0,3,2,1
26316,8,4,15,6,4,4,1,0,2,2,0
26317,4,4,11,4,1,3,1,0,2,2,0
26318,5,4,11,2,4,0,1,1,2,2,0
26319,7,0,1,2,0,0,1,1,1,2,1
26320,7,0,1,2,0,0,1,1,1,3,0
26321,10,4,15,2,6,0,0,1,3,2,0
26322,7,4,10,2,10,0,1,1,2,2,1
26323,5,4,0,2,7,0,1,1,4,2,1
26324,11,4,11,2,4,5,1,0,2,2,0
26325,17,7,8,0,1,4,0,0,2,2,0
26326,9,6,1,4,5,3,1,0,3,2,0
26327,9,4,15,2,1,5,1,0,2,2,0
26328,8,4,12,2,10,5,1,0,2,2,0
26329,7,4,11,2,6,0,1,1,2,2,0
26330,6,0,9,4,0,1,1,0,0,0,0
26331,13,0,15,2,0,0,1,1,0,2,0
26332,6,4,8,0,3,4,1,1,2,2,0
26333,6,7,9,2,10,0,1,1,1,2,0
26334,6,4,9,4,1,1,0,0,1,2,0
26335,4,4,9,4,4,3,1,1,2,2,1
26336,7,4,15,0,12,4,1,0,2,2,0
26337,5,4,7,2,4,0,1,1,3,1,1
26338,8,6,15,3,4,5,1,0,4,2,1
26339,8,6,15,0,10,4,0,0,2,2,0
26340,6,7,12,4,10,1,1,1,1,2,0
26341,10,6,12,0,10,4,1,0,2,2,0
26342,9,4,11,0,8,4,1,0,2,2,0
26343,7,4,11,0,4,4,1,0,2,2,0
26344,9,4,15,2,4,0,1,1,2,2,1
26345,5,4,11,4,6,3,1,0,2,2,0
26346,7,2,12,0,1,3,0,1,2,2,0
26347,5,4,0,6,3,0,1,1,2,4,0
26348,7,4,11,2,4,0,0,1,2,2,1
26349,6,6,9,0,12,4,1,0,2,2,0
26350,8,4,6,2,10,0,0,1,3,2,0
26351,6,4,15,2,11,0,1,1,2,0,1
26352,7,5,15,2,4,0,0,1,2,2,0
26353,6,4,11,3,4,0,1,1,2,2,1
26354,5,4,11,4,3,3,1,1,1,2,0
26355,4,4,11,4,3,1,1,1,2,2,0
26356,6,6,11,4,3,1,1,1,2,2,0
26357,4,4,11,4,3,3,1,1,2,2,0
26358,7,2,15,4,10,3,0,0,1,2,0
26359,10,6,9,2,4,0,1,1,3,2,0
26360,4,4,11,4,1,3,0,0,0,2,0
26361,6,4,4,2,8,5,0,0,2,2,0
26362,9,2,1,0,9,1,1,1,1,2,0
26363,8,6,9,4,1,1,1,0,2,0,0
26364,4,4,11,4,7,3,0,1,2,2,0
26365,9,4,15,2,11,0,1,1,2,2,0
26366,11,4,15,2,10,0,1,1,2,2,1
26367,7,4,15,2,14,0,1,1,2,2,0
26368,11,2,9,0,10,1,1,0,2,2,0
26369,8,4,11,2,4,0,1,1,1,2,0
26370,9,4,11,0,12,2,1,0,2,2,0
26371,11,4,12,2,4,0,1,1,4,2,0
26372,4,8,9,4,13,1,1,1,1,2,0
26373,9,4,15,4,1,3,1,0,1,2,0
26374,8,4,9,2,4,0,0,1,2,2,0
26375,8,7,12,4,9,3,1,0,2,2,0
26376,6,0,15,0,0,4,0,0,0,2,0
26377,4,4,9,4,11,3,0,1,2,2,0
26378,13,4,11,2,3,0,1,1,2,2,1
26379,8,4,15,2,14,0,1,1,2,2,0
26380,4,4,12,4,10,3,1,1,1,2,0
26381,13,4,11,2,3,0,0,1,1,2,0
26382,3,1,13,4,14,1,1,1,2,2,0
26383,11,4,0,0,7,4,1,0,3,2,0
26384,3,2,15,4,3,3,1,1,2,2,0
26385,17,4,11,0,1,4,1,1,1,2,0
26386,5,4,11,4,1,3,1,0,2,2,0
26387,11,6,15,0,4,1,1,1,2,2,0
26388,12,6,5,2,3,0,0,1,2,2,1
26389,7,6,12,2,12,0,0,1,2,2,1
26390,8,4,15,2,8,0,1,1,1,2,0
26391,8,4,8,5,3,1,1,1,2,2,0
26392,8,4,12,0,4,4,1,0,2,2,0
26393,6,0,15,4,4,1,1,0,2,2,0
26394,12,4,9,4,10,3,1,1,2,2,0
26395,6,7,13,0,8,1,0,1,2,0,0
26396,7,4,15,4,4,3,1,1,2,0,0
26397,4,2,9,4,4,1,1,1,2,2,0
26398,9,6,11,2,3,0,0,1,2,2,1
26399,10,2,5,0,10,1,1,0,2,2,1
26400,7,4,15,4,12,1,1,0,2,2,0
26401,10,4,11,2,3,0,1,1,2,2,1
26402,10,2,11,2,4,0,1,1,1,2,0
26403,8,4,11,0,1,1,1,0,4,2,0
26404,5,4,11,4,3,3,1,1,2,2,0
26405,9,6,1,2,3,0,1,1,2,0,1
26406,17,4,15,2,12,0,1,1,4,2,1
26407,6,4,4,4,8,3,1,1,2,2,0
26408,5,4,0,2,7,0,1,1,2,2,0
26409,7,4,15,2,8,0,1,1,2,2,0
26410,9,4,15,2,4,0,1,1,2,2,0
26411,8,2,12,2,2,0,1,1,1,2,0
26412,11,4,15,2,10,0,1,1,2,2,0
26413,10,4,11,2,6,0,0,1,2,2,1
26414,13,6,15,5,8,4,1,0,1,2,0
26415,9,4,11,2,7,5,1,0,2,2,1
26416,5,4,11,4,7,3,1,1,2,2,0
26417,10,6,5,2,3,0,1,1,2,2,1
26418,10,6,7,6,4,1,1,0,1,2,0
26419,10,7,11,2,11,0,1,1,2,2,0
26420,6,4,15,4,13,4,1,0,2,2,0
26421,5,2,15,4,10,1,1,0,3,2,0
26422,7,4,11,0,7,4,1,0,2,2,0
26423,5,4,7,2,12,0,1,1,1,2,0
26424,14,4,11,2,8,0,0,1,1,2,1
26425,6,4,2,2,6,0,1,1,3,2,0
26426,7,4,15,0,1,1,1,0,2,2,1
26427,8,4,9,2,4,0,1,1,2,2,0
26428,10,4,8,0,4,1,1,1,2,2,0
26429,9,4,10,0,10,4,1,0,2,2,0
26430,8,4,12,2,10,0,1,1,1,2,1
26431,7,2,15,4,3,3,1,1,2,2,0
26432,7,6,11,2,3,0,1,1,2,2,0
26433,9,7,12,2,10,0,1,1,2,2,1
26434,9,6,9,2,4,3,1,1,2,0,1
26435,7,4,11,5,8,4,0,0,1,2,0
26436,5,0,5,0,0,1,1,1,1,2,0
26437,7,4,11,4,8,1,1,0,2,2,0
26438,3,4,15,4,12,1,1,1,1,2,0
26439,10,4,15,4,8,1,1,1,2,2,0
26440,6,4,11,2,7,0,1,1,2,2,0
26441,8,4,15,0,1,1,1,0,2,2,0
26442,6,4,8,4,4,1,0,1,2,0,0
26443,5,6,11,4,1,1,1,1,2,2,0
26444,9,2,15,2,11,0,0,1,2,2,0
26445,10,4,11,2,4,0,0,1,2,2,0
26446,8,6,9,2,12,0,1,1,1,2,0
26447,10,4,15,0,3,1,1,1,1,2,0
26448,4,4,15,6,12,4,1,0,2,2,0
26449,5,4,11,4,7,1,0,1,2,2,0
26450,11,4,15,2,12,0,1,1,3,2,0
26451,10,6,11,0,1,4,1,0,3,2,0
26452,10,4,1,2,12,0,1,1,2,2,0
26453,4,1,11,0,1,1,1,0,2,2,0
26454,11,4,0,2,3,0,1,1,2,2,0
26455,6,4,7,2,12,0,0,1,3,2,0
26456,8,6,9,2,4,0,1,1,2,2,0
26457,7,4,15,0,4,4,0,0,2,2,0
26458,7,4,8,2,11,0,0,1,2,2,1
26459,8,0,5,2,0,0,0,1,2,2,1
26460,6,4,9,0,8,4,1,1,2,2,0
26461,8,4,11,0,1,1,1,0,2,2,0
26462,4,4,9,4,8,3,0,0,2,2,0
26463,4,7,11,4,1,1,1,0,2,2,0
26464,8,6,9,4,13,1,1,1,0,2,0
26465,6,4,11,4,8,1,1,0,1,2,0
26466,11,0,15,2,0,0,0,1,1,2,0
26467,7,4,9,2,6,0,1,1,2,2,0
26468,4,0,1,4,0,1,1,0,0,2,0
26469,7,4,15,2,1,5,1,0,2,1,0
26470,10,4,11,2,12,0,1,1,2,2,1
26471,10,4,15,2,4,0,1,1,4,2,0
26472,8,5,15,0,4,1,1,1,2,2,0
26473,8,4,15,5,4,0,1,1,2,2,0
26474,5,4,8,4,12,3,1,0,2,2,0
26475,5,5,11,4,7,1,0,1,2,2,0
26476,5,4,9,4,10,2,1,0,1,2,0
26477,12,6,9,2,10,0,1,1,2,2,0
26478,6,4,11,0,12,1,1,1,3,1,0
26479,9,2,11,2,14,0,1,1,2,2,0
26480,7,4,15,2,6,0,1,1,2,2,0
26481,8,0,9,2,0,0,1,1,1,2,1
26482,6,4,11,2,12,0,0,1,1,2,0
26483,3,4,11,0,13,4,1,0,2,4,0
26484,9,0,15,2,4,0,1,1,2,2,1
26485,3,4,12,4,4,3,1,1,2,2,0
26486,9,4,11,2,7,5,1,0,2,2,1
26487,4,6,1,4,8,3,1,1,1,2,0
26488,6,4,11,0,8,4,1,0,2,2,1
26489,12,4,15,2,1,5,1,0,2,2,0
26490,6,4,15,2,7,0,1,1,2,2,0
26491,9,4,11,0,1,1,1,0,2,2,0
26492,10,4,11,2,3,0,1,1,2,2,1
26493,6,4,15,2,3,0,1,1,1,2,0
26494,4,4,11,4,14,3,1,1,2,2,0
26495,8,0,9,2,0,0,1,1,2,2,0
26496,8,4,14,2,3,0,1,1,2,2,1
26497,6,4,11,2,14,0,1,1,2,2,0
26498,8,4,11,4,3,1,1,1,2,2,0
26499,4,5,9,4,4,3,1,1,2,2,0
26500,5,4,12,2,4,0,1,1,2,2,1
26501,7,4,11,4,3,1,1,1,2,0,0
26502,6,4,9,0,4,1,1,1,2,2,0
26503,5,4,11,2,7,0,1,1,2,2,0
26504,7,4,12,2,12,0,1,1,1,2,0
26505,8,4,11,2,14,5,0,0,2,2,1
26506,7,4,9,2,12,0,1,1,2,2,1
26507,7,4,11,5,8,4,1,1,0,2,0
26508,6,4,11,2,3,0,1,1,2,2,0
26509,7,1,10,2,10,0,1,1,2,2,0
26510,10,4,11,4,7,3,1,0,2,2,0
26511,3,6,15,4,4,3,1,0,2,2,0
26512,10,4,6,2,3,0,1,1,2,2,1
26513,10,0,5,2,0,0,1,1,2,2,0
26514,3,5,6,4,5,3,1,0,2,2,0
26515,8,4,5,2,3,0,1,1,2,2,0
26516,5,4,9,2,13,0,1,1,1,2,0
26517,7,4,9,4,12,3,1,0,4,2,0
26518,4,4,12,4,4,3,1,1,3,2,0
26519,6,4,9,4,12,1,1,0,1,1,0
26520,8,4,11,2,4,0,1,1,2,2,1
26521,6,0,15,3,0,1,1,1,2,2,1
26522,4,4,8,4,3,3,1,1,2,2,0
26523,4,4,9,4,10,1,1,0,2,2,0
26524,7,2,15,2,3,0,0,1,1,2,0
26525,6,4,11,3,12,0,1,1,2,1,0
26526,8,0,11,0,0,3,0,1,2,2,0
26527,7,4,13,4,6,3,1,1,2,2,0
26528,10,4,15,2,4,0,1,1,2,2,0
26529,9,4,11,2,10,0,1,1,2,2,0
26530,7,4,9,0,13,1,1,0,2,2,0
26531,8,4,8,2,12,0,1,1,4,2,0
26532,8,6,15,0,1,1,1,1,2,2,0
26533,8,6,15,4,12,1,1,1,2,2,0
26534,4,4,11,4,4,3,0,1,2,2,0
26535,7,0,11,2,0,0,1,1,0,2,0
26536,9,4,15,2,10,0,1,1,2,2,0
26537,7,4,11,0,7,4,0,0,2,2,0
26538,7,4,15,4,4,1,1,1,2,2,0
26539,7,4,9,0,7,1,1,0,2,2,0
26540,9,4,15,2,1,0,1,1,1,2,0
26541,4,2,12,2,4,0,1,1,2,2,0
26542,8,4,11,0,7,1,1,1,2,2,0
26543,3,6,8,4,3,4,1,0,2,2,0
26544,11,4,15,4,1,3,1,1,2,2,0
26545,10,4,8,0,11,1,1,0,2,2,0
26546,6,2,15,4,4,1,1,0,1,2,0
26547,8,6,11,4,12,1,1,0,1,2,0
26548,9,4,9,0,8,1,1,1,2,2,0
26549,8,4,9,2,10,0,1,1,2,2,0
26550,4,5,12,4,5,3,1,1,3,2,0
26551,7,4,15,0,4,4,1,0,2,2,0
26552,6,6,15,4,1,3,1,0,1,2,0
26553,7,4,9,2,12,0,1,1,1,2,0
26554,8,2,11,4,11,1,1,1,2,2,0
26555,5,6,9,4,13,2,1,1,1,1,0
26556,7,4,3,0,8,3,0,0,1,2,1
26557,9,4,7,0,13,4,1,0,1,2,0
26558,5,6,15,4,4,3,1,1,4,2,0
26559,5,4,11,6,8,1,1,0,1,2,0
26560,10,5,1,2,5,0,1,1,1,2,1
26561,5,4,11,2,3,0,1,1,2,1,0
26562,8,6,6,5,5,1,1,0,1,2,0
26563,8,2,9,0,10,2,1,1,1,2,0
26564,9,6,15,2,12,5,1,0,2,2,1
26565,6,4,11,4,1,1,1,0,1,2,0
26566,3,4,7,4,1,3,1,0,2,2,0
26567,10,4,9,0,4,1,0,0,2,2,0
26568,9,4,7,2,12,0,1,1,2,2,1
26569,6,4,11,3,6,0,0,1,3,2,1
26570,8,4,11,2,3,0,1,1,2,2,1
26571,9,0,11,0,0,4,1,0,1,0,0
26572,11,4,14,2,10,0,1,1,2,2,0
26573,9,4,11,5,7,1,1,0,2,2,0
26574,5,4,11,4,12,3,1,1,4,2,0
26575,12,4,1,2,3,0,1,1,3,2,0
26576,9,4,11,2,1,0,1,1,2,2,0
26577,3,2,11,4,5,1,1,0,2,2,0
26578,13,6,15,2,4,0,1,1,2,2,0
26579,7,2,6,2,5,0,1,1,3,2,0
26580,10,4,7,2,4,5,1,0,2,2,0
26581,11,4,12,2,10,5,1,0,3,2,0
26582,8,4,7,2,12,1,1,0,3,0,1
26583,4,4,11,4,8,1,1,1,1,2,0
26584,5,2,15,4,10,3,1,1,2,2,0
26585,10,2,15,2,2,5,0,0,2,2,1
26586,7,4,9,4,6,1,1,1,1,2,0
26587,10,4,11,0,1,4,1,0,2,2,0
26588,5,8,9,4,13,1,1,0,2,2,0
26589,5,4,11,4,3,3,1,1,2,2,0
26590,8,6,9,2,4,0,1,1,2,2,0
26591,7,4,14,2,3,0,0,1,2,0,0
26592,8,2,12,2,10,0,1,1,2,2,1
26593,5,7,9,4,11,3,0,1,1,2,0
26594,10,4,9,2,12,0,1,1,3,2,0
26595,9,4,7,2,12,0,1,1,1,2,1
26596,9,4,1,0,14,1,1,1,2,2,0
26597,16,4,11,6,7,4,1,0,2,2,0
26598,10,4,0,2,6,5,1,0,2,2,0
26599,10,4,15,2,1,0,1,1,1,2,1
26600,10,4,15,0,4,1,1,1,2,2,0
26601,10,4,7,2,11,0,1,1,2,2,0
26602,6,7,12,2,10,0,1,1,1,2,0
26603,9,0,11,0,0,4,1,0,2,2,0
26604,10,4,11,2,14,0,1,1,2,2,1
26605,12,4,15,2,4,0,1,1,2,2,0
26606,3,4,15,4,1,1,0,0,1,2,0
26607,6,6,11,2,4,5,1,0,3,2,0
26608,9,4,15,2,4,0,1,1,2,0,1
26609,10,4,11,2,1,0,0,1,2,2,0
26610,9,0,11,2,0,0,1,1,2,2,0
26611,6,6,11,4,1,4,1,0,2,2,1
26612,8,4,3,4,8,3,1,0,1,2,0
26613,5,4,15,4,12,3,1,1,3,2,0
26614,8,4,12,0,10,3,1,1,1,2,0
26615,9,0,9,2,4,0,1,1,2,0,1
26616,3,4,15,4,10,3,1,0,1,3,0
26617,11,4,9,2,4,0,0,1,3,2,0
26618,4,5,7,4,4,1,1,1,3,2,0
26619,10,4,12,0,12,4,1,0,2,2,0
26620,6,4,11,2,14,0,1,1,2,2,1
26621,10,4,0,2,7,0,1,1,2,2,0
26622,7,4,11,2,3,0,1,1,3,2,1
26623,10,7,11,2,8,5,0,0,1,2,1
26624,4,6,15,4,12,1,1,1,1,2,0
26625,9,4,9,2,4,0,1,1,2,2,1
26626,6,4,1,2,14,0,0,1,3,2,0
26627,6,4,5,2,3,0,1,1,2,2,0
26628,4,4,11,4,7,1,0,1,0,2,0
26629,8,6,5,2,3,0,1,1,2,2,1
26630,6,4,15,4,8,3,1,0,0,2,0
26631,3,4,15,4,8,3,1,1,2,2,0
26632,10,1,11,2,7,0,1,1,4,2,1
26633,10,2,11,2,3,0,1,1,2,2,0
26634,13,4,0,2,13,5,0,0,2,2,0
26635,5,4,15,2,4,2,1,1,2,1,1
26636,6,4,11,2,4,0,0,1,2,2,0
26637,8,4,13,4,14,1,1,1,1,2,0
26638,12,4,15,2,1,5,1,0,2,2,1
26639,10,4,11,0,8,4,1,0,2,2,0
26640,7,4,8,0,12,4,1,0,1,2,0
26641,3,4,11,4,1,3,1,0,0,2,0
26642,3,6,6,4,5,3,1,1,2,2,0
26643,6,4,7,4,12,3,0,0,2,2,0
26644,9,1,15,0,1,1,0,1,2,2,0
26645,9,4,9,0,1,1,1,0,1,2,0
26646,4,4,9,4,10,3,1,1,2,2,0
26647,6,4,9,2,10,0,1,1,2,2,1
26648,7,1,11,2,3,0,1,1,0,2,1
26649,15,4,15,2,12,0,1,1,0,2,1
26650,10,4,15,2,6,0,1,1,1,2,0
26651,6,4,15,2,4,0,1,1,2,2,1
26652,4,4,9,4,4,3,1,0,3,2,0
26653,8,4,11,0,7,4,0,1,2,0,0
26654,5,2,11,2,6,0,0,1,2,2,0
26655,8,4,15,4,7,3,1,1,2,2,0
26656,3,4,15,4,8,3,0,0,1,2,0
26657,11,4,11,4,14,1,1,1,2,2,0
26658,7,4,15,2,4,0,1,1,4,2,1
26659,5,4,11,2,8,5,0,0,2,2,1
26660,7,4,9,2,10,0,1,1,2,2,0
26661,6,4,8,0,6,1,0,0,2,2,0
26662,9,4,11,2,7,0,1,1,2,2,0
26663,10,7,9,2,4,0,1,1,2,2,0
26664,12,6,9,2,4,0,1,1,3,2,0
26665,10,4,9,0,10,4,1,1,1,2,0
26666,8,1,9,2,1,0,1,1,0,2,1
26667,7,6,9,2,4,0,1,1,2,2,1
26668,3,2,4,4,6,3,0,1,2,2,0
26669,10,4,11,0,1,2,1,1,2,2,0
26670,7,4,1,2,8,5,1,0,2,2,1
26671,7,4,11,2,14,0,1,1,2,2,0
26672,12,4,15,5,1,4,1,0,2,2,0
26673,5,2,15,2,2,0,1,1,1,2,1
26674,4,4,11,4,14,3,1,1,2,2,0
26675,8,4,14,4,10,1,1,1,2,2,0
26676,8,4,15,2,12,5,0,0,2,2,0
26677,5,2,8,2,10,0,1,1,0,2,0
26678,12,2,11,2,6,0,1,1,2,2,0
26679,7,1,11,5,1,4,1,0,2,2,0
26680,9,4,12,4,5,3,1,0,2,2,0
26681,4,4,8,4,3,3,1,1,2,2,0
26682,8,4,11,0,12,1,1,1,1,2,0
26683,5,4,11,4,1,1,1,0,0,2,0
26684,8,7,15,0,1,1,1,0,2,2,0
26685,9,5,7,2,4,0,1,1,2,2,0
26686,8,6,11,4,5,4,1,0,3,2,0
26687,4,4,0,4,7,3,1,1,2,2,0
26688,9,4,1,2,8,0,1,1,1,1,1
26689,5,6,6,2,5,0,1,1,2,2,0
26690,8,4,1,4,8,3,1,0,2,2,0
26691,11,7,9,0,10,2,1,1,1,2,0
26692,4,7,12,0,10,3,1,0,2,2,0
26693,7,4,3,2,12,5,1,0,2,2,0
26694,7,2,5,2,11,0,1,1,2,2,1
26695,7,4,8,2,3,0,1,1,2,2,1
26696,4,4,11,4,4,1,1,1,2,1,1
26697,4,2,7,4,4,3,1,1,2,2,1
26698,7,5,15,2,4,0,1,1,2,2,0
26699,16,4,1,0,3,1,1,1,2,2,0
26700,4,4,5,0,10,1,1,1,2,2,0
26701,7,4,10,2,10,0,1,1,2,2,1
26702,5,4,11,2,14,0,1,1,1,2,0
26703,11,4,5,4,10,3,1,1,2,2,0
26704,6,4,11,4,6,1,1,0,2,2,0
26705,7,4,12,0,4,4,1,0,2,2,0
26706,6,4,15,0,3,2,1,1,2,2,1
26707,13,6,4,2,13,0,1,1,2,2,0
26708,4,4,11,0,14,1,1,1,2,2,0
26709,7,4,15,2,1,0,0,1,0,1,0
26710,6,4,12,2,10,0,1,1,3,2,0
26711,5,6,7,2,4,5,1,0,3,2,1
26712,12,6,9,4,10,1,1,0,2,2,0
26713,6,4,11,2,1,5,1,0,1,2,1
26714,11,4,15,2,4,5,1,0,2,2,1
26715,5,4,9,4,6,1,0,1,2,2,0
26716,8,1,10,0,7,1,1,0,2,2,1
26717,8,4,9,2,10,0,1,1,0,2,0
26718,9,4,2,5,13,4,1,0,0,2,0
26719,6,4,11,3,12,0,0,1,2,2,1
26720,8,4,15,2,14,0,1,1,2,2,1
26721,12,4,9,2,12,0,1,1,1,2,1
26722,4,1,15,4,4,3,1,0,2,2,0
26723,3,4,15,4,10,3,1,1,2,2,0
26724,6,6,15,2,13,0,1,1,1,2,1
26725,8,4,11,4,8,1,1,0,1,2,0
26726,13,4,11,2,8,0,1,1,0,2,1
26727,6,4,9,4,12,1,1,0,2,2,0
26728,8,6,11,4,1,4,1,0,2,2,0
26729,9,4,9,4,8,3,1,1,1,2,0
26730,9,4,11,2,14,0,1,1,3,2,1
26731,8,4,15,2,3,0,1,1,2,2,0
26732,3,4,9,4,4,1,1,1,2,2,0
26733,5,5,11,2,4,0,1,1,2,2,0
26734,7,6,7,4,4,4,1,1,2,2,0
26735,11,4,6,2,3,0,0,1,2,2,1
26736,4,5,11,4,4,3,0,1,2,2,0
26737,6,4,11,2,8,0,1,1,1,2,0
26738,5,4,8,4,13,2,1,1,2,2,0
26739,6,2,9,2,10,0,1,1,2,2,1
26740,11,4,15,2,8,1,1,0,2,2,0
26741,16,4,11,6,7,0,0,1,2,2,0
26742,4,4,8,4,10,1,1,0,1,2,0
26743,4,6,11,5,8,1,1,0,1,2,0
26744,6,0,6,4,0,1,0,1,2,2,0
26745,6,5,15,1,4,1,1,0,2,2,0
26746,10,4,11,6,6,4,1,1,2,2,0
26747,8,4,15,2,12,0,1,1,2,2,0
26748,6,4,11,4,7,1,1,0,2,2,0
26749,4,4,12,4,4,3,1,1,2,2,0
26750,7,4,9,2,10,0,0,1,1,2,0
26751,5,4,11,2,14,0,1,1,2,2,0
26752,5,4,11,4,7,3,1,1,2,2,0
26753,7,6,15,4,5,1,1,1,3,2,0
26754,4,4,8,4,3,1,1,1,0,2,0
26755,6,6,9,2,10,0,0,1,1,2,1
26756,7,4,1,2,14,0,1,1,3,2,0
26757,7,4,7,4,14,1,1,1,2,2,0
26758,7,4,15,0,1,4,1,0,2,2,0
26759,11,4,11,2,3,0,1,1,1,2,0
26760,8,4,11,5,3,1,1,1,2,2,0
26761,5,0,1,2,0,0,1,1,1,2,1
26762,9,4,14,0,10,4,1,0,2,2,0
26763,8,4,15,2,8,0,1,1,1,2,0
26764,5,4,1,4,8,1,1,1,2,2,0
26765,7,4,15,2,13,0,1,1,1,2,1
26766,8,4,9,4,8,1,1,0,1,2,0
26767,5,4,11,6,12,1,1,0,4,2,0
26768,8,4,11,0,7,1,1,1,2,2,0
26769,9,4,5,2,3,0,1,1,2,2,0
26770,4,4,12,4,10,1,1,0,2,2,0
26771,7,5,11,0,1,1,1,0,2,2,0
26772,12,2,11,2,1,5,1,0,2,2,1
26773,3,4,11,4,14,1,1,1,2,2,0
26774,8,6,14,2,10,0,0,1,0,2,0
26775,3,4,1,4,3,1,1,1,2,2,0
26776,11,4,6,2,5,0,1,1,2,2,0
26777,5,6,11,2,3,0,1,1,2,2,0
26778,3,4,12,4,10,3,0,0,2,2,0
26779,10,7,15,2,8,0,1,1,2,2,1
26780,6,4,7,4,12,3,1,1,2,2,0
26781,9,2,9,2,11,0,0,1,1,2,1
26782,5,4,9,2,13,5,1,0,2,2,0
26783,13,4,15,2,1,0,1,1,2,2,0
26784,5,4,11,4,14,3,1,1,2,2,0
26785,10,7,15,6,8,3,1,0,0,2,0
26786,10,0,11,2,0,5,0,0,1,2,1
26787,14,0,0,2,6,0,1,1,2,2,1
26788,4,4,15,4,3,1,1,1,2,2,0
26789,8,4,9,0,10,1,1,1,2,2,0
26790,6,4,9,4,12,1,1,1,2,2,0
26791,12,6,9,2,8,0,0,1,2,2,1
26792,8,7,15,0,4,4,1,0,2,2,0
26793,6,4,11,3,4,4,1,0,2,2,0
26794,6,4,15,0,12,4,1,0,2,2,0
26795,10,4,11,2,1,5,1,0,2,2,1
26796,7,4,15,5,1,1,1,0,2,2,0
26797,8,5,8,2,4,5,1,0,1,2,1
26798,4,4,9,4,4,1,1,1,2,2,0
26799,4,4,11,4,6,3,1,1,2,2,0
26800,10,4,9,2,4,0,1,1,2,2,0
26801,12,4,15,2,6,0,0,1,2,2,0
26802,8,4,11,2,14,0,1,1,2,2,1
26803,4,4,15,0,4,1,0,1,2,2,1
26804,4,4,2,4,13,3,1,0,2,2,0
26805,13,4,10,2,10,2,1,0,0,2,0
26806,5,0,9,2,0,0,1,1,0,2,1
26807,8,4,7,0,1,1,0,0,1,2,0
26808,7,2,9,2,10,0,0,1,1,2,1
26809,6,4,11,0,1,1,0,0,2,2,0
26810,7,4,15,4,9,3,1,1,2,2,0
26811,5,4,11,4,3,1,1,1,2,2,0
26812,9,4,11,5,13,1,0,1,2,2,0
26813,9,4,11,2,7,5,1,0,2,2,0
26814,11,6,7,2,4,0,1,1,2,2,1
26815,6,4,11,2,1,5,1,0,2,2,1
26816,9,2,9,2,10,0,1,1,2,2,1
26817,5,4,15,4,1,3,0,1,1,2,0
26818,9,4,11,2,7,0,1,1,2,2,0
26819,5,5,11,4,1,1,1,0,2,2,0
26820,6,4,11,0,1,4,1,0,2,2,0
26821,5,4,1,2,12,0,0,1,2,2,1
26822,12,4,11,2,3,0,1,1,2,2,0
26823,9,4,11,2,3,0,1,1,3,2,1
26824,11,7,15,2,8,5,1,0,2,2,0
26825,6,4,11,4,14,3,1,1,2,2,0
26826,8,4,11,0,1,1,1,0,1,2,0
26827,5,4,1,4,12,3,1,0,2,2,0
26828,8,4,7,0,14,1,1,1,2,2,0
26829,7,2,9,4,11,1,0,1,2,2,0
26830,8,7,9,2,11,0,0,1,2,2,0
26831,9,4,11,2,14,0,1,1,2,2,0
26832,6,4,11,0,8,1,0,1,1,2,0
26833,9,0,9,2,0,0,1,1,1,2,0
26834,10,4,15,2,4,0,1,1,2,2,0
26835,6,7,15,2,12,0,0,1,2,2,1
26836,8,4,7,4,1,1,0,0,1,2,0
26837,9,4,15,2,8,5,1,0,1,2,0
26838,12,4,11,2,14,0,1,1,3,2,0
26839,7,4,15,2,12,0,1,1,2,2,0
26840,6,4,9,2,12,0,1,1,4,2,1
26841,7,6,15,4,10,4,1,0,2,2,0
26842,6,4,11,0,12,4,1,0,1,2,0
26843,9,4,15,2,12,0,1,1,2,2,1
26844,5,2,11,4,12,1,1,1,3,2,0
26845,4,0,9,4,0,4,1,0,0,2,0
26846,11,4,9,2,13,2,1,1,1,2,1
26847,9,4,11,0,3,4,1,0,1,2,0
26848,8,4,15,2,12,0,0,1,2,2,1
26849,9,4,15,4,1,3,1,1,1,2,0
26850,4,4,9,0,6,4,1,1,2,2,0
26851,11,2,8,2,10,0,1,1,2,2,1
26852,18,4,7,0,13,4,0,0,1,2,0
26853,7,4,15,2,12,0,1,1,1,2,1
26854,6,4,8,4,3,3,1,1,2,2,0
26855,6,4,12,4,1,1,1,1,3,2,1
26856,9,4,15,0,6,1,0,1,2,2,1
26857,12,7,15,2,10,0,1,1,2,2,0
26858,7,4,15,2,3,0,1,1,2,2,0
26859,5,4,9,4,8,3,0,1,2,2,0
26860,4,4,14,4,10,3,1,0,2,2,0
26861,6,4,15,0,5,1,1,0,2,2,0
26862,10,6,15,0,12,2,1,1,4,2,0
26863,5,1,15,4,12,1,1,1,2,2,0
26864,4,4,11,4,8,4,1,0,2,2,0
26865,7,4,11,0,7,1,0,0,2,0,0
26866,8,4,12,0,10,1,1,0,2,2,0
26867,8,4,9,4,4,1,1,0,2,2,0
26868,18,4,11,0,1,1,1,0,2,2,0
26869,5,4,9,2,4,0,1,1,2,2,1
26870,8,4,11,2,3,0,1,1,2,2,0
26871,10,1,11,0,1,4,0,0,2,2,0
26872,7,4,15,0,13,4,1,0,2,2,0
26873,7,0,11,5,0,2,1,0,1,2,0
26874,8,4,9,0,10,1,1,0,2,2,0
26875,5,4,15,4,4,1,1,0,2,2,0
26876,6,4,8,4,7,3,1,1,2,2,0
26877,3,6,1,4,3,3,1,0,2,2,0
26878,10,4,11,6,7,3,1,1,2,2,0
26879,12,4,15,2,4,0,1,1,3,2,0
26880,4,0,9,6,0,1,1,0,0,2,1
26881,7,4,11,0,4,1,1,1,2,2,1
26882,6,1,9,2,1,0,1,1,2,2,1
26883,5,4,7,2,9,0,1,1,1,2,1
26884,9,1,11,2,14,0,1,1,2,2,1
26885,9,4,7,0,7,1,0,1,2,2,0
26886,12,2,15,2,4,0,1,1,2,2,0
26887,9,1,12,0,10,4,1,0,2,2,0
26888,6,4,1,4,7,3,1,0,2,2,0
26889,4,4,9,2,13,0,1,1,2,2,0
26890,4,2,11,4,3,3,1,1,2,2,0
26891,7,4,11,2,3,0,1,1,2,2,0
26892,6,4,11,2,1,0,0,1,2,2,0
26893,10,4,9,2,6,0,0,1,2,2,1
26894,7,6,11,2,12,0,1,1,4,2,1
26895,6,0,11,0,0,1,1,0,1,2,0
26896,9,4,11,2,3,0,1,1,2,2,1
26897,6,4,8,3,3,1,0,1,2,2,0
26898,5,4,11,4,7,1,0,1,2,2,0
26899,4,4,11,4,1,1,1,1,2,2,0
26900,4,4,12,4,10,3,1,0,2,2,0
26901,4,5,1,4,3,2,1,1,2,2,0
26902,8,4,1,0,8,1,1,1,1,2,0
26903,4,4,11,4,1,3,1,1,2,2,0
26904,12,2,0,2,6,0,0,1,3,2,0
26905,6,4,7,1,8,5,1,0,1,1,0
26906,5,8,0,2,13,0,1,1,2,2,0
26907,8,4,15,4,1,3,1,0,1,2,1
26908,7,0,5,0,0,1,1,0,1,2,0
26909,8,4,0,2,6,0,1,1,2,2,0
26910,9,4,0,2,3,0,1,1,2,1,0
26911,7,4,5,2,3,0,1,1,2,2,0
26912,4,4,11,4,1,1,1,0,1,2,0
26913,5,4,15,4,1,1,0,0,2,2,0
26914,6,4,1,0,7,1,1,1,2,2,0
26915,11,2,15,2,11,0,1,1,2,2,0
26916,12,6,8,2,12,0,1,1,1,2,0
26917,7,4,14,2,10,0,1,1,2,2,0
26918,6,4,15,2,1,0,1,1,2,2,1
26919,6,4,15,4,1,1,1,0,1,2,0
26920,7,2,9,2,12,0,0,1,2,2,1
26921,6,4,11,0,8,4,0,0,0,2,0
26922,6,2,12,4,6,3,1,1,2,2,0
26923,13,2,7,2,11,0,1,1,1,2,0
26924,9,4,15,4,14,3,1,1,2,2,0
26925,7,4,0,5,7,1,1,0,2,2,0
26926,6,8,8,4,13,3,1,0,2,2,0
26927,4,4,11,4,7,1,1,1,2,2,0
26928,7,4,15,3,8,1,1,1,1,2,0
26929,6,7,12,4,10,3,1,0,2,2,1
26930,10,4,11,2,14,0,1,1,2,2,0
26931,7,4,11,2,12,0,1,1,1,2,1
26932,3,4,11,4,12,3,1,1,3,2,0
26933,6,4,11,4,1,1,1,0,2,2,0
26934,8,6,11,2,3,0,1,1,2,2,1
26935,7,1,15,2,3,0,1,1,2,2,0
26936,6,4,12,0,12,1,1,1,2,2,0
26937,6,4,11,2,8,0,1,1,2,2,0
26938,6,4,11,2,1,0,1,1,2,2,0
26939,6,0,7,1,0,1,1,1,1,2,0
26940,6,4,9,3,10,1,0,0,2,2,0
26941,8,4,10,0,10,2,1,0,2,2,0
26942,7,6,11,4,3,1,1,1,1,2,0
26943,15,6,15,0,1,2,1,0,2,2,0
26944,7,4,9,4,13,3,1,0,0,2,0
26945,9,4,10,2,10,0,1,1,3,2,1
26946,12,5,9,2,4,4,1,0,2,2,1
26947,3,4,7,4,12,1,1,1,2,2,0
26948,8,4,9,2,10,0,1,1,3,2,1
26949,11,4,11,2,8,0,0,1,1,2,0
26950,7,4,12,2,14,0,1,1,2,2,1
26951,12,4,11,2,3,0,1,1,2,2,0
26952,8,4,15,2,5,0,1,1,2,2,1
26953,10,4,12,2,4,0,1,1,2,2,1
26954,6,4,6,2,10,0,1,1,1,2,0
26955,6,4,15,2,12,0,1,1,4,4,1
26956,8,4,15,2,6,0,1,1,2,2,0
26957,4,4,11,4,1,2,0,0,2,2,0
26958,7,4,15,4,3,3,1,1,2,2,0
26959,8,4,15,4,1,3,0,0,2,2,0
26960,4,6,15,4,13,4,1,0,2,2,0
26961,7,4,15,4,1,3,1,1,2,2,0
26962,3,4,1,4,12,3,0,1,2,2,0
26963,12,4,15,2,4,0,1,1,1,2,1
26964,11,4,1,3,14,1,1,1,2,2,1
26965,9,4,15,0,3,1,1,1,2,2,0
26966,8,6,6,0,5,1,1,1,2,2,0
26967,12,4,11,2,14,0,1,1,2,2,1
26968,4,4,7,4,7,3,0,0,2,2,0
26969,3,4,11,4,7,1,1,1,2,3,0
26970,10,4,14,2,10,0,1,1,2,2,0
26971,10,4,15,2,7,0,1,1,2,2,1
26972,4,4,15,4,3,2,1,1,2,2,0
26973,9,4,15,4,10,4,1,0,2,2,0
26974,8,4,9,4,12,1,0,1,1,2,0
26975,3,4,11,4,8,1,0,0,0,2,0
26976,3,1,15,4,4,1,1,1,2,4,0
26977,11,4,0,2,7,0,0,1,2,2,1
26978,8,4,11,4,12,1,1,1,2,2,0
26979,6,4,11,4,8,3,1,0,2,2,0
26980,8,4,9,4,7,3,0,1,2,2,0
26981,9,2,11,0,1,4,1,0,2,2,0
26982,4,4,15,4,6,3,1,0,2,2,0
26983,7,4,11,4,7,1,1,1,2,2,0
26984,10,4,11,2,14,0,1,1,2,2,1
26985,9,0,8,2,4,0,1,1,2,2,1
26986,6,2,15,0,10,1,1,1,1,0,0
26987,6,7,12,0,10,1,1,0,1,2,0
26988,12,2,7,2,11,0,0,1,2,2,0
26989,12,2,11,0,1,1,1,1,2,2,0
26990,8,4,11,4,6,3,1,1,1,2,0
26991,9,4,9,2,4,0,1,1,2,0,0
26992,11,4,9,3,8,1,1,1,2,2,1
26993,7,4,11,2,3,0,1,1,2,2,1
26994,6,2,10,2,10,0,1,1,1,2,0
26995,6,5,1,2,0,0,1,1,2,2,1
26996,7,2,11,2,1,0,1,1,2,2,0
26997,8,0,10,1,0,5,1,0,1,2,0
26998,8,4,9,4,10,1,1,0,1,2,0
26999,3,4,12,4,10,1,1,1,2,2,0
27000,5,4,15,2,1,2,1,0,0,2,1
27001,9,4,1,4,12,3,1,1,1,2,1
27002,6,7,11,2,4,0,1,1,2,2,0
27003,8,6,9,0,8,1,0,0,1,2,0
27004,3,0,10,4,0,2,1,1,2,0,0
27005,5,4,11,4,3,3,1,1,2,1,1
27006,8,4,11,2,3,0,1,1,2,0,1
27007,6,4,11,2,8,5,1,0,2,2,0
27008,6,6,15,2,4,0,1,1,2,2,1
27009,9,4,9,2,4,0,1,1,2,2,0
27010,4,4,9,4,4,3,0,1,2,2,0
27011,7,4,3,0,8,1,1,0,2,2,0
27012,4,5,11,4,3,3,1,1,2,2,0
27013,5,4,12,4,12,3,1,1,2,2,0
27014,4,4,8,2,13,0,1,1,0,2,1
27015,6,4,11,0,1,1,1,0,1,2,0
27016,12,4,9,5,10,1,0,0,0,2,0
27017,5,4,11,2,4,0,1,1,2,2,0
27018,5,4,11,2,14,2,1,1,2,2,0
27019,4,4,12,4,12,2,1,1,1,2,0
27020,12,4,11,2,7,0,1,1,2,2,1
27021,9,4,2,2,12,0,1,1,4,2,0
27022,10,4,11,0,14,1,1,1,2,2,0
27023,8,4,11,2,10,3,1,0,1,2,0
27024,11,1,13,2,14,0,1,1,2,2,0
27025,7,4,11,2,12,0,1,1,2,2,1
27026,5,4,4,2,14,0,1,1,2,2,0
27027,3,4,11,4,1,1,1,0,2,2,0
27028,6,4,15,2,11,0,0,1,1,2,1
27029,15,4,15,6,12,4,1,0,1,2,0
27030,3,4,15,4,12,3,1,0,2,2,0
27031,4,7,9,4,10,1,0,0,2,2,0
27032,8,4,15,2,1,0,1,1,2,2,0
27033,13,4,11,2,7,5,0,0,2,2,1
27034,14,7,11,2,10,0,1,1,2,2,0
27035,9,0,5,0,0,1,1,1,2,2,1
27036,6,4,15,4,8,1,1,0,1,2,0
27037,8,5,15,2,10,0,1,1,0,2,0
27038,13,6,11,2,3,0,1,1,2,2,1
27039,10,4,15,2,12,0,1,1,1,2,0
27040,10,4,7,2,4,0,1,1,2,2,0
27041,6,4,11,0,1,4,0,1,2,2,0
27042,7,4,14,0,10,1,1,0,2,2,0
27043,7,4,6,4,3,2,1,1,2,2,0
27044,13,4,0,5,7,4,1,0,2,2,0
27045,3,7,15,4,9,3,0,0,1,2,0
27046,11,4,12,2,10,0,0,1,2,2,1
27047,4,1,11,0,7,1,1,0,2,2,0
27048,7,4,11,2,3,0,1,1,2,2,0
27049,7,4,12,0,4,4,1,1,2,2,0
27050,6,5,12,4,4,1,1,1,2,2,0
27051,8,4,11,2,8,0,0,1,1,2,1
27052,10,6,15,2,1,5,1,0,2,2,1
27053,5,4,11,2,12,5,1,0,2,2,1
27054,7,4,9,2,1,5,1,0,1,2,1
27055,10,4,8,0,3,4,1,1,2,2,0
27056,6,4,3,2,8,0,0,1,2,2,0
27057,5,4,15,2,7,0,1,1,1,2,0
27058,4,4,12,2,4,0,1,1,2,2,1
27059,5,4,11,2,8,0,1,1,2,2,1
27060,12,4,11,2,4,0,1,1,1,2,0
27061,6,4,11,2,12,0,1,1,2,2,0
27062,4,4,10,5,7,4,1,0,2,2,0
27063,4,5,11,4,4,3,1,0,2,2,0
27064,4,4,9,4,10,1,1,0,2,2,0
27065,7,5,15,2,4,0,1,1,2,2,0
27066,8,4,9,0,12,1,1,0,1,2,0
27067,5,4,11,4,12,3,1,1,2,2,0
27068,4,4,15,4,1,3,1,0,2,2,0
27069,9,4,11,2,4,0,1,1,3,2,0
27070,12,4,8,0,10,4,1,0,2,2,0
27071,12,2,11,2,12,0,1,1,2,2,0
27072,5,2,11,2,4,0,1,1,4,2,0
27073,7,4,9,2,10,0,1,1,2,2,1
27074,10,7,9,2,1,0,1,1,1,2,0
27075,3,6,6,4,5,3,1,1,3,2,0
27076,10,6,1,2,3,0,1,1,2,2,0
27077,4,4,0,0,14,4,1,1,1,2,0
27078,8,4,11,2,14,0,1,1,2,2,0
27079,4,0,9,5,0,1,0,1,0,2,0
27080,7,4,11,2,1,0,1,1,2,2,0
27081,7,4,7,0,1,1,1,0,1,2,0
27082,4,4,15,4,10,1,1,1,3,2,1
27083,13,1,0,2,14,0,1,1,2,2,1
27084,12,4,15,2,3,0,1,1,2,2,0
27085,3,4,9,4,10,3,1,1,1,2,0
27086,10,4,14,4,10,1,1,0,1,2,0
27087,4,6,9,4,13,3,1,0,2,2,0
27088,10,2,8,2,10,0,1,1,2,2,0
27089,9,4,11,2,7,0,1,1,2,2,1
27090,5,4,15,4,8,3,1,1,1,2,0
27091,6,7,14,2,10,5,1,0,2,1,1
27092,9,4,11,0,1,4,0,0,2,0,1
27093,6,4,11,0,8,1,0,1,0,2,0
27094,7,6,2,0,13,1,1,1,2,2,0
27095,6,0,9,0,0,4,1,1,0,2,0
27096,6,2,9,2,1,5,1,0,2,2,0
27097,7,4,11,2,1,0,0,1,2,2,0
27098,6,4,15,0,12,4,0,0,2,2,0
27099,11,6,15,2,4,0,1,1,3,2,0
27100,11,6,11,2,3,0,1,1,2,2,0
27101,12,5,12,2,10,0,1,1,2,2,0
27102,7,4,15,2,8,5,1,0,2,2,0
27103,7,4,9,2,4,0,1,1,3,2,0
27104,7,7,5,2,11,0,1,1,1,2,0
27105,9,4,11,2,1,5,1,0,2,2,0
27106,8,4,3,4,8,3,1,1,2,2,0
27107,12,4,0,2,7,0,1,1,2,2,0
27108,3,4,5,4,3,3,1,1,2,2,0
27109,9,4,11,2,12,0,1,1,1,2,1
27110,15,4,11,6,14,1,1,1,2,2,0
27111,11,6,9,2,10,0,1,1,1,2,0
27112,4,4,11,4,8,1,0,0,0,2,0
27113,10,4,0,0,7,1,1,0,2,2,0
27114,10,4,8,2,3,0,0,1,2,2,1
27115,4,4,15,2,8,0,1,1,2,2,0
27116,7,4,11,4,12,2,1,0,3,2,0
27117,4,6,15,4,4,1,1,0,2,2,0
27118,9,7,15,2,1,5,1,0,2,2,0
27119,7,4,11,2,4,0,1,1,2,2,0
27120,5,4,11,4,3,3,1,1,2,2,0
27121,7,4,9,0,10,1,1,1,3,2,0
27122,4,4,15,4,3,1,1,1,3,2,0
27123,10,4,11,2,3,0,1,1,2,2,0
27124,6,4,12,4,4,1,1,1,2,2,0
27125,15,4,1,2,3,0,1,1,2,2,0
27126,10,4,12,2,6,0,0,1,2,2,0
27127,7,4,15,2,3,0,1,1,2,0,1
27128,4,4,9,4,12,1,0,0,1,2,1
27129,8,4,11,2,7,0,1,1,2,2,1
27130,8,4,14,0,3,4,1,1,2,2,1
27131,6,6,11,2,5,0,1,1,2,2,1
27132,10,4,15,2,7,5,1,0,2,2,1
27133,3,7,9,4,8,3,1,0,2,3,0
27134,9,4,11,2,6,0,0,1,2,2,1
27135,5,1,9,2,10,0,0,1,1,2,1
27136,4,4,11,4,4,1,1,1,3,2,0
27137,8,4,9,2,8,0,1,1,2,2,0
27138,9,2,12,5,10,4,1,1,4,2,0
27139,6,4,15,4,8,3,1,1,1,2,0
27140,11,1,11,4,7,3,0,1,2,2,0
27141,5,5,11,2,7,0,1,1,2,2,0
27142,11,4,9,2,4,0,0,1,2,2,0
27143,8,2,9,5,10,4,1,0,2,2,0
27144,6,4,11,4,3,3,1,1,2,2,0
27145,10,4,11,2,14,0,1,1,2,2,0
27146,5,4,1,2,3,0,1,1,0,2,1
27147,9,4,11,2,1,0,0,1,2,2,1
27148,8,4,11,0,12,1,1,0,1,2,0
27149,6,4,14,4,3,1,1,1,3,2,0
27150,8,4,9,0,12,1,1,0,0,2,0
27151,8,4,9,2,12,0,1,1,2,2,0
27152,3,2,15,4,4,4,1,0,2,2,0
27153,6,4,15,4,1,3,1,0,2,1,0
27154,5,2,14,2,10,0,1,1,2,2,0
27155,9,4,15,2,4,0,1,1,2,2,1
27156,5,4,9,0,1,4,1,0,2,2,0
27157,9,4,9,2,10,4,1,0,2,2,1
27158,11,6,8,2,3,0,1,1,2,2,0
27159,6,4,11,4,1,3,0,0,2,2,0
27160,11,4,12,2,5,0,1,1,2,2,1
27161,8,4,9,2,10,0,1,1,0,2,1
27162,4,4,11,0,3,4,1,1,2,2,0
27163,12,4,9,5,10,4,1,0,2,2,0
27164,8,6,15,2,4,0,1,1,2,2,0
27165,4,4,11,4,7,1,0,1,2,2,0
27166,9,4,11,2,1,0,1,1,1,2,0
27167,3,4,11,4,8,1,1,0,2,2,0
27168,3,4,11,4,6,1,1,1,3,2,0
27169,9,4,0,2,7,0,1,1,2,2,1
27170,7,4,11,5,5,1,1,1,3,2,0
27171,7,4,9,2,10,5,1,0,2,2,0
27172,3,4,11,4,3,1,1,1,2,2,0
27173,7,4,11,2,6,0,1,1,2,0,0
27174,7,4,11,6,8,1,1,1,2,2,0
27175,7,6,1,2,3,0,1,1,2,2,1
27176,8,4,10,2,10,0,1,1,1,2,1
27177,9,4,9,2,4,0,1,1,2,2,0
27178,10,4,11,0,1,4,0,0,1,2,0
27179,5,4,11,2,3,0,1,1,2,2,0
27180,4,6,8,4,4,3,1,0,2,2,0
27181,12,0,10,2,0,0,1,1,1,2,0
27182,4,4,11,0,12,1,1,1,1,2,0
27183,12,4,15,6,11,1,1,0,2,2,0
27184,8,4,11,4,1,1,1,0,1,2,0
27185,5,4,11,2,8,0,1,1,2,2,0
27186,5,4,9,2,10,0,1,1,2,2,1
27187,5,4,12,4,4,1,1,0,2,2,0
27188,12,4,8,2,7,0,1,1,2,2,0
27189,9,4,11,2,1,0,1,1,2,2,1
27190,6,6,11,0,12,4,1,0,2,2,0
27191,10,4,11,0,6,2,1,1,3,2,1
27192,11,4,12,2,5,0,1,1,3,2,0
27193,7,4,11,2,6,0,1,1,1,2,0
27194,9,4,8,2,3,0,1,1,2,2,1
27195,9,4,11,0,7,1,1,0,2,2,0
27196,7,4,11,2,6,0,1,1,2,2,1
27197,8,4,11,2,12,0,1,1,1,2,1
27198,11,7,9,4,1,1,1,0,0,2,0
27199,8,4,12,2,6,0,1,1,2,2,1
27200,7,6,12,2,4,0,1,1,4,2,1
27201,6,5,11,4,3,1,1,1,2,2,0
27202,7,4,11,2,1,0,1,1,2,2,1
27203,6,4,11,0,3,1,1,1,2,2,0
27204,5,4,11,4,1,2,1,0,1,2,0
27205,11,4,11,2,3,0,1,1,2,2,1
27206,4,4,15,4,11,1,0,0,1,2,1
27207,9,4,9,2,12,0,1,1,2,2,0
27208,5,4,14,4,10,1,1,1,2,2,0
27209,10,4,9,2,10,0,1,1,2,2,1
27210,11,4,12,2,4,0,1,1,2,2,1
27211,7,2,9,4,4,1,1,0,2,2,0
27212,13,4,9,2,4,0,1,1,3,2,1
27213,11,2,15,2,6,0,1,1,2,2,0
27214,6,4,9,2,12,5,1,0,2,2,0
27215,7,4,11,2,8,0,1,1,1,2,0
27216,7,2,9,4,4,1,1,0,2,2,0
27217,8,4,11,0,6,1,1,1,2,2,0
27218,11,4,15,1,13,1,1,1,2,2,0
27219,6,4,11,4,3,3,1,1,2,0,0
27220,7,4,0,2,7,0,1,1,2,2,0
27221,4,7,11,4,1,1,1,1,2,2,0
27222,8,6,11,2,12,0,0,1,2,2,0
27223,5,4,9,4,4,1,1,1,1,2,0
27224,9,2,9,2,10,0,1,1,1,2,0
27225,10,2,11,2,6,0,1,1,2,2,0
27226,12,4,11,2,7,0,1,1,2,2,1
27227,12,7,11,2,8,2,1,0,2,2,1
27228,5,4,15,2,6,0,1,1,2,2,1
27229,5,4,11,4,1,2,1,0,2,2,0
27230,8,6,11,2,5,0,1,1,1,2,0
27231,8,4,1,0,14,1,1,0,2,2,0
27232,6,4,9,4,13,3,1,0,2,2,0
27233,5,4,9,2,4,0,1,1,2,2,0
27234,6,4,15,0,8,2,1,1,2,2,0
27235,4,4,15,2,3,0,1,1,1,2,0
27236,4,0,11,4,0,1,1,1,0,2,0
27237,7,4,3,2,6,0,0,1,2,2,0
27238,10,4,13,2,13,0,1,1,2,2,1
27239,6,6,9,3,8,1,1,0,1,2,0
27240,5,4,6,4,3,3,1,1,2,2,0
27241,5,4,11,2,14,0,1,1,2,2,1
27242,9,7,15,5,1,4,1,0,1,2,0
27243,4,7,0,4,8,4,1,0,2,2,0
27244,5,4,15,2,12,0,1,1,2,2,0
27245,9,6,9,2,13,0,1,1,2,2,0
27246,8,4,11,2,3,0,1,1,2,2,0
27247,5,4,11,2,12,0,0,1,4,2,0
27248,4,0,7,4,4,4,1,1,2,2,0
27249,5,4,15,2,7,0,1,1,2,2,0
27250,10,4,9,2,12,0,1,1,2,2,0
27251,15,4,9,0,13,4,1,0,2,2,0
27252,3,1,11,4,3,4,1,1,2,2,0
27253,10,4,15,2,12,0,1,1,2,2,1
27254,14,4,12,0,10,2,1,1,2,2,0
27255,12,4,11,2,8,0,0,1,1,2,0
27256,5,2,15,4,1,3,1,0,1,2,0
27257,5,1,15,4,4,1,1,1,2,2,0
27258,3,4,7,4,4,3,0,0,1,2,1
27259,7,4,11,2,6,0,0,1,2,2,0
27260,14,4,11,6,1,4,1,0,2,2,0
27261,5,4,15,4,7,3,1,1,2,2,0
27262,12,4,5,5,3,1,1,1,2,2,0
27263,6,7,9,1,4,5,1,0,2,0,0
27264,12,4,12,2,10,0,1,1,2,2,0
27265,6,4,0,4,7,3,1,1,2,0,0
27266,8,5,5,2,10,0,0,1,2,2,0
27267,7,4,11,4,8,3,0,0,2,2,0
27268,9,5,11,2,3,0,1,1,2,2,1
27269,4,6,15,4,5,3,1,0,1,2,0
27270,4,4,11,4,7,3,0,1,2,2,0
27271,14,4,11,0,3,1,1,1,2,2,0
27272,6,4,12,2,4,0,1,1,2,2,1
27273,8,4,11,2,3,0,1,1,2,2,0
27274,4,4,12,4,10,1,1,0,2,2,0
27275,8,4,15,0,7,1,1,0,2,2,0
27276,13,7,15,6,11,4,1,1,2,2,0
27277,7,5,11,1,4,5,1,0,2,2,0
27278,3,4,7,4,1,3,1,0,1,2,0
27279,3,0,5,4,0,1,0,0,2,2,0
27280,10,4,15,2,8,0,0,1,2,2,0
27281,11,2,8,2,10,0,1,1,2,2,1
27282,4,4,11,6,7,1,1,1,1,2,0
27283,8,7,9,2,4,0,1,1,2,2,0
27284,5,6,11,4,12,1,1,0,2,2,0
27285,8,4,11,0,14,1,1,1,2,2,1
27286,11,2,11,2,1,0,1,1,2,2,0
27287,9,4,0,0,7,1,0,1,2,2,0
27288,7,4,15,4,3,3,1,1,2,2,0
27289,4,4,11,4,1,1,1,0,1,2,0
27290,8,4,11,4,8,3,1,0,2,2,0
27291,5,0,9,2,0,0,1,1,0,2,0
27292,9,4,11,0,12,4,1,0,1,2,1
27293,8,4,9,4,4,1,1,1,2,2,0
27294,8,4,11,2,14,0,1,1,2,2,1
27295,9,4,2,2,14,0,1,1,2,2,1
27296,5,1,5,2,1,0,1,1,1,2,0
27297,4,4,9,4,11,2,1,0,2,2,0
27298,10,4,8,2,10,0,1,1,2,2,0
27299,7,2,9,2,10,0,1,1,2,2,0
27300,8,4,9,4,12,3,1,1,2,2,0
27301,7,4,11,4,3,1,0,1,2,2,0
27302,6,4,9,4,4,1,1,0,2,2,0
27303,7,4,14,4,10,3,1,0,2,2,0
27304,3,4,11,4,4,1,1,1,4,2,0
27305,4,2,15,4,1,1,1,1,2,2,0
27306,5,4,15,2,4,0,1,1,2,2,1
27307,9,4,9,0,8,1,1,0,2,2,1
27308,10,7,15,2,12,0,1,1,2,2,0
27309,6,4,11,0,3,1,1,1,2,2,1
27310,7,4,11,2,14,0,1,1,2,2,0
27311,5,4,11,2,14,5,1,0,2,2,0
27312,10,7,11,2,1,0,1,1,2,2,1
27313,13,4,9,2,10,0,1,1,3,2,1
27314,12,4,8,2,10,0,1,1,2,2,0
27315,5,4,11,2,14,0,1,1,2,2,0
27316,15,4,15,6,4,1,1,1,3,2,0
27317,8,4,9,2,13,0,1,1,2,2,0
27318,10,4,15,2,12,0,1,1,1,2,0
27319,12,4,15,2,8,0,1,1,2,2,1
27320,4,4,1,4,13,3,1,1,2,2,0
27321,12,4,1,2,14,0,1,1,3,2,1
27322,4,2,11,4,1,1,1,0,2,2,1
27323,8,2,9,0,6,1,1,1,3,2,0
27324,4,2,15,2,10,0,1,1,2,2,0
27325,9,4,11,2,7,5,1,0,2,2,0
27326,7,4,15,2,4,0,1,1,4,2,1
27327,10,4,11,2,12,5,0,0,2,2,1
27328,4,4,11,5,1,1,1,0,2,3,0
27329,8,4,9,2,4,0,1,1,2,2,1
27330,7,4,9,2,4,0,1,1,2,2,0
27331,6,1,11,2,14,0,1,1,2,1,1
27332,5,1,15,2,4,0,1,1,2,2,0
27333,6,0,11,4,0,2,0,1,2,2,0
27334,5,4,9,4,10,3,1,0,1,2,0
27335,10,4,10,2,10,0,1,1,2,2,1
27336,8,2,9,4,10,1,1,0,2,2,0
27337,8,7,9,4,10,1,1,1,1,2,0
27338,4,4,15,0,8,1,1,0,2,2,0
27339,4,4,0,4,7,3,1,1,2,2,0
27340,7,0,11,2,0,5,1,0,0,2,1
27341,7,4,11,2,7,0,1,1,4,2,0
27342,4,4,11,2,7,0,1,1,2,2,0
27343,4,1,9,4,10,3,1,0,2,2,0
27344,9,4,15,0,4,4,1,1,2,2,1
27345,9,4,1,2,3,0,1,1,2,2,1
27346,6,5,7,2,4,0,1,1,2,2,1
27347,4,4,15,4,1,1,1,1,0,2,0
27348,10,4,12,2,10,0,1,1,1,2,0
27349,10,4,15,2,1,0,1,1,2,2,0
27350,7,4,11,2,14,0,0,1,2,2,1
27351,6,6,11,2,3,0,1,1,2,2,0
27352,4,2,14,4,10,3,1,0,2,2,0
27353,10,4,11,2,3,0,1,1,2,2,0
27354,11,7,12,2,2,0,0,1,1,2,1
27355,8,4,15,2,12,0,1,1,2,2,1
27356,7,7,15,2,4,0,1,1,2,2,0
27357,9,6,12,2,10,0,1,1,1,2,0
27358,9,4,11,0,12,1,1,0,1,2,0
27359,5,4,11,4,3,4,1,0,2,2,0
27360,6,4,12,0,4,1,1,1,2,2,1
27361,10,4,15,6,1,4,1,0,1,2,0
27362,8,6,11,2,12,0,1,1,0,2,0
27363,5,5,15,4,5,1,1,0,1,1,0
27364,7,2,11,6,10,1,1,1,1,2,0
27365,9,4,11,0,3,1,1,1,2,0,0
27366,8,4,14,2,10,0,1,1,1,2,1
27367,6,3,7,0,13,1,1,0,0,2,1
27368,7,1,1,0,14,2,1,1,2,2,0
27369,8,1,1,4,3,1,1,1,2,2,0
27370,5,4,11,4,4,3,1,0,2,2,0
27371,6,4,11,4,8,1,0,0,2,2,0
27372,8,4,15,2,7,0,0,1,2,2,1
27373,6,4,0,2,7,0,1,1,2,2,1
27374,9,2,15,2,1,0,1,1,2,2,1
27375,12,4,15,4,6,3,1,1,2,2,0
27376,3,4,15,4,3,1,1,0,2,2,0
27377,10,6,15,2,5,0,1,1,2,2,1
27378,4,4,11,4,3,1,1,1,2,2,0
27379,15,4,11,0,8,4,1,0,1,2,0
27380,8,4,15,0,1,2,0,0,2,2,0
27381,5,4,14,4,10,3,0,1,2,2,0
27382,6,4,11,2,4,0,1,1,2,2,1
27383,7,4,15,2,3,0,1,1,2,2,1
27384,7,2,11,4,3,3,1,1,2,2,0
27385,8,4,10,2,7,1,0,0,2,2,1
27386,18,4,15,2,12,0,1,1,2,2,0
27387,4,4,11,4,1,3,1,1,2,2,0
27388,4,4,7,4,4,3,1,1,2,2,0
27389,4,7,9,4,10,3,1,0,2,2,0
27390,10,2,15,2,4,0,1,1,3,2,0
27391,4,1,15,4,3,4,1,1,1,2,0
27392,10,4,0,2,6,0,0,1,3,2,0
27393,8,4,15,2,12,5,1,0,2,2,0
27394,9,4,12,0,14,1,1,1,1,2,0
27395,7,4,0,2,3,0,1,1,3,2,0
27396,7,5,11,4,0,3,1,1,0,2,0
27397,3,4,11,4,8,3,1,0,2,2,0
27398,7,6,11,2,12,0,1,1,2,2,0
27399,6,4,11,2,7,5,0,0,2,2,0
27400,12,4,15,2,12,0,1,1,1,2,0
27401,12,4,9,6,7,1,1,0,2,2,0
27402,6,4,7,4,12,3,1,1,4,1,0
27403,4,2,12,4,1,1,1,0,2,2,0
27404,13,2,12,2,4,0,1,1,2,2,1
27405,5,1,4,4,14,3,1,1,2,2,0
27406,7,2,11,2,6,0,1,1,2,2,1
27407,4,5,11,6,0,1,0,0,0,2,0
27408,10,1,14,6,1,1,1,0,2,2,0
27409,8,6,6,2,5,0,1,1,2,2,0
27410,4,4,15,2,1,0,1,1,2,2,0
27411,6,7,9,4,1,4,1,0,1,1,0
27412,7,4,15,5,10,0,1,1,2,2,0
27413,9,6,0,2,8,0,0,1,2,2,0
27414,3,4,11,4,3,3,1,1,2,2,0
27415,10,4,11,2,3,0,1,1,2,2,0
27416,7,2,12,2,4,0,1,1,2,2,1
27417,5,2,15,2,10,0,1,1,2,2,0
27418,8,4,9,2,12,0,1,1,2,2,0
27419,5,5,8,4,4,1,1,0,3,2,0
27420,6,4,15,2,1,5,1,0,1,2,1
27421,6,4,11,2,3,0,1,1,2,2,1
27422,9,0,9,2,0,2,0,1,2,2,0
27423,8,4,9,0,12,1,1,1,3,2,0
27424,10,6,9,4,4,1,1,0,2,2,0
27425,6,4,0,4,7,1,1,1,2,2,0
27426,7,2,11,2,12,5,1,0,2,1,0
27427,9,4,8,2,1,0,0,1,2,2,1
27428,4,4,8,4,13,1,1,1,2,2,0
27429,9,4,9,2,12,0,1,1,4,2,1
27430,9,0,9,2,0,0,1,1,2,2,0
27431,7,4,15,4,5,1,1,1,2,2,0
27432,9,4,9,4,12,1,1,0,2,2,0
27433,10,4,11,2,7,0,1,1,2,2,1
27434,6,0,9,2,0,0,1,1,1,2,1
27435,5,4,8,4,13,1,1,1,2,2,0
27436,5,4,9,4,4,3,1,1,4,2,0
27437,8,4,15,2,3,0,1,1,2,0,1
27438,10,6,11,2,5,0,0,1,3,2,0
27439,4,4,15,4,5,1,1,1,3,2,0
27440,13,6,11,0,4,1,1,1,2,2,0
27441,3,4,11,4,8,3,1,1,2,2,0
27442,4,1,15,2,12,0,1,1,4,2,0
27443,5,4,11,2,8,0,1,1,1,2,0
27444,12,4,11,2,5,0,1,1,1,2,0
27445,5,2,5,2,10,5,1,0,0,2,0
27446,3,4,11,4,1,1,1,0,2,2,0
27447,6,7,12,3,10,5,1,0,3,2,0
27448,5,4,9,2,4,0,1,1,2,2,1
27449,5,2,11,4,5,3,1,1,2,2,1
27450,9,4,3,0,14,1,1,1,3,2,0
27451,9,4,11,2,12,0,1,1,3,2,0
27452,8,4,11,2,7,0,1,1,2,2,1
27453,12,2,15,2,4,0,1,1,2,2,0
27454,6,5,15,4,4,3,1,1,2,2,0
27455,13,4,1,2,7,0,1,1,3,2,0
27456,4,7,10,4,10,1,1,0,1,2,0
27457,3,4,11,4,12,1,1,1,2,2,0
27458,4,1,15,4,4,1,1,0,2,2,0
27459,3,4,15,4,8,1,1,1,1,2,1
27460,8,4,15,0,8,3,1,0,2,2,1
27461,8,0,15,2,0,0,1,1,2,2,0
27462,7,5,9,2,4,5,0,0,2,2,1
27463,8,4,11,0,3,4,1,1,2,2,0
27464,7,1,11,2,12,0,1,1,2,2,1
27465,8,4,11,2,4,0,1,1,2,2,0
27466,5,2,11,4,1,3,0,0,2,2,0
27467,8,4,11,0,1,4,0,0,2,2,0
27468,6,4,0,4,3,1,0,1,2,2,0
27469,11,7,15,2,1,0,1,1,1,2,0
27470,5,4,9,4,13,3,0,0,2,2,0
27471,6,4,7,4,3,1,1,1,2,2,0
27472,5,1,1,4,14,3,1,1,2,2,0
27473,10,4,11,2,14,0,1,1,2,2,1
27474,4,4,11,4,14,3,1,1,1,2,0
27475,10,4,9,2,7,0,1,1,2,2,1
27476,8,5,12,2,4,0,1,1,2,2,0
27477,8,4,15,5,7,4,0,0,2,2,0
27478,11,6,15,2,3,0,0,1,2,2,0
27479,4,5,11,4,1,3,1,0,2,2,0
27480,4,4,11,4,7,1,0,1,2,2,0
27481,3,4,5,4,1,4,1,0,0,2,0
27482,7,4,9,2,4,0,1,1,2,2,1
27483,6,7,12,2,10,0,1,1,2,2,0
27484,12,4,11,2,5,0,1,1,2,2,1
27485,7,6,11,2,3,0,1,1,1,2,0
27486,5,4,7,4,1,4,1,0,2,2,0
27487,5,6,12,4,10,1,1,0,2,2,0
27488,9,4,11,2,1,5,0,0,2,2,0
27489,11,4,15,2,8,0,1,1,1,2,0
27490,3,2,9,4,10,4,0,1,2,2,0
27491,8,4,11,4,8,1,1,0,2,0,0
27492,9,1,11,0,1,4,0,0,1,2,0
27493,7,4,11,4,4,3,1,0,1,2,0
27494,9,4,15,2,12,0,1,1,2,2,1
27495,10,2,15,2,4,0,1,1,2,2,0
27496,11,4,12,2,9,0,0,1,2,2,1
27497,5,5,11,4,1,3,1,1,1,2,0
27498,12,4,11,6,7,4,1,0,4,2,0
27499,12,6,9,5,10,4,1,0,2,2,0
27500,13,4,1,0,7,1,1,1,2,2,0
27501,7,0,1,2,12,0,1,1,1,2,0
27502,9,7,8,2,10,0,1,1,2,2,1
27503,4,4,11,4,8,1,0,0,2,2,0
27504,9,4,9,0,13,1,1,0,2,2,0
27505,4,4,11,4,13,3,1,0,2,2,0
27506,7,4,15,2,3,0,1,1,2,2,1
27507,5,1,11,2,3,0,1,1,2,2,1
27508,8,4,15,2,14,0,1,1,1,2,0
27509,12,2,8,2,6,0,1,1,2,2,0
27510,5,6,9,2,8,0,0,1,2,2,0
27511,9,2,9,2,10,0,1,1,2,2,1
27512,11,4,11,3,7,1,0,1,2,2,1
27513,3,4,11,4,8,3,1,0,2,3,0
27514,7,4,9,4,8,1,1,0,2,2,0
27515,7,6,11,4,4,3,1,0,3,2,0
27516,7,5,5,2,10,5,1,0,2,2,1
27517,9,4,14,2,3,0,1,1,2,2,0
27518,5,4,11,2,12,5,1,0,2,2,0
27519,6,4,15,0,1,1,0,0,0,2,0
27520,18,4,15,0,6,1,1,1,2,2,1
27521,5,4,9,2,4,0,1,1,2,2,0
27522,7,7,8,0,10,2,1,0,1,2,0
27523,9,4,15,2,12,0,1,1,3,2,0
27524,6,6,12,3,10,5,1,0,1,2,1
27525,6,6,12,2,4,0,1,1,2,2,1
27526,4,4,1,4,12,2,1,1,2,2,0
27527,7,4,0,0,7,4,1,0,2,2,0
27528,7,4,9,2,4,0,1,1,2,2,0
27529,11,4,6,2,3,0,1,1,2,2,1
27530,9,4,11,2,12,0,1,1,4,2,0
27531,4,4,12,4,4,1,1,1,2,2,0
27532,10,4,11,0,1,1,1,0,2,2,0
27533,5,4,9,4,10,1,1,0,2,2,0
27534,11,1,15,2,4,0,1,1,2,2,1
27535,4,4,9,2,4,0,1,1,2,2,0
27536,8,0,1,2,0,0,1,1,1,2,0
27537,5,4,1,4,14,3,1,1,3,2,0
27538,3,4,13,4,12,1,1,0,1,2,0
27539,7,2,14,0,10,1,1,1,2,2,0
27540,7,4,11,4,1,1,1,1,1,2,0
27541,7,7,15,2,4,0,1,1,2,0,0
27542,10,4,9,0,4,1,1,1,4,2,0
27543,3,4,9,4,10,1,1,1,1,2,0
27544,16,2,11,2,6,0,1,1,2,2,1
27545,7,4,10,2,10,0,1,1,2,2,1
27546,4,0,1,4,0,3,1,0,0,2,0
27547,5,4,12,4,5,3,1,1,2,2,0
27548,6,4,15,2,7,0,1,1,2,2,0
27549,18,4,11,0,4,1,1,1,2,2,0
27550,8,4,11,4,12,3,1,0,2,2,0
27551,9,4,11,2,5,0,1,1,2,2,0
27552,5,7,12,2,10,0,1,1,2,2,0
27553,8,1,15,4,10,1,1,0,1,2,0
27554,5,4,15,2,7,0,1,1,2,2,1
27555,11,4,15,2,12,0,0,1,2,2,1
27556,10,4,11,2,7,0,0,1,2,2,0
27557,5,4,11,4,5,3,1,1,2,2,1
27558,4,5,11,4,7,4,1,0,2,2,0
27559,10,0,1,2,0,0,1,1,0,2,1
27560,5,6,11,4,13,2,1,1,0,2,0
27561,9,2,15,5,3,1,0,1,2,2,0
27562,12,0,1,6,0,4,1,0,0,2,0
27563,6,4,9,2,12,0,1,1,2,2,0
27564,4,4,1,4,8,1,1,0,2,2,0
27565,4,4,11,4,3,2,1,1,2,2,0
27566,10,4,15,2,3,0,1,1,2,2,0
27567,4,4,15,4,12,3,0,0,2,2,0
27568,5,4,11,4,1,4,0,0,1,2,0
27569,5,7,7,0,1,2,0,1,1,2,1
27570,4,4,0,4,8,3,1,1,1,2,0
27571,5,4,15,2,5,5,1,0,2,2,0
27572,3,4,9,4,12,1,1,0,1,2,0
27573,6,4,15,2,4,0,0,1,2,2,1
27574,6,4,9,1,1,4,1,0,1,1,0
27575,5,4,11,4,7,3,1,1,2,1,0
27576,6,7,12,4,10,1,1,1,2,2,0
27577,5,4,9,4,10,1,1,0,2,1,0
27578,9,4,2,0,8,2,1,0,2,2,0
27579,3,7,15,4,1,1,1,0,2,2,0
27580,8,4,11,2,8,5,1,0,2,2,0
27581,5,4,9,4,1,3,1,1,2,2,0
27582,8,6,11,2,14,0,1,1,2,2,0
27583,8,4,11,2,7,5,1,0,2,2,1
27584,7,4,11,2,12,0,0,1,1,2,1
27585,8,0,6,2,0,0,1,1,2,2,0
27586,18,4,11,0,1,4,1,0,2,2,0
27587,6,5,9,4,4,1,1,1,2,2,0
27588,7,4,11,0,8,4,1,0,0,2,0
27589,3,4,7,4,3,3,1,1,3,2,0
27590,5,4,11,2,5,0,1,1,3,2,1
27591,4,4,15,4,4,3,1,1,1,2,0
27592,12,4,9,5,12,1,1,0,2,2,0
27593,7,4,15,0,12,3,1,1,2,2,0
27594,4,6,1,4,8,3,1,0,1,2,0
27595,6,4,11,4,3,1,1,1,2,2,0
27596,11,4,8,6,12,1,0,0,2,2,0
27597,10,7,12,2,4,0,1,1,1,2,0
27598,6,4,8,2,3,0,1,1,1,2,0
27599,8,4,15,4,7,3,1,0,2,2,0
27600,10,4,11,2,12,0,1,1,4,2,0
27601,3,4,11,4,8,1,0,0,1,4,0
27602,8,5,15,4,10,3,0,1,2,2,0
27603,6,4,15,0,1,1,0,0,1,2,0
27604,5,4,15,2,12,0,1,1,2,2,1
27605,11,4,11,1,8,4,1,0,1,2,0
27606,5,4,9,4,8,3,1,0,2,2,0
27607,14,4,15,0,4,1,1,1,1,2,0
27608,6,4,9,2,12,0,1,1,2,2,0
27609,6,4,11,4,4,1,1,0,3,2,0
27610,10,4,12,2,4,0,1,1,2,2,1
27611,5,4,11,4,5,1,1,1,2,2,0
27612,8,0,11,2,0,0,1,1,1,2,1
27613,6,2,11,4,1,1,1,0,1,2,0
27614,5,4,9,4,8,1,1,0,0,1,0
27615,9,4,15,2,4,0,1,1,2,2,0
27616,6,4,13,2,8,5,0,0,2,2,1
27617,7,7,15,2,11,0,1,1,2,2,1
27618,6,4,9,2,10,0,1,1,2,0,0
27619,4,4,11,2,8,0,1,1,1,2,0
27620,9,7,9,2,4,0,1,1,2,2,1
27621,9,4,12,0,10,1,1,0,2,2,0
27622,6,2,4,2,6,0,1,1,2,2,1
27623,5,4,11,4,4,1,1,1,2,2,0
27624,16,4,15,0,13,1,1,0,2,2,0
27625,4,4,3,4,14,1,1,1,1,2,0
27626,12,4,9,2,10,0,1,1,2,2,1
27627,4,4,15,4,3,1,0,1,2,2,0
27628,11,5,7,0,7,1,1,0,2,2,0
27629,9,4,15,0,12,1,1,0,2,2,0
27630,8,4,15,0,4,1,1,0,2,2,0
27631,4,4,9,4,4,1,1,0,2,2,0
27632,3,4,1,4,3,3,1,1,2,2,0
27633,6,4,11,4,14,3,1,1,2,2,0
27634,9,4,4,2,8,0,1,1,1,2,0
27635,7,4,11,5,10,4,1,0,1,2,0
27636,4,4,11,4,3,3,1,1,2,2,0
27637,6,4,6,3,8,4,1,0,2,2,1
27638,3,5,12,4,10,3,1,1,2,2,0
27639,14,4,0,2,7,0,1,1,2,2,1
27640,9,4,11,2,14,0,1,1,1,2,1
27641,10,5,15,2,5,0,1,1,2,2,0
27642,9,4,15,4,8,1,1,0,0,2,0
27643,5,4,15,4,4,3,1,1,2,2,0
27644,7,2,11,2,5,0,1,1,2,2,0
27645,7,4,8,4,10,3,1,1,2,2,0
27646,6,1,9,4,12,1,1,1,2,2,0
27647,6,4,15,2,3,0,1,1,2,2,1
27648,9,4,9,2,10,0,1,1,1,2,0
27649,7,7,15,0,8,4,1,0,1,2,0
27650,7,2,9,5,1,4,1,0,2,2,0
27651,6,4,11,4,3,4,1,1,2,2,0
27652,6,4,11,2,3,0,1,1,2,2,1
27653,5,4,15,4,10,1,1,1,0,2,0
27654,9,4,8,0,3,1,1,1,2,2,0
27655,8,6,9,2,10,0,1,1,1,2,1
27656,6,4,11,2,6,0,1,1,2,2,1
27657,11,2,15,4,1,3,1,0,2,2,0
27658,4,4,12,2,14,0,1,1,2,2,1
27659,5,4,15,4,14,3,1,1,3,2,0
27660,9,6,7,2,12,0,1,1,1,2,0
27661,4,4,5,4,3,1,1,1,2,2,0
27662,5,5,11,2,4,0,0,1,2,2,1
27663,5,4,15,2,8,0,1,1,2,2,1
27664,8,4,9,0,4,2,1,1,1,2,0
27665,7,0,15,6,0,4,1,0,1,2,0
27666,6,4,15,4,3,3,1,0,2,2,0
27667,17,4,15,0,1,4,1,0,2,2,0
27668,4,4,9,4,12,3,1,1,2,2,0
27669,5,4,9,4,10,1,1,0,1,2,0
27670,4,4,1,4,7,3,1,0,2,2,0
27671,7,4,15,0,12,4,1,0,2,2,0
27672,5,4,10,2,14,0,1,1,1,2,0
27673,7,6,11,4,3,3,1,1,2,2,0
27674,8,4,15,6,3,4,1,1,2,2,0
27675,11,0,0,2,6,0,1,1,3,2,1
27676,9,4,9,2,4,4,1,0,2,2,1
27677,9,2,11,2,11,0,1,1,2,2,1
27678,6,4,9,4,10,1,1,1,1,2,0
27679,18,6,9,6,10,4,1,0,2,2,0
27680,10,4,1,6,7,4,1,1,2,2,0
27681,12,4,12,2,10,0,1,1,2,2,1
27682,7,6,15,2,8,2,1,1,2,2,1
27683,10,4,5,2,3,0,1,1,2,2,0
27684,8,3,15,2,13,5,1,0,2,2,0
27685,6,4,9,2,12,0,1,1,2,1,1
27686,6,4,15,2,14,0,1,1,2,2,0
27687,5,6,15,2,3,0,1,1,2,2,0
27688,4,4,9,4,1,1,1,1,0,2,0
27689,12,6,15,2,4,0,1,1,2,2,0
27690,10,5,15,2,4,5,1,0,2,2,0
27691,6,6,11,2,3,0,1,1,2,2,0
27692,5,4,11,2,3,0,1,1,2,2,1
27693,9,4,11,2,6,0,1,1,2,2,1
27694,6,4,9,2,4,0,1,1,1,2,1
27695,7,4,15,2,4,0,1,1,2,2,0
27696,6,4,15,0,13,1,1,1,1,2,0
27697,4,4,9,4,8,4,0,0,2,2,0
27698,6,5,15,2,5,0,1,1,2,2,0
27699,7,4,7,4,1,1,1,0,1,2,0
27700,8,4,8,0,3,4,1,0,2,2,0
27701,7,2,15,2,10,5,1,0,1,2,0
27702,4,4,10,4,10,3,1,1,2,2,0
27703,3,4,15,4,4,1,1,0,3,4,0
27704,7,4,9,5,12,4,1,0,1,2,0
27705,9,2,15,0,5,1,1,0,2,2,0
27706,12,4,11,0,13,1,1,0,1,2,0
27707,7,4,9,4,10,4,0,0,3,2,0
27708,6,4,9,4,12,1,1,0,2,0,0
27709,7,0,11,5,0,1,1,1,1,2,0
27710,5,4,11,2,3,0,1,1,2,2,1
27711,8,6,1,2,3,0,1,1,2,2,1
27712,3,4,0,4,7,1,1,0,2,2,0
27713,8,4,15,2,10,0,0,1,2,2,0
27714,4,2,9,4,1,3,1,0,2,2,0
27715,5,6,8,4,3,1,1,1,2,2,0
27716,9,4,15,0,1,4,1,0,2,2,0
27717,8,4,11,4,7,3,1,0,2,0,0
27718,4,6,15,4,5,1,1,1,3,2,0
27719,3,4,15,4,12,1,1,0,2,2,0
27720,8,4,11,2,7,5,0,0,1,2,0
27721,6,6,11,2,3,0,1,1,2,2,0
27722,3,2,9,4,10,3,1,0,2,2,0
27723,12,4,11,2,14,0,1,1,2,2,0
27724,5,6,10,4,10,3,1,0,0,2,0
27725,4,7,11,4,12,3,1,0,3,2,0
27726,5,7,12,4,4,3,1,0,2,2,0
27727,5,1,2,4,14,1,1,1,1,2,0
27728,5,4,9,4,10,1,1,0,1,2,0
27729,7,4,11,2,3,0,1,1,2,2,1
27730,5,4,9,2,12,0,1,1,1,2,1
27731,10,4,15,2,4,0,1,1,2,2,0
27732,10,4,5,2,3,0,1,1,2,2,0
27733,17,4,9,0,8,1,1,0,2,2,0
27734,6,4,11,0,4,4,1,0,2,1,0
27735,4,4,11,2,14,0,1,1,2,2,1
27736,3,7,11,4,1,3,1,0,2,2,0
27737,5,4,14,4,10,1,1,0,2,2,0
27738,8,4,11,2,8,0,1,1,2,2,0
27739,9,4,15,2,1,5,1,0,1,0,0
27740,4,4,9,4,4,1,1,1,2,2,0
27741,9,4,14,2,14,0,1,1,3,2,0
27742,9,4,15,5,1,4,1,0,2,0,0
27743,4,0,9,4,0,3,1,0,0,2,0
27744,7,4,11,2,12,0,1,1,1,2,0
27745,7,4,11,2,4,0,1,1,4,2,0
27746,9,4,9,2,8,0,1,1,2,2,0
27747,6,6,12,2,4,0,1,1,2,2,0
27748,8,6,8,2,1,0,1,1,2,2,1
27749,7,4,15,2,8,0,1,1,2,2,1
27750,11,4,3,3,6,0,0,1,3,2,0
27751,7,4,11,2,8,0,1,1,1,2,1
27752,4,4,11,4,7,1,1,1,2,2,0
27753,4,4,7,2,4,0,1,1,2,2,0
27754,8,4,11,4,6,3,1,1,2,2,0
27755,10,4,15,2,12,0,1,1,2,2,0
27756,11,6,15,2,12,0,1,1,2,2,1
27757,9,4,11,0,1,1,1,0,2,2,0
27758,7,6,11,2,3,0,1,1,2,2,0
27759,13,2,15,5,10,1,0,1,2,2,0
27760,7,0,15,2,0,0,1,1,1,2,1
27761,5,4,0,2,7,0,1,1,2,2,1
27762,9,4,9,2,12,0,1,1,4,2,0
27763,4,6,12,4,10,3,1,0,1,2,0
27764,5,4,10,4,10,3,1,0,2,1,0
27765,5,2,11,4,1,1,1,0,0,2,0
27766,7,3,11,4,8,1,1,0,1,0,1
27767,8,6,8,0,3,4,1,1,2,0,0
27768,9,4,11,0,7,1,1,0,2,2,0
27769,6,4,1,2,12,0,1,1,2,1,1
27770,12,6,6,4,5,1,1,0,1,2,0
27771,6,5,15,2,4,0,1,1,2,2,0
27772,10,7,9,2,10,0,1,1,1,2,0
27773,6,4,9,4,13,3,1,0,2,2,0
27774,3,7,15,4,1,3,1,0,2,2,0
27775,4,4,1,4,12,3,1,0,2,2,0
27776,5,4,0,2,3,0,1,1,2,2,1
27777,7,4,11,2,6,0,1,1,2,2,1
27778,9,7,9,5,1,4,1,0,2,2,0
27779,5,4,5,2,3,0,1,1,0,2,0
27780,6,4,9,2,10,0,1,1,2,2,1
27781,4,4,15,4,4,1,1,0,2,2,0
27782,7,4,9,4,10,4,1,0,1,2,0
27783,4,4,11,4,7,1,0,0,2,2,0
27784,11,4,6,2,5,0,1,1,2,2,0
27785,8,4,11,4,4,3,1,1,2,0,0
27786,4,5,11,2,5,0,1,1,3,2,0
27787,5,4,14,2,3,0,1,1,2,2,0
27788,9,4,8,2,1,5,0,0,1,2,0
27789,6,6,11,4,3,3,1,1,2,2,0
27790,9,4,15,2,1,0,1,1,1,2,0
27791,5,6,11,4,8,1,1,1,2,2,0
27792,9,4,11,4,1,2,1,0,2,2,1
27793,3,2,7,4,1,4,1,0,1,4,0
27794,4,4,9,4,10,4,1,0,2,2,0
27795,3,4,11,4,1,4,1,0,2,2,0
27796,12,4,9,4,10,3,1,1,2,2,0
27797,6,4,15,2,14,0,1,1,2,2,0
27798,5,4,11,2,1,5,1,0,1,4,1
27799,8,1,8,2,3,0,1,1,2,2,0
27800,10,4,6,2,5,5,1,0,1,2,1
27801,8,4,11,2,12,5,1,0,4,2,0
27802,8,4,11,2,6,0,1,1,2,2,0
27803,5,4,9,4,12,1,1,1,3,2,0
27804,10,4,11,2,6,0,0,1,3,2,0
27805,7,4,11,6,1,4,1,0,2,2,0
27806,5,4,15,4,7,3,0,1,3,2,0
27807,4,4,9,4,4,2,1,0,2,2,0
27808,13,7,9,5,10,4,1,0,1,2,0
27809,9,4,15,0,4,4,0,1,2,0,0
27810,11,4,11,2,13,0,1,1,2,2,0
27811,10,2,8,2,4,0,1,1,2,2,0
27812,8,4,8,2,10,0,1,1,2,2,1
27813,8,4,15,2,7,0,0,1,2,2,0
27814,8,2,12,2,1,0,1,1,2,2,0
27815,5,4,11,4,14,3,1,1,2,2,0
27816,9,4,15,0,3,1,1,1,2,2,0
27817,7,4,15,2,10,0,1,1,1,2,0
27818,4,4,8,4,11,1,1,1,1,2,0
27819,9,0,5,2,0,0,1,1,2,2,1
27820,4,4,9,4,10,3,1,1,2,2,0
27821,7,4,15,2,12,0,1,1,1,2,1
27822,11,4,15,4,1,4,1,0,2,2,0
27823,10,6,9,2,12,5,1,0,2,2,1
27824,3,4,15,0,1,1,1,0,2,2,0
27825,7,6,15,2,13,0,1,1,2,2,0
27826,10,2,14,0,10,4,0,1,1,2,0
27827,4,6,8,4,3,3,1,1,2,2,0
27828,5,7,15,4,12,3,1,0,2,2,0
27829,4,4,9,4,12,1,1,1,2,2,0
27830,3,4,15,4,12,3,0,1,2,2,0
27831,3,2,12,4,10,1,1,1,1,2,0
27832,8,4,11,0,12,1,1,1,2,2,0
27833,8,4,7,2,11,0,1,1,2,2,0
27834,10,5,15,2,4,5,1,0,3,2,0
27835,4,4,15,2,5,0,1,1,1,2,0
27836,5,4,7,2,12,5,1,0,2,2,0
27837,5,6,12,4,5,3,1,1,3,2,0
27838,5,4,11,4,4,3,1,0,2,2,0
27839,8,4,12,2,12,0,1,1,2,2,1
27840,5,4,15,2,3,0,1,1,2,2,0
27841,8,4,7,2,4,0,1,1,2,2,1
27842,5,1,11,6,1,1,1,0,2,2,0
27843,13,4,15,2,5,0,1,1,3,2,0
27844,7,0,15,5,0,4,0,0,1,2,0
27845,3,0,5,4,0,4,1,0,2,2,0
27846,7,4,11,2,1,5,1,0,1,2,0
27847,5,4,8,4,10,3,0,1,2,2,0
27848,8,4,11,2,12,0,1,1,4,2,1
27849,7,2,15,4,11,4,1,0,2,2,0
27850,6,4,15,4,4,1,1,0,2,2,0
27851,9,4,11,2,3,0,1,1,2,2,0
27852,12,0,9,2,0,0,1,1,1,2,0
27853,4,7,11,0,1,1,0,0,1,2,0
27854,8,4,15,4,10,3,1,1,2,0,0
27855,5,4,11,4,8,3,1,0,1,2,0
27856,4,6,15,0,12,4,1,0,2,2,0
27857,5,4,15,2,5,0,1,1,1,2,1
27858,4,4,11,4,6,3,1,1,2,2,1
27859,9,4,11,2,8,0,1,1,2,2,0
27860,5,4,11,2,7,0,0,1,2,2,0
27861,8,4,1,5,2,4,0,0,1,2,0
27862,9,4,15,2,12,0,1,1,0,2,0
27863,6,2,1,4,5,1,1,1,2,2,0
27864,6,4,15,2,12,0,1,1,2,2,0
27865,9,4,15,2,3,0,1,1,2,2,1
27866,8,7,11,2,8,0,1,1,1,2,1
27867,9,4,15,0,8,1,1,0,2,2,1
27868,7,4,15,4,8,1,1,0,1,2,0
27869,8,4,15,0,1,4,0,0,0,2,1
27870,12,5,11,6,1,1,1,0,2,2,0
27871,11,4,8,4,3,3,0,1,2,2,0
27872,9,4,9,0,12,4,1,1,2,2,0
27873,13,4,9,0,1,1,1,0,1,2,0
27874,4,6,15,6,8,4,1,0,2,2,0
27875,6,4,11,4,1,1,1,0,2,2,0
27876,9,1,4,2,14,0,1,1,2,2,1
27877,9,0,5,0,0,4,1,0,1,2,0
27878,7,4,0,2,6,0,1,1,3,2,1
27879,10,4,15,2,3,0,1,1,2,2,0
27880,9,7,8,4,10,3,1,0,1,2,0
27881,5,4,11,4,14,1,1,1,2,1,0
27882,10,4,9,2,10,0,1,1,2,2,1
27883,8,2,9,4,11,3,1,1,2,2,0
27884,5,6,15,2,8,0,0,1,0,2,0
27885,12,4,15,6,8,4,1,1,2,2,0
27886,8,6,9,4,10,1,1,0,1,2,0
27887,10,7,15,0,12,2,1,0,2,2,1
27888,7,4,11,2,1,5,1,0,2,2,0
27889,3,4,11,4,6,3,0,1,2,2,0
27890,6,5,9,2,4,0,1,1,2,2,0
27891,11,4,1,6,3,1,1,1,1,2,1
27892,7,6,11,2,8,0,0,1,1,2,0
27893,18,4,15,6,12,1,1,0,2,2,0
27894,4,4,9,4,10,1,1,0,2,2,0
27895,9,2,12,5,1,4,0,0,2,2,0
27896,8,4,11,4,7,1,1,1,2,2,0
27897,11,4,11,4,12,1,1,1,4,2,0
27898,8,4,9,0,8,1,1,0,2,0,0
27899,8,4,8,2,3,0,1,1,2,2,0
27900,10,4,11,2,4,0,1,1,2,2,0
27901,8,0,6,2,0,0,1,1,2,2,1
27902,4,2,1,4,9,3,1,0,1,2,0
27903,12,4,11,2,11,0,1,1,2,2,1
27904,10,4,2,2,8,0,0,1,2,2,1
27905,7,4,11,5,12,4,1,0,4,2,0
27906,12,6,11,6,12,1,1,1,2,2,0
27907,5,4,11,4,3,1,1,1,0,2,0
27908,9,4,9,0,1,1,1,0,2,2,0
27909,4,4,9,4,10,1,1,0,2,2,0
27910,9,6,11,2,3,0,1,1,2,2,1
27911,4,4,0,4,6,1,1,1,1,2,0
27912,6,4,15,2,10,0,1,1,1,2,0
27913,8,6,5,2,3,0,1,1,2,0,0
27914,10,4,11,2,3,5,1,0,2,2,1
27915,6,2,11,2,11,0,1,1,2,2,0
27916,11,6,15,2,3,0,1,1,2,2,1
27917,6,5,9,2,4,0,1,1,2,0,1
27918,6,4,15,4,1,4,0,0,2,0,0
27919,4,6,9,4,10,1,1,0,2,2,0
27920,12,4,11,2,12,0,1,1,2,2,0
27921,7,5,15,2,5,0,1,1,2,2,1
27922,6,4,15,2,3,0,1,1,2,1,0
27923,10,4,9,2,4,0,1,1,2,2,0
27924,11,5,15,2,4,0,0,1,1,2,0
27925,7,4,12,2,1,0,1,1,0,2,0
27926,10,6,15,2,3,0,1,1,2,2,0
27927,8,4,11,0,7,1,1,0,2,0,0
27928,6,4,11,4,3,3,1,1,2,2,0
27929,11,4,9,2,4,1,1,1,2,2,1
27930,8,4,10,4,7,1,1,0,2,2,0
27931,4,4,1,4,3,3,1,1,2,2,0
27932,11,4,15,2,6,0,1,1,2,2,0
27933,11,4,15,2,3,0,1,1,2,2,0
27934,8,4,11,0,7,4,1,0,2,2,0
27935,8,4,8,4,1,1,1,1,2,2,0
27936,8,4,11,4,8,1,1,0,4,0,0
27937,9,4,9,2,8,0,1,1,2,2,0
27938,3,4,0,4,7,1,0,1,2,2,0
27939,8,2,0,2,6,0,1,1,2,2,1
27940,8,0,11,0,0,4,1,0,0,2,0
27941,6,0,11,2,0,0,1,1,2,2,0
27942,8,4,15,0,8,3,1,0,0,2,0
27943,10,4,9,2,10,0,1,1,2,2,0
27944,3,4,11,4,6,3,1,0,1,2,1
27945,8,4,11,2,6,0,1,1,3,2,0
27946,5,1,9,4,10,1,1,1,3,2,0
27947,10,4,11,2,3,0,1,1,3,2,0
27948,13,2,11,2,11,0,0,1,2,2,0
27949,4,0,13,4,6,3,0,0,3,2,1
27950,18,4,8,2,4,0,1,1,2,2,0
27951,6,4,15,2,8,0,1,1,2,2,1
27952,8,4,9,5,4,0,1,1,4,2,0
27953,11,2,7,2,11,0,0,1,2,2,0
27954,8,5,12,2,4,0,0,1,2,2,0
27955,10,4,11,2,12,0,1,1,2,2,0
27956,8,4,12,2,5,5,1,0,3,2,1
27957,8,4,11,2,3,0,1,1,2,2,0
27958,4,0,11,4,0,3,1,0,2,2,0
27959,10,2,10,2,4,0,1,1,2,2,0
27960,4,7,9,0,10,4,1,0,1,2,1
27961,10,4,13,2,12,0,1,1,2,2,1
27962,6,0,11,2,6,0,0,1,1,0,0
27963,9,2,12,2,6,0,1,1,2,2,0
27964,7,4,11,2,13,0,1,1,2,2,1
27965,8,4,9,0,10,2,1,0,2,2,0
27966,9,5,11,2,4,0,1,1,2,2,0
27967,9,5,6,2,5,0,1,1,1,2,0
27968,6,6,15,2,10,0,1,1,2,2,1
27969,7,4,9,2,10,0,1,1,2,2,0
27970,8,4,9,0,13,1,1,0,1,0,0
27971,14,4,0,2,7,0,0,1,2,2,1
27972,5,2,15,4,10,1,1,0,1,2,0
27973,6,4,8,4,6,1,1,1,2,2,0
27974,6,4,11,4,12,4,1,0,3,2,0
27975,3,0,9,4,0,1,0,1,0,2,0
27976,9,0,1,2,0,0,1,1,1,2,1
27977,4,4,6,0,8,1,1,0,1,2,0
27978,9,4,5,0,3,1,1,0,2,2,0
27979,5,0,11,2,0,5,1,0,2,2,0
27980,9,6,15,4,4,4,1,0,2,0,0
27981,8,4,9,0,1,4,1,0,2,2,0
27982,6,4,11,2,12,0,1,1,2,2,0
27983,5,4,11,2,6,0,1,1,2,2,0
27984,9,4,15,4,1,1,1,0,2,2,0
27985,5,4,11,4,8,3,1,0,1,0,0
27986,8,4,11,2,8,0,1,1,2,2,0
27987,4,4,9,4,13,3,1,0,2,2,0
27988,5,5,9,4,4,3,1,1,2,2,0
27989,4,4,9,4,7,1,1,1,2,2,1
27990,4,7,12,4,10,3,0,1,2,2,0
27991,4,4,15,4,4,3,1,0,2,2,0
27992,10,4,11,2,5,0,1,1,3,1,1
27993,4,4,6,4,3,2,1,1,2,2,0
27994,9,4,1,0,14,1,1,1,2,2,0
27995,4,4,9,4,10,3,1,1,2,2,0
27996,3,7,7,4,11,3,1,1,1,0,0
27997,11,6,6,2,5,0,1,1,1,2,0
27998,6,1,11,2,14,0,1,1,1,2,1
27999,6,4,1,2,3,0,1,1,2,4,0
28000,5,4,11,4,4,1,1,0,2,2,0
28001,8,6,11,5,4,4,1,0,2,2,0
28002,7,0,10,2,0,0,1,1,2,2,0
28003,5,4,11,4,3,3,1,1,2,2,0
28004,4,4,0,4,6,1,1,1,2,2,0
28005,8,2,15,2,1,5,1,0,2,2,1
28006,7,4,5,2,3,0,1,1,2,2,0
28007,11,6,12,0,5,4,0,1,1,2,0
28008,6,2,15,4,12,4,1,0,3,2,0
28009,12,4,14,2,10,0,1,1,2,2,0
28010,13,4,9,2,4,1,1,1,3,2,1
28011,5,4,5,2,2,0,1,1,2,2,1
28012,14,4,7,2,7,0,1,1,2,2,1
28013,4,2,12,4,10,1,1,1,2,2,0
28014,7,2,5,2,11,0,0,1,2,2,1
28015,6,4,15,4,4,1,1,0,2,2,0
28016,9,4,12,2,5,0,1,1,1,2,1
28017,9,4,7,0,4,1,1,0,2,2,0
28018,8,1,11,2,14,0,0,1,2,2,0
28019,5,0,15,4,0,1,1,0,1,2,0
28020,13,6,5,2,3,0,1,1,2,2,0
28021,8,6,6,2,5,0,1,1,2,2,0
28022,6,4,3,2,12,0,1,1,2,0,0
28023,5,4,5,2,10,0,1,1,2,2,0
28024,3,4,15,4,4,1,1,0,1,2,0
28025,6,4,11,2,3,0,1,1,2,2,1
28026,13,4,15,6,14,1,1,1,2,2,0
28027,4,4,9,4,1,3,0,0,2,2,0
28028,5,0,1,4,0,3,1,0,1,2,0
28029,9,4,11,2,14,0,1,1,2,2,0
28030,9,4,9,0,1,4,1,0,2,2,0
28031,6,4,11,2,13,0,1,1,2,1,1
28032,6,4,11,0,3,1,1,0,3,2,0
28033,5,4,12,4,1,1,1,0,2,2,0
28034,3,1,15,4,14,3,1,1,2,4,0
28035,9,7,15,2,1,0,1,1,2,2,1
28036,4,4,11,4,14,3,1,1,1,2,0
28037,12,4,9,2,12,0,0,1,2,2,1
28038,9,2,11,0,6,1,1,1,2,2,1
28039,5,4,9,2,10,5,1,0,2,2,1
28040,8,6,6,2,5,0,1,1,2,2,0
28041,10,4,11,2,1,0,1,1,2,2,0
28042,11,4,15,0,1,1,1,0,1,2,0
28043,4,4,11,4,6,1,1,1,2,2,0
28044,6,4,11,4,3,3,0,1,1,4,1
28045,15,7,14,0,1,1,1,0,2,2,0
28046,4,4,1,2,12,0,1,1,2,2,1
28047,8,4,15,5,1,1,1,0,4,2,0
28048,9,4,11,2,7,0,0,1,2,2,0
28049,6,4,9,2,10,0,1,1,2,2,1
28050,5,6,11,2,3,0,1,1,2,2,0
28051,11,5,9,6,4,1,1,1,2,2,0
28052,10,4,7,2,10,0,1,1,2,2,1
28053,5,7,12,4,1,1,1,0,2,2,0
28054,7,4,12,2,6,0,1,1,2,2,1
28055,6,4,9,0,8,4,1,0,1,0,0
28056,4,4,11,4,3,1,1,1,2,2,0
28057,6,7,11,2,1,0,1,1,1,2,1
28058,7,7,9,2,12,0,1,1,1,2,1
28059,4,4,9,4,4,2,1,0,2,2,0
28060,8,6,6,0,5,4,1,0,3,2,0
28061,5,4,15,2,4,1,1,0,2,1,0
28062,4,4,15,4,2,1,1,0,2,2,0
28063,4,4,15,4,8,1,1,0,0,2,0
28064,9,6,15,0,12,4,1,0,2,2,1
28065,3,4,11,4,4,3,1,0,2,2,0
28066,9,4,10,5,7,4,1,0,2,2,0
28067,8,4,1,2,8,0,0,1,2,2,1
28068,5,0,11,4,0,1,1,1,2,2,1
28069,6,4,1,2,12,0,1,1,2,2,1
28070,6,4,1,4,14,1,1,1,3,2,0
28071,4,4,6,2,3,0,1,1,2,2,0
28072,8,4,0,2,6,0,1,1,2,2,0
28073,6,4,7,2,12,0,1,1,2,2,1
28074,4,4,11,4,1,1,1,0,2,2,0
28075,13,4,15,2,1,0,1,1,1,2,0
28076,9,4,15,2,10,0,0,1,1,2,1
28077,5,4,11,2,14,0,1,1,2,2,1
28078,6,4,11,3,8,5,1,0,2,2,0
28079,9,4,15,2,8,0,0,1,1,2,0
28080,4,4,11,4,4,2,1,1,4,2,1
28081,11,2,0,3,9,4,1,0,2,2,1
28082,7,4,11,2,14,0,1,1,2,2,1
28083,7,4,15,2,10,0,1,1,2,2,1
28084,7,6,9,2,4,0,1,1,2,2,1
28085,10,4,15,2,3,0,0,1,2,4,1
28086,10,7,11,0,4,1,1,1,1,2,0
28087,7,5,9,0,1,1,1,0,1,2,0
28088,9,4,12,2,10,0,1,1,2,2,1
28089,5,4,14,4,10,3,1,1,2,2,0
28090,4,4,9,4,12,3,1,0,2,2,0
28091,7,4,8,2,3,0,1,1,2,2,0
28092,5,7,11,4,12,1,1,0,2,2,0
28093,4,4,7,2,11,0,0,1,2,2,1
28094,6,5,14,2,10,0,1,1,2,2,1
28095,4,4,0,4,2,3,1,0,1,2,0
28096,4,4,9,4,10,3,1,0,2,2,0
28097,11,4,11,2,12,5,0,0,1,2,0
28098,6,4,11,2,13,5,1,0,2,2,0
28099,9,4,4,4,8,3,1,0,0,2,0
28100,8,4,9,0,4,1,1,1,0,2,0
28101,5,4,11,4,8,1,1,1,0,2,0
28102,7,4,9,2,6,0,1,1,1,2,1
28103,7,4,15,4,1,3,1,0,1,2,0
28104,3,7,14,4,1,3,1,0,2,2,0
28105,7,4,11,2,1,0,1,1,2,2,0
28106,10,2,15,2,1,0,1,1,2,2,0
28107,7,4,9,2,4,0,1,1,2,2,0
28108,10,4,0,2,7,0,0,1,2,2,0
28109,6,4,7,2,12,0,1,1,2,2,0
28110,10,4,11,2,3,0,1,1,3,2,0
28111,12,4,11,2,4,0,1,1,1,2,1
28112,11,7,9,6,4,4,1,0,2,2,0
28113,7,1,11,5,7,1,1,1,4,2,0
28114,7,4,1,2,14,0,1,1,2,2,1
28115,8,4,12,2,9,0,0,1,1,0,0
28116,8,0,5,0,0,1,1,1,1,2,0
28117,8,4,11,2,3,0,1,1,2,2,1
28118,10,2,15,6,1,4,1,0,2,2,0
28119,4,4,0,5,8,1,0,0,2,2,0
28120,10,6,15,2,12,0,1,1,2,2,1
28121,11,4,14,2,3,0,1,1,2,2,1
28122,4,4,11,4,12,1,1,0,1,2,0
28123,6,4,11,2,7,0,1,1,2,2,0
28124,4,4,0,4,4,3,1,1,2,2,1
28125,8,4,10,0,10,1,1,1,1,2,0
28126,8,4,11,2,1,5,1,0,2,0,0
28127,9,2,15,4,11,3,0,0,2,2,0
28128,4,4,15,4,8,3,1,0,2,2,0
28129,8,2,11,4,10,1,1,0,2,2,0
28130,13,4,7,2,12,0,1,1,2,2,0
28131,6,7,12,1,10,1,1,1,2,2,1
28132,7,4,11,2,11,0,1,1,1,2,1
28133,4,4,9,4,10,3,1,1,2,2,0
28134,9,2,9,2,4,0,1,1,2,2,1
28135,11,0,11,2,0,0,1,1,0,2,0
28136,6,4,11,2,7,0,1,1,2,2,0
28137,4,4,11,4,7,3,1,1,2,2,0
28138,6,4,11,2,11,0,1,1,1,2,0
28139,7,5,5,2,10,0,1,1,2,2,0
28140,12,7,9,4,10,1,1,1,3,2,0
28141,9,6,11,2,3,0,1,1,2,2,0
28142,9,4,15,2,1,0,1,1,2,2,0
28143,6,4,11,4,7,1,0,1,2,2,0
28144,6,4,9,0,12,4,1,0,1,2,1
28145,5,4,9,4,4,2,1,1,2,2,0
28146,8,7,11,2,1,0,1,1,2,2,0
28147,7,2,15,6,1,1,1,1,2,2,0
28148,7,4,0,2,6,0,1,1,2,2,0
28149,6,4,11,4,7,1,1,1,0,2,0
28150,6,2,9,2,10,5,0,0,2,2,0
28151,8,4,11,2,3,0,1,1,2,2,0
28152,10,4,12,2,1,0,0,1,2,2,0
28153,12,8,8,0,13,1,1,0,2,2,0
28154,8,4,9,6,10,4,1,0,2,2,0
28155,3,0,15,4,0,2,0,1,0,2,0
28156,4,4,9,2,4,0,1,1,2,2,1
28157,4,4,15,4,4,3,1,1,1,2,0
28158,4,6,9,4,10,3,1,1,1,2,0
28159,9,6,15,0,3,1,1,1,2,2,0
28160,10,4,7,2,12,0,1,1,2,2,1
28161,7,6,11,2,12,0,1,1,2,2,1
28162,7,2,11,0,6,1,1,1,3,2,0
28163,6,4,15,2,1,0,1,1,2,2,0
28164,12,4,11,2,12,5,1,0,2,2,1
28165,6,4,11,2,1,5,1,0,1,2,0
28166,6,4,11,4,4,3,1,1,2,2,0
28167,13,4,9,5,12,1,1,1,2,2,0
28168,11,2,12,4,10,1,1,0,2,2,0
28169,8,6,11,2,4,0,1,1,2,2,0
28170,5,4,11,2,1,0,0,1,1,2,1
28171,7,4,11,2,10,0,0,1,2,2,0
28172,4,1,6,4,3,3,1,1,2,1,0
28173,5,6,11,2,12,0,1,1,3,2,0
28174,5,1,11,4,14,3,1,0,2,2,0
28175,10,0,5,2,0,5,1,0,1,2,1
28176,6,4,11,0,1,4,1,0,2,2,0
28177,3,4,11,4,3,4,1,1,2,2,0
28178,10,2,5,2,11,0,0,1,2,2,1
28179,3,0,5,4,0,4,1,1,1,2,0
28180,9,6,9,0,12,4,1,1,2,2,0
28181,6,4,8,1,7,1,1,0,2,2,1
28182,8,2,8,2,11,2,1,1,2,2,0
28183,5,4,15,2,8,5,1,0,2,2,0
28184,7,5,15,2,3,0,1,1,2,2,0
28185,3,4,15,4,1,1,1,0,1,2,0
28186,13,4,15,5,12,1,1,0,1,2,0
28187,8,4,1,0,8,1,1,0,0,2,0
28188,7,4,9,3,10,5,1,0,2,2,1
28189,6,4,12,2,10,0,1,1,1,2,1
28190,9,1,11,2,14,0,1,1,3,2,0
28191,10,4,9,2,6,0,1,1,2,2,1
28192,4,4,12,4,4,3,1,0,2,2,0
28193,6,6,9,4,10,3,1,1,2,0,0
28194,7,1,9,2,4,0,1,1,2,2,0
28195,11,4,9,2,12,0,1,1,2,2,0
28196,6,4,11,2,14,0,1,1,3,2,0
28197,13,4,0,2,8,0,0,1,1,2,0
28198,4,5,9,4,4,3,1,1,2,2,0
28199,9,2,8,2,10,0,1,1,0,2,0
28200,8,4,11,0,13,1,1,1,0,2,0
28201,6,6,9,2,4,0,1,1,2,2,0
28202,7,4,15,2,4,0,1,1,2,2,0
28203,4,4,0,2,7,0,0,1,2,2,0
28204,6,4,9,2,8,0,1,1,1,2,1
28205,8,2,9,4,11,3,0,1,2,2,0
28206,10,4,11,2,10,0,1,1,2,2,0
28207,7,4,4,4,14,3,1,1,2,2,0
28208,7,6,11,4,3,1,1,0,2,2,1
28209,4,0,11,2,0,5,1,0,0,2,0
28210,3,4,11,4,1,1,1,0,2,2,0
28211,9,4,12,2,10,0,1,1,2,2,0
28212,9,4,11,2,12,0,1,1,1,2,0
28213,9,6,11,2,4,0,1,1,3,2,0
28214,8,6,11,2,8,5,0,0,1,2,0
28215,6,4,15,4,4,4,1,0,3,2,0
28216,5,4,15,4,7,1,1,1,2,2,0
28217,17,5,11,6,5,3,1,1,1,2,0
28218,8,4,15,4,1,2,1,1,2,2,0
28219,5,4,15,2,3,0,1,1,1,2,0
28220,11,4,15,2,5,2,1,1,2,2,1
28221,6,4,15,0,1,1,1,1,2,2,0
28222,7,4,15,5,3,4,1,0,2,2,0
28223,4,4,11,4,4,2,1,1,2,2,0
28224,5,4,9,4,13,4,1,1,2,2,0
28225,15,4,15,6,1,4,0,0,0,2,0
28226,4,0,10,4,0,1,1,1,2,2,0
28227,9,4,11,2,12,0,1,1,2,2,0
28228,12,2,11,2,11,0,0,1,2,2,0
28229,4,6,15,2,1,0,1,1,1,2,0
28230,7,4,11,2,7,0,1,1,2,2,0
28231,4,1,11,5,1,4,0,0,1,2,0
28232,11,4,11,2,14,0,1,1,2,2,0
28233,8,4,9,2,10,5,1,0,2,2,1
28234,8,6,11,0,1,1,1,0,2,2,0
28235,10,6,9,2,8,0,0,1,1,2,1
28236,4,4,15,2,10,0,0,1,2,2,0
28237,8,5,11,0,3,4,1,0,2,2,0
28238,6,4,13,4,6,1,1,1,2,2,0
28239,11,4,9,0,10,1,1,1,2,2,0
28240,6,2,15,2,11,0,1,1,2,2,0
28241,4,2,9,4,10,1,1,1,2,2,0
28242,7,4,11,2,6,0,0,1,3,2,0
28243,4,0,10,4,0,3,1,0,1,2,0
28244,9,2,15,0,10,1,1,1,2,2,0
28245,9,4,9,0,4,4,1,0,2,2,0
28246,10,4,15,2,1,1,1,1,2,2,1
28247,6,4,2,0,8,1,1,0,2,1,0
28248,11,4,0,2,7,0,1,1,2,2,1
28249,8,4,11,2,12,5,1,0,2,2,1
28250,6,4,15,4,12,3,1,0,2,1,0
28251,5,4,11,2,1,0,0,1,2,2,0
28252,7,1,9,6,7,1,1,0,2,1,0
28253,7,0,9,4,0,1,1,0,0,2,0
28254,7,0,15,2,6,0,0,1,2,2,1
28255,6,4,10,4,10,3,1,1,2,2,0
28256,12,4,7,2,7,0,1,1,2,2,1
28257,3,6,0,4,3,3,1,1,2,2,0
28258,4,4,15,6,12,4,1,0,2,2,0
28259,4,7,15,4,1,1,1,0,1,2,0
28260,7,4,11,2,4,0,1,1,2,1,0
28261,8,4,9,2,12,0,1,1,1,2,0
28262,4,4,15,5,4,4,1,0,2,2,0
28263,8,7,15,4,8,1,1,0,1,2,0
28264,8,7,14,4,10,1,1,0,0,2,0
28265,10,4,11,2,10,0,1,1,2,2,0
28266,7,4,10,0,10,4,1,1,2,2,0
28267,4,4,11,4,6,1,1,1,2,2,0
28268,5,2,10,4,10,3,0,1,0,2,0
28269,5,4,11,4,7,1,1,0,2,2,0
28270,4,4,11,6,7,4,0,1,2,2,0
28271,9,4,15,4,1,1,1,0,1,2,0
28272,12,4,9,4,12,4,0,0,2,2,0
28273,9,0,11,2,0,0,1,1,2,2,0
28274,8,4,9,0,8,1,0,0,1,2,0
28275,10,4,8,2,13,0,1,1,2,3,0
28276,4,2,12,4,1,4,1,0,2,2,0
28277,13,4,11,0,12,4,1,0,2,2,0
28278,4,4,9,4,8,2,1,1,1,2,0
28279,6,4,12,2,6,0,1,1,2,2,0
28280,7,1,9,5,10,4,1,0,1,2,0
28281,4,4,11,4,3,3,1,1,1,2,0
28282,4,4,9,4,10,1,1,1,1,2,0
28283,4,4,9,4,8,3,1,1,2,2,0
28284,4,5,9,4,4,1,1,1,2,2,0
28285,4,4,12,0,1,4,1,0,4,2,0
28286,7,2,9,2,10,0,1,1,2,2,0
28287,6,4,15,0,1,4,0,0,2,2,1
28288,6,6,12,4,4,3,1,1,4,2,0
28289,6,4,15,4,8,1,1,0,1,2,0
28290,11,4,11,2,14,0,1,1,2,2,1
28291,7,4,2,2,14,0,1,1,1,2,1
28292,12,4,11,2,1,0,1,1,2,2,0
28293,6,0,15,4,0,1,1,0,2,0,0
28294,3,4,3,4,8,1,1,1,0,2,0
28295,6,1,11,0,1,4,1,0,2,2,0
28296,10,4,1,0,8,1,1,1,1,2,0
28297,4,0,7,2,0,0,1,1,2,2,1
28298,5,4,15,4,12,1,1,0,1,1,0
28299,11,2,7,2,3,0,1,1,2,2,1
28300,5,4,9,2,12,5,1,0,2,2,1
28301,9,4,11,4,8,4,0,0,0,2,0
28302,8,4,14,2,3,0,1,1,2,2,1
28303,11,4,11,2,8,0,1,1,1,2,1
28304,9,4,1,2,14,0,1,1,2,2,0
28305,6,4,15,2,6,0,1,1,3,2,0
28306,11,4,15,3,14,4,1,0,2,2,1
28307,9,4,2,2,14,0,0,1,3,2,1
28308,10,4,7,2,14,0,1,1,2,2,0
28309,5,4,15,4,1,3,1,0,2,2,0
28310,5,4,15,4,1,1,1,1,1,2,0
28311,7,6,12,2,10,0,1,1,3,2,1
28312,12,4,9,6,4,3,1,0,2,2,0
28313,15,4,15,2,1,5,0,0,1,2,1
28314,6,4,9,4,4,3,1,0,2,2,0
28315,7,0,11,2,0,0,1,1,2,2,0
28316,8,4,0,0,6,1,1,1,3,2,0
28317,4,4,11,4,1,4,0,0,2,2,0
28318,11,4,11,2,14,0,1,1,3,2,0
28319,7,4,15,2,10,0,1,1,1,2,1
28320,10,4,1,2,8,0,1,1,0,2,0
28321,5,4,9,4,10,3,0,1,2,2,0
28322,4,4,12,4,14,1,1,1,2,2,0
28323,9,4,11,2,12,0,1,1,2,0,0
28324,9,4,11,4,8,1,0,1,1,0,0
28325,7,6,15,2,4,0,1,1,2,2,1
28326,6,4,13,2,14,0,1,1,2,2,0
28327,11,4,11,2,3,0,1,1,2,2,0
28328,8,4,11,2,6,0,1,1,1,2,0
28329,8,6,9,4,10,3,1,0,1,2,0
28330,4,4,9,4,4,1,1,0,2,2,0
28331,11,4,11,2,4,0,0,1,2,2,0
28332,4,4,11,4,10,3,1,1,2,2,0
28333,4,4,11,4,8,1,1,0,1,4,0
28334,8,4,15,4,14,2,1,1,2,0,0
28335,6,4,11,4,1,1,1,0,2,1,0
28336,11,2,5,6,10,3,1,0,0,2,0
28337,10,1,11,2,14,0,1,1,1,4,1
28338,6,5,5,2,0,0,1,1,2,2,0
28339,9,6,11,2,3,0,1,1,2,2,1
28340,7,4,9,2,12,0,1,1,2,0,1
28341,6,4,1,3,8,1,0,0,2,0,0
28342,8,6,14,2,3,0,1,1,2,2,1
28343,5,4,1,2,3,0,1,1,2,2,0
28344,4,4,0,4,7,3,1,1,2,4,0
28345,6,4,11,4,3,3,1,1,2,2,0
28346,7,4,12,2,2,0,1,1,1,2,0
28347,3,4,11,4,7,3,1,0,2,2,0
28348,5,0,1,2,0,0,0,1,2,2,1
28349,5,2,12,4,2,3,1,0,1,2,1
28350,8,4,9,4,10,2,0,0,3,2,1
28351,4,4,12,4,10,1,0,1,2,2,1
28352,12,7,8,2,10,0,1,1,1,2,0
28353,3,4,0,4,7,3,1,1,2,2,0
28354,6,5,9,2,4,0,1,1,4,1,1
28355,8,4,11,2,8,0,1,1,1,2,1
28356,6,4,11,4,7,1,0,0,2,2,0
28357,4,4,9,2,4,0,1,1,4,2,0
28358,4,4,15,4,1,3,1,1,2,2,0
28359,4,4,12,2,1,5,1,0,2,2,0
28360,7,6,11,2,12,0,1,1,1,2,1
28361,8,4,11,2,8,0,0,1,1,0,1
28362,8,6,11,4,13,1,1,0,2,2,0
28363,11,4,1,2,3,0,0,1,1,2,0
28364,5,7,9,4,1,4,1,0,1,2,0
28365,4,4,11,4,3,1,1,0,0,2,0
28366,8,4,11,2,3,0,1,1,2,2,0
28367,4,8,9,2,13,5,1,0,1,2,1
28368,5,4,9,2,4,5,0,0,2,2,0
28369,6,6,11,2,5,0,1,1,2,2,1
28370,7,0,9,2,0,0,1,1,0,2,0
28371,5,6,9,4,8,4,1,0,0,2,0
28372,10,4,12,0,10,1,1,1,2,2,0
28373,6,4,11,3,1,1,1,1,2,2,0
28374,11,4,15,6,7,3,1,0,2,2,0
28375,8,4,13,2,14,0,1,1,1,2,0
28376,7,4,12,4,4,3,1,1,2,2,0
28377,6,0,1,4,0,3,0,0,2,2,0
28378,12,4,9,6,4,1,1,0,2,2,0
28379,8,4,7,5,11,1,1,0,2,0,0
28380,7,4,15,2,12,0,1,1,2,2,1
28381,6,4,11,2,4,0,1,1,2,2,1
28382,14,4,7,0,4,4,1,0,2,2,0
28383,9,4,1,2,8,5,0,0,2,2,0
28384,3,4,14,4,3,3,1,1,3,2,0
28385,6,4,11,2,7,4,1,0,2,1,1
28386,4,0,9,4,0,3,1,1,1,2,0
28387,9,4,15,0,12,1,1,0,2,2,0
28388,8,6,11,4,3,1,1,1,2,2,0
28389,5,1,6,2,3,0,1,1,2,2,0
28390,7,5,5,2,0,0,1,1,1,0,1
28391,5,4,11,4,1,3,1,0,0,2,0
28392,7,4,12,2,6,0,1,1,2,0,0
28393,6,5,11,2,1,0,1,1,2,2,0
28394,10,2,11,2,3,0,1,1,3,2,1
28395,7,4,15,6,14,1,1,1,3,2,0
28396,9,4,9,2,12,0,1,1,0,2,1
28397,7,6,14,0,3,1,1,1,2,2,0
28398,5,4,0,4,4,3,1,1,2,1,0
28399,7,4,15,2,3,0,0,1,2,2,0
28400,5,4,9,4,4,3,0,0,1,2,0
28401,11,4,11,1,12,5,1,0,3,2,1
28402,7,4,11,2,3,0,1,1,1,2,0
28403,4,4,10,4,10,3,1,0,1,2,0
28404,5,4,11,2,8,0,1,1,0,2,0
28405,7,4,5,0,11,1,1,1,2,2,1
28406,4,4,8,6,3,4,0,0,2,2,0
28407,6,4,11,2,3,0,1,1,2,2,1
28408,3,4,0,4,7,1,0,1,2,2,0
28409,6,4,0,4,3,3,1,1,2,2,0
28410,4,4,9,4,12,3,1,0,3,2,0
28411,10,4,0,2,3,0,1,1,2,2,1
28412,6,2,11,4,1,2,1,0,2,2,0
28413,7,1,11,4,1,3,1,0,1,2,0
28414,13,7,11,2,8,5,1,0,2,2,0
28415,4,4,11,4,4,2,1,0,2,2,0
28416,4,4,11,4,14,3,1,0,2,2,1
28417,9,6,15,2,10,0,1,1,2,0,0
28418,4,4,1,4,3,3,1,1,2,2,0
28419,5,4,1,2,12,0,1,1,2,2,1
28420,9,4,15,2,3,0,1,1,2,2,0
28421,5,4,11,4,1,1,1,0,2,2,0
28422,4,6,8,4,3,3,1,1,1,2,0
28423,5,4,9,4,10,3,1,1,0,1,1
28424,4,4,15,4,6,1,1,1,2,2,0
28425,12,5,11,6,4,1,1,0,2,2,0
28426,3,7,15,4,10,1,1,1,0,2,0
28427,8,6,15,2,8,0,1,1,1,2,0
28428,9,4,11,0,3,1,1,1,1,2,0
28429,9,4,11,2,7,0,1,1,2,2,0
28430,6,4,15,4,14,1,1,1,2,2,0
28431,5,4,11,4,7,4,1,0,2,2,0
28432,4,4,11,4,1,2,1,0,2,2,0
28433,4,4,11,4,7,3,1,0,2,2,0
28434,7,4,10,2,13,0,1,1,2,2,0
28435,4,4,15,4,1,1,1,0,0,2,0
28436,6,4,11,4,7,3,1,1,2,2,0
28437,4,4,1,0,12,1,1,0,2,2,0
28438,7,1,9,2,4,0,1,1,2,2,1
28439,6,4,1,2,12,0,1,1,1,2,1
28440,9,4,15,4,3,1,1,1,2,2,0
28441,7,4,15,2,10,0,1,1,2,2,0
28442,15,2,12,2,10,0,1,1,1,2,0
28443,7,4,11,2,6,0,1,1,3,2,0
28444,4,4,0,4,7,3,0,0,2,2,0
28445,4,4,8,4,3,1,1,1,2,2,0
28446,13,4,15,0,3,4,1,0,3,2,0
28447,3,2,10,4,10,3,1,1,2,2,0
28448,7,5,12,2,4,5,1,0,2,2,0
28449,8,4,1,2,14,0,1,1,2,2,0
28450,5,0,15,4,0,1,1,0,0,2,0
28451,11,4,9,0,13,1,1,0,2,2,0
28452,9,1,15,0,1,1,1,0,1,2,0
28453,4,4,11,4,8,3,1,0,2,2,0
28454,11,4,13,2,13,0,1,1,0,2,0
28455,6,4,15,3,11,1,1,1,1,2,1
28456,7,4,11,0,8,4,1,0,2,2,0
28457,5,4,15,2,5,0,1,1,3,2,0
28458,4,4,11,4,8,3,1,0,2,2,0
28459,6,4,15,2,13,5,1,0,2,2,1
28460,8,4,15,5,3,1,1,1,2,2,0
28461,8,4,5,5,1,4,1,0,2,2,0
28462,9,7,9,2,11,0,0,1,2,2,0
28463,7,4,9,2,8,0,1,1,1,2,1
28464,9,4,8,0,12,4,1,0,2,2,1
28465,7,4,9,2,8,5,1,0,2,0,1
28466,7,4,9,4,4,1,1,1,2,2,0
28467,4,6,8,4,10,3,1,1,1,2,0
28468,3,0,1,4,0,1,1,0,1,2,0
28469,8,4,12,3,12,1,1,1,1,2,1
28470,8,4,11,2,3,0,1,1,2,2,0
28471,7,4,11,2,14,0,1,1,3,2,1
28472,5,4,15,4,12,1,1,1,1,2,1
28473,11,4,11,2,12,0,1,1,3,2,0
28474,6,4,0,0,8,4,0,0,1,2,0
28475,16,6,11,0,12,1,1,0,2,2,0
28476,9,4,15,0,8,1,1,1,2,2,0
28477,7,5,0,2,7,0,1,1,2,2,1
28478,5,4,15,2,12,0,1,1,4,2,0
28479,10,4,15,2,8,5,1,0,0,2,0
28480,8,4,12,5,4,4,1,0,2,2,0
28481,7,4,11,2,12,0,1,1,3,2,1
28482,5,4,15,2,8,2,1,0,0,1,1
28483,15,4,8,2,3,0,1,1,2,2,0
28484,6,6,11,2,3,0,1,1,3,2,1
28485,6,4,2,1,13,1,1,0,2,2,1
28486,7,4,9,5,6,1,1,1,2,2,0
28487,7,7,10,4,10,1,1,1,2,2,0
28488,7,4,15,2,12,0,1,1,1,2,0
28489,6,2,15,0,4,1,0,1,2,2,0
28490,7,4,11,2,8,0,1,1,1,2,1
28491,10,4,2,2,12,0,1,1,2,2,0
28492,3,4,15,4,1,1,1,1,1,2,0
28493,9,7,15,0,1,1,1,1,2,2,0
28494,5,4,11,4,8,3,1,1,2,2,0
28495,7,4,11,4,14,3,1,0,2,2,0
28496,10,4,14,2,3,0,1,1,2,2,1
28497,9,6,7,2,12,0,0,1,2,2,0
28498,7,4,11,2,7,0,0,1,2,2,0
28499,10,4,1,2,12,0,1,1,1,2,0
28500,7,4,7,2,10,0,1,1,1,2,0
28501,8,5,9,2,10,0,0,1,3,2,0
28502,6,4,11,4,7,2,1,0,2,2,0
28503,6,7,7,2,4,0,0,1,2,0,0
28504,3,7,15,4,1,1,0,0,2,2,0
28505,8,4,12,2,5,0,1,1,3,2,0
28506,9,4,15,2,9,0,0,1,2,2,1
28507,7,4,4,2,13,0,0,1,1,2,0
28508,6,0,11,2,0,0,1,1,1,2,0
28509,10,6,15,0,8,1,1,0,2,2,1
28510,9,4,9,0,4,4,1,1,2,1,0
28511,6,6,1,2,3,0,1,1,2,2,1
28512,4,0,1,4,0,2,1,1,1,2,0
28513,13,4,11,2,7,0,1,1,1,2,1
28514,5,0,11,4,0,3,1,0,0,2,0
28515,3,4,15,4,1,3,1,1,2,2,0
28516,12,4,11,2,14,0,1,1,2,2,1
28517,9,4,9,2,12,0,1,1,1,2,0
28518,7,4,15,2,4,0,1,1,3,2,0
28519,4,6,9,4,12,3,1,1,2,2,0
28520,8,6,11,4,4,1,1,1,1,2,0
28521,6,0,6,2,0,0,1,1,1,2,0
28522,18,4,12,6,1,4,0,0,2,2,0
28523,4,7,12,4,10,1,1,0,2,2,0
28524,4,4,11,6,3,1,1,1,1,2,0
28525,7,4,12,4,10,1,1,1,2,2,0
28526,9,4,11,2,14,0,1,1,1,2,0
28527,12,4,11,0,8,4,1,0,2,2,0
28528,17,2,15,2,4,0,1,1,2,2,0
28529,4,2,7,4,12,1,1,1,2,2,0
28530,16,6,15,2,3,0,1,1,2,2,1
28531,7,4,11,0,8,1,0,1,1,2,0
28532,7,5,9,0,4,1,1,1,1,2,0
28533,18,4,7,2,4,0,1,1,2,2,0
28534,8,4,12,2,5,0,1,1,2,2,1
28535,4,5,11,4,4,1,1,1,3,2,0
28536,8,6,11,2,12,1,0,0,2,2,0
28537,8,0,11,0,0,2,1,0,1,2,0
28538,4,4,9,4,12,3,1,0,2,2,0
28539,6,5,12,4,4,3,1,1,2,2,0
28540,9,4,11,2,8,5,1,0,2,2,0
28541,6,2,12,2,10,0,1,1,2,2,0
28542,9,4,11,0,8,4,1,0,1,2,0
28543,8,4,9,2,12,0,1,1,2,2,0
28544,7,4,8,2,3,0,1,1,2,2,1
28545,6,4,9,4,10,3,1,1,2,2,0
28546,11,7,9,2,11,0,1,1,2,2,0
28547,7,4,11,2,14,0,1,1,2,2,0
28548,5,4,6,4,5,3,1,1,2,2,0
28549,11,4,0,2,6,0,1,1,2,2,0
28550,5,4,11,4,7,3,1,1,2,2,0
28551,4,4,9,4,8,2,1,0,1,2,0
28552,12,4,15,0,13,2,0,0,1,2,0
28553,7,4,15,2,10,0,1,1,2,2,0
28554,6,4,11,4,8,1,1,0,1,2,0
28555,8,4,9,2,1,5,1,0,2,2,0
28556,7,4,12,2,12,5,1,0,2,2,0
28557,9,7,11,2,4,4,1,1,2,2,1
28558,6,4,11,2,3,0,1,1,2,2,0
28559,3,7,5,4,2,4,1,0,2,2,0
28560,9,4,4,0,13,1,1,1,2,2,0
28561,10,4,9,2,12,0,1,1,2,2,0
28562,8,2,15,0,6,1,1,1,3,2,0
28563,5,4,9,2,10,0,1,1,2,2,1
28564,7,2,12,2,12,0,1,1,1,2,0
28565,8,5,9,0,4,1,1,1,2,2,0
28566,6,4,15,4,12,3,1,1,0,2,0
28567,6,4,15,0,13,1,1,0,2,1,0
28568,11,4,15,2,4,0,1,1,2,2,1
28569,8,4,12,2,10,0,1,1,1,2,1
28570,3,4,9,4,13,1,1,1,1,2,0
28571,6,0,1,4,0,1,1,0,0,2,0
