,R,Q,A,Y
0,0.2,0,1,1
1,1.0,0,1,1
2,0.2,1,1,0
3,1.0,2,0,1
4,0.2,0,1,1
5,0.2,2,0,0
6,1.0,1,1,1
7,0.2,3,1,1
8,0.2,2,1,1
9,0.2,1,1,0
10,0.2,1,1,1
11,0.2,2,0,0
12,0.2,0,0,1
13,1.0,3,0,0
14,0.2,2,0,0
15,0.2,1,0,0
16,0.2,3,0,0
17,0.2,1,1,1
18,0.2,1,0,0
19,0.2,2,1,1
20,1.0,2,0,0
21,0.2,3,0,0
22,0.2,1,1,1
23,0.2,2,0,0
24,0.2,2,1,1
25,0.2,2,0,0
26,0.2,2,1,1
27,1.0,0,0,0
28,2.2,3,1,1
29,0.2,2,1,1
30,0.2,2,1,1
31,1.0,2,1,1
32,1.0,0,1,0
33,1.0,1,1,1
34,0.2,1,0,0
35,0.2,2,0,0
36,1.0,2,1,1
37,0.2,1,1,1
38,0.2,2,1,1
39,0.2,1,0,1
40,1.0,1,1,1
41,0.2,0,1,1
42,1.0,0,0,1
43,0.2,0,0,0
44,0.2,1,0,0
45,0.2,3,0,0
46,0.2,2,0,0
47,0.2,1,1,1
48,0.2,3,1,1
49,0.2,1,1,1
50,0.2,0,0,0
51,0.2,2,1,0
52,0.2,1,1,1
53,0.2,1,0,0
54,1.0,2,1,1
55,0.2,2,0,0
56,0.2,1,1,1
57,0.2,1,1,1
58,1.0,1,0,1
59,0.2,2,0,0
60,1.0,2,0,0
61,0.2,2,1,1
62,0.2,2,0,0
63,0.2,0,1,1
64,0.2,0,1,1
65,0.2,2,1,1
66,0.2,1,0,0
67,0.2,1,1,1
68,0.2,2,1,1
69,0.2,1,1,1
70,0.2,1,0,0
71,0.2,2,0,0
72,0.2,3,1,1
73,0.2,2,1,1
74,0.2,1,1,1
75,0.2,3,0,0
76,1.0,2,1,1
77,0.2,2,0,0
78,0.2,3,1,1
79,1.0,1,1,1
80,0.2,1,1,1
81,1.0,2,0,1
82,0.2,1,0,1
83,0.2,1,0,0
84,0.2,2,0,0
85,0.2,3,0,0
86,0.2,2,1,1
87,0.2,1,0,0
88,0.2,1,1,1
89,0.2,1,1,1
90,1.0,1,1,1
91,0.2,3,0,0
92,1.0,1,0,0
93,1.0,3,1,0
94,0.2,1,0,0
95,0.2,0,1,1
96,0.2,2,1,1
97,0.2,2,0,0
98,0.2,1,0,0
99,0.2,1,1,1
100,1.0,1,1,1
101,0.2,1,1,1
102,0.2,1,1,1
103,0.2,1,1,1
104,0.2,0,1,1
105,1.0,0,1,1
106,0.2,0,0,1
107,0.2,1,0,0
108,2.2,1,1,1
109,0.2,1,1,1
110,0.2,1,0,0
111,0.2,1,1,1
112,0.2,1,1,1
113,0.2,2,0,0
114,0.2,2,0,1
115,0.2,2,1,1
116,0.2,1,1,1
117,1.0,3,1,1
118,0.2,0,0,0
119,0.2,2,0,0
120,0.2,1,0,0
121,0.2,2,1,1
122,0.2,2,1,1
123,1.0,1,0,0
124,0.2,1,1,1
125,2.2,1,1,1
126,0.2,1,1,1
127,0.2,2,0,0
128,1.0,2,0,1
129,0.2,1,0,0
130,0.2,3,0,0
131,1.0,1,1,1
132,0.2,2,0,0
133,0.2,0,1,1
134,1.0,0,0,1
135,0.2,3,0,0
136,0.2,2,0,0
137,0.2,2,0,0
138,1.0,1,1,1
139,1.0,1,1,1
140,1.0,2,1,1
141,1.0,2,1,1
142,0.2,2,0,0
143,0.2,1,0,0
144,0.2,2,0,0
145,1.0,1,1,1
146,0.2,2,0,0
147,0.2,2,1,1
148,1.0,2,1,1
149,0.2,3,0,0
150,2.2,2,1,1
151,0.2,2,0,0
152,0.2,0,1,0
153,0.2,2,0,0
154,0.2,2,0,0
155,0.2,1,1,1
156,0.2,2,0,0
157,1.0,2,1,1
158,0.2,1,0,0
159,0.2,1,1,1
160,0.2,3,1,1
161,0.2,3,1,1
162,0.2,2,1,1
163,0.2,3,0,0
164,0.2,1,1,1
165,0.2,2,0,0
166,0.2,2,0,0
167,1.0,1,1,1
168,0.2,2,0,0
169,0.2,2,1,0
170,0.2,2,1,1
171,1.0,2,0,0
172,0.2,1,1,1
173,0.2,2,0,1
174,0.2,1,0,0
175,0.2,1,1,1
176,0.2,1,1,1
177,1.0,1,0,0
178,0.2,2,1,1
179,0.2,0,0,0
180,0.2,2,1,0
181,1.0,3,1,1
182,0.2,3,1,1
183,0.2,3,0,1
184,0.2,1,0,0
185,0.2,2,0,0
186,0.2,2,0,0
187,0.2,1,1,1
188,0.2,0,0,0
189,0.2,1,0,0
190,0.2,2,1,1
191,0.2,1,1,1
192,0.2,2,0,0
193,0.2,1,0,0
194,0.2,2,0,0
195,0.2,0,1,1
196,0.2,2,0,0
197,1.0,2,1,1
198,0.2,1,0,0
199,0.2,1,1,1
200,0.2,1,1,1
201,0.2,2,1,1
202,1.0,2,0,0
203,0.2,1,0,0
204,0.2,1,0,0
205,0.2,3,1,1
206,0.2,3,0,0
207,2.2,2,1,1
208,0.2,2,0,0
209,0.2,3,1,1
210,0.2,2,0,0
211,0.2,2,0,0
212,0.2,2,0,0
213,0.2,0,1,1
214,2.2,2,1,1
215,1.0,2,0,1
216,0.2,1,0,1
217,0.2,2,0,0
218,1.0,3,1,1
219,0.2,0,0,0
220,0.2,1,0,0
221,0.2,1,0,0
222,0.2,2,1,1
223,0.2,0,1,1
224,1.0,0,1,1
225,1.0,2,0,0
226,2.2,2,0,1
227,0.2,1,0,1
228,0.2,1,0,0
229,0.2,0,0,0
230,0.2,1,0,0
231,0.2,2,1,1
232,0.2,2,0,0
233,0.2,3,1,1
234,0.2,0,1,0
235,0.2,1,1,1
236,0.2,2,1,1
237,1.0,0,1,1
238,0.2,1,1,0
239,0.2,1,1,1
240,0.2,0,0,0
241,1.0,1,0,0
242,2.2,0,1,1
243,0.2,0,1,1
244,0.2,1,0,0
245,0.2,0,1,1
246,0.2,1,1,1
247,0.2,3,1,0
248,0.2,1,0,0
249,0.2,0,0,0
250,0.2,1,0,0
251,0.2,1,0,0
252,0.2,1,0,0
253,0.2,2,0,0
254,1.0,0,1,1
255,0.2,2,1,1
256,0.2,1,1,1
257,0.2,3,0,0
258,1.0,2,1,1
259,1.0,2,1,1
260,0.2,2,0,0
261,0.2,2,0,0
262,0.2,2,0,0
263,2.2,3,1,1
264,2.2,1,1,1
265,0.2,2,1,1
266,0.2,3,0,0
267,1.0,2,0,0
268,0.2,2,0,0
269,1.0,1,1,1
270,0.2,3,0,0
271,0.2,2,0,0
272,0.2,3,0,0
273,0.2,2,1,0
274,0.2,2,0,0
275,1.0,1,0,0
276,0.2,1,0,0
277,0.2,1,0,0
278,0.2,1,1,1
279,0.2,3,1,0
280,0.2,2,1,1
281,0.2,2,0,0
282,1.0,1,0,1
283,1.0,2,0,0
284,1.0,0,0,0
285,1.0,2,1,1
286,0.2,2,0,0
287,0.2,2,0,0
288,1.0,1,1,1
289,0.2,1,0,0
290,0.2,1,0,0
291,1.0,1,1,1
292,0.2,1,1,1
293,0.2,2,0,0
294,0.2,2,1,1
295,0.2,1,0,0
296,1.0,1,1,1
297,0.2,1,0,0
298,0.2,2,1,1
299,0.2,1,0,0
300,0.2,3,1,1
301,0.2,1,0,0
302,0.2,1,0,0
303,0.2,3,1,1
304,0.2,2,1,1
305,1.0,1,0,0
306,0.2,2,0,0
307,0.2,1,1,1
308,0.2,3,0,0
309,1.0,3,1,0
310,0.2,2,1,1
311,1.0,2,1,1
312,1.0,3,1,1
313,0.2,3,0,0
314,1.0,2,0,0
315,1.0,1,1,1
316,1.0,2,1,1
317,0.2,2,0,0
318,0.2,1,0,0
319,1.0,3,0,0
320,0.2,2,1,1
321,0.2,1,0,0
322,1.0,1,1,1
323,1.0,2,1,1
324,2.2,3,1,1
325,0.2,1,0,0
326,0.2,0,1,1
327,1.0,1,1,1
328,1.0,2,0,0
329,0.2,1,1,1
330,0.2,3,0,0
331,0.2,2,1,0
332,1.0,0,1,1
333,0.2,2,0,1
334,2.2,2,0,0
335,1.0,2,0,0
336,0.2,1,0,0
337,1.0,1,1,1
338,0.2,2,0,0
339,1.0,1,1,1
340,0.2,2,0,0
341,0.2,3,0,0
342,0.2,2,0,0
343,1.0,2,0,0
344,0.2,0,0,0
345,0.2,1,1,1
346,0.2,2,0,0
347,1.0,0,1,1
348,0.2,1,0,0
349,1.0,1,0,0
350,0.2,2,1,1
351,1.0,2,0,0
352,0.2,2,0,0
353,0.2,1,0,0
354,0.2,0,0,0
355,2.2,1,1,1
356,0.2,2,1,1
357,1.0,1,0,1
358,0.2,3,1,0
359,1.0,1,0,1
360,1.0,2,0,0
361,1.0,2,0,0
362,0.2,1,0,0
363,0.2,2,1,1
364,1.0,2,1,1
365,0.2,1,0,0
366,0.2,2,0,0
367,0.2,2,0,0
368,0.2,2,1,1
369,0.2,0,1,1
370,0.2,0,0,0
371,0.2,0,1,1
372,1.0,2,1,1
373,1.0,1,1,1
374,0.2,1,0,0
375,0.2,1,1,1
376,0.2,2,1,1
377,0.2,2,1,1
378,0.2,2,1,1
379,1.0,0,0,0
380,1.0,0,1,1
381,0.2,1,1,1
382,1.0,0,0,1
383,0.2,1,1,1
384,0.2,1,1,1
385,0.2,2,1,1
386,0.2,2,0,0
387,0.2,2,0,0
388,0.2,0,1,1
389,0.2,2,0,0
390,0.2,2,0,1
391,0.2,3,0,0
392,1.0,0,1,1
393,0.2,1,1,1
394,0.2,2,0,1
395,0.2,1,0,0
396,0.2,2,1,1
397,0.2,1,1,1
398,0.2,2,1,1
399,0.2,1,1,1
400,1.0,0,0,0
401,0.2,1,0,1
402,0.2,2,0,0
403,0.2,3,1,1
404,0.2,2,0,0
405,0.2,0,1,0
406,0.2,1,0,0
407,0.2,2,1,1
408,0.2,0,1,1
409,0.2,1,1,0
410,0.2,0,0,1
411,0.2,1,1,1
412,1.0,2,0,0
413,0.2,2,1,1
414,0.2,2,0,1
415,0.2,0,0,0
416,0.2,2,0,0
417,1.0,3,1,0
418,0.2,1,1,1
419,2.2,1,1,1
420,0.2,1,0,0
421,0.2,3,0,0
422,0.2,3,0,0
423,0.2,0,0,0
424,0.2,1,1,1
425,1.0,1,1,1
426,0.2,1,1,1
427,3.0,0,1,1
428,1.0,1,0,1
429,0.2,1,1,1
430,0.2,3,0,0
431,1.0,1,1,1
432,0.2,3,0,0
433,1.0,3,1,1
434,0.2,3,1,1
435,0.2,1,1,1
436,0.2,2,0,0
437,0.2,1,0,0
438,0.2,2,1,1
439,0.2,3,0,0
440,0.2,1,0,0
441,0.2,2,1,1
442,0.2,2,1,1
443,0.2,1,0,0
444,1.0,1,1,1
445,0.2,0,1,1
446,1.0,2,1,1
447,0.2,1,1,1
448,0.2,3,0,0
449,0.2,1,1,1
450,0.2,2,0,0
451,0.2,1,1,1
452,0.2,2,0,0
453,0.2,0,1,1
454,0.2,1,1,1
455,0.2,2,1,1
456,0.2,1,1,1
457,0.2,2,1,0
458,0.2,1,0,0
459,0.2,3,0,1
460,0.2,1,1,1
461,0.2,2,0,0
462,0.2,1,1,1
463,0.2,2,1,0
464,0.2,2,1,1
465,0.2,1,1,0
466,1.0,2,0,0
467,0.2,3,0,1
468,1.0,2,0,0
469,0.2,3,0,0
470,1.0,2,1,1
471,0.2,1,1,1
472,0.2,0,1,1
473,0.2,3,1,1
474,0.2,2,1,1
475,0.2,0,1,1
476,0.2,3,0,0
477,0.2,1,1,1
478,0.2,1,1,1
479,0.2,2,0,0
480,0.2,2,1,1
481,0.2,1,0,0
482,0.2,1,1,1
483,0.2,2,1,1
484,0.2,2,0,0
485,0.2,1,0,0
486,1.0,1,1,1
487,1.0,3,0,0
488,1.0,2,0,0
489,0.2,1,0,0
490,0.2,3,0,0
491,0.2,3,1,1
492,0.2,0,1,1
493,0.2,2,1,1
494,1.0,2,1,1
495,0.2,1,1,1
496,1.0,1,1,1
497,0.2,3,0,1
498,0.2,1,1,1
499,0.2,3,0,0
500,0.2,0,0,0
501,1.0,2,1,1
502,0.2,0,1,1
503,0.2,2,1,1
504,0.2,0,1,1
505,0.2,1,0,1
506,0.2,1,0,0
507,1.0,2,0,0
508,0.2,0,1,0
509,1.0,1,1,1
510,0.2,0,0,0
511,1.0,0,1,1
512,0.2,1,0,0
513,0.2,2,1,1
514,0.2,2,1,1
515,0.2,1,0,1
516,0.2,1,1,0
517,0.2,2,1,1
518,0.2,1,1,1
519,0.2,3,0,0
520,0.2,0,1,1
521,0.2,2,1,1
522,0.2,1,0,0
523,1.0,2,1,1
524,1.0,2,1,1
525,0.2,2,0,0
526,1.0,1,0,0
527,0.2,0,0,1
528,0.2,1,1,0
529,1.0,3,1,1
530,1.0,2,1,0
531,1.0,2,0,0
532,0.2,2,1,1
533,0.2,2,0,0
534,1.0,3,1,1
535,0.2,2,0,1
536,1.0,1,0,1
537,0.2,2,1,1
538,0.2,1,0,0
539,0.2,2,1,0
540,0.2,3,0,0
541,0.2,2,0,0
542,0.2,1,0,0
543,1.0,2,1,1
544,0.2,1,0,0
545,0.2,0,0,0
546,0.2,1,1,0
547,1.0,1,1,1
548,0.2,3,1,1
549,1.0,2,0,0
550,0.2,1,0,0
551,0.2,1,1,1
552,0.2,0,1,1
553,0.2,2,1,1
554,1.0,1,0,0
555,0.2,2,1,1
556,0.2,0,1,1
557,1.0,1,0,1
558,2.2,0,1,1
559,0.2,1,0,0
560,0.2,1,0,0
561,0.2,0,1,0
562,1.0,0,1,1
563,0.2,1,0,0
564,0.2,2,0,0
565,1.0,1,1,1
566,0.2,2,0,0
567,1.0,0,1,1
568,0.2,1,0,0
569,0.2,2,1,1
570,0.2,0,0,0
571,0.2,1,1,1
572,1.0,1,0,1
573,1.0,3,0,0
574,1.0,3,1,1
575,0.2,2,0,1
576,0.2,0,1,1
577,1.0,1,0,1
578,0.2,2,1,1
579,0.2,2,0,0
580,0.2,3,0,0
581,0.2,1,1,0
582,0.2,0,0,0
583,0.2,2,0,0
584,0.2,3,1,0
585,0.2,1,1,1
586,0.2,3,0,1
587,0.2,2,0,0
588,0.2,1,0,0
589,1.0,2,0,0
590,1.0,1,1,1
591,0.2,1,0,0
592,0.2,3,1,1
593,0.2,2,0,0
594,0.2,2,1,1
595,1.0,2,0,0
596,0.2,3,1,1
597,1.0,1,1,1
598,1.0,0,0,0
599,0.2,3,1,1
600,1.0,1,1,1
601,0.2,1,0,0
602,0.2,3,1,0
603,0.2,2,1,1
604,0.2,2,1,1
605,1.0,2,0,0
606,1.0,1,1,1
607,0.2,2,1,1
608,1.0,1,0,1
609,0.2,2,0,0
610,0.2,1,0,0
611,1.0,2,1,1
612,1.0,3,1,1
613,1.0,1,0,0
614,0.2,1,1,1
615,1.0,2,0,0
616,0.2,0,0,0
617,0.2,2,0,0
618,0.2,3,0,0
619,0.2,1,0,0
620,0.2,2,0,0
621,0.2,3,0,0
622,0.2,2,1,1
623,0.2,2,1,1
624,0.2,3,0,0
625,0.2,3,1,1
626,0.2,2,0,0
627,0.2,1,1,1
628,0.2,2,0,0
629,0.2,3,0,0
630,1.0,2,1,1
631,1.0,1,1,1
632,0.2,0,0,0
633,0.2,3,0,0
634,0.2,1,0,0
635,0.2,2,1,0
636,0.2,0,1,1
637,0.2,3,0,0
638,0.2,3,0,0
639,0.2,0,1,1
640,0.2,1,1,1
641,1.0,3,1,1
642,1.0,1,1,1
643,0.2,2,0,0
644,0.2,1,0,0
645,0.2,2,0,0
646,0.2,3,1,1
647,0.2,1,1,1
648,0.2,3,1,1
649,0.2,2,1,0
650,1.0,2,1,1
651,0.2,1,1,1
652,1.0,3,1,1
653,0.2,1,0,0
654,1.0,1,1,1
655,2.2,1,1,1
656,0.2,3,1,1
657,1.0,1,1,0
658,0.2,1,1,1
659,0.2,2,0,0
660,0.2,2,1,1
661,0.2,3,0,0
662,0.2,2,0,0
663,0.2,1,1,1
664,1.0,0,1,1
665,1.0,3,1,1
666,0.2,2,1,1
667,0.2,2,0,0
668,0.2,0,1,1
669,0.2,1,0,0
670,0.2,0,1,1
671,0.2,1,1,1
672,0.2,1,1,1
673,0.2,2,0,0
674,0.2,0,1,1
675,0.2,1,1,1
676,0.2,2,0,0
677,0.2,2,1,1
678,0.2,2,1,1
679,2.2,1,1,1
680,0.2,0,0,0
681,1.0,1,1,1
682,0.2,0,1,1
683,0.2,1,1,1
684,1.0,1,0,0
685,0.2,0,1,1
686,0.2,1,1,0
687,0.2,3,0,0
688,1.0,0,1,1
689,0.2,2,1,1
690,0.2,1,1,1
691,0.2,1,1,1
692,0.2,2,0,0
693,1.0,2,1,1
694,0.2,2,1,0
695,0.2,1,0,0
696,1.0,0,0,0
697,1.0,0,1,1
698,0.2,1,0,0
699,0.2,1,0,0
700,0.2,2,0,0
701,0.2,3,1,1
702,1.0,1,1,1
703,0.2,2,1,1
704,0.2,1,0,0
705,0.2,3,1,1
706,0.2,1,0,0
707,0.2,1,0,0
708,1.0,1,1,1
709,0.2,2,0,0
710,1.0,2,1,1
711,1.0,1,0,0
712,1.0,2,1,1
713,1.0,3,1,1
714,0.2,2,1,1
715,0.2,1,0,0
716,0.2,1,0,0
717,1.0,1,1,1
718,1.0,1,1,1
719,0.2,2,1,1
720,0.2,2,0,0
721,0.2,2,1,1
722,0.2,2,0,0
723,0.2,1,0,0
724,0.2,2,0,0
725,0.2,1,0,0
726,0.2,2,0,0
727,0.2,2,1,1
728,0.2,1,1,0
729,0.2,3,1,1
730,0.2,2,1,1
731,1.0,3,0,0
732,0.2,1,0,1
733,1.0,2,1,1
734,1.0,0,1,1
735,0.2,1,0,0
736,0.2,2,0,0
737,0.2,3,0,0
738,1.0,1,1,1
739,3.0,1,1,1
740,0.2,1,1,1
741,2.2,2,0,1
742,0.2,1,1,1
743,0.2,3,1,1
744,0.2,0,0,0
745,0.2,2,1,1
746,0.2,0,1,1
747,0.2,3,0,0
748,0.2,1,0,0
749,0.2,1,1,1
750,0.2,2,0,0
751,0.2,1,0,0
752,0.2,1,1,1
753,0.2,2,1,1
754,1.0,1,0,0
755,1.0,1,0,0
756,0.2,2,0,0
757,0.2,2,1,0
758,1.0,1,1,0
759,0.2,1,1,1
760,1.0,1,1,1
761,1.0,2,0,0
762,1.0,1,1,0
763,0.2,0,1,0
764,0.2,2,0,1
765,0.2,0,1,1
766,0.2,3,0,0
767,1.0,2,1,1
768,0.2,1,1,1
769,0.2,1,1,1
770,0.2,0,1,0
771,1.0,1,0,0
772,1.0,1,0,1
773,0.2,2,0,0
774,1.0,1,0,1
775,1.0,2,1,1
776,0.2,3,1,1
777,0.2,3,0,0
778,1.0,2,1,1
779,1.0,2,0,0
780,0.2,1,0,0
781,0.2,2,0,0
782,0.2,2,0,0
783,0.2,2,0,0
784,0.2,1,1,1
785,0.2,2,0,0
786,0.2,0,1,0
787,1.0,0,1,1
788,0.2,3,0,1
789,0.2,1,1,1
790,0.2,2,1,1
791,2.2,2,1,1
792,0.2,1,1,1
793,0.2,0,1,1
794,0.2,3,0,0
795,0.2,2,0,0
796,1.0,3,0,0
797,0.2,0,1,1
798,1.0,2,1,1
799,0.2,1,1,1
800,1.0,1,1,1
801,0.2,1,1,1
802,0.2,1,1,1
803,0.2,1,0,0
804,0.2,3,0,0
805,0.2,1,0,1
806,1.0,2,0,0
807,0.2,3,0,0
808,0.2,3,0,0
809,1.0,2,0,0
810,0.2,1,1,1
811,0.2,1,1,0
812,0.2,3,1,1
813,0.2,0,0,0
814,0.2,1,0,1
815,0.2,1,0,0
816,0.2,1,0,0
817,0.2,1,0,0
818,0.2,2,0,0
819,0.2,0,1,1
820,0.2,0,0,0
821,1.0,1,0,0
822,0.2,2,0,0
823,1.0,2,0,1
824,0.2,1,0,0
825,0.2,0,1,1
826,1.0,1,0,0
827,0.2,1,0,0
828,1.0,1,1,1
829,0.2,2,1,0
830,1.0,1,1,1
831,0.2,3,1,1
832,0.2,1,0,1
833,0.2,1,0,0
834,0.2,1,0,0
835,0.2,0,1,1
836,0.2,2,0,0
837,0.2,1,1,1
838,1.0,2,0,0
839,0.2,3,1,1
840,0.2,1,0,1
841,0.2,3,0,0
842,0.2,2,1,0
843,1.0,1,1,1
844,0.2,2,1,1
845,0.2,1,0,0
846,0.2,1,0,0
847,0.2,2,0,1
848,0.2,2,0,0
849,0.2,1,0,0
850,1.0,1,1,1
851,2.2,1,0,1
852,0.2,2,1,1
853,0.2,2,0,0
854,0.2,1,1,0
855,0.2,3,0,0
856,0.2,2,0,1
857,0.2,1,1,1
858,1.0,2,0,0
859,0.2,2,0,0
860,0.2,1,0,0
861,0.2,1,1,0
862,0.2,2,0,0
863,0.2,1,0,0
864,2.2,1,1,1
865,0.2,3,0,0
866,0.2,2,1,1
867,0.2,2,0,0
868,0.2,0,1,1
869,0.2,1,1,1
870,0.2,3,0,0
871,0.2,2,0,1
872,0.2,3,0,0
873,0.2,3,0,0
874,0.2,2,0,0
875,0.2,2,0,0
876,0.2,2,0,0
877,0.2,1,0,0
878,2.2,2,0,1
879,0.2,2,1,1
880,1.0,3,1,1
881,0.2,2,0,0
882,0.2,2,1,1
883,0.2,1,1,1
884,0.2,1,0,0
885,0.2,2,1,1
886,0.2,2,1,1
887,0.2,0,1,1
888,0.2,0,1,1
889,0.2,0,0,0
890,1.0,2,0,0
891,0.2,1,1,1
892,0.2,1,1,0
893,0.2,2,1,1
894,0.2,0,0,0
895,0.2,1,1,1
896,0.2,2,0,1
897,0.2,1,1,1
898,2.2,2,1,1
899,0.2,2,1,1
900,0.2,1,0,0
901,1.0,1,1,1
902,1.0,1,1,1
903,0.2,1,1,1
904,0.2,1,0,0
905,0.2,1,0,0
906,1.0,2,1,1
907,0.2,2,0,0
908,0.2,2,1,1
909,1.0,1,0,0
910,0.2,0,0,0
911,1.0,1,0,0
912,0.2,1,0,0
913,1.0,1,0,0
914,0.2,2,1,1
915,0.2,0,0,0
916,0.2,2,0,0
917,0.2,2,0,0
918,0.2,2,1,0
919,0.2,1,0,0
920,1.0,2,1,0
921,0.2,1,1,1
922,0.2,2,1,1
923,0.2,3,0,0
924,1.0,2,0,1
925,1.0,1,1,1
926,0.2,2,0,0
927,0.2,2,0,0
928,0.2,2,1,1
929,0.2,2,1,1
930,1.0,1,1,1
931,1.0,1,1,1
932,2.2,0,1,1
933,1.0,3,1,1
934,0.2,1,1,1
935,0.2,3,0,0
936,0.2,0,1,1
937,0.2,0,0,0
938,0.2,1,1,1
939,0.2,2,0,0
940,1.0,2,1,1
941,0.2,2,1,1
942,0.2,2,0,0
943,0.2,1,0,0
944,1.0,1,1,1
945,0.2,2,0,0
946,0.2,1,1,1
947,0.2,2,1,1
948,0.2,2,1,1
949,0.2,1,0,0
950,0.2,2,0,0
951,0.2,2,1,1
952,0.2,2,1,1
953,0.2,3,0,0
954,0.2,2,1,1
955,0.2,1,1,1
956,0.2,1,1,1
957,1.0,3,1,1
958,0.2,3,1,1
959,1.0,2,0,0
960,0.2,1,0,0
961,0.2,1,0,0
962,0.2,0,1,1
963,0.2,2,0,0
964,0.2,2,1,1
965,0.2,2,0,0
966,1.0,2,1,1
967,0.2,1,0,0
968,1.0,3,0,0
969,1.0,1,1,1
970,0.2,3,1,0
971,1.0,1,0,0
972,0.2,2,0,0
973,0.2,1,0,0
974,0.2,0,1,1
975,0.2,1,0,0
976,0.2,2,1,1
977,0.2,1,0,0
978,0.2,2,0,0
979,0.2,1,0,0
980,1.0,1,0,0
981,0.2,1,0,0
982,0.2,2,1,0
983,0.2,3,0,0
984,0.2,0,0,0
985,0.2,2,0,0
986,0.2,0,0,1
987,2.2,2,1,1
988,0.2,1,0,0
989,0.2,1,1,1
990,0.2,2,0,0
991,2.2,1,1,1
992,0.2,1,0,0
993,1.0,1,1,1
994,1.0,2,1,1
995,0.2,1,0,0
996,0.2,1,1,1
997,0.2,2,0,1
998,0.2,1,0,0
999,0.2,2,0,0
1000,0.2,0,1,1
1001,0.2,3,1,1
1002,0.2,1,0,0
1003,1.0,1,1,1
1004,0.2,0,0,1
1005,1.0,1,1,1
1006,0.2,2,0,1
1007,0.2,3,0,1
1008,2.2,2,1,1
1009,0.2,0,0,0
1010,0.2,2,1,1
1011,0.2,1,1,1
1012,0.2,2,1,0
1013,0.2,1,1,0
1014,0.2,1,0,0
1015,0.2,0,0,0
1016,0.2,2,0,0
1017,1.0,1,0,1
1018,0.2,3,1,0
1019,1.0,1,1,1
1020,0.2,1,1,1
1021,1.0,0,0,0
1022,0.2,2,0,0
1023,0.2,0,0,1
1024,0.2,2,1,1
1025,0.2,2,0,0
1026,2.2,2,1,1
1027,1.0,2,0,0
1028,1.0,2,1,1
1029,0.2,0,1,1
1030,0.2,3,1,0
1031,0.2,0,0,0
1032,1.0,2,1,1
1033,0.2,2,0,0
1034,1.0,1,0,1
1035,1.0,2,0,0
1036,0.2,1,1,1
1037,1.0,0,1,1
1038,0.2,2,0,0
1039,0.2,2,1,1
1040,0.2,2,0,0
1041,0.2,1,0,0
1042,0.2,2,0,0
1043,2.2,2,1,1
1044,0.2,1,0,0
1045,0.2,2,1,1
1046,1.0,1,1,1
1047,0.2,2,1,1
1048,0.2,2,0,0
1049,0.2,2,0,0
1050,0.2,0,0,1
1051,0.2,1,0,0
1052,0.2,3,0,0
1053,0.2,2,1,1
1054,0.2,0,0,0
1055,1.0,2,1,1
1056,1.0,1,1,1
1057,0.2,2,0,0
1058,0.2,2,1,1
1059,0.2,0,0,1
1060,1.0,2,0,0
1061,0.2,1,1,0
1062,0.2,2,0,0
1063,0.2,2,1,1
1064,1.0,1,1,1
1065,0.2,2,1,0
1066,0.2,3,0,0
1067,0.2,2,1,1
1068,0.2,2,0,0
1069,0.2,0,0,0
1070,0.2,3,0,0
1071,0.2,1,0,0
1072,1.0,2,1,1
1073,0.2,1,0,0
1074,1.0,1,1,1
1075,0.2,3,0,0
1076,1.0,2,1,1
1077,0.2,1,0,0
1078,0.2,2,0,0
1079,1.0,1,0,1
1080,0.2,1,1,1
1081,0.2,2,0,0
1082,0.2,1,0,0
1083,0.2,3,0,0
1084,1.0,1,0,0
1085,0.2,2,1,1
1086,0.2,2,0,0
1087,0.2,1,0,0
1088,1.0,2,1,1
1089,0.2,2,1,1
1090,0.2,2,0,0
1091,2.2,2,1,1
1092,0.2,1,0,0
1093,0.2,2,0,0
1094,0.2,3,1,1
1095,0.2,2,0,1
1096,0.2,1,0,0
1097,0.2,1,0,0
1098,0.2,2,0,0
1099,0.2,2,0,0
1100,1.0,1,1,1
1101,1.0,3,1,1
1102,0.2,2,0,0
1103,0.2,2,0,0
1104,0.2,1,0,0
1105,0.2,2,0,0
1106,1.0,1,1,1
1107,0.2,1,0,0
1108,0.2,1,1,1
1109,0.2,1,0,0
1110,0.2,1,0,0
1111,2.2,1,1,1
1112,0.2,0,1,1
1113,0.2,1,1,0
1114,0.2,1,0,1
1115,0.2,2,1,1
1116,0.2,1,0,0
1117,0.2,2,0,0
1118,0.2,2,1,1
1119,0.2,2,1,1
1120,0.2,2,0,0
1121,0.2,1,1,1
1122,0.2,3,0,0
1123,1.0,1,1,1
1124,0.2,2,1,1
1125,0.2,2,0,0
1126,0.2,1,1,1
1127,0.2,3,0,0
1128,1.0,2,0,0
1129,0.2,2,0,0
1130,0.2,1,1,1
1131,0.2,2,1,1
1132,0.2,2,1,1
1133,0.2,1,1,1
1134,0.2,1,0,1
1135,0.2,2,0,0
1136,0.2,1,1,1
1137,0.2,1,1,0
1138,1.0,2,1,1
1139,1.0,2,1,1
1140,1.0,3,1,1
1141,0.2,0,1,1
1142,0.2,1,1,1
1143,1.0,1,0,0
1144,0.2,0,1,1
1145,0.2,3,0,0
1146,0.2,0,0,0
1147,0.2,2,0,0
1148,0.2,1,1,1
1149,1.0,3,1,1
1150,0.2,1,0,0
1151,0.2,2,1,1
1152,0.2,2,1,0
1153,1.0,2,1,1
1154,1.0,1,0,1
1155,1.0,0,1,1
1156,0.2,2,1,1
1157,0.2,3,1,0
1158,0.2,2,1,1
1159,0.2,2,0,0
1160,0.2,0,1,1
1161,1.0,3,1,1
1162,0.2,2,0,0
1163,1.0,1,0,0
1164,0.2,1,0,0
1165,0.2,1,0,0
1166,1.0,3,1,1
1167,1.0,2,0,1
1168,2.2,1,1,1
1169,0.2,1,0,0
1170,3.0,2,0,1
1171,1.0,2,0,0
1172,0.2,2,1,0
1173,0.2,0,1,1
1174,1.0,2,1,1
1175,0.2,2,0,0
1176,1.0,1,1,1
1177,0.2,3,0,1
1178,0.2,0,0,0
1179,0.2,2,1,1
1180,0.2,1,0,0
1181,0.2,1,1,1
1182,1.0,1,1,1
1183,0.2,3,0,0
1184,0.2,2,1,1
1185,1.0,1,0,0
1186,0.2,2,1,1
1187,0.2,0,1,1
1188,0.2,2,1,1
1189,0.2,3,0,0
1190,0.2,2,0,0
1191,0.2,2,1,1
1192,0.2,1,1,1
1193,0.2,2,0,0
1194,0.2,2,1,0
1195,0.2,2,1,1
1196,0.2,2,1,1
1197,0.2,3,1,1
1198,0.2,3,0,0
1199,1.0,2,1,1
1200,0.2,1,0,0
1201,1.0,0,0,0
1202,1.0,1,1,1
1203,0.2,1,0,0
1204,0.2,1,1,1
1205,0.2,1,1,1
1206,0.2,1,1,0
1207,0.2,2,1,1
1208,0.2,2,1,1
1209,0.2,1,1,1
1210,0.2,1,0,1
1211,0.2,1,0,0
1212,0.2,2,1,1
1213,0.2,0,0,0
1214,0.2,2,0,0
1215,0.2,3,1,1
1216,1.0,1,1,1
1217,0.2,0,1,1
1218,1.0,0,1,1
1219,0.2,2,1,1
1220,0.2,1,1,1
1221,0.2,3,0,0
1222,1.0,2,1,1
1223,1.0,0,1,1
1224,0.2,0,1,1
1225,0.2,1,0,0
1226,0.2,0,0,1
1227,1.0,0,0,1
1228,0.2,1,0,0
1229,0.2,1,0,0
1230,1.0,1,0,0
1231,0.2,3,0,0
1232,2.2,2,1,1
1233,0.2,1,0,0
1234,0.2,3,0,0
1235,0.2,2,0,1
1236,0.2,2,1,1
1237,0.2,2,1,0
1238,0.2,2,1,1
1239,0.2,2,0,0
1240,0.2,1,0,0
1241,1.0,1,1,1
1242,0.2,2,0,0
1243,0.2,1,1,0
1244,0.2,2,0,0
1245,0.2,2,0,1
1246,0.2,2,0,0
1247,3.0,0,1,1
1248,0.2,2,0,0
1249,0.2,2,0,0
1250,0.2,1,1,0
1251,1.0,3,1,1
1252,1.0,1,1,1
1253,1.0,1,1,1
1254,1.0,3,1,1
1255,0.2,2,0,0
1256,0.2,2,1,1
1257,0.2,3,0,0
1258,0.2,1,1,1
1259,1.0,1,1,1
1260,0.2,3,1,1
1261,0.2,2,1,1
1262,0.2,3,0,0
1263,0.2,0,1,1
1264,2.2,2,0,1
1265,0.2,3,0,0
1266,1.0,0,1,1
1267,1.0,2,0,0
1268,0.2,0,0,0
1269,0.2,1,1,0
1270,2.2,1,1,1
1271,0.2,1,0,0
1272,0.2,2,0,1
1273,1.0,1,1,1
1274,0.2,2,0,0
1275,0.2,2,1,1
1276,1.0,1,1,1
1277,3.0,3,1,1
1278,1.0,1,1,1
1279,0.2,2,1,1
1280,0.2,0,1,1
1281,2.5999999999999996,2,0,0
1282,0.2,0,0,0
1283,0.2,1,1,1
1284,0.2,0,0,0
1285,0.2,3,0,0
1286,0.2,0,0,0
1287,1.0,0,1,1
1288,0.2,1,0,0
1289,0.2,2,1,0
1290,0.2,2,0,0
1291,1.0,0,1,1
1292,1.0,2,0,0
1293,1.0,1,1,1
1294,0.2,1,0,0
1295,1.0,2,1,1
1296,1.0,2,1,1
1297,0.2,2,1,1
1298,0.2,2,0,1
1299,0.2,2,1,1
1300,0.2,0,0,0
1301,0.2,2,0,0
1302,1.0,3,1,1
1303,0.2,1,0,0
1304,2.2,1,1,1
1305,0.2,3,0,0
1306,0.2,1,1,1
1307,0.2,0,0,1
1308,0.2,2,0,0
1309,1.0,1,0,0
1310,0.2,3,0,0
1311,0.2,2,0,0
1312,0.2,1,0,0
1313,2.2,2,0,1
1314,0.2,1,0,0
1315,0.2,2,1,1
1316,0.2,1,1,0
1317,1.0,3,0,0
1318,0.2,3,0,0
1319,0.2,2,0,0
1320,1.0,0,1,1
1321,1.0,2,1,1
1322,0.2,2,1,1
1323,0.2,2,0,0
1324,1.0,2,1,1
1325,0.2,2,0,0
1326,0.2,2,0,0
1327,0.2,1,1,1
1328,0.2,2,0,0
1329,0.2,2,0,0
1330,0.2,2,0,1
1331,1.0,1,1,1
1332,0.2,2,0,1
1333,0.2,2,1,1
1334,1.0,2,1,1
1335,0.2,2,1,1
1336,0.2,3,0,0
1337,0.2,1,0,0
1338,1.0,3,1,0
1339,0.2,2,1,1
1340,0.2,2,1,1
1341,0.2,2,0,0
1342,2.2,2,1,1
1343,1.0,2,1,0
1344,0.2,1,1,1
1345,0.2,2,1,1
1346,0.2,1,1,1
1347,1.0,1,0,0
1348,1.0,2,1,1
1349,3.0,3,1,1
1350,0.2,0,1,1
1351,0.2,0,0,0
1352,0.2,3,0,0
1353,0.2,1,1,1
1354,1.0,1,1,1
1355,1.0,1,1,0
1356,0.2,2,0,0
1357,0.2,1,1,1
1358,0.2,2,1,1
1359,0.2,1,0,0
1360,0.2,1,0,0
1361,0.2,2,1,1
1362,0.2,2,0,0
1363,0.2,3,0,0
1364,0.2,2,1,1
1365,1.0,1,0,0
1366,0.2,1,1,1
1367,1.0,3,1,1
1368,0.2,1,1,0
1369,1.0,0,1,1
1370,0.2,1,0,0
1371,0.2,2,1,0
1372,0.2,1,0,0
1373,0.2,1,1,0
1374,0.2,1,1,1
1375,0.2,2,0,0
1376,0.2,0,0,0
1377,0.2,2,0,0
1378,0.2,2,0,0
1379,1.0,2,0,0
1380,0.2,2,0,0
1381,1.0,3,0,0
1382,0.2,0,0,0
1383,1.0,3,1,1
1384,0.2,0,0,1
1385,1.0,2,1,1
1386,1.0,0,1,1
1387,0.2,2,0,0
1388,0.2,1,0,0
1389,0.2,1,0,0
1390,1.0,1,0,0
1391,0.2,3,0,0
1392,0.2,3,0,0
1393,1.0,2,1,1
1394,0.2,2,0,0
1395,0.2,1,1,1
1396,0.2,1,0,1
1397,0.2,1,0,0
1398,0.2,3,0,0
1399,1.0,2,1,1
1400,0.2,2,0,0
1401,0.2,0,1,1
1402,0.2,0,1,1
1403,0.2,0,0,0
1404,1.0,2,1,1
1405,0.2,3,0,0
1406,0.2,0,1,1
1407,1.0,1,0,0
1408,1.0,0,1,1
1409,1.0,3,0,0
1410,1.0,2,1,1
1411,0.2,2,1,1
1412,0.2,0,1,1
1413,0.2,2,1,1
1414,1.0,3,1,1
1415,0.2,2,0,0
1416,1.0,1,1,1
1417,1.0,2,0,0
1418,0.2,3,1,1
1419,0.2,1,0,0
1420,0.2,2,0,0
1421,0.2,2,0,0
1422,0.2,0,0,0
1423,0.2,2,1,1
1424,2.2,1,0,0
1425,0.2,2,1,1
1426,0.2,1,0,1
1427,1.0,1,1,1
1428,0.2,2,0,0
1429,0.2,1,1,1
1430,0.2,2,0,0
1431,0.2,2,0,0
1432,0.2,1,1,1
1433,0.2,2,0,0
1434,0.2,1,0,0
1435,0.2,2,0,0
1436,0.2,3,1,1
1437,1.0,0,1,1
1438,0.2,1,1,1
1439,0.2,0,1,1
1440,0.2,1,0,0
1441,0.2,1,1,0
1442,0.2,1,1,1
1443,1.0,3,1,1
1444,0.2,3,0,0
1445,0.2,1,0,0
1446,0.2,3,1,1
1447,0.2,2,1,1
1448,0.2,0,0,0
1449,0.2,0,1,1
1450,1.0,1,0,0
1451,0.2,0,0,0
1452,1.0,3,1,1
1453,0.2,3,0,1
1454,1.0,3,0,1
1455,0.2,0,0,1
1456,0.2,3,0,0
1457,0.2,3,0,1
1458,0.2,0,0,0
1459,0.2,1,1,1
1460,0.2,2,1,1
1461,1.0,1,1,1
1462,1.0,3,0,0
1463,0.2,1,0,0
1464,0.2,1,0,0
1465,0.2,1,0,0
1466,0.2,2,0,0
1467,0.2,2,0,0
1468,1.0,3,1,1
1469,0.2,2,0,1
1470,0.2,1,0,0
1471,0.2,2,1,1
1472,2.2,1,1,1
1473,0.2,2,1,1
1474,0.2,2,0,0
1475,0.2,3,1,1
1476,0.2,3,1,0
1477,0.2,0,0,0
1478,0.2,3,0,0
1479,0.2,1,1,1
1480,0.2,3,1,1
1481,1.0,2,1,1
1482,0.2,3,0,0
1483,0.2,0,1,1
1484,0.2,1,1,1
1485,1.0,2,1,1
1486,0.2,0,1,0
1487,0.2,3,0,0
1488,0.2,1,1,1
1489,2.2,0,1,1
1490,0.2,1,0,0
1491,0.2,2,0,0
1492,0.2,2,1,1
1493,1.0,3,0,0
1494,0.2,2,0,1
1495,0.2,2,1,1
1496,0.2,1,0,0
1497,0.2,3,0,0
1498,1.0,3,1,1
1499,0.2,1,0,0
1500,0.2,3,0,0
1501,1.0,2,0,0
1502,1.0,2,1,1
1503,0.2,0,1,0
1504,0.2,2,1,1
1505,1.0,2,1,1
1506,0.2,2,0,1
1507,0.2,1,0,0
1508,1.0,0,0,0
1509,1.0,1,0,0
1510,0.2,1,1,1
1511,0.2,1,1,1
1512,0.2,1,0,0
1513,0.2,2,0,0
1514,0.2,2,0,0
1515,0.2,0,1,1
1516,0.2,0,1,1
1517,0.2,1,0,0
1518,0.2,2,1,1
1519,0.2,2,0,1
1520,0.2,1,0,0
1521,0.2,2,0,0
1522,0.2,2,0,0
1523,0.2,0,1,1
1524,0.2,0,0,1
1525,0.2,1,0,0
1526,0.2,1,0,0
1527,0.2,1,1,1
1528,0.2,2,0,0
1529,1.0,3,1,1
1530,0.2,1,1,1
1531,0.2,3,0,0
1532,0.2,1,1,1
1533,0.2,3,0,0
1534,0.2,1,0,0
1535,1.0,3,1,1
1536,0.2,1,0,0
1537,0.2,2,1,0
1538,0.2,2,0,0
1539,0.2,1,1,1
1540,0.2,0,1,1
1541,0.2,3,0,0
1542,0.2,3,1,1
1543,0.2,3,0,0
1544,0.2,1,0,0
1545,1.0,0,1,1
1546,1.0,1,1,1
1547,0.2,0,0,0
1548,0.2,1,1,1
1549,1.0,2,1,1
1550,1.0,0,0,1
1551,1.0,2,1,1
1552,0.2,1,1,1
1553,0.2,1,1,1
1554,0.2,1,1,1
1555,0.2,0,1,0
1556,0.2,1,0,0
1557,0.2,1,1,0
1558,1.0,2,0,1
1559,0.2,2,1,0
1560,0.2,1,1,1
1561,0.2,1,0,0
1562,0.2,2,1,0
1563,0.2,1,0,0
1564,0.2,1,0,0
1565,1.0,3,1,1
1566,0.2,2,1,1
1567,0.2,2,0,0
1568,1.0,2,0,0
1569,1.0,0,1,1
1570,0.2,2,0,0
1571,0.2,2,1,1
1572,0.2,1,1,1
1573,1.0,2,1,1
1574,0.2,0,1,1
1575,1.0,2,0,0
1576,0.2,3,1,1
1577,0.2,2,0,0
1578,0.2,0,0,0
1579,0.2,3,1,1
1580,0.2,1,0,0
1581,1.0,3,1,1
1582,0.2,2,1,1
1583,0.2,1,1,1
1584,0.2,1,1,1
1585,0.2,1,1,1
1586,0.2,2,1,1
1587,0.2,1,1,1
1588,0.2,1,0,0
1589,3.0,1,0,1
1590,0.2,2,1,1
1591,1.0,1,1,1
1592,0.2,2,0,1
1593,0.2,1,0,0
1594,0.2,2,1,1
1595,0.2,1,1,1
1596,1.0,3,0,0
1597,0.2,1,1,1
1598,0.2,2,1,1
1599,0.2,1,0,1
1600,0.2,3,0,0
1601,0.2,2,0,0
1602,0.2,2,0,0
1603,0.2,2,1,1
1604,0.2,2,0,0
1605,0.2,2,1,1
1606,0.2,1,0,0
1607,0.2,2,0,0
1608,0.2,2,0,0
1609,0.2,1,1,1
1610,0.2,3,0,1
1611,0.2,1,1,1
1612,0.2,1,0,0
1613,0.2,2,1,1
1614,0.2,0,1,1
1615,0.2,2,1,1
1616,1.0,1,1,1
1617,0.2,1,1,1
1618,0.2,3,0,0
1619,3.0,1,1,1
1620,0.2,2,0,0
1621,0.2,2,1,1
1622,0.2,2,1,1
1623,0.2,3,0,0
1624,1.0,1,1,0
1625,1.0,3,1,1
1626,0.2,3,0,0
1627,0.2,1,1,1
1628,0.2,2,1,1
1629,0.2,2,0,0
1630,1.0,0,0,0
1631,1.0,1,0,0
1632,0.2,2,1,1
1633,0.2,3,0,1
1634,0.2,0,1,1
1635,0.2,3,0,0
1636,0.2,0,1,1
1637,0.2,3,1,1
1638,0.2,2,1,0
1639,0.2,1,0,0
1640,1.0,1,1,1
1641,0.2,0,1,1
1642,1.0,2,1,1
1643,0.2,3,0,0
1644,1.0,3,0,0
1645,1.0,3,0,0
1646,0.2,3,0,0
1647,1.0,0,1,1
1648,0.2,1,0,0
1649,0.2,1,1,1
1650,0.2,3,0,0
1651,0.2,2,1,1
1652,1.0,2,0,0
1653,0.2,1,0,0
1654,1.0,2,0,0
1655,0.2,2,0,0
1656,0.2,3,1,0
1657,0.2,0,0,0
1658,0.2,0,1,1
1659,0.2,1,1,1
1660,0.2,0,1,1
1661,0.2,2,0,1
1662,0.2,0,1,1
1663,0.2,2,0,1
1664,1.0,1,1,0
1665,1.0,1,0,0
1666,0.2,2,1,0
1667,0.2,2,1,1
1668,0.2,1,1,0
1669,0.2,1,1,1
1670,0.2,2,1,1
1671,0.2,2,1,0
1672,0.2,1,0,1
1673,1.0,3,1,1
1674,0.2,1,1,1
1675,1.0,0,1,1
1676,0.2,2,1,1
1677,1.0,2,0,1
1678,1.0,0,0,0
1679,0.2,2,1,1
1680,0.2,1,1,1
1681,0.2,0,1,1
1682,0.2,1,1,1
1683,0.2,1,1,1
1684,0.2,2,1,1
1685,0.2,1,0,0
1686,0.2,2,1,1
1687,0.2,3,0,0
1688,0.2,2,1,1
1689,1.0,1,1,0
1690,1.0,3,0,0
1691,0.2,1,1,1
1692,1.0,1,1,1
1693,1.0,1,1,0
1694,0.2,1,0,0
1695,0.2,2,0,0
1696,1.0,2,0,1
1697,1.0,3,0,0
1698,1.0,1,0,0
1699,0.2,1,0,0
1700,1.0,1,1,1
1701,0.2,3,0,0
1702,0.2,2,0,0
1703,0.2,2,0,1
1704,0.2,1,0,1
1705,0.2,2,1,1
1706,0.2,2,1,0
1707,0.2,1,0,1
1708,0.2,1,0,0
1709,2.2,1,1,1
1710,0.2,1,0,0
1711,1.0,2,0,0
1712,0.2,2,1,1
1713,0.2,2,0,0
1714,0.2,3,0,0
1715,0.2,0,0,1
1716,0.2,3,0,1
1717,0.2,1,1,1
1718,1.0,2,0,0
1719,0.2,1,0,1
1720,1.0,1,0,1
1721,0.2,1,1,1
1722,0.2,1,0,0
1723,0.2,2,1,1
1724,0.2,1,0,0
1725,0.2,2,1,1
1726,0.2,2,1,1
1727,0.2,2,1,1
1728,0.2,2,1,1
1729,0.2,1,1,0
1730,0.2,0,1,1
1731,1.0,1,0,0
1732,1.0,2,1,1
1733,0.2,2,1,1
1734,1.0,1,1,1
1735,0.2,1,1,1
1736,0.2,1,0,0
1737,0.2,2,0,0
1738,0.2,2,1,1
1739,0.2,1,0,0
1740,1.0,1,1,0
1741,0.2,1,0,0
1742,0.2,2,1,0
1743,0.2,3,1,0
1744,1.0,1,1,1
1745,1.0,0,0,0
1746,0.2,3,0,0
1747,0.2,0,1,1
1748,2.2,3,0,1
1749,0.2,3,1,1
1750,0.2,0,0,0
1751,0.2,2,1,1
1752,0.2,1,0,0
1753,0.2,2,1,1
1754,0.2,1,0,0
1755,0.2,3,0,0
1756,0.2,2,1,1
1757,0.2,1,1,1
1758,0.2,0,0,1
1759,0.2,3,1,1
1760,0.2,1,0,0
1761,0.2,1,0,0
1762,0.2,2,0,0
1763,0.2,1,0,0
1764,0.2,1,0,0
1765,0.2,1,1,1
1766,0.2,2,1,1
1767,0.2,0,0,0
1768,0.2,3,1,1
1769,1.0,2,1,1
1770,0.2,1,1,1
1771,0.2,3,0,0
1772,0.2,2,1,0
1773,0.2,1,1,1
1774,0.2,2,0,1
1775,0.2,0,0,0
1776,0.2,1,0,0
1777,0.2,1,0,0
1778,0.2,1,1,1
1779,0.2,1,1,0
1780,1.0,1,1,1
1781,0.2,1,0,1
1782,1.0,3,1,0
1783,1.0,1,0,1
1784,0.2,2,0,0
1785,0.2,3,0,0
1786,0.2,1,1,0
1787,0.2,2,0,0
1788,0.2,2,0,0
1789,0.2,0,0,0
1790,0.2,3,0,0
1791,1.0,3,0,0
1792,0.2,2,1,1
1793,0.2,1,1,1
1794,1.0,1,1,1
1795,0.2,3,0,1
1796,0.2,0,0,0
1797,0.2,1,1,0
1798,0.2,1,0,0
1799,1.0,1,1,1
1800,0.2,3,0,0
1801,0.2,0,1,1
1802,0.2,2,1,1
1803,0.2,1,1,1
1804,2.2,3,1,1
1805,0.2,0,0,1
1806,1.0,0,1,1
1807,1.0,2,1,1
1808,2.2,2,0,0
1809,0.2,2,0,0
1810,0.2,0,0,0
1811,1.0,3,0,0
1812,0.2,2,0,0
1813,0.2,1,1,0
1814,0.2,1,1,1
1815,0.2,1,0,0
1816,0.2,1,0,0
1817,1.0,2,0,1
1818,0.2,1,0,0
1819,1.0,3,1,1
1820,0.2,1,0,0
1821,0.2,1,1,1
1822,0.2,3,0,0
1823,0.2,1,1,1
1824,0.2,3,0,0
1825,0.2,1,1,0
1826,1.0,1,1,1
1827,0.2,1,0,0
1828,0.2,1,0,0
1829,0.2,0,0,1
1830,0.2,2,0,0
1831,0.2,0,1,1
1832,1.0,3,0,0
1833,0.2,3,0,0
1834,0.2,3,0,0
1835,1.0,1,1,1
1836,0.2,1,0,0
1837,0.2,2,1,1
1838,0.2,1,0,0
1839,0.2,2,0,0
1840,0.2,2,0,0
1841,1.0,1,1,0
1842,0.2,2,0,0
1843,0.2,1,1,1
1844,1.0,2,1,1
1845,1.0,1,0,0
1846,0.2,0,0,0
1847,1.0,1,0,0
1848,0.2,0,1,1
1849,0.2,2,1,1
1850,0.2,2,1,1
1851,0.2,2,0,0
1852,1.0,2,0,0
1853,1.0,1,0,0
1854,0.2,2,1,0
1855,0.2,0,1,1
1856,1.0,2,1,1
1857,1.0,2,0,1
1858,0.2,2,0,0
1859,0.2,2,1,1
1860,0.2,2,1,1
1861,0.2,1,0,0
1862,0.2,0,1,1
1863,0.2,2,0,0
1864,0.2,1,0,0
1865,0.2,1,1,1
1866,0.2,1,0,0
1867,1.0,2,0,0
1868,0.2,2,1,1
1869,0.2,1,0,0
1870,0.2,2,1,1
1871,0.2,1,1,1
1872,0.2,1,0,0
1873,0.2,2,0,0
1874,0.2,2,0,0
1875,2.2,2,0,0
1876,0.2,1,0,0
1877,0.2,1,1,1
1878,0.2,1,1,1
1879,1.0,1,0,0
1880,0.2,2,0,0
1881,0.2,0,0,0
1882,0.2,1,0,1
1883,0.2,3,0,0
1884,1.0,1,1,1
1885,1.0,1,1,1
1886,0.2,2,1,1
1887,0.2,1,1,1
1888,0.2,2,1,1
1889,1.0,1,1,1
1890,0.2,0,1,0
1891,0.2,2,1,1
1892,0.2,2,0,0
1893,0.2,2,1,1
1894,0.2,1,0,0
1895,0.2,2,0,0
1896,0.2,0,0,1
1897,0.2,2,1,1
1898,0.2,1,1,1
1899,0.2,1,1,1
1900,1.0,0,1,1
1901,0.2,2,1,1
1902,1.0,3,0,0
1903,0.2,2,0,0
1904,0.2,1,0,1
1905,0.2,2,1,1
1906,0.2,0,0,1
1907,1.0,2,0,0
1908,0.2,2,0,0
1909,0.2,1,0,0
1910,2.2,1,1,1
1911,0.2,2,1,1
1912,0.2,3,0,0
1913,0.2,0,0,0
1914,1.0,3,0,0
1915,0.2,2,0,1
1916,1.0,2,1,1
1917,0.2,3,0,0
1918,0.2,1,1,0
1919,0.2,2,0,0
1920,0.2,1,0,0
1921,0.2,2,1,1
1922,0.2,1,0,0
1923,0.2,0,0,1
1924,0.2,3,0,0
1925,0.2,1,0,0
1926,0.2,2,1,1
1927,0.2,3,0,0
1928,0.2,3,0,0
1929,0.2,2,0,0
1930,0.2,2,0,0
1931,1.0,0,1,1
1932,0.2,0,0,0
1933,0.2,3,0,0
1934,0.2,2,1,0
1935,1.0,0,1,1
1936,0.2,3,0,0
1937,0.2,2,1,1
1938,0.2,2,0,1
1939,0.2,0,1,1
1940,0.2,0,0,1
1941,0.2,1,1,0
1942,0.2,1,0,0
1943,0.2,2,1,1
1944,0.2,2,0,0
1945,0.2,1,0,0
1946,1.0,2,1,1
1947,0.2,2,0,0
1948,1.0,0,1,1
1949,0.2,3,1,0
1950,0.2,1,0,1
1951,1.0,2,1,0
1952,1.0,1,1,1
1953,0.2,1,1,1
1954,0.2,2,1,1
1955,0.2,3,1,1
1956,0.2,1,1,0
1957,0.2,2,0,0
1958,0.2,2,0,0
1959,1.0,1,1,1
1960,0.2,1,0,0
1961,0.2,0,1,1
1962,0.2,0,0,0
1963,0.2,1,1,1
1964,0.2,0,0,0
1965,0.2,2,1,1
1966,0.2,1,1,1
1967,1.0,1,1,1
1968,0.2,2,0,0
1969,1.0,3,0,0
1970,0.2,2,0,0
1971,1.0,2,0,0
1972,0.2,2,0,0
1973,0.2,2,1,0
1974,0.2,2,1,1
1975,1.0,0,1,1
1976,0.2,2,0,0
1977,0.2,2,0,0
1978,0.2,2,1,0
1979,0.2,1,0,1
1980,0.2,0,0,0
1981,1.0,3,0,1
1982,1.0,2,0,0
1983,0.2,2,0,0
1984,0.2,2,0,0
1985,0.2,3,1,1
1986,0.2,1,0,0
1987,0.2,2,1,1
1988,0.2,1,1,1
1989,1.0,2,1,1
1990,0.2,2,0,0
1991,0.2,3,0,0
1992,0.2,2,0,0
1993,0.2,0,0,1
1994,0.2,2,0,0
1995,0.2,1,0,0
1996,0.2,1,0,0
1997,0.2,1,0,0
1998,0.2,1,1,1
1999,0.2,0,0,0
2000,0.2,0,0,0
2001,0.2,2,1,1
2002,2.2,1,0,1
2003,0.2,1,0,0
2004,0.2,2,0,0
2005,0.2,2,1,1
2006,0.2,1,0,0
2007,0.2,3,1,0
2008,1.0,1,0,0
2009,0.2,0,1,0
2010,1.0,1,0,1
2011,1.0,0,1,1
2012,1.0,2,1,0
2013,0.2,2,1,1
2014,0.2,1,1,1
2015,0.2,2,1,0
2016,1.0,2,1,1
2017,0.2,2,1,1
2018,0.2,1,0,0
2019,0.2,2,0,0
2020,1.0,2,0,0
2021,2.2,2,1,1
2022,0.2,1,1,1
2023,0.2,3,1,0
2024,1.0,1,1,1
2025,0.2,0,0,1
2026,0.2,3,0,0
2027,1.0,1,1,1
2028,0.2,2,0,0
2029,0.2,1,0,0
2030,1.0,1,1,1
2031,0.2,0,1,1
2032,0.2,2,1,1
2033,0.2,1,0,0
2034,0.2,1,0,0
2035,1.0,3,0,0
2036,0.2,1,0,0
2037,0.2,0,0,0
2038,0.2,3,0,1
2039,0.2,3,1,1
2040,0.2,1,0,0
2041,1.0,0,1,1
2042,1.0,2,1,1
2043,1.0,3,0,0
2044,0.2,3,1,0
2045,1.0,2,0,0
2046,0.2,1,1,1
2047,0.2,1,0,0
2048,0.2,2,1,1
2049,1.0,1,0,0
2050,0.2,2,1,1
2051,0.2,1,0,0
2052,0.2,1,0,0
2053,0.2,2,0,0
2054,1.0,1,0,0
2055,0.2,2,0,0
2056,0.2,2,0,0
2057,0.2,1,0,0
2058,0.2,2,0,0
2059,0.2,2,1,1
2060,0.2,2,1,1
2061,2.2,0,1,1
2062,0.2,0,1,1
2063,0.2,1,0,0
2064,0.2,3,1,1
2065,0.2,1,0,0
2066,1.0,3,1,1
2067,0.2,2,0,0
2068,0.2,2,0,0
2069,0.2,1,1,1
2070,0.2,1,1,1
2071,0.2,2,0,0
2072,0.2,2,0,1
2073,0.2,2,0,0
2074,0.2,2,1,0
2075,1.0,2,1,1
2076,1.0,2,1,1
2077,1.0,1,1,1
2078,0.2,3,1,1
2079,0.2,1,0,0
2080,0.2,2,1,1
2081,0.2,1,1,0
2082,0.2,2,0,0
2083,0.2,1,0,0
2084,0.2,2,1,0
2085,1.0,1,1,1
2086,0.2,2,0,0
2087,0.2,0,1,1
2088,0.2,0,0,0
2089,1.0,0,1,1
2090,0.2,1,0,0
2091,0.2,0,0,0
2092,0.2,0,1,1
2093,0.2,0,0,0
2094,0.2,2,0,0
2095,0.2,3,1,1
2096,0.2,2,1,1
2097,0.2,3,0,0
2098,1.0,1,1,1
2099,0.2,3,0,0
2100,0.2,0,0,0
2101,0.2,0,0,0
2102,0.2,2,1,1
2103,1.0,0,0,1
2104,1.0,2,1,1
2105,0.2,1,1,1
2106,0.2,2,1,1
2107,0.2,1,0,0
2108,0.2,2,0,0
2109,2.2,3,1,1
2110,1.0,1,1,1
2111,2.2,1,0,1
2112,0.2,1,1,1
2113,0.2,3,0,0
2114,0.2,1,0,0
2115,0.2,1,0,0
2116,0.2,0,1,1
2117,2.2,0,0,1
2118,0.2,1,0,0
2119,2.2,2,0,1
2120,0.2,3,0,0
2121,1.0,0,1,1
2122,1.0,2,1,1
2123,1.0,1,1,1
2124,0.2,1,1,0
2125,0.2,2,0,0
2126,1.0,1,1,1
2127,0.2,2,0,0
2128,0.2,2,0,0
2129,0.2,1,1,0
2130,0.2,2,0,0
2131,0.2,1,1,1
2132,0.2,3,0,0
2133,0.2,2,1,1
2134,1.0,1,1,1
2135,0.2,3,0,0
2136,1.0,0,0,0
2137,1.0,2,1,1
2138,0.2,1,0,0
2139,0.2,3,1,1
2140,0.2,1,0,0
2141,0.2,1,1,1
2142,0.2,2,1,0
2143,0.2,2,1,1
2144,0.2,2,0,0
2145,1.0,3,0,0
2146,0.2,2,0,0
2147,0.2,2,0,0
2148,0.2,3,0,0
2149,1.0,2,0,0
2150,0.2,1,1,0
2151,0.2,1,0,0
2152,0.2,3,0,0
2153,0.2,3,1,0
2154,1.0,1,1,1
2155,0.2,1,0,0
2156,0.2,3,0,0
2157,1.0,1,0,0
2158,0.2,2,1,1
2159,0.2,2,0,0
2160,0.2,0,1,1
2161,0.2,2,0,0
2162,0.2,2,1,1
2163,0.2,1,1,1
2164,0.2,2,0,0
2165,0.2,2,0,0
2166,0.2,3,0,0
2167,2.2,3,1,0
2168,0.2,3,1,0
2169,0.2,1,0,0
2170,0.2,2,0,0
2171,0.2,3,0,0
2172,0.2,1,1,1
2173,0.2,1,0,0
2174,0.2,1,0,1
2175,1.0,2,0,0
2176,0.2,3,1,1
2177,0.2,2,1,1
2178,0.2,1,0,0
2179,0.2,3,0,0
2180,1.0,2,1,1
2181,0.2,2,1,1
2182,0.2,2,0,0
2183,0.2,2,1,1
2184,0.2,2,0,1
2185,0.2,2,0,0
2186,0.2,2,0,0
2187,0.2,2,1,0
2188,0.2,2,1,1
2189,0.2,1,1,1
2190,0.2,1,0,1
2191,0.2,1,1,1
2192,0.2,0,0,0
2193,0.2,0,1,1
2194,0.2,3,1,0
2195,0.2,2,1,1
2196,0.2,1,1,1
2197,0.2,2,1,1
2198,0.2,2,0,0
2199,1.0,2,0,0
2200,0.2,2,1,1
2201,0.2,3,1,1
2202,2.2,2,1,1
2203,0.2,2,1,1
2204,0.2,2,0,0
2205,1.0,3,0,0
2206,0.2,2,0,0
2207,0.2,2,1,1
2208,0.2,2,1,0
2209,2.2,1,0,0
2210,0.2,1,0,0
2211,0.2,3,0,0
2212,0.2,3,0,0
2213,0.2,3,0,0
2214,0.2,1,1,1
2215,0.2,1,1,1
2216,1.0,1,1,1
2217,0.2,1,0,0
2218,0.2,2,1,1
2219,1.0,1,1,1
2220,1.0,1,1,1
2221,0.2,1,0,0
2222,0.2,1,0,0
2223,0.2,2,0,0
2224,0.2,3,1,1
2225,0.2,1,1,1
2226,0.2,3,0,0
2227,0.2,2,0,0
2228,0.2,2,0,0
2229,0.2,1,0,0
2230,0.2,2,1,1
2231,0.2,2,1,1
2232,0.2,1,0,1
2233,0.2,1,0,0
2234,1.0,1,1,1
2235,0.2,0,0,0
2236,2.2,2,0,0
2237,1.0,1,0,0
2238,1.0,1,1,1
2239,0.2,0,1,1
2240,0.2,2,1,1
2241,0.2,0,0,0
2242,0.2,0,1,1
2243,0.2,2,1,1
2244,0.2,3,1,1
2245,0.2,1,1,1
2246,0.2,1,1,0
2247,0.2,1,1,1
2248,1.0,1,1,1
2249,0.2,2,0,0
2250,1.0,1,0,0
2251,0.2,0,0,0
2252,0.2,1,0,0
2253,0.2,2,1,1
2254,0.2,1,1,1
2255,0.2,1,1,1
2256,1.0,3,1,1
2257,0.2,0,0,1
2258,1.0,2,1,1
2259,0.2,1,0,0
2260,0.2,1,0,1
2261,0.2,2,0,1
2262,0.2,1,0,0
2263,0.2,2,0,0
2264,0.2,1,0,0
2265,0.2,1,0,0
2266,1.0,1,0,0
2267,0.2,0,0,1
2268,0.2,1,0,0
2269,0.2,1,1,1
2270,0.2,1,1,1
2271,0.2,2,0,0
2272,1.0,0,0,0
2273,0.2,0,0,0
2274,0.2,1,1,1
2275,1.0,1,1,1
2276,0.2,1,0,0
2277,0.2,0,1,1
2278,1.0,3,1,1
2279,1.0,2,1,0
2280,0.2,2,0,0
2281,0.2,2,0,0
2282,0.2,0,0,0
2283,0.2,0,1,1
2284,0.2,3,0,0
2285,0.2,1,0,0
2286,0.2,1,0,0
2287,1.0,1,1,1
2288,1.0,2,0,0
2289,0.2,2,0,0
2290,1.0,1,1,1
2291,0.2,1,1,1
2292,0.2,1,1,1
2293,0.2,2,1,1
2294,0.2,2,0,0
2295,0.2,2,1,1
2296,1.0,2,0,0
2297,0.2,1,1,1
2298,1.0,0,0,0
2299,0.2,2,1,1
2300,1.0,1,0,0
2301,0.2,2,1,1
2302,0.2,2,0,0
2303,1.0,1,0,1
2304,0.2,2,0,0
2305,0.2,3,0,0
2306,0.2,1,1,1
2307,0.2,1,1,1
2308,0.2,2,1,0
2309,0.2,3,1,0
2310,0.2,3,0,0
2311,0.2,2,1,1
2312,0.2,1,0,0
2313,0.2,1,1,1
2314,0.2,1,0,0
2315,0.2,0,1,1
2316,0.2,1,1,0
2317,1.0,2,1,1
2318,0.2,3,0,0
2319,0.2,2,0,0
2320,0.2,1,1,1
2321,1.0,1,1,1
2322,1.0,2,1,1
2323,0.2,3,1,1
2324,0.2,2,0,0
2325,0.2,1,1,1
2326,1.0,2,0,0
2327,1.0,1,1,1
2328,0.2,1,1,1
2329,0.2,3,0,1
2330,0.2,2,0,0
2331,1.0,1,1,1
2332,1.0,2,1,1
2333,0.2,1,1,1
2334,2.2,2,1,1
2335,0.2,0,1,1
2336,0.2,3,1,1
2337,0.2,3,0,0
2338,0.2,3,0,0
2339,0.2,2,0,0
2340,1.0,0,1,1
2341,0.2,3,1,0
2342,1.0,2,1,1
2343,0.2,1,1,0
2344,0.2,1,0,0
2345,0.2,1,1,1
2346,0.2,2,0,0
2347,0.2,3,0,0
2348,0.2,1,0,0
2349,0.2,1,1,1
2350,0.2,3,0,0
2351,1.0,2,1,1
2352,0.2,2,0,0
2353,0.2,0,1,1
2354,0.2,2,1,0
2355,0.2,2,1,1
2356,0.2,1,0,1
2357,0.2,2,1,1
2358,0.2,3,0,0
2359,0.2,1,0,0
2360,0.2,2,1,1
2361,0.2,1,0,0
2362,0.2,2,1,1
2363,1.0,1,0,0
2364,0.2,1,0,1
2365,1.0,1,0,1
2366,0.2,2,1,1
2367,1.0,3,0,0
2368,1.0,0,1,1
2369,0.2,0,1,1
2370,0.2,3,1,1
2371,0.2,1,0,0
2372,0.2,2,0,0
2373,1.0,1,1,1
2374,0.2,2,1,1
2375,1.0,3,1,1
2376,1.0,2,0,1
2377,0.2,1,1,1
2378,0.2,1,1,1
2379,0.2,2,0,0
2380,0.2,1,0,0
2381,1.0,2,0,0
2382,0.2,0,1,1
2383,0.2,2,0,0
2384,0.2,0,0,0
2385,0.2,1,0,0
2386,0.2,3,1,1
2387,0.2,2,0,0
2388,1.0,0,1,1
2389,0.2,2,1,1
2390,0.2,2,1,1
2391,0.2,1,0,1
2392,0.2,0,1,0
2393,0.2,1,1,0
2394,0.2,3,1,1
2395,1.0,1,1,1
2396,0.2,1,1,1
2397,0.2,2,0,0
2398,0.2,0,0,0
2399,0.2,2,1,0
2400,0.2,1,0,0
2401,2.2,3,1,1
2402,0.2,2,0,0
2403,0.2,1,0,0
2404,1.0,1,0,0
2405,0.2,3,1,0
2406,0.2,1,0,0
2407,1.0,2,1,1
2408,0.2,0,0,0
2409,0.2,2,0,0
2410,1.0,1,1,1
2411,0.2,2,1,1
2412,0.2,1,0,0
2413,0.2,2,1,1
2414,0.2,1,0,0
2415,0.2,1,0,0
2416,0.2,3,1,0
2417,0.2,2,0,0
2418,0.2,0,0,0
2419,0.2,2,1,1
2420,0.2,2,1,0
2421,0.2,2,0,0
2422,1.0,0,1,1
2423,0.2,1,1,1
2424,1.0,0,0,1
2425,1.0,2,0,0
2426,0.2,2,1,1
2427,0.2,1,0,0
2428,0.2,1,0,1
2429,0.2,3,1,1
2430,0.2,2,0,0
2431,0.2,0,0,0
2432,1.0,1,1,1
2433,0.2,2,0,0
2434,1.0,0,1,1
2435,1.0,1,1,1
2436,0.2,1,0,0
2437,0.2,1,0,0
2438,0.2,0,0,0
2439,0.2,1,1,0
2440,0.2,1,0,0
2441,0.2,2,1,1
2442,2.2,2,1,1
2443,1.0,2,0,0
2444,1.0,2,0,0
2445,0.2,1,1,1
2446,0.2,3,1,1
2447,2.2,1,1,1
2448,0.2,3,1,1
2449,0.2,1,0,0
2450,0.2,0,0,1
2451,0.2,3,1,1
2452,0.2,0,1,1
2453,0.2,1,0,0
2454,0.2,1,1,1
2455,0.2,2,0,0
2456,1.0,1,1,1
2457,1.0,3,1,1
2458,0.2,3,1,1
2459,0.2,2,0,0
2460,0.2,1,1,1
2461,1.0,2,0,0
2462,0.2,2,1,1
2463,0.2,1,0,0
2464,0.2,1,1,1
2465,0.2,2,1,1
2466,0.2,2,1,1
2467,0.2,1,0,0
2468,0.2,2,0,0
2469,0.2,0,1,1
2470,1.0,0,1,1
2471,0.2,1,1,1
2472,0.2,2,0,0
2473,0.2,2,1,1
2474,0.2,2,0,0
2475,0.2,2,0,0
2476,0.2,1,0,1
2477,0.2,2,1,1
2478,0.2,1,0,0
2479,0.2,1,0,0
2480,0.2,2,0,0
2481,1.0,1,0,0
2482,0.2,2,1,1
2483,0.2,2,1,1
2484,0.2,2,0,0
2485,0.2,2,1,1
2486,0.2,2,0,0
2487,2.2,1,1,1
2488,0.2,0,0,0
2489,1.0,2,0,1
2490,0.2,0,1,1
2491,0.2,1,1,1
2492,0.2,3,0,0
2493,0.2,0,0,0
2494,0.2,3,0,0
2495,1.0,1,0,1
2496,0.2,1,0,0
2497,0.2,0,0,0
2498,0.2,2,1,1
2499,0.2,3,0,0
2500,0.2,1,0,0
2501,2.2,2,1,1
2502,1.0,3,1,1
2503,0.2,2,1,1
2504,0.2,1,1,1
2505,2.2,1,1,1
2506,0.2,1,0,0
2507,1.0,1,1,1
2508,0.2,2,0,0
2509,0.2,1,0,0
2510,0.2,2,1,1
2511,0.2,2,0,0
2512,0.2,0,0,0
2513,0.2,2,0,0
2514,1.0,2,1,1
2515,0.2,2,1,0
2516,1.0,2,1,1
2517,0.2,3,1,1
2518,0.2,1,0,0
2519,0.2,2,1,1
2520,2.2,1,1,1
2521,2.2,2,1,1
2522,0.2,2,1,0
2523,1.0,2,1,1
2524,1.0,1,0,0
2525,0.2,3,1,1
2526,0.2,1,0,0
2527,0.2,1,1,1
2528,0.2,2,0,0
2529,0.2,1,1,1
2530,0.2,1,0,0
2531,0.2,3,1,0
2532,0.2,0,1,1
2533,0.2,3,1,1
2534,1.0,2,1,1
2535,1.0,3,0,0
2536,0.2,0,0,1
2537,1.0,2,1,1
2538,0.2,3,0,0
2539,0.2,1,0,0
2540,0.2,2,0,0
2541,0.2,1,0,0
2542,0.2,1,0,0
2543,0.2,2,0,0
2544,0.2,2,1,1
2545,0.2,3,0,0
2546,1.0,1,1,1
2547,0.2,2,0,1
2548,0.2,1,1,1
2549,0.2,1,1,1
2550,1.0,1,0,1
2551,0.2,0,0,0
2552,1.0,1,0,0
2553,1.0,3,1,1
2554,0.2,0,1,1
2555,1.0,2,0,1
2556,0.2,0,1,1
2557,1.0,2,0,0
2558,0.2,2,1,1
2559,0.2,1,1,1
2560,1.0,1,1,1
2561,0.2,3,1,1
2562,2.2,2,1,1
2563,0.2,1,1,0
2564,0.2,1,1,1
2565,0.2,2,0,0
2566,0.2,1,0,0
2567,0.2,2,1,1
2568,0.2,2,0,0
2569,0.2,2,0,0
2570,0.2,1,1,0
2571,2.2,2,1,1
2572,0.2,2,0,1
2573,0.2,1,1,0
2574,0.2,0,0,0
2575,0.2,2,0,0
2576,0.2,0,1,1
2577,0.2,1,0,0
2578,0.2,1,1,0
2579,0.2,3,0,0
2580,0.2,2,0,0
2581,0.2,1,0,0
2582,0.2,2,0,0
2583,0.2,0,1,0
2584,0.2,2,1,0
2585,0.2,1,0,0
2586,0.2,1,1,0
2587,0.2,3,0,0
2588,0.2,3,1,1
2589,0.2,3,0,0
2590,0.2,2,1,0
2591,0.2,1,1,1
2592,1.0,0,1,1
2593,0.2,1,1,0
2594,0.2,2,0,0
2595,0.2,1,0,0
2596,0.2,0,0,0
2597,0.2,0,0,0
2598,1.0,3,0,0
2599,0.2,1,0,0
2600,0.2,1,0,1
2601,1.0,2,1,1
2602,0.2,2,0,0
2603,0.2,0,1,0
2604,1.0,0,1,1
2605,0.2,1,0,0
2606,0.2,2,0,0
2607,1.0,1,0,0
2608,0.2,2,1,1
2609,0.2,0,0,0
2610,0.2,1,1,1
2611,1.0,2,0,0
2612,0.2,0,0,0
2613,0.2,1,0,0
2614,0.2,1,0,0
2615,0.2,0,1,0
2616,0.2,3,0,0
2617,0.2,1,0,0
2618,0.2,0,0,1
2619,0.2,2,0,0
2620,1.0,1,1,1
2621,0.2,2,1,1
2622,0.2,1,0,0
2623,0.2,3,1,1
2624,0.2,0,0,0
2625,0.2,2,1,1
2626,0.2,2,0,0
2627,2.2,1,1,1
2628,0.2,1,0,0
2629,1.0,1,1,1
2630,0.2,1,1,1
2631,0.2,2,1,1
2632,1.0,2,0,0
2633,0.2,1,0,0
2634,0.2,1,0,0
2635,0.2,1,0,0
2636,2.2,3,1,1
2637,1.0,1,1,1
2638,0.2,3,1,1
2639,0.2,2,0,0
2640,0.2,2,1,1
2641,1.0,1,1,1
2642,0.2,2,0,0
2643,0.2,1,1,1
2644,0.2,2,0,0
2645,0.2,2,1,1
2646,0.2,1,0,0
2647,0.2,3,0,0
2648,1.0,2,0,0
2649,1.0,1,1,1
2650,0.2,0,1,1
2651,0.2,2,0,0
2652,1.0,2,0,0
2653,1.0,1,1,1
2654,0.2,2,0,0
2655,1.0,1,1,1
2656,0.2,2,1,1
2657,1.0,2,1,1
2658,0.2,2,0,1
2659,0.2,1,1,1
2660,0.2,2,0,1
2661,0.2,0,1,0
2662,0.2,1,0,1
2663,0.2,2,1,0
2664,1.0,1,1,1
2665,0.2,1,0,0
2666,1.0,2,1,1
2667,0.2,0,0,0
2668,0.2,1,1,1
2669,0.2,1,0,0
2670,1.0,2,1,0
2671,2.2,1,0,0
2672,0.2,1,1,1
2673,0.2,3,0,0
2674,0.2,2,1,1
2675,1.0,1,0,0
2676,0.2,2,1,1
2677,0.2,1,0,0
2678,0.2,1,1,1
2679,1.0,3,1,1
2680,1.0,3,0,0
2681,1.0,1,0,0
2682,0.2,2,0,0
2683,1.0,2,1,1
2684,0.2,1,0,0
2685,0.2,3,0,0
2686,0.2,1,0,0
2687,0.2,1,1,1
2688,0.2,3,1,0
2689,0.2,0,1,1
2690,0.2,3,0,0
2691,0.2,1,1,1
2692,0.2,1,0,0
2693,0.2,2,1,1
2694,0.2,1,1,1
2695,0.2,2,0,0
2696,0.2,2,0,0
2697,0.2,1,0,0
2698,0.2,1,1,1
2699,0.2,1,0,1
2700,3.0,0,1,1
2701,0.2,1,1,1
2702,0.2,3,1,1
2703,0.2,2,0,0
2704,0.2,1,1,1
2705,0.2,1,1,1
2706,0.2,1,0,1
2707,0.2,0,0,1
2708,0.2,0,0,0
2709,0.2,1,1,1
2710,1.0,3,0,0
2711,0.2,3,0,0
2712,0.2,3,0,0
2713,0.2,1,0,0
2714,0.2,0,0,0
2715,0.2,2,0,0
2716,0.2,1,1,1
2717,0.2,2,0,0
2718,1.0,1,1,1
2719,2.2,2,1,1
2720,0.2,2,0,1
2721,0.2,3,1,1
2722,1.0,0,1,1
2723,0.2,1,1,1
2724,0.2,3,0,0
2725,0.2,2,1,1
2726,0.2,1,1,1
2727,0.2,2,0,0
2728,0.2,1,1,1
2729,1.0,0,0,1
2730,0.2,1,1,0
2731,0.2,3,1,0
2732,0.2,1,1,0
2733,0.2,1,0,1
2734,1.0,3,0,1
2735,0.2,0,0,0
2736,0.2,1,0,0
2737,2.2,2,0,0
2738,0.2,1,1,1
2739,0.2,3,0,0
2740,0.2,1,0,0
2741,0.2,1,0,0
2742,0.2,2,0,0
2743,0.2,3,0,0
2744,0.2,1,0,1
2745,1.0,3,1,0
2746,0.2,3,0,0
2747,0.2,2,0,0
2748,0.2,0,1,1
2749,0.2,1,0,0
2750,1.0,1,1,1
2751,1.0,2,1,1
2752,1.0,2,1,1
2753,0.2,1,0,0
2754,0.2,2,1,1
2755,0.2,1,1,1
2756,0.2,2,0,0
2757,0.2,1,0,0
2758,0.2,2,0,0
2759,0.2,1,1,1
2760,0.2,0,1,1
2761,1.0,1,1,1
2762,1.0,1,0,0
2763,1.0,2,1,0
2764,1.0,1,1,1
2765,0.2,2,0,0
2766,1.0,2,1,0
2767,0.2,2,1,1
2768,0.2,1,0,0
2769,0.2,0,0,0
2770,1.0,1,0,0
2771,0.2,1,0,0
2772,0.2,1,1,1
2773,0.2,1,1,1
2774,0.2,1,0,0
2775,0.2,1,1,1
2776,1.0,2,1,1
2777,0.2,0,1,1
2778,0.2,2,0,1
2779,1.0,1,1,1
2780,0.2,2,0,0
2781,0.2,2,1,1
2782,0.2,2,0,0
2783,0.2,3,0,0
2784,0.2,1,0,0
2785,1.0,1,1,0
2786,0.2,0,1,1
2787,0.2,0,0,0
2788,0.2,1,1,1
2789,0.2,0,1,1
2790,0.2,3,1,1
2791,0.2,2,0,0
2792,0.2,2,1,1
2793,0.2,3,0,0
2794,0.2,3,0,0
2795,1.0,2,0,1
2796,1.0,2,1,1
2797,0.2,2,0,0
2798,0.2,0,1,1
2799,0.2,1,0,0
2800,0.2,1,1,1
2801,0.2,2,1,1
2802,3.0,2,1,1
2803,0.2,1,0,0
2804,0.2,0,0,0
2805,1.0,2,0,0
2806,0.2,2,1,1
2807,1.0,2,1,1
2808,0.2,2,1,1
2809,0.2,0,0,0
2810,0.2,0,1,1
2811,0.2,1,0,0
2812,1.0,2,1,1
2813,0.2,0,1,1
2814,0.2,2,0,0
2815,0.2,0,0,0
2816,0.2,2,0,0
2817,0.2,1,0,0
2818,0.2,1,0,0
2819,0.2,0,0,0
2820,0.2,2,0,0
2821,0.2,0,1,1
2822,0.2,0,1,1
2823,0.2,2,1,1
2824,0.2,1,1,1
2825,0.2,0,0,0
2826,0.2,2,0,0
2827,0.2,1,1,1
2828,0.2,3,0,0
2829,0.2,1,0,0
2830,0.2,1,0,0
2831,0.2,3,1,1
2832,0.2,2,1,0
2833,0.2,2,0,0
2834,0.2,2,0,0
2835,0.2,0,0,1
2836,0.2,1,0,0
2837,1.0,0,1,1
2838,0.2,1,0,0
2839,0.2,2,0,0
2840,1.0,2,0,0
2841,0.2,2,0,0
2842,1.0,2,1,1
2843,0.2,2,1,1
2844,1.0,1,0,0
2845,0.2,1,0,0
2846,0.2,2,0,1
2847,0.2,2,0,0
2848,0.2,2,1,1
2849,0.2,2,1,1
2850,0.2,2,0,0
2851,1.0,2,1,1
2852,1.0,2,0,0
2853,0.2,2,1,1
2854,0.2,2,0,0
2855,0.2,2,1,1
2856,1.0,3,0,0
2857,0.2,1,1,1
2858,1.0,2,1,1
2859,0.2,0,1,1
2860,1.0,1,1,1
2861,0.2,2,0,0
2862,0.2,2,1,1
2863,0.2,2,0,0
2864,1.0,2,1,1
2865,0.2,1,1,1
2866,0.2,1,1,1
2867,0.2,2,1,1
2868,0.2,2,1,1
2869,0.2,0,0,0
2870,0.2,2,0,0
2871,0.2,2,1,1
2872,0.2,0,1,1
2873,0.2,2,1,1
2874,0.2,1,1,1
2875,1.0,1,1,1
2876,0.2,2,0,0
2877,0.2,0,1,1
2878,0.2,1,1,1
2879,0.2,1,1,1
2880,2.2,3,1,1
2881,1.0,1,0,1
2882,0.2,0,1,1
2883,0.2,2,0,0
2884,0.2,0,0,0
2885,0.2,1,0,0
2886,0.2,2,1,1
2887,1.0,1,1,1
2888,0.2,1,1,1
2889,0.2,2,0,0
2890,0.2,0,0,0
2891,0.2,0,1,1
2892,0.2,1,1,1
2893,0.2,2,0,0
2894,0.2,1,1,1
2895,0.2,1,0,0
2896,1.0,1,0,0
2897,0.2,0,0,0
2898,0.2,1,1,1
2899,0.2,3,1,1
2900,2.2,0,1,1
2901,0.2,0,1,1
2902,0.2,2,1,1
2903,0.2,0,1,0
2904,0.2,0,1,1
2905,0.2,2,1,0
2906,0.2,3,0,0
2907,0.2,3,0,0
2908,0.2,2,1,1
2909,0.2,2,1,1
2910,0.2,1,0,0
2911,0.2,1,0,0
2912,2.2,3,0,0
2913,0.2,2,0,0
2914,0.2,3,0,0
2915,1.0,1,1,1
2916,1.0,2,0,0
2917,1.0,2,1,0
2918,0.2,1,0,1
2919,0.2,3,0,0
2920,0.2,0,0,0
2921,0.2,2,1,1
2922,0.2,0,1,1
2923,0.2,2,0,0
2924,0.2,1,1,1
2925,0.2,0,1,1
2926,0.2,2,1,1
2927,1.0,0,1,1
2928,0.2,3,0,0
2929,0.2,0,1,1
2930,1.0,2,1,1
2931,0.2,2,1,1
2932,0.2,1,0,0
2933,0.2,1,0,1
2934,0.2,1,0,0
2935,1.0,1,0,0
2936,1.0,0,1,1
2937,0.2,1,0,0
2938,0.2,2,1,1
2939,0.2,2,1,1
2940,0.2,2,1,1
2941,0.2,2,0,0
2942,0.2,1,1,0
2943,1.0,3,1,1
2944,0.2,1,1,1
2945,0.2,0,0,0
2946,0.2,1,0,0
2947,0.2,0,1,1
2948,0.2,1,0,0
2949,0.2,2,0,0
2950,0.2,1,0,0
2951,0.2,0,1,1
2952,0.2,1,0,1
2953,0.2,0,0,0
2954,1.0,1,0,0
2955,1.0,1,1,1
2956,0.2,3,0,0
2957,1.0,2,1,0
2958,1.0,1,1,1
2959,0.2,2,1,1
2960,0.2,2,1,1
2961,0.2,2,1,1
2962,0.2,3,1,1
2963,0.2,1,1,1
2964,0.2,0,1,0
2965,0.2,2,0,0
2966,0.2,2,0,0
2967,2.2,1,0,0
2968,1.0,1,1,1
2969,0.2,1,1,1
2970,1.0,0,1,1
2971,0.2,2,0,0
2972,0.2,0,0,0
2973,1.0,2,1,1
2974,2.2,2,1,1
2975,0.2,2,0,0
2976,0.2,2,0,0
2977,1.0,1,0,0
2978,2.2,2,1,1
2979,0.2,2,1,1
2980,0.2,2,1,1
2981,1.0,1,1,1
2982,0.2,0,1,1
2983,0.2,2,1,1
2984,0.2,2,1,1
2985,0.2,2,0,0
2986,0.2,2,0,0
2987,0.2,2,0,0
2988,0.2,0,0,0
2989,1.0,1,0,0
2990,1.0,2,1,1
2991,0.2,2,1,1
2992,0.2,0,1,1
2993,0.2,1,0,0
2994,0.2,3,1,1
2995,2.2,0,1,1
2996,0.2,2,0,0
2997,1.0,1,0,0
2998,0.2,1,1,1
2999,0.2,2,1,0
3000,0.2,1,0,0
3001,0.2,3,1,0
3002,0.2,2,1,1
3003,0.2,2,0,0
3004,1.0,1,0,1
3005,0.2,3,0,0
3006,0.2,2,0,0
3007,0.2,1,1,1
3008,0.2,0,0,0
3009,1.0,1,1,1
3010,1.0,2,1,0
3011,0.2,1,1,1
3012,1.0,0,1,1
3013,0.2,2,1,1
3014,0.2,2,0,0
3015,0.2,2,1,1
3016,0.2,0,0,0
3017,0.2,1,0,0
3018,0.2,2,1,1
3019,0.2,0,0,0
3020,1.0,2,0,0
3021,0.2,2,0,0
3022,0.2,0,1,1
3023,0.2,2,0,0
3024,0.2,0,0,1
3025,0.2,1,0,0
3026,0.2,2,1,1
3027,0.2,3,0,0
3028,0.2,2,0,0
3029,0.2,2,1,1
3030,0.2,1,0,0
3031,0.2,3,0,0
3032,0.2,1,0,0
3033,0.2,0,1,1
3034,0.2,2,0,1
3035,0.2,1,1,1
3036,0.2,2,1,1
3037,1.0,1,0,0
3038,0.2,2,1,1
3039,0.2,2,0,0
3040,0.2,2,0,0
3041,0.2,1,1,1
3042,0.2,2,1,1
3043,0.2,0,1,1
3044,1.0,1,1,1
3045,0.2,2,0,0
3046,0.2,2,0,0
3047,0.2,1,1,1
3048,0.2,2,0,0
3049,0.2,1,1,0
3050,0.2,2,0,0
3051,1.0,1,0,1
3052,0.2,2,1,1
3053,0.2,1,1,0
3054,0.2,1,0,0
3055,0.2,2,1,1
3056,0.2,2,1,1
3057,0.2,0,0,0
3058,0.2,2,1,1
3059,0.2,1,0,0
3060,0.2,2,0,0
3061,0.2,1,1,1
3062,1.0,1,0,0
3063,1.0,1,1,1
3064,0.2,3,0,0
3065,0.2,2,0,1
3066,1.0,1,1,1
3067,0.2,0,0,0
3068,0.2,3,0,0
3069,0.2,1,1,1
3070,0.2,1,1,1
3071,0.2,3,0,0
3072,1.0,1,1,1
3073,1.0,2,0,0
3074,0.2,0,0,0
3075,0.2,1,0,0
3076,0.2,2,0,0
3077,0.2,2,0,0
3078,0.2,2,0,0
3079,0.2,2,1,1
3080,0.2,2,0,0
3081,0.2,2,1,1
3082,0.2,1,0,0
3083,0.2,0,0,0
3084,0.2,2,0,1
3085,0.2,2,0,0
3086,0.2,1,1,1
3087,0.2,0,1,1
3088,0.2,1,1,1
3089,0.2,0,1,1
3090,1.0,1,0,1
3091,0.2,1,0,0
3092,1.0,2,1,1
3093,0.2,2,1,1
3094,0.2,2,0,0
3095,0.2,1,0,0
3096,0.2,1,0,0
3097,0.2,3,1,0
3098,0.2,2,0,0
3099,0.2,0,1,1
3100,0.2,1,0,0
3101,0.2,2,0,0
3102,1.0,2,1,1
3103,1.0,3,1,1
3104,0.2,2,0,1
3105,0.2,1,1,1
3106,1.0,0,1,1
3107,0.2,1,0,1
3108,0.2,2,0,0
3109,0.2,3,1,1
3110,0.2,2,0,0
3111,1.0,1,1,1
3112,0.2,1,0,0
3113,0.2,3,1,1
3114,0.2,3,0,0
3115,0.2,0,0,1
3116,0.2,2,1,1
3117,2.2,1,1,1
3118,0.2,3,1,0
3119,0.2,2,1,1
3120,0.2,0,1,1
3121,0.2,2,0,0
3122,0.2,2,1,1
3123,0.2,3,1,0
3124,0.2,2,0,1
3125,0.2,3,1,0
3126,0.2,2,1,1
3127,0.2,2,0,0
3128,1.0,1,1,1
3129,1.0,1,1,0
3130,0.2,1,1,1
3131,0.2,2,1,1
3132,0.2,0,0,0
3133,0.2,2,0,0
3134,1.0,0,1,1
3135,1.0,1,1,1
3136,0.2,3,0,0
3137,0.2,2,1,1
3138,0.2,0,0,0
3139,0.2,3,0,0
3140,0.2,2,1,1
3141,0.2,1,0,0
3142,0.2,2,0,0
3143,0.2,2,1,1
3144,1.0,1,0,0
3145,1.0,2,1,1
3146,0.2,0,0,0
3147,1.0,2,0,1
3148,0.2,2,1,1
3149,0.2,2,0,0
3150,0.2,0,1,1
3151,0.2,2,1,1
3152,0.2,2,0,0
3153,0.2,3,0,0
3154,0.2,0,0,0
3155,0.2,2,1,1
3156,0.2,1,0,0
3157,0.2,1,1,1
3158,0.2,1,0,0
3159,1.0,1,0,1
3160,0.2,1,0,0
3161,0.2,2,1,1
3162,0.2,1,1,1
3163,0.2,1,0,0
3164,0.2,2,1,1
3165,1.0,2,1,1
3166,0.2,3,0,0
3167,0.2,1,1,1
3168,1.0,0,1,1
3169,0.2,2,0,0
3170,0.2,1,1,1
3171,1.0,2,1,1
3172,0.2,1,0,0
3173,1.0,1,1,1
3174,1.0,2,1,1
3175,0.2,1,1,1
3176,0.2,2,0,0
3177,0.2,3,0,0
3178,1.0,2,0,0
3179,0.2,2,0,0
3180,0.2,0,1,1
3181,0.2,1,0,0
3182,1.0,1,1,1
3183,0.2,0,0,0
3184,0.2,2,0,0
3185,1.0,0,1,1
3186,0.2,3,1,1
3187,0.2,1,1,1
3188,1.0,3,1,1
3189,0.2,2,0,0
3190,0.2,1,1,1
3191,0.2,1,0,0
3192,0.2,2,1,1
3193,0.2,2,0,0
3194,0.2,2,1,1
3195,0.2,2,0,0
3196,1.0,1,1,1
3197,0.2,2,0,0
3198,1.0,1,1,1
3199,0.2,1,1,1
3200,0.2,0,1,1
3201,0.2,3,1,1
3202,0.2,1,1,1
3203,0.2,1,1,1
3204,2.2,1,0,0
3205,1.0,2,1,1
3206,0.2,1,0,0
3207,0.2,2,0,0
3208,0.2,1,1,1
3209,1.0,1,1,1
3210,0.2,0,0,0
3211,0.2,0,1,1
3212,1.0,1,1,1
3213,0.2,2,0,0
3214,0.2,1,0,0
3215,0.2,2,1,1
3216,0.2,2,1,1
3217,0.2,2,1,1
3218,1.0,2,0,0
3219,1.0,2,0,0
3220,1.0,1,1,1
3221,1.0,2,0,0
3222,0.2,2,0,0
3223,0.2,1,0,0
3224,1.0,1,0,0
3225,0.2,0,1,1
3226,0.2,2,0,0
3227,1.0,1,1,1
3228,0.2,2,0,0
3229,0.2,0,0,1
3230,0.2,2,0,0
3231,1.0,3,0,0
3232,0.2,2,0,0
3233,1.0,1,0,1
3234,1.0,0,0,0
3235,0.2,1,0,0
3236,0.2,2,1,1
3237,0.2,2,1,1
3238,1.0,3,1,0
3239,0.2,0,0,0
3240,0.2,2,0,0
3241,0.2,1,1,1
3242,1.0,0,0,0
3243,0.2,1,0,0
3244,1.0,0,0,0
3245,0.2,2,1,1
3246,0.2,1,0,0
3247,0.2,3,0,0
3248,0.2,1,1,1
3249,0.2,1,0,1
3250,0.2,3,0,0
3251,0.2,1,0,0
3252,0.2,2,1,0
3253,0.2,2,0,0
3254,1.0,1,0,0
3255,0.2,1,0,0
3256,1.0,3,0,1
3257,0.2,3,0,0
3258,0.2,1,0,0
3259,0.2,0,1,1
3260,2.2,1,0,0
3261,0.2,2,0,0
3262,0.2,2,0,0
3263,1.0,1,0,0
3264,0.2,1,1,1
3265,0.2,1,0,0
3266,1.0,1,1,1
3267,0.2,0,1,1
3268,0.2,0,1,1
3269,1.0,1,1,1
3270,0.2,2,0,1
3271,0.2,2,1,0
3272,0.2,2,0,1
3273,0.2,1,1,1
3274,0.2,1,0,0
3275,0.2,1,1,1
3276,0.2,2,0,0
3277,0.2,1,1,0
3278,0.2,3,0,0
3279,0.2,3,0,0
3280,0.2,1,0,0
3281,1.0,1,1,1
3282,0.2,1,1,1
3283,0.2,0,1,1
3284,0.2,2,1,1
3285,0.2,2,0,0
3286,1.0,3,0,0
3287,0.2,1,1,1
3288,0.2,3,0,0
3289,0.2,2,1,1
3290,1.0,1,1,1
3291,0.2,2,1,1
3292,1.0,1,0,0
3293,0.2,1,1,1
3294,0.2,1,0,0
3295,2.2,1,1,1
3296,0.2,1,0,0
3297,0.2,0,0,0
3298,0.2,1,0,0
3299,0.2,1,0,0
3300,0.2,0,0,0
3301,0.2,1,1,1
3302,0.2,2,1,1
3303,0.2,2,0,0
3304,0.2,2,1,0
3305,0.2,2,1,1
3306,0.2,1,0,0
3307,0.2,2,0,0
3308,0.2,0,1,1
3309,1.0,2,1,1
3310,0.2,1,0,0
3311,0.2,3,1,1
3312,1.0,1,0,0
3313,0.2,2,0,0
3314,0.2,1,1,1
3315,0.2,2,0,0
3316,0.2,2,0,1
3317,0.2,2,1,1
3318,0.2,2,0,0
3319,0.2,2,1,1
3320,0.2,1,1,0
3321,0.2,3,0,0
3322,0.2,2,1,1
3323,0.2,2,1,1
3324,0.2,2,0,0
3325,0.2,0,1,1
3326,1.0,1,1,1
3327,0.2,1,0,0
3328,0.2,2,1,1
3329,0.2,0,1,1
3330,1.0,2,0,0
3331,0.2,1,1,0
3332,0.2,0,1,1
3333,2.2,2,0,0
3334,0.2,1,1,1
3335,0.2,1,1,1
3336,1.0,1,1,1
3337,0.2,1,0,0
3338,0.2,1,0,0
3339,0.2,2,1,1
3340,0.2,1,0,0
3341,0.2,1,0,0
3342,1.0,0,1,1
3343,0.2,1,0,0
3344,1.0,3,1,1
3345,0.2,3,0,0
3346,0.2,1,0,1
3347,0.2,3,0,0
3348,0.2,1,1,0
3349,0.2,3,0,0
3350,0.2,2,0,0
3351,0.2,1,0,1
3352,0.2,1,0,0
3353,0.2,2,0,0
3354,0.2,0,0,0
3355,0.2,2,0,0
3356,0.2,0,1,1
3357,0.2,1,1,1
3358,0.2,1,1,1
3359,1.0,2,1,1
3360,0.2,1,0,0
3361,0.2,1,0,0
3362,0.2,1,0,0
3363,0.2,1,0,0
3364,0.2,2,0,0
3365,0.2,1,1,1
3366,1.0,1,1,1
3367,0.2,1,1,1
3368,0.2,3,1,1
3369,0.2,1,0,0
3370,0.2,1,0,0
3371,1.0,2,0,0
3372,1.0,3,1,0
3373,1.0,1,0,0
3374,0.2,1,0,0
3375,0.2,3,1,1
3376,0.2,0,1,1
3377,0.2,2,1,0
3378,0.2,2,1,1
3379,0.2,1,1,1
3380,0.2,2,1,0
3381,0.2,1,0,0
3382,0.2,1,1,1
3383,0.2,3,0,0
3384,0.2,3,1,0
3385,0.2,3,0,0
3386,1.0,0,1,1
3387,0.2,2,0,0
3388,0.2,1,0,0
3389,0.2,2,0,0
3390,1.0,1,1,1
3391,0.2,2,0,0
3392,0.2,1,1,0
3393,0.2,0,0,0
3394,0.2,2,0,0
3395,0.2,0,1,1
3396,0.2,2,1,1
3397,0.2,3,0,0
3398,0.2,2,1,1
3399,0.2,2,0,1
3400,1.0,2,0,0
3401,0.2,1,0,0
3402,0.2,1,1,1
3403,0.2,0,1,0
3404,0.2,1,1,1
3405,0.2,0,1,1
3406,0.2,1,0,0
3407,0.2,1,0,0
3408,0.2,2,0,0
3409,0.2,1,1,1
3410,1.0,2,0,0
3411,0.2,2,0,0
3412,0.2,2,0,0
3413,1.0,1,0,1
3414,0.2,2,0,0
3415,0.2,1,1,1
3416,0.2,2,1,0
3417,0.2,0,1,1
3418,0.2,1,0,0
3419,0.2,1,1,1
3420,0.2,3,1,1
3421,0.2,2,1,1
3422,0.2,3,0,0
3423,0.2,0,0,0
3424,0.2,2,0,0
3425,0.2,1,0,0
3426,0.2,0,0,0
3427,0.2,1,0,0
3428,0.2,2,0,0
3429,0.2,3,1,1
3430,0.2,1,1,1
3431,1.0,3,0,0
3432,0.2,0,1,1
3433,0.2,2,1,1
3434,0.2,1,0,0
3435,2.2,3,0,0
3436,0.2,1,0,0
3437,0.2,2,0,0
3438,0.2,3,0,0
3439,0.2,1,0,0
3440,0.2,2,0,0
3441,1.0,1,0,0
3442,0.2,0,0,0
3443,2.2,2,0,1
3444,0.2,1,0,0
3445,1.0,1,0,1
3446,0.2,2,1,0
3447,0.2,2,1,1
3448,0.2,1,0,0
3449,0.2,0,1,1
3450,1.0,1,1,1
3451,1.0,1,0,1
3452,0.2,2,0,0
3453,0.2,2,1,1
3454,0.2,2,0,0
3455,0.2,1,1,1
3456,1.0,3,1,1
3457,0.2,1,1,1
3458,0.2,1,0,1
3459,0.2,0,1,0
3460,0.2,1,0,0
3461,1.0,1,0,0
3462,0.2,2,0,0
3463,0.2,1,0,0
3464,0.2,2,1,0
3465,0.2,2,0,0
3466,0.2,3,0,0
3467,0.2,2,0,0
3468,0.2,1,0,0
3469,0.2,1,1,1
3470,0.2,2,0,0
3471,1.0,2,1,0
3472,1.0,2,1,1
3473,1.0,2,1,1
3474,0.2,1,1,1
3475,0.2,1,1,0
3476,1.0,1,1,1
3477,0.2,1,0,0
3478,0.2,0,1,1
3479,0.2,2,0,0
3480,0.2,1,1,1
3481,0.2,1,0,0
3482,0.2,2,1,0
3483,1.0,3,0,0
3484,0.2,2,1,1
3485,1.0,1,1,1
3486,0.2,2,1,0
3487,0.2,0,1,1
3488,1.0,2,1,0
3489,0.2,1,1,1
3490,0.2,1,1,1
3491,0.2,1,1,1
3492,0.2,1,1,0
3493,1.0,0,0,0
3494,0.2,0,1,1
3495,0.2,1,1,1
3496,0.2,1,1,0
3497,0.2,0,0,0
3498,1.0,1,1,1
3499,0.2,2,0,0
3500,1.0,2,0,1
3501,0.2,0,1,0
3502,0.2,1,0,0
3503,1.0,1,1,1
3504,1.0,3,0,0
3505,1.0,2,0,0
3506,0.2,3,0,0
3507,0.2,1,1,1
3508,0.2,1,0,0
3509,0.2,2,0,0
3510,0.2,0,0,0
3511,1.0,1,0,0
3512,2.2,1,1,0
3513,1.0,3,0,0
3514,0.2,1,1,1
3515,1.0,1,1,0
3516,0.2,3,1,1
3517,0.2,0,1,1
3518,0.2,3,0,0
3519,0.2,1,1,1
3520,0.2,2,1,1
3521,1.0,1,1,1
3522,0.2,1,0,0
3523,1.0,2,0,0
3524,0.2,0,1,1
3525,0.2,2,1,1
3526,1.0,3,1,1
3527,0.2,1,1,1
3528,0.2,2,1,1
3529,0.2,2,1,1
3530,1.0,1,1,1
3531,1.0,2,1,1
3532,2.2,1,1,1
3533,0.2,0,0,0
3534,0.2,1,0,0
3535,0.2,2,0,1
3536,0.2,2,1,0
3537,0.2,0,1,1
3538,0.2,1,0,0
3539,0.2,1,1,0
3540,1.0,3,0,1
3541,0.2,1,1,0
3542,0.2,2,0,0
3543,0.2,1,1,1
3544,0.2,2,0,0
3545,0.2,1,1,1
3546,0.2,1,1,0
3547,0.2,1,0,0
3548,0.2,1,1,0
3549,0.2,0,0,0
3550,0.2,2,0,0
3551,0.2,1,0,0
3552,0.2,2,1,1
3553,0.2,2,0,0
3554,0.2,2,0,1
3555,0.2,1,1,1
3556,1.0,2,0,1
3557,0.2,3,0,0
3558,0.2,2,0,0
3559,2.2,0,1,1
3560,0.2,3,1,1
3561,0.2,3,1,0
3562,0.2,2,1,1
3563,0.2,1,0,0
3564,0.2,2,1,0
3565,0.2,1,1,1
3566,0.2,2,1,1
3567,1.0,2,1,1
3568,1.0,1,1,1
3569,0.2,1,1,1
3570,0.2,1,0,1
3571,0.2,2,0,0
3572,0.2,1,0,0
3573,0.2,1,0,0
3574,0.2,2,1,1
3575,1.0,3,0,0
3576,0.2,1,1,1
3577,0.2,2,1,1
3578,1.0,0,0,0
3579,0.2,2,0,0
3580,0.2,2,0,0
3581,1.0,1,0,0
3582,0.2,1,1,1
3583,1.0,0,1,1
3584,1.0,0,1,0
3585,0.2,2,0,0
3586,1.0,2,0,1
3587,0.2,2,1,1
3588,1.0,1,0,1
3589,0.2,2,0,0
3590,0.2,0,1,0
3591,0.2,1,1,1
3592,0.2,2,0,0
3593,0.2,2,0,1
3594,0.2,2,0,0
3595,0.2,2,0,0
3596,0.2,2,0,0
3597,0.2,2,0,0
3598,1.0,2,1,1
3599,0.2,1,0,0
3600,0.2,1,0,0
3601,0.2,2,0,0
3602,1.0,2,1,1
3603,0.2,1,0,0
3604,0.2,3,1,0
3605,0.2,2,0,0
3606,1.0,3,0,0
3607,0.2,2,1,1
3608,0.2,1,1,1
3609,0.2,2,0,0
3610,0.2,1,0,0
3611,1.0,2,0,0
3612,0.2,3,0,0
3613,0.2,2,0,0
3614,2.2,1,1,1
3615,0.2,1,0,0
3616,0.2,1,0,0
3617,0.2,1,1,1
3618,0.2,3,0,0
3619,0.2,1,1,1
3620,0.2,3,0,0
3621,0.2,1,1,0
3622,0.2,1,1,1
3623,0.2,2,1,1
3624,0.2,3,1,1
3625,0.2,1,0,0
3626,0.2,1,0,0
3627,0.2,1,0,0
3628,0.2,1,1,1
3629,0.2,2,0,0
3630,3.0,1,1,1
3631,0.2,1,0,1
3632,0.2,1,1,1
3633,0.2,3,0,0
3634,0.2,1,1,1
3635,0.2,0,0,1
3636,0.2,3,1,0
3637,1.0,3,0,0
3638,0.2,2,0,0
3639,0.2,2,0,0
3640,2.2,0,1,1
3641,0.2,2,1,1
3642,0.2,3,0,0
3643,0.2,3,1,1
3644,0.2,1,0,0
3645,2.2,1,1,0
3646,0.2,2,1,1
3647,0.2,2,0,0
3648,0.2,2,0,0
3649,0.2,3,0,0
3650,0.2,2,1,1
3651,0.2,1,0,0
3652,0.2,1,1,0
3653,1.0,2,1,1
3654,1.0,2,0,0
3655,0.2,0,0,1
3656,1.0,3,0,0
3657,0.2,2,0,0
3658,0.2,2,1,1
3659,0.2,3,0,0
3660,0.2,1,0,0
3661,0.2,1,0,0
3662,1.0,1,1,1
3663,0.2,3,0,0
3664,0.2,2,0,0
3665,0.2,0,1,0
3666,0.2,2,0,0
3667,0.2,0,0,0
3668,0.2,3,0,0
3669,1.0,2,0,0
3670,0.2,1,1,1
3671,1.0,2,1,1
3672,0.2,3,1,0
3673,0.2,2,0,1
3674,0.2,2,1,1
3675,0.2,1,0,1
3676,0.2,3,0,0
3677,0.2,2,1,1
3678,0.2,1,0,0
3679,0.2,3,0,0
3680,0.2,0,1,1
3681,0.2,2,0,0
3682,0.2,1,1,1
3683,1.0,1,0,0
3684,0.2,1,0,0
3685,0.2,3,1,0
3686,1.0,0,0,1
3687,0.2,2,0,0
3688,0.2,2,1,1
3689,0.2,2,0,0
3690,1.0,0,0,0
3691,0.2,2,0,0
3692,0.2,3,1,1
3693,0.2,2,0,1
3694,0.2,2,0,0
3695,0.2,0,0,0
3696,0.2,2,0,0
3697,0.2,1,0,0
3698,1.0,2,0,1
3699,2.2,1,1,1
3700,0.2,2,1,0
3701,0.2,2,0,0
3702,0.2,0,0,0
3703,0.2,1,1,1
3704,1.0,3,1,1
3705,0.2,1,1,1
3706,0.2,1,0,0
3707,0.2,1,1,1
3708,0.2,1,1,1
3709,1.0,2,1,1
3710,1.0,2,1,1
3711,1.0,2,1,0
3712,0.2,1,0,0
3713,0.2,2,1,1
3714,0.2,2,1,1
3715,0.2,2,0,0
3716,0.2,1,0,0
3717,1.0,0,1,1
3718,0.2,2,0,0
3719,1.0,2,1,1
3720,0.2,1,1,1
3721,0.2,1,1,0
3722,0.2,1,1,1
3723,0.2,1,1,0
3724,0.2,2,0,0
3725,0.2,2,1,1
3726,0.2,0,0,0
3727,0.2,2,0,0
3728,1.0,0,1,1
3729,0.2,2,1,1
3730,0.2,3,0,1
3731,1.0,2,1,0
3732,2.2,2,1,1
3733,0.2,0,0,0
3734,0.2,1,0,0
3735,0.2,2,1,1
3736,3.0,2,1,1
3737,0.2,3,0,0
3738,0.2,2,0,0
3739,0.2,3,1,1
3740,0.2,2,1,1
3741,0.2,1,1,1
3742,0.2,2,0,0
3743,0.2,2,1,1
3744,0.2,2,0,0
3745,0.2,1,0,0
3746,0.2,2,0,0
3747,1.0,1,0,0
3748,0.2,1,1,1
3749,0.2,2,1,0
3750,1.0,1,0,0
3751,0.2,1,1,1
3752,1.0,1,1,1
3753,0.2,1,1,1
3754,0.2,1,0,0
3755,1.0,3,1,0
3756,0.2,2,1,1
3757,1.0,2,1,1
3758,0.2,2,1,0
3759,1.0,0,0,1
3760,0.2,1,1,1
3761,1.0,2,1,1
3762,0.2,0,1,0
3763,0.2,1,0,0
3764,0.2,1,0,0
3765,1.0,1,0,0
3766,1.0,2,0,0
3767,1.0,1,0,0
3768,1.0,0,1,1
3769,1.0,0,0,1
3770,1.0,2,1,0
3771,0.2,1,1,1
3772,0.2,3,0,0
3773,2.2,0,1,1
3774,0.2,2,1,1
3775,0.2,1,1,0
3776,0.2,2,0,0
3777,1.0,0,1,1
3778,0.2,2,1,1
3779,0.2,3,0,0
3780,0.2,0,1,1
3781,0.2,2,1,1
3782,0.2,1,0,0
3783,0.2,1,0,1
3784,0.2,1,0,0
3785,0.2,2,0,0
3786,0.2,0,0,0
3787,0.2,1,0,0
3788,1.0,2,0,0
3789,1.0,2,1,1
3790,0.2,1,1,1
3791,1.0,2,1,1
3792,1.0,1,1,1
3793,1.0,0,1,1
3794,0.2,1,1,1
3795,0.2,1,0,1
3796,1.0,1,1,1
3797,0.2,3,0,0
3798,0.2,2,0,0
3799,1.0,1,0,0
3800,0.2,1,0,0
3801,0.2,1,1,1
3802,0.2,0,0,0
3803,0.2,3,0,0
3804,0.2,2,0,0
3805,0.2,2,0,0
3806,0.2,1,1,1
3807,0.2,1,1,1
3808,1.0,1,0,1
3809,0.2,2,0,0
3810,0.2,3,0,0
3811,1.0,1,1,0
3812,1.0,2,1,1
3813,0.2,2,0,0
3814,0.2,1,0,0
3815,1.0,2,1,0
3816,1.0,1,0,0
3817,0.2,3,1,1
3818,1.0,1,1,1
3819,1.0,1,0,0
3820,0.2,2,0,0
3821,0.2,1,1,1
3822,0.2,2,0,0
3823,0.2,2,1,1
3824,0.2,2,0,0
3825,1.0,0,0,0
3826,0.2,1,1,1
3827,1.0,1,0,1
3828,1.0,2,1,1
3829,0.2,2,0,0
3830,0.2,2,1,1
3831,1.0,1,1,1
3832,0.2,2,0,0
3833,0.2,1,0,0
3834,1.0,1,1,1
3835,1.0,2,1,1
3836,1.0,1,1,1
3837,0.2,2,0,0
3838,0.2,2,0,0
3839,0.2,1,0,0
3840,0.2,1,0,0
3841,0.2,3,1,0
3842,0.2,2,0,0
3843,0.2,1,0,0
3844,0.2,2,1,1
3845,0.2,2,1,1
3846,0.2,2,0,0
3847,0.2,1,0,0
3848,0.2,1,0,0
3849,0.2,1,1,1
3850,0.2,2,1,1
3851,0.2,1,0,0
3852,1.0,1,1,1
3853,0.2,2,0,0
3854,0.2,0,1,0
3855,0.2,1,0,0
3856,0.2,3,1,1
3857,0.2,2,1,1
3858,0.2,2,0,0
3859,0.2,2,0,0
3860,0.2,1,0,1
3861,1.0,2,1,0
3862,0.2,0,1,1
3863,0.2,2,1,1
3864,0.2,3,0,0
3865,2.2,1,1,1
3866,0.2,3,1,1
3867,0.2,1,1,1
3868,0.2,1,1,1
3869,0.2,2,0,0
3870,0.2,2,0,0
3871,0.2,1,0,0
3872,0.2,1,1,1
3873,0.2,2,1,1
3874,0.2,2,1,0
3875,0.2,2,0,1
3876,0.2,1,0,1
3877,0.2,1,0,1
3878,1.0,3,1,1
3879,0.2,2,1,1
3880,1.0,2,1,1
3881,0.2,1,1,1
3882,0.2,0,1,1
3883,0.2,3,0,0
3884,1.0,1,1,1
3885,1.0,1,1,1
3886,0.2,0,0,0
3887,0.2,2,1,1
3888,0.2,1,1,1
3889,1.0,2,1,1
3890,0.2,1,0,0
3891,1.0,0,0,0
3892,2.2,1,0,1
3893,0.2,2,0,0
3894,1.0,1,0,1
3895,1.0,2,1,1
3896,0.2,1,1,1
3897,0.2,1,0,0
3898,0.2,1,0,0
3899,1.0,1,1,1
3900,0.2,2,0,0
3901,0.2,1,0,0
3902,1.0,2,1,1
3903,2.2,1,1,1
3904,0.2,2,0,0
3905,0.2,2,0,0
3906,0.2,1,1,1
3907,0.2,1,0,0
3908,0.2,2,1,1
3909,0.2,2,1,1
3910,0.2,2,1,1
3911,0.2,1,0,0
3912,0.2,1,0,0
3913,0.2,3,1,0
3914,0.2,2,1,1
3915,1.0,2,0,0
3916,0.2,2,1,1
3917,1.0,2,0,0
3918,0.2,2,0,1
3919,0.2,1,0,0
3920,0.2,2,1,0
3921,1.0,1,1,0
3922,0.2,2,1,1
3923,0.2,1,0,0
3924,0.2,0,1,1
3925,0.2,2,0,0
3926,0.2,1,0,0
3927,0.2,0,0,0
3928,0.2,1,0,0
3929,0.2,3,1,1
3930,0.2,2,0,0
3931,1.0,1,1,1
3932,0.2,1,1,1
3933,0.2,0,0,0
3934,0.2,0,1,1
3935,1.0,2,0,1
3936,0.2,2,1,1
3937,0.2,1,1,1
3938,1.0,3,1,1
3939,0.2,1,1,1
3940,1.0,1,1,1
3941,0.2,2,0,0
3942,0.2,3,0,0
3943,0.2,2,1,1
3944,0.2,2,1,1
3945,0.2,2,1,1
3946,0.2,1,0,0
3947,0.2,1,1,1
3948,0.2,0,0,0
3949,0.2,1,0,0
3950,0.2,1,1,1
3951,0.2,1,0,0
3952,0.2,0,0,1
3953,0.2,1,1,1
3954,1.0,2,0,0
3955,0.2,1,0,1
3956,0.2,2,0,0
3957,1.0,2,1,1
3958,0.2,2,1,1
3959,1.0,3,1,1
3960,0.2,1,0,1
3961,1.0,2,1,1
3962,0.2,1,0,0
3963,0.2,0,1,1
3964,0.2,2,0,0
3965,0.2,0,1,1
3966,0.2,2,0,0
3967,0.2,2,1,1
3968,0.2,2,0,0
3969,0.2,1,0,0
3970,1.0,3,1,1
3971,0.2,2,0,0
3972,0.2,0,1,1
3973,0.2,1,0,0
3974,0.2,2,0,0
3975,0.2,2,1,1
3976,0.2,1,1,1
3977,1.0,3,1,1
3978,0.2,3,0,0
3979,0.2,2,1,1
3980,0.2,3,0,0
3981,0.2,0,0,0
3982,0.2,2,1,0
3983,0.2,2,0,0
3984,0.2,2,0,0
3985,1.0,1,1,1
3986,1.0,2,1,1
3987,0.2,1,0,0
3988,0.2,2,1,1
3989,0.2,2,1,1
3990,0.2,2,0,0
3991,0.2,3,1,1
3992,0.2,1,0,0
3993,0.2,1,1,1
3994,0.2,1,0,0
3995,0.2,3,0,0
3996,0.2,1,1,0
3997,0.2,0,1,1
3998,0.2,2,0,1
3999,1.0,0,1,1
4000,1.0,0,0,0
4001,0.2,1,0,0
4002,0.2,0,1,1
4003,0.2,3,0,0
4004,0.2,3,1,1
4005,0.2,3,0,0
4006,0.2,2,1,1
4007,0.2,2,0,0
4008,0.2,3,0,0
4009,1.0,2,1,1
4010,0.2,1,1,1
4011,0.2,1,0,0
4012,0.2,1,0,1
4013,0.2,1,1,0
4014,0.2,1,0,0
4015,0.2,2,0,0
4016,0.2,2,0,0
4017,1.0,3,1,1
4018,0.2,2,1,0
4019,1.0,0,1,1
4020,0.2,1,1,1
4021,1.0,2,0,0
4022,1.0,2,1,1
4023,1.0,1,1,1
4024,0.2,2,0,1
4025,0.2,1,0,0
4026,0.2,2,0,0
4027,0.2,2,0,0
4028,0.2,1,1,1
4029,1.0,2,0,0
4030,0.2,2,1,1
4031,0.2,0,0,0
4032,0.2,2,0,0
4033,0.2,3,0,1
4034,0.2,1,0,0
4035,1.0,2,1,1
4036,0.2,0,1,1
4037,0.2,3,1,1
4038,0.2,1,0,1
4039,1.0,1,1,1
4040,0.2,3,0,0
4041,0.2,0,0,0
4042,0.2,2,1,1
4043,0.2,1,0,0
4044,0.2,0,1,1
4045,0.2,1,1,1
4046,1.0,2,0,0
4047,0.2,2,0,0
4048,0.2,2,1,1
4049,0.2,1,1,1
4050,0.2,0,1,0
4051,0.2,2,0,0
4052,0.2,0,1,1
4053,0.2,3,0,0
4054,0.2,2,0,0
4055,0.2,2,0,0
4056,1.0,1,1,1
4057,0.2,1,1,1
4058,0.2,2,0,0
4059,0.2,2,0,0
4060,0.2,0,1,1
4061,1.0,1,0,0
4062,0.2,2,1,0
4063,0.2,2,0,0
4064,0.2,2,0,0
4065,0.2,0,1,1
4066,0.2,2,1,1
4067,0.2,2,0,0
4068,0.2,2,0,0
4069,0.2,1,1,1
4070,0.2,1,0,0
4071,0.2,2,0,1
4072,0.2,1,1,1
4073,2.2,0,0,0
4074,0.2,2,0,0
4075,0.2,2,0,0
4076,0.2,3,0,0
4077,1.0,3,0,0
4078,0.2,2,1,1
4079,1.0,2,1,0
4080,1.0,1,0,0
4081,0.2,1,0,0
4082,0.2,2,1,1
4083,0.2,3,0,1
4084,0.2,2,1,1
4085,0.2,1,0,1
4086,0.2,0,1,1
4087,0.2,1,0,0
4088,0.2,0,0,0
4089,0.2,1,1,1
4090,0.2,2,0,0
4091,0.2,2,1,1
4092,0.2,0,0,0
4093,1.0,3,1,1
4094,0.2,1,0,0
4095,0.2,1,1,1
4096,0.2,2,0,0
4097,1.0,2,0,0
4098,0.2,1,1,1
4099,1.0,1,1,0
4100,0.2,2,0,0
4101,1.0,1,1,0
4102,0.2,2,0,0
4103,0.2,1,0,0
4104,0.2,2,0,0
4105,1.0,2,1,1
4106,1.0,1,1,1
4107,0.2,0,0,1
4108,1.0,0,0,0
4109,1.0,0,0,0
4110,1.0,1,1,1
4111,0.2,1,0,1
4112,0.2,2,0,0
4113,1.0,2,0,0
4114,0.2,2,0,0
4115,1.0,0,1,1
4116,0.2,2,1,1
4117,1.0,2,0,1
4118,0.2,1,1,1
4119,0.2,1,1,1
4120,2.2,1,1,1
4121,1.0,1,1,1
4122,0.2,1,0,1
4123,1.0,0,1,1
4124,0.2,1,0,0
4125,0.2,2,1,1
4126,0.2,2,1,1
4127,1.0,0,0,0
4128,1.0,2,1,1
4129,1.0,1,1,1
4130,0.2,2,0,0
4131,0.2,3,1,1
4132,0.2,2,0,0
4133,0.2,1,0,0
4134,1.0,0,1,1
4135,0.2,0,0,0
4136,0.2,3,1,0
4137,0.2,2,0,0
4138,1.0,3,0,0
4139,1.0,1,1,1
4140,0.2,2,0,0
4141,0.2,3,0,0
4142,1.0,2,1,1
4143,0.2,2,1,1
4144,1.0,1,1,1
4145,0.2,1,0,0
4146,0.2,0,0,0
4147,0.2,0,1,1
4148,0.2,2,0,0
4149,0.2,3,0,0
4150,0.2,2,0,0
4151,0.2,2,0,0
4152,0.2,1,0,0
4153,1.0,0,1,1
4154,1.0,2,1,1
4155,0.2,2,0,0
4156,0.2,1,0,1
4157,1.0,1,1,1
4158,0.2,1,0,1
4159,0.2,2,0,0
4160,0.2,2,0,0
4161,1.0,0,0,1
4162,0.2,3,1,1
4163,1.0,1,1,1
4164,0.2,3,0,0
4165,0.2,3,0,0
4166,0.2,2,0,0
4167,0.2,2,0,0
4168,0.2,3,0,0
4169,0.2,2,1,1
4170,0.2,2,1,1
4171,0.2,1,1,1
4172,0.2,1,1,1
4173,0.2,1,1,0
4174,0.2,1,1,1
4175,1.0,2,0,0
4176,0.2,1,0,0
4177,0.2,1,0,0
4178,1.0,1,1,1
4179,1.0,0,0,0
4180,0.2,1,0,0
4181,0.2,0,1,1
4182,0.2,3,1,0
4183,1.0,2,1,1
4184,1.0,2,1,1
4185,0.2,1,1,1
4186,0.2,1,1,1
4187,0.2,1,1,1
4188,0.2,1,0,0
4189,0.2,3,1,1
4190,0.2,2,1,1
4191,1.0,1,1,1
4192,0.2,2,1,1
4193,0.2,2,0,0
4194,0.2,1,1,1
4195,0.2,2,0,1
4196,0.2,2,1,1
4197,0.2,1,0,0
4198,0.2,2,1,1
4199,0.2,1,0,0
4200,0.2,2,1,1
4201,1.0,1,0,0
4202,0.2,2,0,0
4203,0.2,2,1,0
4204,0.2,2,0,0
4205,0.2,1,0,0
4206,0.2,1,1,1
4207,0.2,1,1,0
4208,0.2,2,0,0
4209,0.2,1,1,1
4210,0.2,0,0,0
4211,0.2,1,0,1
4212,0.2,3,0,0
4213,1.0,2,0,0
4214,0.2,2,1,1
4215,1.0,3,0,0
4216,0.2,1,1,1
4217,2.2,3,1,1
4218,0.2,1,0,0
4219,0.2,0,0,0
4220,0.2,0,1,1
4221,0.2,2,1,0
4222,0.2,3,0,0
4223,0.2,2,1,1
4224,1.0,0,1,0
4225,0.2,3,1,1
4226,1.0,3,1,1
4227,0.2,2,1,1
4228,0.2,3,1,1
4229,0.2,2,0,0
4230,0.2,1,0,0
4231,0.2,2,0,0
4232,0.2,1,0,0
4233,0.2,2,0,0
4234,0.2,2,1,1
4235,0.2,2,0,0
4236,0.2,0,1,1
4237,0.2,0,0,0
4238,0.2,0,0,1
4239,0.2,1,1,1
4240,0.2,1,0,0
4241,0.2,2,1,1
4242,0.2,3,1,1
4243,1.0,1,0,1
4244,1.0,0,1,1
4245,0.2,2,1,0
4246,0.2,2,0,0
4247,0.2,2,1,1
4248,1.0,2,0,0
4249,0.2,0,0,0
4250,0.2,1,1,1
4251,2.2,0,1,1
4252,1.0,2,1,1
4253,0.2,1,0,0
4254,0.2,1,0,0
4255,1.0,2,1,0
4256,1.0,1,1,1
4257,0.2,0,0,0
4258,0.2,1,0,0
4259,0.2,1,1,1
4260,0.2,0,1,1
4261,0.2,0,0,0
4262,0.2,3,0,1
4263,0.2,1,1,1
4264,0.2,2,0,0
4265,0.2,3,1,1
4266,0.2,3,0,0
4267,1.0,2,0,0
4268,0.2,1,0,0
4269,0.2,0,0,0
4270,0.2,3,0,0
4271,0.2,1,0,0
4272,0.2,3,0,0
4273,0.2,2,1,1
4274,0.2,2,1,1
4275,0.2,2,0,0
4276,1.0,2,0,0
4277,0.2,0,0,0
4278,0.2,2,1,1
4279,0.2,1,0,0
4280,0.2,2,0,0
4281,0.2,1,0,0
4282,1.0,2,1,1
4283,0.2,3,1,0
4284,1.0,2,1,1
4285,0.2,1,1,0
4286,0.2,1,0,0
4287,0.2,1,0,0
4288,1.0,0,1,1
4289,1.0,1,1,1
4290,0.2,1,0,0
4291,1.0,0,1,1
4292,0.2,1,0,1
4293,0.2,1,0,0
4294,0.2,1,0,0
4295,0.2,1,0,0
4296,0.2,3,0,0
4297,0.2,1,0,0
4298,0.2,1,1,0
4299,0.2,3,1,0
4300,0.2,2,1,0
4301,0.2,2,0,0
4302,0.2,2,0,0
4303,0.2,1,1,1
4304,0.2,1,0,0
4305,1.0,2,1,1
4306,0.2,1,0,1
4307,0.2,2,0,0
4308,0.2,2,0,0
4309,0.2,1,1,1
4310,1.0,2,0,0
4311,1.0,2,0,1
4312,2.2,1,1,1
4313,0.2,2,1,1
4314,0.2,1,1,1
4315,0.2,3,1,1
4316,1.0,1,1,1
4317,0.2,3,0,0
4318,0.2,1,1,1
4319,0.2,2,1,1
4320,0.2,2,1,1
4321,0.2,2,0,0
4322,0.2,2,0,0
4323,1.0,2,1,1
4324,0.2,3,0,0
4325,1.0,1,0,0
4326,0.2,1,0,1
4327,0.2,2,0,0
4328,0.2,2,0,0
4329,0.2,2,0,0
4330,0.2,0,1,1
4331,0.2,1,1,1
4332,0.2,2,0,0
4333,0.2,1,1,0
4334,0.2,3,1,0
4335,0.2,2,0,0
4336,0.2,1,0,0
4337,0.2,2,0,0
4338,0.2,1,0,0
4339,0.2,3,1,1
4340,0.2,1,0,0
4341,1.0,1,0,1
4342,1.0,0,0,0
4343,0.2,2,0,0
4344,1.0,3,1,1
4345,0.2,3,0,0
4346,0.2,3,1,0
4347,0.2,2,0,0
4348,0.2,1,1,1
4349,0.2,2,0,1
4350,0.2,1,1,1
4351,0.2,0,0,0
4352,0.2,2,0,0
4353,0.2,2,1,0
4354,0.2,1,1,1
4355,1.0,2,1,1
4356,0.2,1,0,0
4357,0.2,0,0,0
4358,0.2,1,1,1
4359,2.2,1,1,1
4360,0.2,1,1,1
4361,0.2,2,0,0
4362,2.2,1,1,1
4363,0.2,2,1,1
4364,0.2,2,0,0
4365,0.2,1,0,0
4366,0.2,2,0,0
4367,0.2,2,0,0
4368,0.2,1,1,1
4369,0.2,1,0,0
4370,1.0,1,1,1
4371,0.2,1,0,0
4372,0.2,0,0,0
4373,0.2,1,1,1
4374,0.2,2,0,0
4375,0.2,2,0,0
4376,0.2,1,1,1
4377,0.2,2,1,1
4378,1.0,1,1,1
4379,0.2,2,1,1
4380,0.2,3,1,1
4381,0.2,2,0,0
4382,1.0,3,0,1
4383,0.2,2,1,1
4384,0.2,2,1,1
4385,0.2,3,1,0
4386,0.2,2,0,0
4387,0.2,3,0,0
4388,1.0,1,1,1
4389,0.2,2,0,0
4390,0.2,1,0,1
4391,0.2,3,0,0
4392,0.2,3,0,0
4393,0.2,2,1,1
4394,0.2,3,1,1
4395,1.0,1,1,1
4396,0.2,1,1,0
4397,0.2,2,1,1
4398,0.2,3,0,0
4399,0.2,3,0,0
4400,0.2,3,0,0
4401,0.2,2,1,1
4402,1.0,0,0,1
4403,0.2,1,1,1
4404,0.2,1,1,1
4405,0.2,3,0,0
4406,2.2,1,1,1
4407,1.0,1,0,0
4408,0.2,3,1,1
4409,0.2,1,0,0
4410,0.2,1,1,1
4411,2.2,1,1,1
4412,0.2,1,0,0
4413,0.2,0,1,1
4414,0.2,2,0,0
4415,0.2,0,1,1
4416,0.2,2,1,1
4417,0.2,1,0,0
4418,0.2,1,1,1
4419,0.2,2,0,0
4420,0.2,2,0,0
4421,0.2,3,0,0
4422,0.2,1,0,0
4423,0.2,2,0,0
4424,0.2,1,0,0
4425,0.2,2,0,0
4426,0.2,2,0,0
4427,0.2,3,0,0
4428,0.2,1,1,1
4429,0.2,2,1,1
4430,0.2,1,0,0
4431,1.0,0,0,0
4432,0.2,0,1,1
4433,0.2,1,1,1
4434,0.2,2,1,1
4435,1.0,3,0,0
4436,0.2,1,0,0
4437,1.0,3,1,1
4438,1.0,1,1,1
4439,0.2,1,1,0
4440,0.2,1,0,0
4441,0.2,1,0,0
4442,1.0,2,0,0
4443,1.0,2,1,1
4444,0.2,2,1,1
4445,1.0,2,0,0
4446,0.2,1,0,0
4447,0.2,1,1,0
4448,0.2,2,1,1
4449,1.0,1,1,1
4450,1.0,0,1,1
4451,0.2,1,0,0
4452,0.2,2,0,0
4453,0.2,2,0,0
4454,0.2,1,0,0
4455,1.0,2,1,1
4456,0.2,1,1,1
4457,0.2,1,1,1
4458,0.2,1,1,1
4459,0.2,1,0,0
4460,0.2,2,0,0
4461,0.2,1,0,0
4462,0.2,2,0,0
4463,0.2,2,0,1
4464,1.0,2,1,1
4465,1.0,0,0,0
4466,0.2,2,0,0
4467,0.2,1,0,0
4468,1.0,1,0,0
4469,0.2,2,1,1
4470,0.2,0,0,0
4471,1.0,2,1,1
4472,1.0,0,1,1
4473,0.2,0,1,1
4474,0.2,1,0,0
4475,1.0,2,0,0
4476,0.2,1,1,0
4477,0.2,3,1,0
4478,0.2,1,0,0
4479,0.2,1,1,1
4480,0.2,2,0,0
4481,1.0,1,0,0
4482,0.2,0,1,1
4483,0.2,1,1,0
4484,0.2,2,1,1
4485,0.2,2,0,0
4486,1.0,1,1,1
4487,0.2,1,1,1
4488,0.2,0,0,0
4489,0.2,2,1,0
4490,0.2,2,0,0
4491,0.2,1,1,1
4492,0.2,1,1,1
4493,0.2,2,1,1
4494,0.2,0,0,1
4495,0.2,2,0,0
4496,0.2,1,0,0
4497,1.0,3,0,0
4498,0.2,1,1,1
4499,1.0,3,0,0
4500,0.2,2,0,1
4501,0.2,3,0,0
4502,0.2,0,1,1
4503,0.2,1,1,1
4504,0.2,0,1,0
4505,2.2,1,0,1
4506,1.0,3,1,1
4507,0.2,1,0,0
4508,0.2,3,0,0
4509,0.2,1,1,1
4510,0.2,2,0,0
4511,1.0,1,1,1
4512,0.2,0,0,0
4513,0.2,1,0,1
4514,0.2,2,0,0
4515,0.2,1,1,1
4516,1.0,2,0,0
4517,0.2,3,0,0
4518,0.2,1,0,1
4519,1.0,2,0,0
4520,0.2,1,1,1
4521,1.0,0,1,1
4522,0.2,2,0,0
4523,0.2,3,1,0
4524,1.0,1,1,1
4525,0.2,2,0,0
4526,0.2,1,0,0
4527,0.2,1,1,1
4528,0.2,1,1,1
4529,2.2,2,0,1
4530,0.2,2,1,0
4531,1.0,3,0,0
4532,1.0,1,1,1
4533,0.2,3,1,1
4534,0.2,2,1,0
4535,0.2,1,1,1
4536,0.2,0,1,1
4537,0.2,2,0,0
4538,0.2,2,1,0
4539,0.2,1,0,1
4540,0.2,0,0,0
4541,0.2,1,1,1
4542,0.2,2,0,0
4543,0.2,1,1,0
4544,1.0,2,1,1
4545,0.2,1,0,0
4546,1.0,1,1,0
4547,1.0,0,1,1
4548,0.2,3,0,0
4549,2.2,1,0,1
4550,0.2,2,1,1
4551,0.2,2,0,1
4552,0.2,2,0,0
4553,0.2,2,1,1
4554,0.2,2,1,0
4555,0.2,1,0,0
4556,0.2,1,1,1
4557,1.0,2,0,0
4558,0.2,3,0,0
4559,0.2,1,0,0
4560,0.2,2,0,1
4561,0.2,2,0,0
4562,0.2,3,1,1
4563,0.2,1,1,1
4564,0.2,2,1,1
4565,1.0,2,1,1
4566,1.0,1,0,1
4567,0.2,1,1,1
4568,0.2,2,1,1
4569,0.2,2,1,1
4570,1.0,1,1,1
4571,2.2,2,1,1
4572,0.2,3,0,1
4573,0.2,3,1,0
4574,1.0,3,0,0
4575,1.0,2,1,1
4576,0.2,2,0,0
4577,0.2,1,0,0
4578,0.2,1,1,1
4579,0.2,2,0,0
4580,0.2,1,1,1
4581,2.2,0,0,1
4582,1.0,0,1,1
4583,0.2,2,1,1
4584,0.2,0,1,1
4585,0.2,2,0,0
4586,0.2,2,0,0
4587,0.2,1,0,0
4588,1.0,1,1,1
4589,0.2,1,0,0
4590,0.2,2,1,1
4591,0.2,1,0,0
4592,0.2,2,0,0
4593,0.2,2,1,0
4594,0.2,1,1,1
4595,0.2,2,0,0
4596,0.2,0,1,1
4597,0.2,0,0,0
4598,1.0,1,0,0
4599,0.2,1,0,0
4600,1.0,2,1,1
4601,0.2,1,0,1
4602,0.2,1,1,1
4603,0.2,3,0,0
4604,1.0,2,1,1
4605,0.2,1,0,0
4606,1.0,1,1,1
4607,0.2,2,0,0
4608,0.2,1,1,0
4609,0.2,2,1,1
4610,0.2,3,0,0
4611,0.2,1,0,0
4612,0.2,3,1,1
4613,0.2,2,1,0
4614,0.2,1,0,0
4615,1.0,2,0,0
4616,0.2,2,1,0
4617,0.2,2,0,0
4618,0.2,1,0,0
4619,0.2,1,0,0
4620,0.2,3,0,0
4621,1.0,2,1,1
4622,0.2,1,1,1
4623,0.2,2,0,0
4624,1.0,1,1,1
4625,0.2,1,1,1
4626,0.2,3,0,0
4627,0.2,1,0,0
4628,0.2,1,0,1
4629,1.0,1,0,0
4630,0.2,1,0,0
4631,0.2,2,0,0
4632,0.2,1,1,1
4633,0.2,2,0,0
4634,1.0,1,1,1
4635,1.0,0,1,1
4636,0.2,3,1,1
4637,0.2,1,1,1
4638,0.2,0,1,1
4639,1.0,0,1,1
4640,2.2,1,1,1
4641,0.2,3,0,0
4642,1.0,2,0,0
4643,0.2,1,1,1
4644,0.2,1,1,1
4645,0.2,2,0,1
4646,0.2,2,1,1
4647,0.2,3,0,0
4648,2.2,0,0,1
4649,0.2,1,0,1
4650,0.2,3,1,0
4651,0.2,3,0,0
4652,0.2,3,1,1
4653,0.2,3,0,0
4654,0.2,0,1,1
4655,1.0,2,1,1
4656,1.0,0,1,1
4657,0.2,1,0,0
4658,0.2,0,1,1
4659,0.2,2,1,1
4660,1.0,1,1,1
4661,0.2,1,1,1
4662,0.2,1,1,1
4663,0.2,2,0,0
4664,0.2,2,0,0
4665,0.2,3,0,0
4666,1.0,1,1,1
4667,0.2,1,0,0
4668,1.0,1,1,1
4669,1.0,3,0,1
4670,0.2,1,1,1
4671,1.0,1,0,0
4672,0.2,1,1,1
4673,0.2,2,0,0
4674,0.2,1,0,0
4675,0.2,0,1,1
4676,0.2,1,0,0
4677,1.0,1,1,1
4678,0.2,0,1,1
4679,0.2,2,0,0
4680,0.2,0,0,0
4681,0.2,3,0,0
4682,0.2,0,0,0
4683,0.2,1,0,0
4684,0.2,2,0,0
4685,1.0,2,1,1
4686,0.2,1,0,0
4687,0.2,0,0,0
4688,1.0,2,1,1
4689,0.2,0,1,1
4690,1.0,1,1,1
4691,0.2,1,0,0
4692,0.2,1,0,1
4693,0.2,3,1,0
4694,0.2,3,0,0
4695,0.2,3,0,0
4696,1.0,1,0,1
4697,0.2,2,0,0
4698,0.2,2,1,1
4699,0.2,2,1,1
4700,0.2,1,0,0
4701,0.2,1,0,0
4702,0.2,3,0,0
4703,1.0,2,1,1
4704,0.2,1,0,0
4705,0.2,2,1,1
4706,0.2,2,0,0
4707,1.0,0,0,1
4708,0.2,2,1,1
4709,0.2,2,0,0
4710,0.2,2,1,1
4711,0.2,3,1,1
4712,0.2,1,0,0
4713,0.2,1,0,0
4714,0.2,2,1,1
4715,0.2,3,0,0
4716,1.0,1,0,0
4717,1.0,1,0,0
4718,0.2,0,0,0
4719,0.2,2,1,1
4720,0.2,2,0,0
4721,0.2,1,1,0
4722,0.2,1,0,0
4723,0.2,2,0,0
4724,0.2,1,1,0
4725,0.2,2,1,0
4726,0.2,1,0,0
4727,0.2,3,1,0
4728,0.2,3,0,0
4729,0.2,0,0,1
4730,0.2,2,0,0
4731,0.2,2,1,1
4732,0.2,2,0,0
4733,1.0,1,1,1
4734,0.2,1,1,1
4735,0.2,2,1,1
4736,0.2,1,1,1
4737,0.2,1,1,1
4738,0.2,1,1,1
4739,1.0,2,1,1
4740,0.2,1,0,1
4741,0.2,0,0,0
4742,1.0,2,1,1
4743,1.0,1,1,1
4744,0.2,1,1,1
4745,0.2,2,0,0
4746,0.2,1,0,0
4747,0.2,1,1,1
4748,1.0,3,0,0
4749,0.2,0,0,1
4750,0.2,0,0,0
4751,0.2,3,0,0
4752,0.2,1,1,1
4753,0.2,2,1,1
4754,1.0,1,1,1
4755,1.0,1,1,1
4756,0.2,2,1,1
4757,0.2,0,1,1
4758,1.0,3,0,0
4759,0.2,2,0,0
4760,0.2,1,1,1
4761,0.2,2,1,1
4762,1.0,2,1,1
4763,1.0,1,0,0
4764,0.2,3,0,0
4765,0.2,1,1,1
4766,0.2,2,0,0
4767,1.0,2,1,1
4768,1.0,1,0,0
4769,0.2,2,1,1
4770,0.2,1,1,1
4771,0.2,0,1,1
4772,0.2,2,0,0
4773,0.2,2,1,1
4774,0.2,0,0,1
4775,0.2,0,0,0
4776,1.0,2,1,1
4777,0.2,0,1,1
4778,0.2,2,0,0
4779,1.0,0,1,1
4780,0.2,0,1,1
4781,0.2,2,0,0
4782,0.2,3,1,1
4783,1.0,1,0,0
4784,1.0,2,1,1
4785,0.2,2,1,1
4786,1.0,1,1,1
4787,0.2,2,1,1
4788,0.2,0,1,1
4789,0.2,2,0,0
4790,0.2,2,1,1
4791,0.2,3,1,1
4792,0.2,1,1,0
4793,0.2,1,0,0
4794,0.2,2,1,0
4795,3.0,0,1,1
4796,0.2,1,0,0
4797,1.0,1,0,0
4798,0.2,2,1,0
4799,0.2,2,0,0
4800,0.2,0,0,0
4801,1.0,1,1,1
4802,0.2,1,1,1
4803,0.2,3,1,1
4804,0.2,2,0,1
4805,0.2,3,1,1
4806,0.2,2,1,1
4807,0.2,1,0,0
4808,1.0,2,1,1
4809,0.2,2,0,0
4810,0.2,3,1,1
4811,0.2,2,0,0
4812,0.2,2,0,0
4813,1.0,1,1,1
4814,0.2,1,1,1
4815,0.2,3,0,0
4816,0.2,2,1,1
4817,1.0,2,1,1
4818,0.2,3,0,0
4819,0.2,1,1,1
4820,0.2,1,0,1
4821,0.2,3,0,0
4822,1.0,0,0,0
4823,0.2,1,1,1
4824,0.2,1,0,0
4825,0.2,1,0,0
4826,0.2,3,0,0
4827,0.2,1,1,0
4828,0.2,1,0,0
4829,0.2,1,1,1
4830,0.2,1,1,1
4831,0.2,1,1,0
4832,0.2,2,0,0
4833,0.2,1,1,1
4834,0.2,1,1,1
4835,0.2,2,0,0
4836,1.0,3,1,1
4837,0.2,3,0,0
4838,0.2,2,1,1
4839,0.2,0,1,1
4840,1.0,1,1,1
4841,0.2,1,1,0
4842,1.0,2,0,0
4843,1.0,2,1,1
4844,0.2,2,1,1
4845,0.2,1,0,0
4846,0.2,3,0,0
4847,0.2,2,1,0
4848,0.2,1,0,0
4849,0.2,0,1,1
4850,0.2,1,1,1
4851,0.2,2,0,0
4852,0.2,1,0,0
4853,0.2,0,1,1
4854,1.0,1,0,0
4855,0.2,1,1,1
4856,0.2,1,0,0
4857,0.2,2,0,0
4858,1.0,1,1,1
4859,0.2,1,0,0
4860,0.2,1,1,0
4861,1.0,2,1,1
4862,0.2,1,0,0
4863,0.2,3,0,1
4864,0.2,1,0,0
4865,0.2,2,1,1
4866,1.0,2,0,0
4867,0.2,2,1,1
4868,1.0,1,1,1
4869,0.2,2,1,1
4870,0.2,2,1,1
4871,0.2,3,0,0
4872,0.2,1,0,0
4873,0.2,0,0,0
4874,1.0,2,1,1
4875,0.2,2,0,0
4876,0.2,1,0,0
4877,2.2,2,1,1
4878,0.2,2,0,0
4879,0.2,1,1,1
4880,0.2,2,1,1
4881,0.2,1,0,0
4882,0.2,1,0,0
4883,2.2,1,0,1
4884,1.0,3,0,0
4885,0.2,2,0,0
4886,0.2,1,0,0
4887,0.2,1,1,1
4888,0.2,2,0,0
4889,0.2,1,1,1
4890,0.2,1,0,1
4891,0.2,2,0,0
4892,0.2,1,0,1
4893,0.2,1,0,0
4894,0.2,2,0,0
4895,0.2,1,1,1
4896,0.2,1,1,1
4897,1.0,2,0,0
4898,0.2,1,0,0
4899,0.2,0,1,1
4900,2.2,1,1,1
4901,0.2,1,1,1
4902,0.2,1,0,0
4903,0.2,2,0,0
4904,0.2,2,0,0
4905,0.2,2,1,1
4906,1.0,2,0,0
4907,0.2,1,1,1
4908,0.2,1,0,0
4909,0.2,3,0,0
4910,1.0,1,1,1
4911,0.2,1,0,1
4912,0.2,1,1,1
4913,0.2,1,0,1
4914,0.2,1,0,0
4915,0.2,1,1,1
4916,0.2,1,0,0
4917,0.2,2,0,0
4918,0.2,1,1,1
4919,0.2,1,1,0
4920,0.2,0,1,1
4921,1.0,2,1,1
4922,0.2,2,1,1
4923,0.2,2,1,1
4924,0.2,0,1,1
4925,0.2,1,0,1
4926,1.0,1,1,0
4927,0.2,1,0,0
4928,2.2,2,1,1
4929,0.2,2,0,0
4930,1.0,2,0,0
4931,0.2,1,0,0
4932,1.0,2,0,0
4933,0.2,1,1,1
4934,1.0,1,0,0
4935,0.2,2,0,0
4936,0.2,0,1,1
4937,0.2,1,0,1
4938,0.2,2,0,1
4939,0.2,1,0,0
4940,0.2,1,1,1
4941,0.2,1,0,0
4942,0.2,0,0,0
4943,0.2,2,0,0
4944,0.2,1,1,0
4945,0.2,2,0,0
4946,0.2,0,1,1
4947,0.2,2,0,0
4948,0.2,1,0,0
4949,0.2,2,1,1
4950,0.2,1,1,1
4951,0.2,3,0,0
4952,0.2,3,0,0
4953,0.2,2,1,1
4954,0.2,2,1,1
4955,1.0,2,0,0
4956,0.2,2,0,0
4957,0.2,0,1,1
4958,0.2,3,0,0
4959,0.2,1,1,1
4960,0.2,2,0,0
4961,0.2,1,0,0
4962,0.2,2,1,1
4963,1.0,2,1,0
4964,0.2,1,1,1
4965,0.2,3,1,1
4966,3.0,2,1,1
4967,0.2,1,0,0
4968,1.0,2,0,1
4969,0.2,1,1,1
4970,0.2,1,0,0
4971,0.2,2,1,1
4972,0.2,0,1,1
4973,0.2,2,1,1
4974,1.0,2,1,1
4975,0.2,2,0,0
4976,1.0,1,0,0
4977,1.0,2,1,1
4978,0.2,1,0,0
4979,0.2,1,1,1
4980,0.2,3,1,1
4981,1.0,0,1,1
4982,1.0,0,1,0
4983,0.2,1,1,1
4984,0.2,1,1,0
4985,0.2,2,0,1
4986,1.0,1,1,1
4987,0.2,1,1,1
4988,0.2,1,0,0
4989,0.2,1,1,1
4990,0.2,1,1,0
4991,0.2,2,0,0
4992,0.2,1,1,1
4993,1.0,2,0,0
4994,0.2,2,0,0
4995,0.2,1,0,0
4996,0.2,3,0,0
4997,0.2,1,0,1
4998,1.0,1,0,0
4999,0.2,0,0,0
5000,0.2,2,1,1
5001,0.2,1,1,1
5002,2.2,1,1,1
5003,0.2,3,0,0
5004,0.2,2,1,1
5005,0.2,2,0,0
5006,0.2,1,1,1
5007,0.2,1,0,0
5008,2.2,2,1,1
5009,1.0,2,1,1
5010,1.0,3,0,1
5011,0.2,2,1,1
5012,0.2,0,1,1
5013,0.2,0,1,1
5014,0.2,1,0,0
5015,0.2,1,1,1
5016,0.2,2,0,0
5017,0.2,1,0,0
5018,0.2,2,1,1
5019,0.2,2,0,0
5020,0.2,0,1,1
5021,2.2,2,1,1
5022,0.2,2,0,1
5023,0.2,1,1,1
5024,0.2,2,1,0
5025,0.2,1,1,1
5026,0.2,1,1,1
5027,0.2,0,0,1
5028,2.2,1,1,1
5029,0.2,2,1,1
5030,0.2,2,1,1
5031,0.2,1,1,1
5032,1.0,0,0,1
5033,0.2,0,1,1
5034,0.2,0,1,1
5035,0.2,1,0,0
5036,0.2,0,1,1
5037,0.2,1,0,0
5038,0.2,2,0,1
5039,0.2,2,0,0
5040,0.2,3,1,1
5041,0.2,1,1,1
5042,0.2,1,1,1
5043,0.2,2,0,0
5044,0.2,2,0,0
5045,1.0,1,1,1
5046,0.2,2,0,1
5047,0.2,2,1,1
5048,0.2,2,0,0
5049,0.2,2,0,0
5050,1.0,0,1,1
5051,0.2,3,1,0
5052,0.2,1,1,1
5053,1.0,3,0,1
5054,0.2,2,0,0
5055,0.2,2,1,1
5056,0.2,3,0,0
5057,0.2,0,0,1
5058,0.2,0,0,1
5059,0.2,0,1,1
5060,0.2,0,1,1
5061,1.0,2,1,1
5062,0.2,1,1,0
5063,0.2,1,1,0
5064,1.0,1,1,1
5065,0.2,2,1,1
5066,0.2,2,0,0
5067,0.2,0,1,1
5068,0.2,1,1,1
5069,0.2,3,0,1
5070,1.0,1,1,1
5071,0.2,1,1,1
5072,0.2,1,0,0
5073,0.2,1,0,0
5074,1.0,1,1,1
5075,0.2,2,0,0
5076,0.2,2,0,0
5077,0.2,1,0,0
5078,1.0,0,0,1
5079,0.2,1,1,1
5080,0.2,1,1,0
5081,0.2,2,0,0
5082,0.2,1,0,0
5083,0.2,2,0,0
5084,0.2,3,0,0
5085,1.0,2,1,1
5086,0.2,1,0,0
5087,0.2,1,0,0
5088,0.2,2,1,1
5089,0.2,3,0,0
5090,0.2,1,1,1
5091,1.0,2,0,0
5092,1.0,1,1,1
5093,0.2,1,0,0
5094,1.0,2,1,1
5095,0.2,1,0,0
5096,0.2,2,0,0
5097,0.2,2,0,0
5098,0.2,3,1,1
5099,0.2,2,0,0
5100,0.2,2,0,1
5101,0.2,2,0,0
5102,0.2,0,1,0
5103,0.2,1,0,0
5104,0.2,1,0,0
5105,0.2,1,0,0
5106,1.0,1,1,1
5107,0.2,1,1,1
5108,1.0,1,0,0
5109,0.2,2,0,0
5110,0.2,2,1,1
5111,1.0,1,0,1
5112,0.2,1,0,0
5113,0.2,1,1,1
5114,0.2,1,0,0
5115,0.2,1,1,1
5116,1.0,2,0,0
5117,0.2,0,0,0
5118,0.2,3,1,1
5119,0.2,1,0,0
5120,1.0,2,1,1
5121,0.2,2,0,0
5122,1.0,2,0,1
5123,1.0,2,0,0
5124,1.0,1,0,0
5125,1.0,0,1,1
5126,0.2,1,1,1
5127,0.2,1,0,0
5128,0.2,2,0,0
5129,0.2,2,0,0
5130,0.2,1,1,1
5131,0.2,3,1,1
5132,0.2,1,0,0
5133,0.2,1,0,0
5134,0.2,3,1,0
5135,0.2,1,0,0
5136,0.2,2,1,0
5137,0.2,1,0,0
5138,1.0,1,1,1
5139,1.0,2,1,1
5140,1.0,0,1,1
5141,1.0,3,0,1
5142,0.2,2,0,0
5143,0.2,1,1,1
5144,0.2,1,1,1
5145,0.2,2,0,0
5146,0.2,3,0,1
5147,0.2,2,1,0
5148,0.2,1,0,0
5149,0.2,2,0,0
5150,0.2,1,1,1
5151,0.2,3,1,1
5152,0.2,1,0,0
5153,0.2,0,1,0
5154,0.2,1,0,1
5155,0.2,0,0,0
5156,0.2,2,0,0
5157,1.0,0,0,0
5158,0.2,2,0,0
5159,0.2,2,0,0
5160,2.2,1,1,1
5161,0.2,3,0,0
5162,0.2,2,1,1
5163,0.2,3,0,0
5164,0.2,1,0,0
5165,0.2,0,1,1
5166,1.0,3,1,1
5167,0.2,1,0,0
5168,0.2,2,1,1
5169,0.2,2,1,1
5170,0.2,2,1,1
5171,0.2,2,1,1
5172,0.2,2,0,0
5173,0.2,1,1,1
5174,0.2,3,0,0
5175,0.2,2,0,0
5176,0.2,3,1,1
5177,0.2,2,1,0
5178,0.2,1,0,1
5179,0.2,1,1,1
5180,0.2,1,0,0
5181,0.2,2,0,0
5182,0.2,0,1,1
5183,0.2,2,1,0
5184,1.0,1,1,1
5185,1.0,2,0,0
5186,1.0,1,0,0
5187,0.2,2,1,1
5188,0.2,2,1,1
5189,0.2,1,1,1
5190,1.0,1,1,0
5191,0.2,0,1,1
5192,0.2,1,1,1
5193,0.2,2,1,1
5194,0.2,1,0,0
5195,1.0,2,0,1
5196,0.2,0,0,0
5197,0.2,2,0,0
5198,0.2,1,0,0
5199,1.0,3,0,0
5200,0.2,1,1,1
5201,0.2,2,1,1
5202,0.2,2,0,0
5203,0.2,1,1,0
5204,0.2,2,0,1
5205,0.2,2,0,0
5206,0.2,1,1,1
5207,0.2,1,0,0
5208,0.2,3,1,1
5209,0.2,0,1,1
5210,1.0,1,0,0
5211,0.2,2,0,0
5212,0.2,1,1,1
5213,0.2,1,1,1
5214,1.0,2,0,0
5215,0.2,2,1,1
5216,0.2,2,0,0
5217,0.2,0,1,1
5218,0.2,0,0,1
5219,0.2,1,1,1
5220,0.2,3,1,1
5221,0.2,1,1,0
5222,0.2,2,1,1
5223,1.0,2,0,0
5224,0.2,1,1,1
5225,0.2,2,1,1
5226,0.2,3,0,0
5227,1.0,1,1,1
5228,0.2,2,0,0
5229,0.2,3,1,1
5230,0.2,2,1,1
5231,0.2,0,0,0
5232,0.2,1,0,0
5233,0.2,0,1,1
5234,0.2,2,1,1
5235,0.2,2,1,1
5236,0.2,2,1,1
5237,0.2,2,1,0
5238,0.2,0,1,1
5239,0.2,0,1,1
5240,0.2,1,0,0
5241,0.2,1,0,0
5242,0.2,2,1,1
5243,0.2,1,0,0
5244,2.2,1,1,1
5245,1.0,2,0,0
5246,0.2,1,0,0
5247,0.2,2,0,0
5248,0.2,2,1,1
5249,0.2,2,0,1
5250,0.2,2,1,1
5251,0.2,0,0,1
5252,0.2,1,0,0
5253,0.2,2,0,0
5254,1.0,1,1,1
5255,0.2,2,1,1
5256,0.2,1,1,1
5257,1.0,1,0,0
5258,0.2,2,1,1
5259,0.2,2,1,0
5260,0.2,3,0,0
5261,0.2,2,0,0
5262,0.2,1,0,0
5263,0.2,2,1,1
5264,0.2,2,1,0
5265,0.2,2,0,0
5266,0.2,2,0,0
5267,1.0,2,1,1
5268,1.0,3,1,1
5269,0.2,1,1,1
5270,0.2,1,0,0
5271,0.2,1,0,0
5272,0.2,2,0,0
5273,0.2,1,1,1
5274,0.2,1,1,1
5275,0.2,3,1,1
5276,1.0,2,0,0
5277,0.2,0,1,1
5278,0.2,1,0,0
5279,0.2,0,1,0
5280,0.2,1,0,0
5281,0.2,0,0,0
5282,0.2,3,0,0
5283,1.0,1,1,1
5284,0.2,1,1,1
5285,0.2,2,0,0
5286,0.2,2,1,1
5287,1.0,3,1,0
5288,0.2,2,1,1
5289,0.2,2,0,0
5290,0.2,2,0,0
5291,0.2,2,0,0
5292,0.2,3,1,1
5293,0.2,2,0,0
5294,0.2,2,0,0
5295,0.2,1,1,1
5296,0.2,3,0,0
5297,0.2,0,1,1
5298,0.2,2,1,0
5299,0.2,1,1,1
5300,1.0,1,0,1
5301,1.0,1,0,0
5302,1.0,1,0,0
5303,0.2,1,1,1
5304,0.2,1,0,0
5305,1.0,2,1,1
5306,1.0,2,1,1
5307,0.2,1,1,1
5308,0.2,0,1,1
5309,0.2,1,0,0
5310,0.2,2,0,0
5311,1.0,2,0,0
5312,0.2,2,1,1
5313,0.2,1,1,1
5314,0.2,1,0,1
5315,2.2,0,1,1
5316,1.0,3,1,1
5317,0.2,3,0,0
5318,0.2,1,0,0
5319,0.2,1,0,0
5320,0.2,2,0,0
5321,1.0,1,1,1
5322,0.2,1,0,0
5323,0.2,1,0,0
5324,0.2,0,0,1
5325,0.2,2,1,1
5326,0.2,1,1,1
5327,0.2,3,0,0
5328,0.2,3,1,1
5329,0.2,1,0,0
5330,3.0,1,1,1
5331,0.2,2,0,1
5332,1.0,0,1,1
5333,0.2,2,0,0
5334,1.0,1,1,1
5335,0.2,0,1,1
5336,0.2,3,1,1
5337,0.2,1,1,1
5338,1.0,1,1,1
5339,0.2,2,1,1
5340,0.2,3,0,0
5341,0.2,0,0,1
5342,0.2,2,0,0
5343,0.2,2,1,1
5344,1.0,2,1,1
5345,0.2,2,1,1
5346,0.2,2,1,1
5347,0.2,0,0,0
5348,0.2,3,1,0
5349,1.0,2,1,1
5350,2.2,2,0,1
5351,0.2,1,0,0
5352,0.2,0,0,0
5353,1.0,2,1,1
5354,0.2,2,0,0
5355,0.2,2,0,0
5356,0.2,3,1,1
5357,0.2,1,1,0
5358,0.2,3,1,0
5359,0.2,1,0,0
5360,1.0,1,0,0
5361,0.2,1,0,0
5362,0.2,2,0,0
5363,1.0,0,1,1
5364,0.2,1,0,0
5365,2.2,1,1,1
5366,0.2,0,0,0
5367,1.0,3,0,1
5368,0.2,3,1,1
5369,1.0,1,1,1
5370,0.2,3,0,0
5371,1.0,1,1,1
5372,2.2,3,0,1
5373,1.0,1,1,1
5374,1.0,2,1,1
5375,0.2,2,1,1
5376,0.2,2,0,0
5377,0.2,2,1,1
5378,0.2,3,0,0
5379,1.0,0,1,1
5380,0.2,2,0,0
5381,1.0,1,1,1
5382,1.0,1,1,1
5383,0.2,2,0,1
5384,0.2,3,1,1
5385,1.0,3,0,0
5386,0.2,1,0,0
5387,1.0,1,0,0
5388,1.0,1,1,1
5389,0.2,3,1,1
5390,1.0,1,1,1
5391,0.2,1,0,0
5392,0.2,1,1,1
5393,0.2,2,1,1
5394,0.2,2,0,0
5395,0.2,0,1,1
5396,0.2,2,1,1
5397,0.2,1,0,0
5398,0.2,2,0,0
5399,0.2,1,0,0
5400,0.2,1,0,0
5401,1.0,1,0,0
5402,0.2,1,1,1
5403,0.2,1,0,0
5404,0.2,2,1,1
5405,1.0,1,1,1
5406,0.2,1,1,1
5407,0.2,2,0,0
5408,0.2,0,0,0
5409,0.2,1,1,1
5410,0.2,2,1,1
5411,0.2,1,1,1
5412,0.2,1,0,0
5413,0.2,2,1,0
5414,0.2,2,0,1
5415,1.0,2,1,1
5416,0.2,1,0,0
5417,1.0,1,1,1
5418,0.2,3,0,0
5419,0.2,3,0,0
5420,0.2,0,1,1
5421,0.2,0,1,1
5422,1.0,0,0,1
5423,0.2,1,1,1
5424,0.2,1,0,0
5425,0.2,2,0,0
5426,2.2,0,1,1
5427,0.2,2,0,0
5428,0.2,0,0,0
5429,0.2,1,1,1
5430,0.2,1,0,0
5431,0.2,3,1,0
5432,0.2,2,1,0
5433,2.2,1,1,1
5434,0.2,2,0,0
5435,0.2,2,1,1
5436,0.2,2,1,1
5437,0.2,1,1,1
5438,0.2,3,1,1
5439,0.2,2,1,1
5440,0.2,2,0,0
5441,0.2,0,1,1
5442,0.2,2,0,0
5443,2.2,0,1,1
5444,0.2,2,0,0
5445,0.2,2,0,0
5446,0.2,2,0,0
5447,1.0,2,0,1
5448,0.2,1,1,1
5449,0.2,2,0,0
5450,0.2,2,1,0
5451,0.2,1,0,0
5452,0.2,1,1,1
5453,0.2,3,0,0
5454,0.2,2,0,0
5455,0.2,2,0,0
5456,1.0,0,1,1
5457,0.2,1,1,1
5458,1.0,0,0,0
5459,0.2,2,0,0
5460,0.2,1,1,1
5461,0.2,3,0,0
5462,0.2,1,0,0
5463,1.0,0,1,1
5464,0.2,0,1,1
5465,0.2,0,0,1
5466,0.2,1,1,1
5467,0.2,2,1,1
5468,1.0,2,1,1
5469,0.2,2,0,0
5470,0.2,1,0,0
5471,0.2,1,0,0
5472,1.0,2,1,1
5473,0.2,2,0,0
5474,0.2,0,0,0
5475,0.2,1,1,1
5476,0.2,1,1,1
5477,0.2,1,1,1
5478,0.2,1,0,0
5479,1.0,2,1,0
5480,1.0,1,1,1
5481,1.0,2,1,1
5482,1.0,2,1,1
5483,0.2,2,0,0
5484,1.0,2,0,0
5485,1.0,1,0,0
5486,0.2,1,0,0
5487,0.2,3,0,0
5488,0.2,2,0,0
5489,0.2,2,1,1
5490,1.0,0,0,1
5491,1.0,2,1,0
5492,0.2,2,0,0
5493,1.0,2,1,0
5494,0.2,2,0,0
5495,0.2,1,1,0
5496,0.2,2,0,0
5497,1.0,2,1,1
5498,0.2,2,0,0
5499,0.2,2,0,0
5500,0.2,1,0,0
5501,0.2,1,1,1
5502,0.2,2,1,1
5503,1.0,0,1,1
5504,0.2,2,1,1
5505,0.2,1,0,0
5506,0.2,1,1,1
5507,1.0,3,0,0
5508,0.2,2,0,0
5509,0.2,1,0,0
5510,0.2,1,1,1
5511,0.2,3,0,0
5512,0.2,1,0,0
5513,1.0,2,1,1
5514,0.2,1,1,1
5515,0.2,1,0,1
5516,0.2,2,1,1
5517,0.2,1,0,0
5518,0.2,0,0,0
5519,0.2,2,1,1
5520,0.2,3,0,1
5521,0.2,1,0,0
5522,0.2,1,1,0
5523,1.0,2,0,0
5524,0.2,3,1,1
5525,1.0,1,1,1
5526,0.2,2,1,1
5527,0.2,1,1,1
5528,1.0,0,1,1
5529,0.2,2,1,0
5530,0.2,1,0,0
5531,0.2,2,0,0
5532,1.0,2,0,0
5533,1.0,0,1,1
5534,0.2,1,1,1
5535,0.2,2,1,1
5536,0.2,2,1,1
5537,1.0,1,1,1
5538,0.2,3,0,0
5539,0.2,2,1,1
5540,0.2,1,0,0
5541,0.2,1,0,0
5542,0.2,2,0,0
5543,1.0,3,1,1
5544,0.2,1,0,0
5545,0.2,0,0,0
5546,1.0,2,0,0
5547,1.0,1,1,1
5548,0.2,0,0,0
5549,1.0,3,0,1
5550,0.2,2,0,0
5551,0.2,2,1,1
5552,0.2,3,1,1
5553,0.2,3,0,0
5554,0.2,3,0,0
5555,0.2,1,0,0
5556,0.2,2,1,1
5557,0.2,0,1,1
5558,1.0,2,1,1
5559,1.0,0,1,1
5560,1.0,0,1,1
5561,0.2,2,1,1
5562,1.0,2,1,1
5563,1.0,3,0,0
5564,1.0,0,1,0
5565,0.2,0,0,0
5566,0.2,0,1,1
5567,0.2,2,1,1
5568,0.2,1,1,1
5569,0.2,1,1,0
5570,1.0,1,1,1
5571,2.2,3,1,1
5572,1.0,0,1,1
5573,0.2,3,0,0
5574,0.2,1,1,1
5575,0.2,2,0,0
5576,0.2,1,1,1
5577,0.2,0,0,1
5578,0.2,3,0,1
5579,1.0,0,1,1
5580,0.2,1,0,1
5581,0.2,1,1,1
5582,0.2,2,0,0
5583,0.2,2,0,0
5584,1.0,1,1,1
5585,1.0,2,0,1
5586,0.2,2,0,0
5587,0.2,2,0,0
5588,0.2,0,1,1
5589,0.2,2,0,0
5590,1.0,1,1,1
5591,0.2,1,0,0
5592,1.0,3,1,1
5593,0.2,1,1,1
5594,1.0,3,1,1
5595,0.2,1,0,0
5596,1.0,2,0,0
5597,0.2,3,0,0
5598,0.2,3,1,1
5599,1.0,2,1,1
5600,1.0,0,0,0
5601,0.2,0,0,1
5602,0.2,0,0,0
5603,0.2,2,1,1
5604,0.2,2,0,0
5605,0.2,1,1,0
5606,1.0,2,0,0
5607,0.2,2,0,0
5608,1.0,3,0,0
5609,0.2,1,0,0
5610,0.2,1,1,1
5611,0.2,1,1,1
5612,1.0,1,1,1
5613,0.2,1,1,0
5614,0.2,2,1,1
5615,1.0,2,0,0
5616,1.0,2,0,0
5617,0.2,1,0,0
5618,1.0,2,1,1
5619,0.2,2,0,0
5620,0.2,0,1,1
5621,0.2,1,0,0
5622,0.2,3,0,0
5623,0.2,1,1,0
5624,0.2,1,0,0
5625,0.2,2,1,1
5626,0.2,1,1,1
5627,0.2,2,0,0
5628,0.2,2,0,0
5629,0.2,0,0,0
5630,0.2,2,0,0
5631,0.2,1,0,0
5632,0.2,1,1,1
5633,1.0,1,1,0
5634,1.0,2,0,0
5635,0.2,1,1,1
5636,0.2,3,0,0
5637,0.2,2,1,1
5638,0.2,1,1,1
5639,0.2,2,0,1
5640,0.2,0,0,0
5641,0.2,1,1,1
5642,0.2,1,0,0
5643,2.2,1,1,1
5644,0.2,1,1,1
5645,0.2,2,0,0
5646,0.2,3,0,0
5647,0.2,1,0,0
5648,0.2,2,0,0
5649,0.2,3,0,0
5650,0.2,2,1,1
5651,0.2,3,1,1
5652,0.2,1,1,1
5653,0.2,1,1,1
5654,0.2,1,0,0
5655,0.2,1,0,0
5656,0.2,1,1,1
5657,0.2,0,0,0
5658,0.2,2,1,1
5659,1.0,1,0,1
5660,0.2,2,0,0
5661,0.2,2,0,0
5662,1.0,1,0,0
5663,0.2,1,0,0
5664,0.2,2,0,0
5665,0.2,2,0,0
5666,2.2,1,1,1
5667,0.2,2,1,1
5668,0.2,2,0,0
5669,0.2,2,0,0
5670,0.2,3,0,0
5671,0.2,0,0,0
5672,0.2,1,1,0
5673,0.2,1,0,1
5674,1.0,2,1,0
5675,0.2,1,0,0
5676,1.0,1,1,1
5677,1.0,0,1,1
5678,0.2,2,0,0
5679,0.2,1,0,0
5680,0.2,1,1,1
5681,0.2,3,1,0
5682,0.2,1,1,1
5683,0.2,1,0,0
5684,1.0,2,1,1
5685,0.2,1,0,0
5686,1.0,1,1,1
5687,1.0,2,0,0
5688,0.2,3,1,1
5689,0.2,2,0,1
5690,0.2,2,0,0
5691,0.2,1,0,0
5692,0.2,2,0,0
5693,1.0,2,0,0
5694,0.2,2,1,1
5695,1.0,2,1,1
5696,1.0,0,1,1
5697,0.2,1,1,1
5698,0.2,0,1,1
5699,0.2,3,0,0
5700,1.0,1,1,1
5701,0.2,3,0,0
5702,0.2,1,1,1
5703,0.2,1,1,1
5704,0.2,3,0,0
5705,2.2,3,1,1
5706,0.2,2,1,1
5707,0.2,2,0,0
5708,0.2,2,0,0
5709,0.2,0,1,1
5710,0.2,2,0,0
5711,1.0,1,1,1
5712,0.2,2,0,0
5713,0.2,2,1,0
5714,1.0,1,1,0
5715,1.0,2,0,1
5716,0.2,0,1,1
5717,0.2,0,1,1
5718,0.2,1,0,0
5719,0.2,3,0,0
5720,0.2,2,0,0
5721,1.0,2,1,1
5722,0.2,0,1,1
5723,1.0,3,1,1
5724,0.2,3,0,0
5725,0.2,3,0,0
5726,1.0,0,0,0
5727,0.2,1,0,0
5728,0.2,2,1,1
5729,1.0,0,1,1
5730,0.2,1,1,1
5731,0.2,2,1,1
5732,0.2,1,0,0
5733,0.2,2,1,0
5734,1.0,1,0,0
5735,0.2,2,0,0
5736,0.2,2,0,0
5737,0.2,3,0,0
5738,0.2,1,0,0
5739,0.2,3,0,0
5740,0.2,2,0,0
5741,1.0,1,1,1
5742,1.0,2,1,1
5743,1.0,2,0,0
5744,1.0,3,0,0
5745,0.2,1,0,0
5746,0.2,1,0,0
5747,0.2,3,0,0
5748,0.2,1,0,0
5749,0.2,0,0,0
5750,0.2,0,1,1
5751,0.2,0,0,0
5752,0.2,1,0,0
5753,0.2,2,0,0
5754,0.2,0,1,1
5755,0.2,1,0,0
5756,1.0,0,1,1
5757,0.2,1,1,1
5758,0.2,3,0,0
5759,0.2,2,0,0
5760,0.2,1,0,0
5761,0.2,1,1,1
5762,0.2,2,1,1
5763,0.2,1,1,1
5764,0.2,1,0,0
5765,0.2,1,1,1
5766,0.2,2,0,0
5767,0.2,1,0,0
5768,0.2,1,1,1
5769,0.2,0,0,0
5770,1.0,1,0,0
5771,1.0,1,0,1
5772,1.0,3,0,0
5773,0.2,0,0,0
5774,0.2,0,0,0
5775,0.2,0,0,0
5776,0.2,0,1,1
5777,0.2,3,1,0
5778,0.2,1,1,1
5779,0.2,0,1,1
5780,2.2,2,1,1
5781,1.0,2,1,1
5782,2.2,1,1,1
5783,0.2,1,0,0
5784,0.2,2,0,0
5785,0.2,1,0,1
5786,0.2,2,0,0
5787,1.0,2,0,0
5788,0.2,2,1,1
5789,0.2,2,1,1
5790,0.2,1,1,1
5791,0.2,2,1,1
5792,0.2,1,1,1
5793,0.2,2,1,1
5794,0.2,3,1,1
5795,0.2,2,1,1
5796,0.2,2,0,0
5797,0.2,3,0,0
5798,0.2,2,1,0
5799,0.2,2,0,0
5800,1.0,2,0,0
5801,1.0,1,1,1
5802,0.2,2,0,0
5803,0.2,2,0,0
5804,0.2,2,1,1
5805,2.2,1,1,1
5806,0.2,0,0,1
5807,1.0,2,0,1
5808,0.2,2,1,1
5809,0.2,1,0,0
5810,1.0,2,1,1
5811,2.2,0,1,1
5812,0.2,2,0,0
5813,0.2,1,1,1
5814,0.2,3,0,0
5815,0.2,1,0,0
5816,0.2,2,1,1
5817,1.0,1,0,0
5818,2.2,3,1,1
5819,0.2,1,0,0
5820,0.2,2,1,1
5821,0.2,2,0,0
5822,1.0,1,0,0
5823,0.2,1,1,1
5824,0.2,2,1,1
5825,0.2,2,0,0
5826,2.2,1,1,1
5827,1.0,3,1,1
5828,0.2,2,1,1
5829,0.2,1,1,1
5830,0.2,2,0,0
5831,0.2,2,1,0
5832,0.2,3,1,1
5833,1.0,1,0,1
5834,0.2,1,0,0
5835,0.2,2,1,1
5836,0.2,1,1,1
5837,0.2,0,1,1
5838,0.2,0,0,0
5839,0.2,0,1,1
5840,0.2,3,0,0
5841,1.0,0,0,1
5842,0.2,1,0,0
5843,0.2,3,1,1
5844,0.2,2,1,1
5845,0.2,2,0,0
5846,0.2,0,1,1
5847,0.2,2,0,0
5848,0.2,1,0,0
5849,0.2,3,0,0
5850,0.2,3,0,0
5851,0.2,1,0,0
5852,1.0,2,1,1
5853,0.2,1,0,0
5854,1.0,2,0,0
5855,0.2,2,0,0
5856,0.2,1,1,1
5857,0.2,3,0,0
5858,0.2,0,0,0
5859,1.0,2,1,1
5860,0.2,2,0,0
5861,0.2,0,0,0
5862,0.2,2,0,0
5863,2.2,2,1,1
5864,0.2,2,0,0
5865,0.2,3,0,0
5866,0.2,1,0,0
5867,0.2,2,0,0
5868,0.2,0,0,1
5869,0.2,1,0,1
5870,0.2,3,1,1
5871,0.2,1,1,1
5872,0.2,1,0,0
5873,0.2,3,0,0
5874,0.2,1,1,1
5875,1.0,2,0,0
5876,0.2,1,0,0
5877,1.0,1,1,1
5878,0.2,2,1,0
5879,0.2,1,1,1
5880,2.2,2,1,1
5881,0.2,2,0,0
5882,1.0,1,1,1
5883,0.2,0,1,0
5884,0.2,2,0,0
5885,0.2,3,1,1
5886,1.0,2,0,0
5887,0.2,0,0,0
5888,0.2,2,0,1
5889,0.2,1,0,0
5890,0.2,2,1,1
5891,0.2,0,1,1
5892,1.0,2,1,1
5893,1.0,2,0,1
5894,0.2,1,0,1
5895,0.2,1,0,0
5896,0.2,2,0,0
5897,0.2,1,0,0
5898,0.2,1,0,0
5899,0.2,2,1,1
5900,0.2,1,1,1
5901,1.0,1,0,0
5902,2.2,1,0,0
5903,0.2,2,1,1
5904,1.0,3,1,1
5905,1.0,2,1,1
5906,0.2,2,0,0
5907,0.2,1,0,0
5908,1.0,0,1,1
5909,0.2,1,1,1
5910,0.2,1,1,1
5911,0.2,2,0,0
5912,1.0,1,1,1
5913,1.0,3,1,1
5914,0.2,2,1,1
5915,0.2,2,0,0
5916,1.0,0,1,1
5917,0.2,1,1,0
5918,1.0,1,1,1
5919,0.2,2,1,0
5920,0.2,0,0,0
5921,2.2,1,1,0
5922,0.2,3,0,0
5923,0.2,1,1,0
5924,1.0,1,0,0
5925,0.2,1,0,0
5926,0.2,2,1,0
5927,2.2,1,1,1
5928,0.2,3,1,1
5929,0.2,1,0,1
5930,0.2,2,1,1
5931,0.2,2,0,0
5932,1.0,1,0,0
5933,1.0,2,1,1
5934,0.2,2,0,1
5935,0.2,2,1,0
5936,0.2,3,1,1
5937,0.2,3,0,0
5938,0.2,2,1,0
5939,0.2,1,1,0
5940,0.2,1,0,0
5941,0.2,1,0,0
5942,0.2,3,0,0
5943,0.2,0,1,1
5944,0.2,1,0,0
5945,0.2,3,0,0
5946,0.2,2,0,0
5947,1.0,2,1,0
5948,0.2,0,1,1
5949,0.2,2,1,0
5950,0.2,1,1,1
5951,0.2,2,0,0
5952,0.2,2,1,1
5953,0.2,2,1,1
5954,0.2,2,0,0
5955,2.2,1,1,1
5956,0.2,3,1,1
5957,0.2,1,1,1
5958,0.2,1,0,0
5959,0.2,1,1,0
5960,0.2,1,0,0
5961,0.2,1,1,0
5962,0.2,1,0,0
5963,0.2,2,0,0
5964,1.0,1,0,0
5965,0.2,0,1,1
5966,1.0,2,1,1
5967,0.2,2,1,1
5968,0.2,1,0,0
5969,0.2,1,1,1
5970,0.2,0,1,1
5971,0.2,2,0,1
5972,0.2,2,0,0
5973,0.2,2,1,1
5974,0.2,1,0,0
5975,0.2,0,0,0
5976,0.2,1,0,0
5977,0.2,1,0,0
5978,0.2,2,0,0
5979,0.2,1,1,1
5980,0.2,1,0,0
5981,0.2,1,0,0
5982,0.2,2,1,1
5983,0.2,0,1,1
5984,2.2,2,1,1
5985,0.2,2,1,0
5986,1.0,0,1,1
5987,0.2,0,1,1
5988,1.0,2,1,1
5989,0.2,1,0,0
5990,0.2,2,0,0
5991,0.2,1,1,0
5992,0.2,2,0,0
5993,1.0,3,1,1
5994,0.2,1,0,0
5995,0.2,1,1,1
5996,0.2,2,1,1
5997,0.2,3,0,0
5998,0.2,2,0,0
5999,1.0,2,1,1
6000,0.2,1,0,0
6001,0.2,1,1,1
6002,0.2,1,1,1
6003,0.2,1,0,0
6004,3.0,2,0,1
6005,0.2,1,0,0
6006,0.2,1,0,0
6007,0.2,2,1,1
6008,0.2,2,1,0
6009,2.2,1,1,1
6010,0.2,2,0,0
6011,0.2,1,1,1
6012,1.0,2,1,1
6013,0.2,3,1,1
6014,0.2,2,0,0
6015,0.2,1,0,1
6016,0.2,2,0,0
6017,0.2,2,0,0
6018,1.0,2,1,1
6019,0.2,1,0,0
6020,0.2,1,1,1
6021,0.2,1,1,1
6022,0.2,2,0,0
6023,0.2,1,1,0
6024,0.2,0,0,0
6025,0.2,2,0,0
6026,0.2,1,0,0
6027,0.2,2,0,0
6028,0.2,2,1,0
6029,0.2,3,1,1
6030,0.2,2,0,0
6031,0.2,2,0,0
6032,1.0,2,1,1
6033,0.2,1,0,0
6034,0.2,2,0,1
6035,0.2,1,1,0
6036,0.2,2,0,0
6037,0.2,0,0,1
6038,0.2,1,1,1
6039,1.0,2,1,1
6040,0.2,2,1,1
6041,0.2,2,1,1
6042,1.0,2,1,1
6043,0.2,1,1,1
6044,1.0,1,1,1
6045,0.2,2,0,0
6046,0.2,1,0,0
6047,0.2,1,0,0
6048,0.2,2,0,0
6049,0.2,2,0,0
6050,0.2,2,1,1
6051,0.2,2,1,1
6052,0.2,0,1,1
6053,0.2,2,0,0
6054,0.2,2,0,0
6055,0.2,3,0,1
6056,0.2,1,1,1
6057,0.2,1,0,1
6058,0.2,3,1,1
6059,0.2,1,0,0
6060,0.2,2,0,0
6061,0.2,3,0,0
6062,0.2,2,1,1
6063,0.2,3,1,1
6064,0.2,1,1,0
6065,0.2,1,0,0
6066,1.0,1,1,1
6067,0.2,1,0,0
6068,2.2,0,1,1
6069,0.2,1,0,0
6070,0.2,0,0,0
6071,0.2,2,0,0
6072,1.0,3,0,0
6073,1.0,3,1,1
6074,0.2,0,0,0
6075,0.2,1,1,1
6076,0.2,3,1,1
6077,0.2,2,0,0
6078,0.2,1,1,1
6079,0.2,2,0,0
6080,0.2,3,0,0
6081,0.2,2,1,0
6082,0.2,2,1,0
6083,0.2,3,0,0
6084,0.2,1,0,0
6085,0.2,1,0,0
6086,2.2,1,1,1
6087,0.2,1,0,0
6088,0.2,1,1,1
6089,0.2,1,0,0
6090,0.2,2,0,0
6091,0.2,0,1,1
6092,1.0,1,1,1
6093,0.2,1,1,1
6094,0.2,1,1,1
6095,1.0,3,1,1
6096,0.2,1,1,0
6097,0.2,2,0,0
6098,0.2,2,0,0
6099,0.2,2,1,1
6100,1.0,2,1,1
6101,0.2,1,1,1
6102,0.2,0,0,0
6103,0.2,1,1,0
6104,0.2,2,1,1
6105,1.0,1,1,1
6106,1.0,2,1,1
6107,0.2,3,1,1
6108,0.2,2,1,0
6109,0.2,2,0,0
6110,2.2,1,0,1
6111,0.2,3,0,0
6112,1.0,2,1,1
6113,0.2,2,1,1
6114,1.0,2,1,1
6115,0.2,1,1,1
6116,0.2,3,0,0
6117,0.2,3,0,0
6118,0.2,1,1,1
6119,1.0,1,1,1
6120,0.2,2,0,0
6121,0.2,2,0,0
6122,1.0,2,0,0
6123,0.2,1,0,0
6124,1.0,1,1,1
6125,1.0,3,0,0
6126,0.2,1,1,1
6127,0.2,1,0,0
6128,0.2,1,0,0
6129,1.0,3,1,1
6130,0.2,2,0,0
6131,0.2,0,0,0
6132,1.0,3,1,1
6133,0.2,2,1,1
6134,0.2,1,1,1
6135,0.2,1,1,1
6136,1.0,3,1,1
6137,0.2,1,0,0
6138,0.2,1,1,0
6139,1.0,2,1,1
6140,0.2,2,1,0
6141,1.0,1,1,1
6142,0.2,1,0,0
6143,1.0,1,0,0
6144,0.2,0,0,0
6145,1.0,3,1,1
6146,0.2,2,1,1
6147,0.2,1,0,0
6148,0.2,3,0,0
6149,0.2,2,1,1
6150,0.2,2,1,1
6151,0.2,2,0,0
6152,0.2,2,0,0
6153,0.2,2,0,0
6154,0.2,2,0,0
6155,0.2,1,1,1
6156,0.2,1,1,1
6157,0.2,1,0,0
6158,0.2,2,0,0
6159,0.2,2,1,1
6160,0.2,1,1,1
6161,1.0,2,1,1
6162,0.2,0,1,1
6163,1.0,1,1,1
6164,1.0,0,0,0
6165,0.2,1,0,0
6166,0.2,1,1,1
6167,1.0,3,1,1
6168,0.2,3,1,1
6169,0.2,2,0,0
6170,0.2,2,1,1
6171,0.2,2,1,1
6172,0.2,0,0,0
6173,1.0,2,1,1
6174,0.2,3,0,0
6175,2.2,2,1,1
6176,0.2,1,1,1
6177,0.2,1,1,1
6178,1.0,2,1,1
6179,0.2,3,1,1
6180,0.2,0,1,0
6181,1.0,1,1,0
6182,0.2,0,1,1
6183,0.2,0,1,1
6184,0.2,1,0,1
6185,0.2,1,0,0
6186,0.2,1,0,0
6187,0.2,2,0,0
6188,0.2,2,0,0
6189,1.0,1,1,1
6190,0.2,1,1,1
6191,0.2,2,1,1
6192,0.2,2,0,0
6193,1.0,2,0,0
6194,0.2,1,1,1
6195,0.2,2,1,1
6196,0.2,3,0,0
6197,0.2,1,0,0
6198,0.2,2,0,0
6199,1.0,2,1,1
6200,0.2,2,0,0
6201,0.2,2,0,0
6202,0.2,2,0,0
6203,0.2,0,0,0
6204,0.2,0,1,1
6205,0.2,2,0,0
6206,0.2,3,0,0
6207,0.2,1,1,1
6208,0.2,0,1,1
6209,1.0,2,1,1
6210,0.2,1,0,0
6211,0.2,2,0,0
6212,0.2,3,0,0
6213,0.2,0,1,1
6214,0.2,0,1,1
6215,0.2,2,0,0
6216,0.2,1,0,0
6217,0.2,3,0,0
6218,1.0,2,0,0
6219,0.2,2,0,0
6220,0.2,2,1,0
6221,0.2,1,0,0
6222,1.0,1,1,1
6223,1.0,2,0,0
6224,0.2,0,1,1
6225,0.2,2,1,1
6226,0.2,0,1,1
6227,0.2,2,1,1
6228,0.2,2,1,1
6229,1.0,0,1,1
6230,0.2,1,1,0
6231,1.0,1,0,1
6232,0.2,2,0,0
6233,0.2,3,0,0
6234,0.2,2,1,1
6235,0.2,0,0,0
6236,0.2,3,0,0
6237,0.2,1,1,1
6238,1.0,3,0,0
6239,0.2,2,0,0
6240,0.2,1,1,1
6241,1.0,2,1,1
6242,3.0,1,1,1
6243,1.0,2,1,1
6244,0.2,0,0,0
6245,1.0,1,0,0
6246,1.0,1,1,1
6247,0.2,1,0,0
6248,1.0,1,0,0
6249,0.2,0,0,0
6250,0.2,2,0,0
6251,0.2,2,1,1
6252,0.2,1,0,0
6253,0.2,2,1,1
6254,2.2,1,1,1
6255,0.2,2,0,0
6256,0.2,2,0,0
6257,0.2,2,1,1
6258,0.2,2,1,1
6259,0.2,0,0,0
6260,0.2,1,0,1
6261,0.2,1,1,1
6262,0.2,3,0,0
6263,0.2,0,0,0
6264,0.2,2,0,0
6265,0.2,1,0,0
6266,0.2,1,0,0
6267,1.0,3,1,0
6268,0.2,1,0,0
6269,0.2,1,1,1
6270,0.2,1,0,0
6271,0.2,1,0,0
6272,0.2,0,1,1
6273,0.2,2,1,1
6274,1.0,2,0,0
6275,1.0,1,1,1
6276,0.2,3,0,0
6277,0.2,3,0,0
6278,1.0,1,0,0
6279,0.2,1,1,0
6280,0.2,1,1,1
6281,0.2,3,0,0
6282,0.2,1,1,1
6283,0.2,1,0,0
6284,0.2,0,1,1
6285,0.2,1,0,0
6286,0.2,2,0,1
6287,0.2,3,0,0
6288,0.2,1,0,0
6289,0.2,3,1,0
6290,1.0,1,0,0
6291,1.0,2,1,1
6292,0.2,2,0,0
6293,0.2,1,0,0
6294,2.2,1,1,1
6295,0.2,1,1,0
6296,1.0,1,1,1
6297,0.2,0,1,1
6298,1.0,2,0,0
6299,0.2,3,0,0
6300,0.2,0,0,0
6301,0.2,2,1,0
6302,0.2,2,0,0
6303,1.0,1,1,1
6304,0.2,0,1,1
6305,0.2,2,1,0
6306,0.2,1,1,1
6307,0.2,1,0,0
6308,0.2,1,0,0
6309,0.2,0,0,0
6310,1.0,1,0,0
6311,0.2,2,1,1
6312,1.0,2,1,1
6313,0.2,2,1,1
6314,2.2,2,0,1
6315,0.2,2,1,1
6316,0.2,0,1,1
6317,0.2,0,0,1
6318,0.2,1,1,1
6319,0.2,2,0,0
6320,0.2,2,1,1
6321,0.2,3,0,0
6322,1.0,1,1,1
6323,0.2,1,1,1
6324,0.2,3,0,0
6325,0.2,1,0,0
6326,0.2,2,0,0
6327,0.2,0,0,0
6328,0.2,3,0,0
6329,1.0,2,1,1
6330,0.2,3,1,1
6331,1.0,1,0,0
6332,0.2,1,0,0
6333,0.2,3,0,0
6334,0.2,1,0,0
6335,0.2,1,0,1
6336,1.0,0,1,1
6337,1.0,1,1,1
6338,0.2,0,1,1
6339,0.2,1,0,0
6340,1.0,1,1,1
6341,0.2,1,0,0
6342,1.0,0,0,0
6343,0.2,2,1,1
6344,0.2,1,0,0
6345,0.2,1,0,0
6346,0.2,2,1,1
6347,0.2,2,0,0
6348,0.2,2,0,0
6349,0.2,2,0,0
6350,1.0,2,1,1
6351,0.2,1,0,0
6352,0.2,3,0,0
6353,0.2,1,0,0
6354,0.2,2,1,0
6355,1.0,1,0,0
6356,0.2,1,0,0
6357,0.2,2,1,1
6358,0.2,1,1,1
6359,0.2,0,1,1
6360,0.2,0,1,1
6361,0.2,1,0,0
6362,0.2,1,1,1
6363,0.2,0,1,1
6364,0.2,2,1,0
6365,0.2,1,1,1
6366,0.2,2,0,0
6367,0.2,1,1,1
6368,1.0,1,0,0
6369,2.2,3,1,1
6370,0.2,2,1,1
6371,2.2,2,1,1
6372,1.0,2,0,1
6373,0.2,3,0,0
6374,0.2,1,0,0
6375,0.2,2,1,1
6376,0.2,1,0,0
6377,0.2,2,0,0
6378,0.2,1,1,1
6379,0.2,2,1,1
6380,1.0,1,1,1
6381,0.2,1,0,0
6382,0.2,3,0,0
6383,1.0,1,0,0
6384,0.2,1,1,1
6385,1.0,2,0,0
6386,0.2,2,0,0
6387,0.2,1,0,0
6388,0.2,0,0,0
6389,0.2,3,0,0
6390,0.2,1,0,0
6391,0.2,3,1,1
6392,1.0,1,0,1
6393,1.0,1,0,0
6394,1.0,3,0,0
6395,0.2,2,1,0
6396,0.2,1,0,0
6397,0.2,3,0,0
6398,1.0,2,1,1
6399,0.2,3,1,0
6400,0.2,0,1,1
6401,0.2,2,1,1
6402,0.2,2,1,1
6403,0.2,1,0,1
6404,0.2,1,1,0
6405,0.2,2,0,0
6406,1.0,3,1,1
6407,0.2,0,0,0
6408,0.2,2,0,0
6409,0.2,2,1,1
6410,0.2,2,1,1
6411,2.2,1,1,1
6412,0.2,3,0,0
6413,0.2,2,1,1
6414,1.0,1,0,0
6415,0.2,2,0,0
6416,0.2,2,1,1
6417,1.0,1,0,0
6418,1.0,1,1,1
6419,0.2,2,1,1
6420,1.0,2,1,1
6421,0.2,1,0,0
6422,0.2,2,0,0
6423,0.2,1,0,1
6424,0.2,0,0,0
6425,1.0,1,0,0
6426,0.2,2,0,0
6427,0.2,2,1,1
6428,0.2,1,0,0
6429,0.2,2,1,1
6430,0.2,2,0,0
6431,0.2,1,1,1
6432,0.2,1,1,1
6433,0.2,2,1,1
6434,0.2,2,0,0
6435,0.2,1,0,0
6436,1.0,0,1,1
6437,2.2,0,1,1
6438,0.2,2,0,1
6439,0.2,1,0,0
6440,0.2,1,0,0
6441,0.2,2,1,1
6442,0.2,1,1,1
6443,0.2,1,1,1
6444,0.2,1,1,1
6445,0.2,1,1,1
6446,0.2,3,0,0
6447,0.2,1,0,0
6448,1.0,1,0,0
6449,0.2,0,1,1
6450,1.0,2,1,1
6451,0.2,1,1,1
6452,0.2,3,0,0
6453,0.2,2,0,0
6454,0.2,3,0,0
6455,0.2,2,0,0
6456,0.2,1,0,0
6457,0.2,1,1,1
6458,1.0,1,1,1
6459,0.2,1,0,0
6460,0.2,0,1,0
6461,0.2,1,0,0
6462,0.2,2,0,0
6463,0.2,3,1,1
6464,0.2,1,0,0
6465,0.2,0,1,1
6466,0.2,1,0,0
6467,0.2,1,0,0
6468,0.2,1,1,1
6469,1.0,2,0,0
6470,0.2,2,1,0
6471,0.2,3,1,1
6472,0.2,1,1,1
6473,0.2,3,0,0
6474,0.2,2,0,0
6475,1.0,2,1,1
6476,1.0,2,0,1
6477,1.0,3,1,1
6478,0.2,1,1,1
6479,0.2,1,0,0
6480,0.2,1,0,0
6481,0.2,1,1,1
6482,1.0,1,0,0
6483,0.2,1,0,0
6484,0.2,2,0,0
6485,0.2,1,0,0
6486,0.2,2,1,1
6487,1.0,3,0,0
6488,0.2,3,1,0
6489,0.2,1,1,1
6490,0.2,1,1,0
6491,0.2,1,0,0
6492,0.2,2,1,1
6493,1.0,1,1,1
6494,0.2,2,1,1
6495,0.2,2,1,1
6496,0.2,3,1,1
6497,1.0,0,1,1
6498,0.2,1,0,1
6499,0.2,1,1,1
6500,0.2,3,0,0
6501,0.2,3,0,0
6502,0.2,1,0,0
6503,1.0,1,1,1
6504,1.0,1,1,1
6505,2.2,1,1,1
6506,0.2,3,0,0
6507,0.2,2,0,0
6508,0.2,1,1,0
6509,0.2,3,0,0
6510,0.2,2,0,0
6511,0.2,1,1,1
6512,1.0,2,1,1
6513,0.2,2,0,0
6514,0.2,3,1,0
6515,0.2,1,0,0
6516,0.2,1,1,1
6517,0.2,1,0,0
6518,0.2,2,0,0
6519,0.2,2,0,0
6520,0.2,3,0,0
6521,1.0,1,1,1
6522,0.2,3,0,0
6523,0.2,1,1,1
6524,0.2,3,1,1
6525,0.2,2,0,1
6526,0.2,2,1,1
6527,0.2,0,0,0
6528,0.2,1,1,1
6529,0.2,2,0,0
6530,0.2,1,1,1
6531,0.2,1,1,1
6532,0.2,3,0,0
6533,0.2,0,1,1
6534,0.2,3,1,1
6535,0.2,2,1,1
6536,0.2,2,1,1
6537,0.2,2,1,1
6538,0.2,2,0,0
6539,0.2,1,0,0
6540,0.2,1,1,1
6541,0.2,0,0,0
6542,1.0,3,1,1
6543,0.2,2,1,1
6544,1.0,0,0,0
6545,1.0,1,1,1
6546,0.2,1,0,0
6547,1.0,3,0,0
6548,0.2,1,0,0
6549,0.2,2,0,0
6550,0.2,1,0,0
6551,0.2,2,0,0
6552,0.2,2,0,0
6553,0.2,2,0,0
6554,0.2,1,0,0
6555,1.0,1,1,1
6556,0.2,1,0,0
6557,0.2,0,0,0
6558,1.0,1,1,1
6559,1.0,1,1,1
6560,0.2,1,0,1
6561,1.0,3,1,1
6562,1.0,3,1,1
6563,1.0,2,1,0
6564,0.2,1,0,1
6565,1.0,1,0,0
6566,0.2,3,1,1
6567,0.2,1,0,0
6568,0.2,2,0,0
6569,0.2,2,0,0
6570,0.2,0,1,1
6571,0.2,0,1,0
6572,0.2,2,1,1
6573,0.2,1,0,0
6574,0.2,2,0,0
6575,1.0,2,1,1
6576,1.0,2,0,0
6577,0.2,0,0,1
6578,0.2,1,0,0
6579,1.0,1,1,1
6580,1.0,1,1,1
6581,0.2,2,0,0
6582,0.2,2,0,0
6583,0.2,1,0,0
6584,1.0,1,1,1
6585,0.2,1,1,1
6586,0.2,2,0,0
6587,1.0,2,1,0
6588,0.2,0,1,1
6589,0.2,3,0,0
6590,1.0,2,0,0
6591,0.2,2,1,1
6592,0.2,1,0,0
6593,0.2,2,1,1
6594,1.0,3,1,0
6595,0.2,2,1,1
6596,1.0,1,0,0
6597,0.2,0,0,0
6598,0.2,2,0,0
6599,0.2,0,1,1
6600,0.2,1,0,1
6601,1.0,2,0,0
6602,0.2,0,1,1
6603,0.2,2,0,0
6604,0.2,2,1,0
6605,0.2,2,0,0
6606,1.0,0,1,1
6607,1.0,2,0,0
6608,0.2,2,0,0
6609,1.0,2,1,1
6610,0.2,1,0,0
6611,0.2,0,1,1
6612,1.0,3,1,1
6613,0.2,2,0,0
6614,0.2,3,1,1
6615,0.2,1,0,0
6616,1.0,1,1,1
6617,0.2,0,0,1
6618,0.2,2,0,1
6619,0.2,1,0,0
6620,0.2,2,0,0
6621,1.0,1,0,0
6622,0.2,1,1,1
6623,0.2,1,0,0
6624,0.2,3,0,0
6625,0.2,2,1,1
6626,1.0,3,1,1
6627,0.2,0,0,0
6628,0.2,3,1,1
6629,0.2,2,0,0
6630,0.2,2,0,0
6631,0.2,1,1,1
6632,1.0,0,0,1
6633,0.2,1,0,0
6634,0.2,3,0,0
6635,0.2,2,1,1
6636,2.2,0,1,1
6637,0.2,1,0,0
6638,0.2,1,1,1
6639,0.2,3,0,0
6640,0.2,2,1,1
6641,0.2,2,0,0
6642,0.2,1,1,1
6643,0.2,2,1,1
6644,1.0,3,1,0
6645,0.2,3,0,0
6646,1.0,1,1,1
6647,0.2,1,1,1
6648,1.0,1,1,1
6649,0.2,3,1,1
6650,0.2,3,0,0
6651,0.2,1,1,0
6652,0.2,1,0,1
6653,1.0,2,0,0
6654,1.0,0,1,1
6655,1.0,3,0,1
6656,0.2,1,0,0
6657,1.0,2,1,0
6658,0.2,0,1,1
6659,2.2,1,1,1
6660,0.2,1,1,1
6661,0.2,1,0,0
6662,1.0,1,1,1
6663,1.0,2,1,1
6664,0.2,2,0,0
6665,0.2,1,1,1
6666,1.0,0,0,0
6667,0.2,2,0,0
6668,0.2,0,0,0
6669,1.0,1,1,1
6670,0.2,1,0,0
6671,0.2,2,1,0
6672,1.0,1,0,0
6673,0.2,0,1,1
6674,0.2,2,0,0
6675,0.2,1,1,1
6676,1.0,2,1,1
6677,0.2,0,1,1
6678,0.2,2,1,1
6679,1.0,2,0,0
6680,0.2,2,0,0
6681,0.2,0,1,1
6682,0.2,1,1,1
6683,0.2,2,1,0
6684,0.2,2,1,1
6685,0.2,1,0,0
6686,0.2,3,1,1
6687,0.2,2,1,1
6688,1.0,2,0,0
6689,0.2,2,1,1
6690,2.2,2,1,1
6691,0.2,1,0,0
6692,0.2,0,1,1
6693,0.2,2,1,1
6694,0.2,3,1,0
6695,0.2,2,1,0
6696,1.0,3,0,0
6697,0.2,1,0,0
6698,0.2,2,0,0
6699,0.2,1,1,1
6700,0.2,2,0,0
6701,0.2,1,0,0
6702,0.2,3,1,1
6703,0.2,2,0,0
6704,0.2,1,0,0
6705,0.2,0,0,0
6706,1.0,1,1,1
6707,0.2,2,1,1
6708,0.2,1,0,0
6709,1.0,1,1,1
6710,2.2,1,1,1
6711,0.2,2,1,1
6712,0.2,2,1,0
6713,0.2,2,1,1
6714,1.0,2,1,1
6715,0.2,1,0,0
6716,0.2,0,1,1
6717,0.2,1,1,0
6718,1.0,1,0,1
6719,1.0,2,1,1
6720,0.2,1,0,0
6721,0.2,2,0,0
6722,0.2,0,0,0
6723,0.2,2,0,0
6724,0.2,3,1,0
6725,0.2,0,0,0
6726,0.2,0,1,1
6727,0.2,2,1,1
6728,0.2,0,0,1
6729,0.2,0,1,1
6730,0.2,2,0,0
6731,0.2,2,1,1
6732,1.0,2,1,1
6733,0.2,2,0,0
6734,0.2,3,0,0
6735,0.2,1,0,0
6736,0.2,2,1,1
6737,1.0,1,0,0
6738,0.2,1,0,0
6739,0.2,2,1,1
6740,0.2,3,0,0
6741,1.0,1,0,0
6742,0.2,1,1,0
6743,0.2,2,1,1
6744,0.2,2,0,0
6745,0.2,1,0,0
6746,0.2,2,1,0
6747,0.2,1,0,0
6748,1.0,2,0,0
6749,0.2,2,0,1
6750,0.2,3,1,1
6751,0.2,1,0,0
6752,0.2,2,0,0
6753,0.2,3,0,0
6754,0.2,1,0,0
6755,0.2,2,1,1
6756,0.2,1,0,1
6757,0.2,2,0,0
6758,0.2,2,0,0
6759,0.2,2,1,1
6760,0.2,2,1,1
6761,0.2,2,0,0
6762,0.2,1,0,0
6763,0.2,2,1,1
6764,1.0,0,1,1
6765,0.2,2,1,0
6766,1.0,2,1,1
6767,0.2,1,1,1
6768,1.0,1,0,1
6769,1.0,2,0,0
6770,0.2,2,0,0
6771,0.2,2,0,0
6772,2.2,2,1,1
6773,0.2,2,1,1
6774,0.2,2,0,0
6775,0.2,1,1,1
6776,1.0,1,0,0
6777,0.2,0,1,1
6778,0.2,1,1,1
6779,0.2,2,0,0
6780,0.2,2,1,0
6781,2.2,2,0,0
6782,0.2,2,0,0
6783,0.2,1,1,1
6784,0.2,1,1,1
6785,0.2,1,0,0
6786,0.2,2,1,1
6787,0.2,1,1,1
6788,0.2,1,0,0
6789,1.0,3,0,0
6790,1.0,2,0,0
6791,0.2,0,1,1
6792,1.0,1,1,1
6793,0.2,0,0,0
6794,0.2,2,1,0
6795,1.0,2,0,0
6796,0.2,2,1,1
6797,0.2,0,0,0
6798,0.2,3,0,0
6799,0.2,2,1,0
6800,0.2,2,1,0
6801,0.2,2,0,0
6802,1.0,1,1,1
6803,0.2,2,0,0
6804,0.2,3,1,1
6805,0.2,1,0,0
6806,0.2,0,0,0
6807,0.2,1,1,1
6808,0.2,2,0,0
6809,0.2,1,0,0
6810,1.0,2,0,0
6811,0.2,2,1,1
6812,1.0,1,1,1
6813,1.0,1,1,1
6814,0.2,1,1,1
6815,0.2,1,1,1
6816,0.2,2,1,1
6817,0.2,1,0,0
6818,1.0,0,0,0
6819,0.2,0,0,0
6820,1.0,1,1,1
6821,0.2,1,1,1
6822,0.2,0,0,0
6823,0.2,3,0,0
6824,0.2,1,1,1
6825,0.2,1,0,0
6826,0.2,1,1,1
6827,0.2,1,1,1
6828,1.0,0,1,1
6829,0.2,1,0,0
6830,1.0,2,0,1
6831,0.2,1,1,1
6832,0.2,2,1,1
6833,0.2,3,0,0
6834,1.0,1,1,1
6835,0.2,2,0,0
6836,0.2,0,1,1
6837,0.2,2,0,1
6838,0.2,1,1,1
6839,0.2,2,0,0
6840,1.0,2,1,1
6841,0.2,2,1,1
6842,0.2,1,1,1
6843,0.2,2,1,1
6844,0.2,2,0,0
6845,0.2,2,1,1
6846,0.2,3,0,0
6847,0.2,1,1,1
6848,0.2,2,1,1
6849,1.0,1,0,0
6850,0.2,1,1,1
6851,1.0,3,1,1
6852,0.2,2,0,0
6853,0.2,2,1,1
6854,2.2,0,1,1
6855,0.2,0,1,1
6856,0.2,0,1,1
6857,1.0,1,1,1
6858,1.0,2,0,0
6859,1.0,1,1,1
6860,0.2,0,1,1
6861,1.0,1,0,1
6862,0.2,1,0,0
6863,1.0,1,1,1
6864,0.2,1,1,1
6865,1.0,3,0,0
6866,0.2,1,0,0
6867,0.2,0,1,1
6868,0.2,1,1,1
6869,0.2,1,0,0
6870,0.2,2,0,1
6871,0.2,2,0,0
6872,0.2,2,0,0
6873,0.2,3,1,1
6874,1.0,3,0,0
6875,0.2,1,1,1
6876,0.2,0,1,1
6877,1.0,2,1,1
6878,0.2,1,1,0
6879,0.2,2,0,0
6880,2.2,2,1,1
6881,0.2,0,1,1
6882,1.0,2,0,0
6883,0.2,1,1,1
6884,1.0,0,0,0
6885,1.0,2,1,1
6886,0.2,0,1,1
6887,0.2,2,0,0
6888,2.2,2,1,1
6889,0.2,1,1,1
6890,0.2,3,0,0
6891,0.2,0,1,1
6892,0.2,2,0,0
6893,0.2,3,1,1
6894,0.2,2,0,0
6895,0.2,2,0,0
6896,1.0,2,0,0
6897,0.2,1,0,0
6898,0.2,2,0,0
6899,0.2,2,0,0
6900,0.2,0,1,1
6901,0.2,2,0,0
6902,0.2,0,1,1
6903,0.2,1,1,1
6904,2.2,1,1,1
6905,0.2,1,1,1
6906,1.0,2,1,1
6907,0.2,0,0,0
6908,0.2,1,1,1
6909,0.2,2,1,1
6910,0.2,3,1,1
6911,1.0,0,0,0
6912,0.2,1,1,1
6913,0.2,2,0,1
6914,0.2,1,1,1
6915,1.0,1,1,1
6916,1.0,1,0,0
6917,0.2,2,0,0
6918,1.0,3,1,1
6919,0.2,1,0,0
6920,0.2,1,0,0
6921,0.2,2,1,1
6922,0.2,2,1,0
6923,0.2,2,0,0
6924,1.0,2,1,1
6925,0.2,2,1,1
6926,1.0,2,0,0
6927,0.2,2,0,1
6928,1.0,1,1,1
6929,0.2,1,1,1
6930,1.0,2,0,0
6931,1.0,2,1,0
6932,0.2,0,1,1
6933,0.2,2,0,0
6934,0.2,2,0,0
6935,1.0,1,1,1
6936,1.0,1,1,1
6937,0.2,2,0,0
6938,0.2,1,1,1
6939,0.2,1,1,0
6940,1.0,3,1,1
6941,1.0,1,0,1
6942,0.2,0,0,0
6943,0.2,1,0,0
6944,0.2,2,0,1
6945,0.2,1,0,0
6946,1.0,2,1,1
6947,0.2,1,0,0
6948,0.2,1,0,0
6949,0.2,1,0,1
6950,0.2,2,1,1
6951,0.2,3,0,0
6952,0.2,1,1,1
6953,1.0,1,1,1
6954,0.2,1,1,1
6955,0.2,1,1,1
6956,1.0,1,0,1
6957,0.2,3,0,0
6958,0.2,1,0,0
6959,0.2,2,1,0
6960,0.2,1,1,1
6961,0.2,2,1,1
6962,1.0,2,0,0
6963,1.0,0,1,1
6964,0.2,1,1,1
6965,0.2,1,1,1
6966,0.2,2,0,0
6967,1.0,2,0,0
6968,0.2,2,1,1
6969,1.0,2,0,0
6970,0.2,1,0,0
6971,0.2,2,0,0
6972,0.2,1,1,1
6973,0.2,1,1,1
6974,0.2,3,0,0
6975,0.2,2,1,1
6976,0.2,1,0,0
6977,0.2,3,1,1
6978,0.2,2,1,1
6979,0.2,1,0,0
6980,0.2,1,0,1
6981,0.2,1,1,1
6982,1.0,2,1,1
6983,0.2,1,1,1
6984,0.2,3,0,0
6985,1.0,1,1,1
6986,0.2,2,0,1
6987,1.0,0,1,1
6988,0.2,3,1,1
6989,0.2,3,0,0
6990,1.0,1,1,1
6991,0.2,1,1,1
6992,2.2,1,1,1
6993,0.2,2,0,0
6994,0.2,1,1,1
6995,1.0,0,1,1
6996,0.2,3,0,0
6997,0.2,1,0,0
6998,0.2,2,0,0
6999,0.2,3,0,0
7000,0.2,1,0,0
7001,0.2,1,0,0
7002,0.2,2,1,1
7003,1.0,1,1,1
7004,1.0,2,1,1
7005,0.2,1,0,0
7006,0.2,3,0,0
7007,0.2,2,0,0
7008,1.0,3,1,1
7009,0.2,1,1,1
7010,0.2,0,1,1
7011,0.2,2,0,0
7012,0.2,2,1,1
7013,0.2,2,1,1
7014,0.2,1,1,1
7015,0.2,1,1,1
7016,0.2,0,1,1
7017,1.0,2,1,1
7018,0.2,0,1,1
7019,1.0,1,1,1
7020,1.0,0,1,1
7021,1.0,0,0,0
7022,2.2,1,1,1
7023,1.0,1,1,1
7024,0.2,1,1,1
7025,0.2,2,0,0
7026,0.2,2,1,1
7027,0.2,2,0,0
7028,0.2,1,0,0
7029,0.2,1,1,1
7030,0.2,3,1,1
7031,1.0,3,1,1
7032,0.2,1,1,1
7033,0.2,2,1,1
7034,0.2,0,0,0
7035,0.2,2,0,0
7036,0.2,1,1,0
7037,0.2,2,1,1
7038,0.2,0,1,1
7039,1.0,2,0,1
7040,1.0,2,1,1
7041,0.2,1,0,0
7042,1.0,2,0,0
7043,0.2,0,0,0
7044,0.2,0,0,1
7045,0.2,2,0,0
7046,0.2,0,1,0
7047,1.0,1,1,1
7048,0.2,2,1,1
7049,0.2,1,1,1
7050,0.2,0,1,1
7051,0.2,2,1,0
7052,0.2,1,0,0
7053,0.2,2,0,0
7054,0.2,2,1,1
7055,0.2,3,0,1
7056,0.2,1,1,1
7057,0.2,2,1,1
7058,0.2,3,0,0
7059,0.2,1,0,0
7060,1.0,0,1,1
7061,0.2,3,0,0
7062,0.2,0,1,1
7063,0.2,2,1,1
7064,0.2,1,1,1
7065,0.2,1,0,0
7066,0.2,2,0,1
7067,0.2,2,1,1
7068,0.2,2,0,0
7069,1.0,1,1,1
7070,0.2,2,1,0
7071,0.2,2,1,1
7072,1.0,3,1,1
7073,0.2,1,0,0
7074,1.0,1,0,1
7075,0.2,2,0,1
7076,1.0,2,0,0
7077,0.2,0,1,1
7078,0.2,1,0,1
7079,0.2,1,0,1
7080,0.2,2,0,0
7081,1.0,3,0,0
7082,0.2,3,0,0
7083,0.2,2,0,0
7084,0.2,2,0,1
7085,0.2,2,0,0
7086,0.2,1,1,1
7087,0.2,3,1,1
7088,0.2,2,0,0
7089,0.2,2,1,1
7090,0.2,3,0,0
7091,0.2,1,1,1
7092,0.2,0,1,1
7093,0.2,0,0,0
7094,0.2,0,1,1
7095,0.2,2,1,1
7096,1.0,0,1,1
7097,0.2,1,1,1
7098,2.2,1,0,0
7099,0.2,3,0,0
7100,0.2,2,0,0
7101,1.0,1,0,0
7102,0.2,0,0,1
7103,1.0,2,0,0
7104,0.2,1,0,0
7105,0.2,1,1,1
7106,0.2,2,0,0
7107,0.2,3,1,1
7108,0.2,3,1,1
7109,0.2,2,0,0
7110,1.0,2,1,1
7111,0.2,1,1,1
7112,0.2,2,0,1
7113,0.2,3,1,1
7114,0.2,1,0,0
7115,1.0,1,1,1
7116,0.2,0,1,1
7117,1.0,3,0,1
7118,1.0,1,1,1
7119,0.2,1,0,0
7120,0.2,1,0,0
7121,0.2,0,0,0
7122,1.0,1,1,1
7123,0.2,3,0,0
7124,1.0,2,1,1
7125,1.0,2,1,1
7126,2.2,2,1,1
7127,0.2,3,0,0
7128,2.2,2,0,1
7129,0.2,2,1,0
7130,0.2,2,0,0
7131,0.2,1,1,1
7132,0.2,1,1,1
7133,0.2,2,1,1
7134,0.2,0,1,1
7135,0.2,0,0,0
7136,0.2,1,0,0
7137,0.2,2,0,0
7138,0.2,2,1,1
7139,0.2,1,1,1
7140,0.2,0,0,0
7141,1.0,0,1,1
7142,0.2,2,1,1
7143,2.2,3,1,1
7144,0.2,2,1,0
7145,0.2,1,1,1
7146,0.2,2,0,0
7147,0.2,1,0,0
7148,0.2,2,0,0
7149,0.2,2,0,0
7150,0.2,1,0,0
7151,0.2,1,1,1
7152,0.2,2,0,0
7153,0.2,2,1,1
7154,0.2,1,1,1
7155,0.2,2,1,1
7156,0.2,1,1,1
7157,0.2,3,1,1
7158,1.0,3,0,1
7159,0.2,1,1,1
7160,0.2,2,1,1
7161,0.2,2,1,1
7162,0.2,2,0,0
7163,1.0,3,1,1
7164,0.2,1,0,0
7165,0.2,0,1,1
7166,0.2,1,1,1
7167,0.2,1,1,0
7168,1.0,1,1,1
7169,0.2,1,0,1
7170,0.2,0,1,0
7171,0.2,2,1,1
7172,0.2,1,0,1
7173,0.2,2,1,1
7174,0.2,1,1,0
7175,1.0,2,0,1
7176,0.2,2,0,0
7177,0.2,2,1,0
7178,1.0,0,0,0
7179,0.2,1,1,1
7180,1.0,2,0,0
7181,0.2,2,0,0
7182,0.2,2,0,0
7183,0.2,0,0,0
7184,0.2,2,1,0
7185,0.2,1,1,1
7186,0.2,1,0,0
7187,0.2,2,1,0
7188,0.2,1,0,0
7189,0.2,2,0,0
7190,1.0,3,0,0
7191,0.2,2,1,1
7192,0.2,2,0,0
7193,0.2,1,0,0
7194,0.2,2,1,1
7195,1.0,1,1,1
7196,0.2,2,1,1
7197,0.2,0,1,1
7198,0.2,2,0,0
7199,1.0,1,1,1
7200,1.0,0,1,1
7201,0.2,1,1,1
7202,1.0,1,1,0
7203,0.2,3,1,1
7204,0.2,2,0,0
7205,1.0,1,1,1
7206,0.2,0,0,0
7207,1.0,3,1,1
7208,0.2,2,1,1
7209,0.2,2,0,0
7210,1.0,1,0,1
7211,2.2,3,1,1
7212,0.2,2,0,0
7213,2.2,1,1,1
7214,2.2,3,1,1
7215,0.2,1,1,1
7216,0.2,2,0,0
7217,0.2,0,0,1
7218,0.2,1,1,1
7219,0.2,1,1,1
7220,0.2,0,0,0
7221,1.0,1,0,0
7222,1.0,2,1,1
7223,0.2,1,0,0
7224,0.2,2,0,0
7225,0.2,1,1,1
7226,1.0,2,0,0
7227,1.0,0,0,0
7228,0.2,0,1,1
7229,0.2,0,1,1
7230,1.0,2,0,0
7231,0.2,1,1,1
7232,1.0,2,1,1
7233,0.2,2,1,1
7234,1.0,1,1,1
7235,0.2,0,0,0
7236,0.2,2,0,0
7237,0.2,0,1,1
7238,1.0,2,1,1
7239,0.2,2,1,1
7240,0.2,3,0,0
7241,0.2,1,0,0
7242,3.0,2,1,1
7243,0.2,1,1,1
7244,0.2,1,1,1
7245,1.0,2,0,0
7246,1.0,0,1,1
7247,0.2,1,1,1
7248,1.0,0,0,0
7249,0.2,1,0,0
7250,1.0,0,0,0
7251,0.2,1,1,1
7252,0.2,2,0,0
7253,0.2,1,1,1
7254,0.2,3,0,0
7255,0.2,1,0,0
7256,1.0,0,0,0
7257,1.0,2,1,1
7258,1.0,1,1,1
7259,0.2,2,1,1
7260,2.2,1,1,1
7261,0.2,2,1,1
7262,1.0,2,0,0
7263,0.2,2,0,0
7264,0.2,2,1,0
7265,0.2,1,0,0
7266,0.2,1,0,0
7267,0.2,2,0,0
7268,0.2,3,1,1
7269,0.2,1,0,0
7270,0.2,1,0,0
7271,1.0,0,0,0
7272,0.2,1,1,1
7273,1.0,1,0,0
7274,1.0,2,1,1
7275,0.2,1,1,1
7276,0.2,2,1,1
7277,0.2,3,0,0
7278,1.0,0,0,0
7279,0.2,2,0,0
7280,0.2,2,0,0
7281,0.2,2,1,1
7282,0.2,1,1,1
7283,0.2,0,1,1
7284,0.2,1,1,1
7285,1.0,1,1,1
7286,0.2,3,0,0
7287,1.0,1,1,1
7288,0.2,0,0,0
7289,0.2,1,0,0
7290,0.2,1,1,1
7291,0.2,1,0,0
7292,0.2,3,1,0
7293,0.2,2,0,0
7294,0.2,1,1,1
7295,0.2,2,1,0
7296,0.2,1,1,1
7297,0.2,1,0,0
7298,0.2,0,1,1
7299,0.2,3,0,0
7300,0.2,2,0,0
7301,1.0,3,0,0
7302,0.2,3,0,0
7303,0.2,2,0,0
7304,0.2,0,0,0
7305,1.0,3,1,1
7306,0.2,1,0,0
7307,0.2,1,0,0
7308,0.2,0,1,0
7309,0.2,2,0,0
7310,1.0,1,1,1
7311,0.2,3,0,0
7312,0.2,3,1,1
7313,0.2,1,1,1
7314,0.2,2,1,1
7315,0.2,1,0,0
7316,1.0,1,1,1
7317,0.2,1,1,1
7318,0.2,1,1,1
7319,0.2,1,1,0
7320,0.2,2,1,1
7321,1.0,2,1,1
7322,0.2,1,1,0
7323,0.2,1,0,0
7324,0.2,2,1,0
7325,0.2,3,0,0
7326,1.0,2,0,0
7327,0.2,1,0,0
7328,0.2,3,1,0
7329,0.2,1,0,0
7330,0.2,2,0,1
7331,0.2,3,0,0
7332,0.2,1,1,0
7333,0.2,2,0,0
7334,1.0,1,0,0
7335,0.2,2,1,1
7336,0.2,1,0,0
7337,0.2,1,0,0
7338,1.0,1,0,1
7339,0.2,1,0,0
7340,0.2,2,1,1
7341,1.0,2,0,0
7342,2.2,1,1,1
7343,0.2,2,1,1
7344,0.2,2,1,1
7345,0.2,3,1,1
7346,1.0,2,1,1
7347,1.0,1,1,1
7348,0.2,3,1,1
7349,0.2,2,1,1
7350,0.2,0,0,0
7351,1.0,1,1,1
7352,0.2,3,1,0
7353,0.2,2,0,0
7354,0.2,2,0,0
7355,0.2,1,0,0
7356,0.2,1,0,0
7357,0.2,0,1,1
7358,1.0,1,0,1
7359,0.2,1,0,0
7360,2.2,2,0,0
7361,0.2,1,0,0
7362,1.0,3,1,1
7363,0.2,2,0,0
7364,0.2,1,0,0
7365,0.2,2,1,1
7366,1.0,0,1,1
7367,1.0,1,1,1
7368,1.0,3,1,1
7369,0.2,0,1,1
7370,0.2,1,0,0
7371,0.2,1,1,1
7372,0.2,1,1,0
7373,0.2,2,0,1
7374,1.0,2,1,1
7375,0.2,2,1,1
7376,0.2,1,1,1
7377,1.0,2,0,0
7378,3.0,2,1,1
7379,0.2,2,1,1
7380,1.0,2,1,1
7381,1.0,3,1,1
7382,0.2,2,1,1
7383,0.2,3,0,0
7384,0.2,1,1,0
7385,1.0,2,1,1
7386,0.2,2,1,1
7387,0.2,1,1,0
7388,0.2,1,0,0
7389,0.2,2,1,0
7390,0.2,2,1,1
7391,0.2,2,0,0
7392,0.2,1,0,0
7393,0.2,1,1,1
7394,0.2,2,1,1
7395,0.2,1,1,1
7396,0.2,2,0,0
7397,0.2,2,1,1
7398,0.2,0,1,1
7399,0.2,3,1,0
7400,0.2,3,1,1
7401,1.0,2,1,1
7402,0.2,1,1,1
7403,0.2,3,1,0
7404,1.0,1,0,0
7405,0.2,1,1,1
7406,1.0,0,1,1
7407,0.2,2,0,0
7408,0.2,1,1,1
7409,0.2,0,0,0
7410,1.0,2,1,1
7411,0.2,0,0,0
7412,0.2,1,1,1
7413,0.2,1,0,0
7414,0.2,2,1,0
7415,0.2,3,1,1
7416,0.2,1,0,0
7417,0.2,2,0,0
7418,0.2,1,1,1
7419,0.2,1,1,0
7420,0.2,0,1,1
7421,0.2,1,0,0
7422,0.2,3,0,0
7423,0.2,1,0,0
7424,1.0,3,1,1
7425,1.0,1,1,1
7426,0.2,2,0,0
7427,0.2,2,0,0
7428,0.2,1,0,0
7429,0.2,2,0,0
7430,0.2,1,0,0
7431,1.0,2,1,1
7432,1.0,1,0,0
7433,0.2,2,0,0
7434,0.2,0,1,1
7435,1.0,2,1,1
7436,1.0,2,1,0
7437,2.2,2,1,1
7438,1.0,2,0,0
7439,0.2,1,0,0
7440,0.2,1,0,1
7441,0.2,1,1,1
7442,1.0,1,0,1
7443,0.2,2,1,0
7444,0.2,2,0,0
7445,0.2,2,1,1
7446,0.2,1,0,0
7447,1.0,1,0,0
7448,0.2,2,0,1
7449,0.2,1,1,0
7450,0.2,1,0,0
7451,0.2,0,1,1
7452,0.2,2,1,1
7453,0.2,2,1,1
7454,1.0,3,1,1
7455,0.2,2,1,1
7456,0.2,1,1,1
7457,0.2,3,1,1
7458,1.0,3,1,1
7459,1.0,2,0,0
7460,0.2,0,1,1
7461,0.2,2,0,0
7462,1.0,0,1,1
7463,0.2,1,1,1
7464,0.2,1,1,1
7465,1.0,1,1,1
7466,0.2,1,1,1
7467,0.2,1,1,1
7468,0.2,2,0,0
7469,1.0,3,1,1
7470,1.0,1,1,1
7471,0.2,2,0,0
7472,0.2,0,1,1
7473,0.2,2,1,1
7474,1.0,3,1,1
7475,1.0,1,1,1
7476,0.2,1,1,0
7477,1.0,1,1,1
7478,0.2,2,0,0
7479,1.0,3,1,1
7480,0.2,2,0,0
7481,1.0,1,0,1
7482,1.0,2,0,0
7483,0.2,1,0,0
7484,0.2,1,0,0
7485,1.0,0,1,1
7486,0.2,0,0,0
7487,0.2,2,0,0
7488,1.0,2,1,1
7489,2.2,2,1,1
7490,0.2,1,1,1
7491,2.2,1,0,1
7492,0.2,2,0,0
7493,0.2,3,0,0
7494,0.2,2,0,0
7495,2.2,1,1,1
7496,0.2,2,0,1
7497,0.2,2,1,1
7498,0.2,2,0,0
7499,1.0,2,0,0
7500,0.2,2,0,0
7501,0.2,1,0,1
7502,0.2,1,1,1
7503,0.2,3,0,1
7504,1.0,1,1,1
7505,0.2,2,1,1
7506,0.2,0,1,1
7507,0.2,1,1,1
7508,0.2,2,0,0
7509,0.2,2,0,0
7510,0.2,2,1,1
7511,0.2,1,0,1
7512,1.0,1,0,0
7513,0.2,1,1,1
7514,0.2,1,0,1
7515,0.2,1,0,1
7516,0.2,1,0,0
7517,0.2,3,0,0
7518,0.2,2,1,1
7519,0.2,2,1,1
7520,2.2,3,1,1
7521,0.2,2,0,0
7522,1.0,1,1,1
7523,1.0,1,1,1
7524,0.2,1,0,0
7525,0.2,0,1,1
7526,0.2,3,0,0
7527,0.2,2,0,0
7528,0.2,1,0,0
7529,0.2,1,0,0
7530,0.2,1,1,1
7531,0.2,2,0,1
7532,2.2,2,1,1
7533,0.2,1,1,1
7534,0.2,2,0,0
7535,0.2,2,0,0
7536,0.2,2,1,1
7537,0.2,1,0,0
7538,0.2,2,0,0
7539,1.0,2,1,1
7540,0.2,2,0,0
7541,0.2,2,1,0
7542,0.2,2,1,1
7543,0.2,1,1,1
7544,0.2,1,0,0
7545,0.2,2,0,0
7546,0.2,1,1,1
7547,0.2,1,0,0
7548,0.2,2,1,1
7549,0.2,1,1,0
7550,0.2,0,0,0
7551,2.2,3,1,1
7552,0.2,1,0,1
7553,0.2,2,0,0
7554,0.2,1,1,1
7555,0.2,0,0,0
7556,0.2,1,0,0
7557,0.2,2,0,0
7558,0.2,0,0,0
7559,0.2,3,0,0
7560,0.2,3,1,0
7561,1.0,1,0,0
7562,0.2,1,0,0
7563,0.2,1,0,0
7564,0.2,0,1,0
7565,0.2,0,1,1
7566,0.2,3,0,1
7567,1.0,2,1,0
7568,0.2,0,1,1
7569,0.2,0,1,1
7570,0.2,2,0,0
7571,0.2,2,0,1
7572,0.2,1,1,1
7573,0.2,0,0,1
7574,1.0,2,1,1
7575,0.2,2,0,0
7576,1.0,0,1,1
7577,0.2,2,0,0
7578,0.2,1,1,1
7579,1.0,3,1,1
7580,0.2,3,1,1
7581,0.2,0,1,1
7582,1.0,1,0,1
7583,0.2,1,0,0
7584,0.2,1,0,0
7585,1.0,2,1,1
7586,0.2,0,0,0
7587,0.2,1,0,0
7588,1.0,1,1,1
7589,0.2,0,0,0
7590,1.0,1,1,1
7591,0.2,0,0,1
7592,0.2,2,1,1
7593,0.2,1,0,0
7594,1.0,0,0,0
7595,0.2,0,0,0
7596,0.2,0,1,1
7597,0.2,1,1,0
7598,0.2,1,1,1
7599,0.2,3,0,0
7600,0.2,2,0,0
7601,0.2,2,1,1
7602,0.2,2,0,0
7603,0.2,2,1,1
7604,0.2,1,0,0
7605,0.2,1,1,0
7606,0.2,2,0,0
7607,1.0,2,0,0
7608,0.2,3,1,1
7609,1.0,3,1,1
7610,2.2,2,1,1
7611,0.2,2,0,0
7612,0.2,1,0,0
7613,0.2,2,1,1
7614,1.0,2,1,1
7615,0.2,1,0,0
7616,0.2,2,1,1
7617,0.2,3,1,1
7618,0.2,1,1,1
7619,0.2,1,0,0
7620,1.0,1,1,1
7621,1.0,2,0,0
7622,0.2,1,1,1
7623,0.2,0,1,1
7624,0.2,0,0,1
7625,0.2,2,0,0
7626,0.2,3,0,1
7627,1.0,2,1,1
7628,0.2,1,0,0
7629,0.2,3,1,1
7630,0.2,2,1,0
7631,0.2,3,0,0
7632,0.2,2,0,0
7633,0.2,3,1,0
7634,1.0,0,0,0
7635,0.2,0,1,1
7636,0.2,1,0,1
7637,0.2,3,1,1
7638,0.2,1,1,0
7639,0.2,3,1,1
7640,1.0,1,1,1
7641,1.0,2,0,0
7642,0.2,2,1,0
7643,0.2,2,0,0
7644,1.0,1,1,1
7645,0.2,2,0,0
7646,0.2,2,0,0
7647,0.2,1,0,1
7648,0.2,2,1,1
7649,0.2,0,0,0
7650,1.0,3,1,1
7651,0.2,1,1,1
7652,0.2,1,0,0
7653,0.2,2,1,1
7654,0.2,0,0,0
7655,0.2,3,1,1
7656,0.2,1,0,0
7657,0.2,2,1,1
7658,0.2,1,1,1
7659,1.0,2,0,0
7660,1.0,2,0,0
7661,0.2,0,0,0
7662,0.2,1,0,1
7663,0.2,0,1,1
7664,1.0,3,1,1
7665,0.2,2,0,0
7666,0.2,2,1,1
7667,0.2,3,1,1
7668,0.2,2,0,0
7669,1.0,0,1,1
7670,0.2,0,1,1
7671,0.2,1,1,1
7672,0.2,2,0,0
7673,0.2,2,1,1
7674,0.2,2,0,0
7675,1.0,3,1,1
7676,0.2,1,1,1
7677,0.2,1,1,1
7678,0.2,0,0,0
7679,0.2,2,0,0
7680,1.0,0,1,1
7681,1.0,1,1,1
7682,0.2,0,0,0
7683,0.2,1,1,1
7684,0.2,2,1,1
7685,0.2,1,1,1
7686,0.2,2,1,1
7687,1.0,2,1,1
7688,0.2,2,0,0
7689,1.0,2,1,1
7690,0.2,0,1,1
7691,0.2,1,1,1
7692,0.2,1,1,1
7693,0.2,1,1,1
7694,1.0,1,1,1
7695,0.2,1,1,0
7696,0.2,3,0,0
7697,0.2,1,1,1
7698,0.2,1,1,1
7699,0.2,2,1,1
7700,0.2,2,0,0
7701,0.2,1,0,0
7702,0.2,1,1,1
7703,0.2,1,1,1
7704,0.2,1,1,1
7705,1.0,1,1,1
7706,0.2,2,1,1
7707,1.0,3,1,1
7708,0.2,2,0,0
7709,0.2,3,0,0
7710,1.0,1,0,0
7711,1.0,3,0,0
7712,0.2,2,1,1
7713,1.0,2,1,0
7714,0.2,1,0,0
7715,0.2,2,0,0
7716,0.2,0,1,1
7717,0.2,1,1,1
7718,1.0,2,1,1
7719,0.2,1,1,1
7720,0.2,3,0,0
7721,2.2,2,1,1
7722,0.2,0,0,0
7723,1.0,1,1,1
7724,0.2,1,0,0
7725,1.0,2,1,1
7726,1.0,2,1,1
7727,1.0,1,1,1
7728,0.2,3,1,1
7729,0.2,2,0,0
7730,0.2,3,1,1
7731,0.2,1,1,1
7732,0.2,1,0,0
7733,0.2,0,1,1
7734,0.2,2,1,1
7735,0.2,2,0,0
7736,0.2,1,1,1
7737,0.2,2,1,1
7738,0.2,1,1,1
7739,0.2,0,1,1
7740,0.2,2,1,1
7741,1.0,1,0,0
7742,0.2,3,0,0
7743,1.0,1,0,1
7744,0.2,1,0,0
7745,0.2,2,0,0
7746,0.2,2,1,1
7747,1.0,2,1,1
7748,0.2,3,1,1
7749,1.0,1,1,0
7750,1.0,2,1,1
7751,1.0,2,0,0
7752,0.2,1,0,0
7753,0.2,2,0,0
7754,2.2,0,1,1
7755,0.2,1,1,1
7756,0.2,3,0,0
7757,0.2,1,1,1
7758,1.0,3,1,1
7759,0.2,1,0,0
7760,0.2,2,1,1
7761,0.2,2,0,0
7762,0.2,1,0,0
7763,1.0,2,1,1
7764,0.2,1,0,0
7765,0.2,2,0,0
7766,3.0,2,1,1
7767,0.2,2,0,0
7768,0.2,1,0,0
7769,0.2,1,1,1
7770,1.0,2,1,1
7771,0.2,1,0,0
7772,0.2,1,0,0
7773,0.2,0,1,0
7774,1.0,2,0,1
7775,0.2,2,1,1
7776,1.0,1,1,0
7777,1.0,2,1,1
7778,0.2,3,1,1
7779,0.2,1,1,1
7780,1.0,0,1,1
7781,0.2,2,0,0
7782,2.2,1,1,1
7783,0.2,2,1,1
7784,0.2,2,1,1
7785,0.2,1,0,0
7786,1.0,1,1,1
7787,0.2,2,0,0
7788,0.2,0,0,0
7789,0.2,2,0,0
7790,0.2,1,0,1
7791,0.2,1,1,1
7792,0.2,2,0,0
7793,0.2,3,1,1
7794,1.0,2,1,1
7795,0.2,2,1,1
7796,0.2,1,0,0
7797,1.0,1,0,0
7798,0.2,2,0,0
7799,1.0,1,1,1
7800,0.2,0,0,0
7801,0.2,0,1,1
7802,0.2,3,0,0
7803,0.2,2,0,0
7804,0.2,1,1,1
7805,0.2,2,0,1
7806,0.2,1,0,0
7807,0.2,1,1,1
7808,0.2,0,0,0
7809,1.0,1,1,1
7810,1.0,1,1,1
7811,0.2,3,0,0
7812,1.0,2,1,1
7813,0.2,3,1,1
7814,0.2,3,0,1
7815,0.2,1,1,0
7816,0.2,2,0,0
7817,0.2,0,1,1
7818,1.0,3,1,1
7819,0.2,1,0,0
7820,0.2,2,0,0
7821,0.2,3,1,1
7822,0.2,1,0,1
7823,0.2,1,0,1
7824,1.0,3,0,0
7825,0.2,1,1,1
7826,0.2,1,1,1
7827,0.2,3,0,0
7828,1.0,0,1,1
7829,0.2,3,1,0
7830,0.2,1,1,1
7831,0.2,1,1,1
7832,0.2,1,0,0
7833,1.0,0,0,0
7834,0.2,2,1,0
7835,0.2,2,0,0
7836,1.0,2,1,1
7837,1.0,0,0,1
7838,0.2,2,0,0
7839,0.2,2,0,0
7840,0.2,1,0,0
7841,0.2,2,0,0
7842,0.2,1,1,1
7843,0.2,2,0,0
7844,1.0,1,1,1
7845,1.0,2,0,0
7846,0.2,0,0,1
7847,0.2,1,1,1
7848,0.2,1,1,1
7849,0.2,1,1,1
7850,0.2,1,1,1
7851,0.2,1,0,0
7852,0.2,2,0,0
7853,0.2,2,0,0
7854,0.2,1,0,0
7855,0.2,2,0,0
7856,2.2,2,1,1
7857,0.2,2,0,0
7858,0.2,2,1,1
7859,0.2,1,1,1
7860,2.2,3,1,1
7861,0.2,3,1,1
7862,0.2,0,0,0
7863,0.2,1,0,0
7864,0.2,0,0,0
7865,0.2,2,0,0
7866,1.0,2,0,0
7867,1.0,2,1,1
7868,1.0,2,1,1
7869,2.2,3,1,1
7870,0.2,2,1,1
7871,0.2,1,0,0
7872,0.2,0,1,1
7873,0.2,1,1,1
7874,0.2,1,1,1
7875,0.2,3,0,0
7876,0.2,1,1,1
7877,0.2,0,0,0
7878,0.2,2,0,0
7879,0.2,2,0,0
7880,1.0,2,1,1
7881,0.2,1,1,0
7882,0.2,1,0,0
7883,0.2,2,0,0
7884,1.0,1,0,1
7885,0.2,3,1,1
7886,0.2,1,1,1
7887,0.2,1,1,1
7888,0.2,0,1,1
7889,0.2,1,0,0
7890,0.2,1,1,1
7891,0.2,3,0,0
7892,0.2,2,0,0
7893,0.2,1,0,0
7894,0.2,1,0,0
7895,0.2,3,0,0
7896,0.2,2,0,0
7897,0.2,1,0,0
7898,1.0,0,1,1
7899,0.2,2,0,0
7900,0.2,2,0,0
7901,0.2,1,1,0
7902,0.2,1,0,1
7903,0.2,1,1,0
7904,0.2,2,1,1
7905,0.2,0,0,0
7906,0.2,2,0,0
7907,1.0,2,0,0
7908,0.2,1,1,1
7909,0.2,2,0,0
7910,0.2,1,1,1
7911,0.2,1,1,1
7912,0.2,2,1,1
7913,0.2,2,0,0
7914,0.2,1,1,0
7915,1.0,3,1,1
7916,0.2,1,1,1
7917,0.2,0,1,1
7918,0.2,1,0,0
7919,0.2,1,1,1
7920,1.0,1,1,1
7921,1.0,2,1,1
7922,0.2,2,1,1
7923,0.2,1,0,0
7924,0.2,0,1,1
7925,0.2,1,0,0
7926,1.0,1,1,1
7927,0.2,0,0,1
7928,0.2,2,0,0
7929,1.0,1,1,1
7930,0.2,0,0,0
7931,0.2,1,1,1
7932,0.2,2,0,0
7933,0.2,1,1,0
7934,0.2,2,1,1
7935,0.2,1,1,1
7936,0.2,1,1,1
7937,1.0,0,0,1
7938,0.2,1,1,1
7939,0.2,2,1,1
7940,0.2,0,1,1
7941,1.0,1,1,0
7942,0.2,1,0,0
7943,0.2,0,1,1
7944,1.0,2,1,1
7945,0.2,0,0,0
7946,0.2,1,0,0
7947,0.2,1,1,0
7948,0.2,0,1,1
7949,0.2,3,1,1
7950,0.2,1,1,1
7951,0.2,1,1,1
7952,0.2,1,0,0
7953,0.2,0,0,0
7954,0.2,0,1,1
7955,1.0,2,1,1
7956,0.2,2,1,1
7957,1.0,2,1,1
7958,1.0,2,1,1
7959,0.2,2,0,0
7960,0.2,2,0,0
7961,0.2,2,0,0
7962,0.2,0,0,0
7963,1.0,2,1,0
7964,0.2,1,0,0
7965,1.0,2,0,0
7966,0.2,0,0,1
7967,0.2,1,1,0
7968,0.2,1,1,1
7969,0.2,1,1,1
7970,1.0,1,0,0
7971,0.2,1,0,1
7972,0.2,2,0,0
7973,0.2,1,1,1
7974,0.2,2,1,1
7975,0.2,1,0,0
7976,2.2,2,1,1
7977,0.2,2,0,0
7978,0.2,1,1,1
7979,0.2,0,1,1
7980,0.2,2,1,1
7981,0.2,1,1,0
7982,0.2,1,0,0
7983,0.2,2,0,0
7984,0.2,1,0,0
7985,0.2,3,1,1
7986,1.0,1,1,1
7987,1.0,2,1,1
7988,0.2,1,0,0
7989,0.2,0,1,1
7990,0.2,0,0,0
7991,0.2,2,0,0
7992,0.2,1,0,0
7993,1.0,1,0,0
7994,1.0,3,0,0
7995,0.2,2,0,0
7996,1.0,2,1,1
7997,0.2,1,1,1
7998,1.0,1,1,1
7999,0.2,0,0,0
8000,0.2,2,0,0
8001,1.0,2,1,1
8002,0.2,2,0,0
8003,3.0,2,0,1
8004,1.0,0,1,1
8005,0.2,1,1,1
8006,0.2,2,0,0
8007,0.2,0,1,0
8008,0.2,1,1,1
8009,0.2,3,0,0
8010,0.2,2,0,0
8011,1.0,0,1,1
8012,0.2,1,0,0
8013,0.2,3,0,0
8014,0.2,1,0,0
8015,0.2,1,0,0
8016,1.0,1,1,1
8017,0.2,2,0,0
8018,0.2,2,0,0
8019,0.2,3,0,1
8020,0.2,1,0,1
8021,0.2,1,1,0
8022,0.2,1,1,0
8023,0.2,2,0,0
8024,0.2,2,1,1
8025,0.2,2,1,1
8026,1.0,1,1,1
8027,1.0,1,1,1
8028,0.2,3,0,0
8029,2.2,2,1,1
8030,0.2,3,1,1
8031,1.0,2,1,1
8032,1.0,3,1,0
8033,0.2,3,1,1
8034,0.2,2,1,0
8035,0.2,2,1,1
8036,0.2,1,1,1
8037,0.2,2,0,0
8038,0.2,1,0,0
8039,0.2,0,1,1
8040,0.2,2,1,0
8041,1.0,0,0,0
8042,1.0,2,1,1
8043,0.2,3,0,1
8044,0.2,2,1,1
8045,0.2,2,1,1
8046,0.2,2,0,0
8047,0.2,3,0,0
8048,0.2,1,1,1
8049,1.0,2,0,0
8050,0.2,0,0,0
8051,0.2,0,0,0
8052,1.0,3,1,0
8053,0.2,1,0,0
8054,0.2,2,0,0
8055,0.2,2,0,0
8056,0.2,1,1,1
8057,0.2,1,1,1
8058,0.2,2,0,0
8059,0.2,3,0,1
8060,1.0,2,1,1
8061,0.2,1,1,1
8062,1.0,1,0,0
8063,1.0,0,0,1
8064,0.2,1,0,0
8065,0.2,2,0,0
8066,0.2,2,0,0
8067,0.2,1,1,1
8068,0.2,3,1,1
8069,0.2,1,0,0
8070,0.2,1,1,1
8071,0.2,1,1,1
8072,0.2,0,1,1
8073,0.2,1,1,1
8074,0.2,1,0,0
8075,0.2,2,0,0
8076,0.2,1,1,1
8077,0.2,1,0,0
8078,0.2,1,0,0
8079,0.2,2,0,0
8080,1.0,2,1,1
8081,0.2,1,1,1
8082,0.2,1,1,1
8083,0.2,2,0,0
8084,0.2,3,1,1
8085,0.2,1,1,1
8086,0.2,2,0,0
8087,0.2,2,1,1
8088,1.0,0,1,1
8089,0.2,3,1,0
8090,1.0,0,1,1
8091,0.2,2,0,0
8092,0.2,2,1,1
8093,0.2,1,1,1
8094,0.2,0,0,1
8095,1.0,3,0,0
8096,0.2,2,1,1
8097,0.2,1,0,0
8098,0.2,0,0,0
8099,0.2,1,0,0
8100,0.2,2,0,0
8101,0.2,2,0,0
8102,1.0,1,0,0
8103,0.2,2,0,0
8104,1.0,2,0,0
8105,1.0,2,0,0
8106,0.2,3,0,0
8107,0.2,2,0,0
8108,0.2,1,0,0
8109,0.2,2,1,1
8110,0.2,0,1,1
8111,1.0,3,1,1
8112,0.2,0,0,0
8113,0.2,1,1,1
8114,2.2,2,1,1
8115,0.2,3,0,0
8116,1.0,1,1,1
8117,0.2,3,1,0
8118,1.0,2,0,1
8119,0.2,2,1,1
8120,1.0,0,0,1
8121,0.2,2,0,0
8122,0.2,0,1,0
8123,1.0,2,1,1
8124,1.0,1,1,1
8125,2.2,2,1,1
8126,0.2,2,0,0
8127,0.2,2,1,1
8128,0.2,1,1,1
8129,0.2,1,1,1
8130,1.0,0,1,0
8131,0.2,3,0,0
8132,1.0,1,0,0
8133,1.0,1,0,0
8134,0.2,2,0,0
8135,0.2,3,1,1
8136,0.2,2,0,0
8137,3.0,2,1,1
8138,0.2,1,1,1
8139,1.0,1,1,1
8140,0.2,1,1,0
8141,0.2,1,0,0
8142,0.2,2,1,0
8143,0.2,0,1,1
8144,1.0,1,0,0
8145,0.2,3,0,0
8146,0.2,2,1,1
8147,0.2,1,1,1
8148,0.2,2,1,1
8149,0.2,2,0,0
8150,1.0,0,0,0
8151,0.2,1,0,0
8152,0.2,3,0,0
8153,0.2,1,1,1
8154,0.2,3,1,1
8155,1.0,2,1,1
8156,0.2,3,0,0
8157,0.2,2,1,1
8158,0.2,1,0,0
8159,0.2,0,1,1
8160,1.0,2,1,1
8161,0.2,3,0,0
8162,0.2,0,1,1
8163,1.0,2,1,1
8164,0.2,3,0,0
8165,0.2,0,1,1
8166,0.2,1,0,0
8167,0.2,1,0,0
8168,1.0,2,1,1
8169,0.2,2,0,0
8170,0.2,1,0,1
8171,1.0,2,1,1
8172,0.2,2,0,0
8173,1.0,1,1,1
8174,0.2,1,1,1
8175,1.0,1,1,1
8176,0.2,2,0,1
8177,0.2,2,1,1
8178,0.2,1,0,0
8179,0.2,3,0,0
8180,2.2,1,1,1
8181,0.2,2,0,0
8182,0.2,2,1,1
8183,1.0,1,0,0
8184,1.0,0,1,1
8185,0.2,2,0,0
8186,1.0,2,1,1
8187,1.0,1,1,1
8188,0.2,2,0,0
8189,0.2,3,0,0
8190,0.2,1,0,0
8191,0.2,1,0,0
8192,0.2,1,0,0
8193,0.2,1,0,0
8194,1.0,2,1,1
8195,0.2,2,1,1
8196,1.0,1,1,1
8197,0.2,0,1,1
8198,0.2,1,1,1
8199,0.2,2,0,0
8200,0.2,0,1,1
8201,0.2,1,0,0
8202,0.2,3,1,1
8203,0.2,0,0,0
8204,0.2,2,0,0
8205,0.2,2,1,1
8206,0.2,2,1,1
8207,0.2,3,0,0
8208,0.2,1,1,1
8209,0.2,3,0,0
8210,0.2,2,0,0
8211,0.2,1,1,1
8212,0.2,1,0,0
8213,0.2,2,0,0
8214,0.2,2,1,1
8215,0.2,1,1,1
8216,0.2,2,1,1
8217,1.0,1,0,0
8218,0.2,1,1,1
8219,0.2,2,1,1
8220,0.2,2,1,1
8221,1.0,2,1,1
8222,2.2,3,1,1
8223,0.2,3,0,0
8224,0.2,1,0,0
8225,0.2,2,1,1
8226,0.2,1,1,1
8227,1.0,2,1,1
8228,0.2,0,1,1
8229,0.2,1,1,1
8230,0.2,2,0,0
8231,2.2,1,1,1
8232,0.2,2,1,1
8233,0.2,3,0,0
8234,0.2,2,0,0
8235,0.2,2,0,0
8236,0.2,3,1,1
8237,0.2,1,1,1
8238,0.2,0,0,1
8239,0.2,2,0,0
8240,0.2,2,1,1
8241,0.2,0,0,0
8242,0.2,1,0,1
8243,0.2,3,1,0
8244,0.2,1,0,0
8245,0.2,1,1,0
8246,0.2,2,1,0
8247,0.2,2,1,0
8248,0.2,2,0,0
8249,0.2,1,0,0
8250,0.2,2,0,0
8251,0.2,1,0,0
8252,0.2,1,1,0
8253,0.2,1,0,0
8254,0.2,2,0,0
8255,0.2,1,0,0
8256,0.2,1,0,0
8257,2.2,2,0,1
8258,0.2,2,0,0
8259,0.2,1,1,1
8260,0.2,2,0,0
8261,1.0,3,0,0
8262,0.2,1,1,1
8263,0.2,2,1,1
8264,0.2,2,0,0
8265,0.2,1,1,1
8266,0.2,1,1,1
8267,1.0,1,1,1
8268,0.2,1,1,1
8269,0.2,3,0,0
8270,1.0,0,0,0
8271,1.0,1,1,1
8272,0.2,0,0,0
8273,0.2,0,1,1
8274,0.2,1,0,0
8275,0.2,0,1,0
8276,2.2,1,1,1
8277,0.2,1,1,0
8278,0.2,0,1,1
8279,1.0,2,0,0
8280,0.2,1,0,0
8281,1.0,1,1,1
8282,0.2,2,0,0
8283,1.0,1,1,1
8284,0.2,2,0,0
8285,0.2,3,0,0
8286,1.0,1,1,1
8287,0.2,1,0,0
8288,0.2,3,1,1
8289,0.2,1,0,0
8290,1.0,0,1,1
8291,1.0,1,0,0
8292,0.2,2,0,0
8293,1.0,1,1,1
8294,0.2,3,1,0
8295,1.0,1,1,1
8296,0.2,1,0,0
8297,1.0,3,1,1
8298,0.2,2,1,1
8299,0.2,1,0,0
8300,0.2,2,1,1
8301,0.2,2,1,0
8302,1.0,1,0,0
8303,0.2,2,0,0
8304,0.2,1,1,1
8305,1.0,2,1,1
8306,0.2,2,0,0
8307,0.2,2,0,0
8308,0.2,1,0,1
8309,0.2,0,0,0
8310,0.2,2,1,1
8311,0.2,1,1,1
8312,0.2,1,0,0
8313,0.2,0,1,1
8314,1.4,1,1,1
8315,0.2,2,0,0
8316,2.2,0,1,1
8317,1.0,3,0,0
8318,0.2,2,0,0
8319,0.2,1,1,1
8320,0.2,2,0,0
8321,1.0,2,1,1
8322,0.2,2,0,0
8323,0.2,3,0,0
8324,1.0,0,1,1
8325,0.2,1,1,1
8326,0.2,1,1,0
8327,1.0,3,1,1
8328,1.4,1,1,1
8329,0.2,2,1,1
8330,1.0,1,1,1
8331,0.2,2,1,1
8332,1.0,3,1,1
8333,0.2,2,0,0
8334,0.2,0,0,0
8335,0.2,2,0,1
8336,0.2,1,1,1
8337,0.2,1,1,1
8338,0.2,1,0,0
8339,0.2,2,0,1
8340,0.2,0,0,0
8341,0.2,3,1,1
8342,0.2,2,0,0
8343,0.2,0,0,0
8344,1.0,2,0,0
8345,1.0,2,1,1
8346,1.0,2,1,1
8347,0.2,2,0,0
8348,0.2,0,0,0
8349,1.0,1,1,1
8350,0.2,1,1,1
8351,1.0,3,0,0
8352,1.0,1,1,1
8353,2.2,0,1,1
8354,0.2,2,1,0
8355,0.2,1,0,0
8356,0.2,2,0,0
8357,0.2,3,1,1
8358,0.2,2,0,0
8359,1.0,1,1,0
8360,0.2,2,0,0
8361,0.2,1,0,1
8362,1.0,3,1,1
8363,0.2,2,1,1
8364,1.0,1,0,1
8365,0.2,2,0,0
8366,1.0,3,1,1
8367,0.2,2,1,1
8368,2.2,0,1,1
8369,0.2,0,0,0
8370,0.2,1,1,1
8371,0.2,1,1,1
8372,1.0,2,1,1
8373,0.2,2,0,0
8374,0.2,0,1,1
8375,0.2,3,0,0
8376,0.2,1,0,0
8377,1.0,2,1,1
8378,0.2,0,0,0
8379,0.2,2,0,0
8380,0.2,2,0,0
8381,0.2,2,1,1
8382,0.2,0,1,1
8383,0.2,2,0,0
8384,0.2,1,0,1
8385,0.2,2,1,1
8386,0.2,2,1,1
8387,1.0,0,1,1
8388,0.2,1,0,0
8389,0.2,0,1,0
8390,0.2,1,0,0
8391,0.2,1,0,1
8392,0.2,2,1,1
8393,0.2,2,0,0
8394,1.0,0,1,1
8395,0.2,0,0,0
8396,0.2,1,0,0
8397,0.2,2,0,1
8398,1.0,1,1,1
8399,0.2,2,0,0
8400,0.2,2,0,0
8401,0.2,1,0,1
8402,1.0,2,1,1
8403,0.2,3,1,1
8404,0.2,1,0,0
8405,0.2,1,1,1
8406,0.2,2,1,1
8407,0.2,2,1,1
8408,1.0,2,1,1
8409,0.2,0,1,1
8410,1.0,1,0,0
8411,1.0,2,1,1
8412,0.2,0,0,0
8413,0.2,2,0,0
8414,0.2,1,0,0
8415,0.2,1,1,1
8416,0.2,1,0,0
8417,0.2,2,1,1
8418,0.2,0,0,0
8419,1.0,2,0,0
8420,1.0,2,0,0
8421,0.2,1,1,0
8422,1.0,3,0,1
8423,0.2,1,1,0
8424,1.0,2,1,1
8425,0.2,2,1,0
8426,0.2,0,1,1
8427,0.2,1,1,1
8428,1.0,2,0,0
8429,0.2,0,0,0
8430,0.2,3,0,0
8431,0.2,0,0,0
8432,0.2,2,1,1
8433,0.2,1,0,0
8434,0.2,1,1,1
8435,0.2,3,0,1
8436,0.2,1,1,1
8437,1.0,3,0,0
8438,0.2,3,0,0
8439,1.0,2,0,0
8440,0.2,2,0,0
8441,0.2,1,0,0
8442,0.2,1,0,0
8443,0.2,1,0,1
8444,1.0,2,1,0
8445,0.2,1,1,1
8446,0.2,2,1,1
8447,0.2,1,0,0
8448,0.2,1,0,0
8449,1.0,1,0,0
8450,1.0,1,1,1
8451,0.2,1,1,1
8452,0.2,1,0,0
8453,1.0,2,1,1
8454,1.0,1,1,1
8455,0.2,2,1,1
8456,0.2,0,0,0
8457,0.2,1,0,0
8458,0.2,1,0,0
8459,0.2,2,0,0
8460,0.2,3,0,0
8461,0.2,2,0,0
8462,0.2,1,1,1
8463,1.0,1,1,1
8464,0.2,1,0,0
8465,0.2,3,0,0
8466,0.2,1,0,0
8467,0.2,3,1,0
8468,0.2,2,1,1
8469,0.2,3,0,0
8470,0.2,2,0,0
8471,0.2,1,1,0
8472,0.2,0,1,1
8473,0.2,1,1,1
8474,0.2,2,0,0
8475,0.2,1,0,0
8476,0.2,3,0,0
8477,0.2,1,1,0
8478,0.2,0,1,1
8479,0.2,0,1,1
8480,0.2,3,1,1
8481,1.0,1,1,0
8482,0.2,1,1,0
8483,0.2,2,0,0
8484,0.2,1,0,0
8485,0.2,1,0,0
8486,1.0,2,1,1
8487,0.2,2,0,0
8488,0.2,3,0,0
8489,1.0,2,0,0
8490,0.2,3,0,0
8491,0.2,2,1,1
8492,1.0,3,0,0
8493,0.2,2,1,1
8494,1.0,2,1,1
8495,0.2,2,1,0
8496,2.2,1,0,0
8497,1.0,1,0,0
8498,0.2,2,1,1
8499,2.2,2,1,1
8500,0.2,1,0,1
8501,0.2,3,1,1
8502,0.2,2,0,0
8503,0.2,2,1,1
8504,0.2,1,0,1
8505,1.0,1,0,1
8506,0.2,0,1,1
8507,0.2,2,0,0
8508,0.2,3,0,0
8509,0.2,1,1,0
8510,0.2,1,0,0
8511,0.2,1,1,1
8512,0.2,3,0,0
8513,0.2,1,0,0
8514,0.2,2,0,0
8515,0.2,1,0,0
8516,0.2,1,0,0
8517,0.2,2,0,0
8518,0.2,1,1,0
8519,0.2,0,0,0
8520,0.2,1,0,0
8521,0.2,1,0,0
8522,1.0,1,0,1
8523,0.2,1,1,1
8524,0.2,0,0,0
8525,0.2,3,1,1
8526,0.2,0,1,1
8527,0.2,1,0,0
8528,0.2,3,0,0
8529,0.2,2,1,1
8530,0.2,2,1,0
8531,1.0,2,1,1
8532,1.0,0,1,1
8533,1.0,0,1,1
8534,0.2,0,1,1
8535,0.2,1,1,1
8536,0.2,2,1,0
8537,0.2,2,0,0
8538,0.2,2,1,0
8539,0.2,2,1,1
8540,0.2,1,0,0
8541,0.2,3,1,1
8542,1.0,1,0,1
8543,1.0,1,1,1
8544,0.2,1,1,1
8545,0.2,2,1,1
8546,0.2,1,0,0
8547,0.2,2,0,0
8548,0.2,2,1,1
8549,0.2,2,0,0
8550,1.0,1,1,1
8551,0.2,0,0,0
8552,0.2,1,1,1
8553,0.2,1,1,1
8554,1.0,2,1,1
8555,0.2,1,1,1
8556,0.2,2,0,0
8557,0.2,2,0,0
8558,0.2,2,1,1
8559,0.2,3,0,0
8560,0.2,1,1,1
8561,0.2,2,0,0
8562,0.2,1,1,1
8563,0.2,2,1,1
8564,1.0,1,0,0
8565,0.2,1,1,1
8566,0.2,1,0,0
8567,1.0,3,0,0
8568,0.2,2,0,0
8569,0.2,1,1,0
8570,0.2,2,1,1
8571,0.2,1,1,1
8572,0.2,1,1,1
8573,0.2,3,0,0
8574,0.2,0,1,1
8575,0.2,2,1,1
8576,0.2,1,1,0
8577,0.2,2,1,1
8578,0.2,2,0,0
8579,1.0,2,1,1
8580,0.2,3,1,1
8581,0.2,2,1,0
8582,0.2,2,1,1
8583,0.2,3,0,1
8584,0.2,0,1,1
8585,2.2,3,1,1
8586,1.0,1,1,1
8587,0.2,1,0,0
8588,1.0,2,1,1
8589,0.2,1,0,0
8590,0.2,1,1,1
8591,0.2,1,1,1
8592,0.2,1,1,1
8593,0.2,1,0,0
8594,0.2,1,0,0
8595,0.2,1,1,1
8596,0.2,2,1,1
8597,0.2,1,1,1
8598,0.2,2,1,0
8599,0.2,1,0,0
8600,0.2,2,0,0
8601,0.2,1,0,0
8602,1.0,0,0,0
8603,0.2,1,1,1
8604,1.0,1,1,1
8605,0.2,2,1,0
8606,1.0,2,1,1
8607,1.0,1,1,1
8608,1.0,0,1,1
8609,0.2,0,1,1
8610,0.2,1,0,0
8611,1.0,3,0,0
8612,1.0,1,0,0
8613,1.0,2,1,1
8614,1.0,0,1,1
8615,0.2,1,1,1
8616,0.2,1,0,0
8617,0.2,2,1,0
8618,0.2,1,1,1
8619,1.0,1,1,1
8620,0.2,3,1,1
8621,0.2,1,1,1
8622,0.2,3,1,1
8623,1.0,0,1,1
8624,0.2,1,0,1
8625,1.0,2,0,0
8626,0.2,1,1,1
8627,0.2,0,0,0
8628,1.0,3,1,1
8629,0.2,1,1,1
8630,0.2,1,1,1
8631,0.2,1,0,0
8632,1.0,1,0,0
8633,0.2,0,0,1
8634,1.0,0,0,0
8635,0.2,2,0,1
8636,1.0,2,0,0
8637,0.2,2,1,1
8638,0.2,1,0,0
8639,0.2,2,1,1
8640,0.2,2,0,0
8641,2.2,1,1,1
8642,0.2,1,0,0
8643,1.0,0,1,1
8644,1.0,3,1,1
8645,1.0,2,1,1
8646,0.2,0,1,1
8647,1.0,2,1,1
8648,0.2,2,0,0
8649,0.2,1,0,0
8650,0.2,1,0,1
8651,0.2,2,0,0
8652,1.0,1,1,1
8653,0.2,2,1,1
8654,0.2,1,1,1
8655,0.2,2,0,0
8656,0.2,2,0,0
8657,0.2,1,0,0
8658,1.0,1,0,1
8659,0.2,1,1,1
8660,0.2,1,0,1
8661,0.2,1,1,1
8662,0.2,0,1,1
8663,0.2,2,0,0
8664,1.0,2,0,0
8665,0.2,0,0,0
8666,0.2,0,0,0
8667,0.2,1,1,1
8668,0.2,2,0,1
8669,0.2,3,0,0
8670,0.2,1,1,1
8671,1.0,1,0,0
8672,0.2,1,1,1
8673,0.2,2,0,0
8674,0.2,2,1,1
8675,1.0,2,0,0
8676,0.2,1,0,0
8677,0.2,3,0,0
8678,3.0,0,1,1
8679,2.2,1,1,1
8680,0.2,2,1,1
8681,0.2,2,0,1
8682,0.2,1,0,0
8683,0.2,1,0,1
8684,1.0,1,1,1
8685,0.2,0,1,0
8686,0.2,0,0,1
8687,0.2,1,1,1
8688,0.2,3,1,1
8689,0.2,2,0,0
8690,0.2,3,0,0
8691,1.0,1,1,1
8692,1.0,1,1,1
8693,0.2,3,0,0
8694,1.0,3,1,1
8695,0.2,1,1,1
8696,0.2,2,1,1
8697,1.0,0,1,1
8698,0.2,1,0,1
8699,1.0,2,1,1
8700,0.2,3,1,1
8701,0.2,2,0,0
8702,0.2,2,1,1
8703,0.2,0,0,0
8704,0.2,1,0,0
8705,1.0,1,1,1
8706,0.2,1,1,1
8707,0.2,0,0,0
8708,0.2,3,1,1
8709,1.0,0,0,1
8710,0.2,3,1,0
8711,1.0,1,1,1
8712,0.2,1,1,1
8713,0.2,3,0,0
8714,0.2,1,0,0
8715,1.0,1,1,1
8716,0.2,3,0,0
8717,1.0,2,1,0
8718,0.2,1,0,0
8719,2.2,2,1,1
8720,1.0,2,1,1
8721,0.2,3,0,1
8722,1.0,2,1,1
8723,0.2,3,1,1
8724,0.2,0,1,1
8725,0.2,0,1,1
8726,0.2,3,0,0
8727,0.2,3,0,0
8728,1.0,2,1,1
8729,0.2,2,0,0
8730,0.2,1,0,0
8731,0.2,3,1,0
8732,0.2,2,1,1
8733,0.2,0,0,0
8734,1.0,2,0,0
8735,0.2,0,1,1
8736,1.0,0,1,1
8737,0.2,1,1,1
8738,1.0,3,0,0
8739,0.2,2,0,0
8740,0.2,3,0,0
8741,0.2,1,0,0
8742,0.2,0,1,1
8743,0.2,2,0,0
8744,0.2,2,1,1
8745,1.0,3,0,0
8746,0.2,2,1,1
8747,0.2,0,1,1
8748,0.2,0,0,0
8749,1.0,1,1,1
8750,1.0,1,1,1
8751,0.2,2,0,0
8752,0.2,0,1,1
8753,0.2,2,0,0
8754,0.2,1,1,0
8755,0.2,1,0,0
8756,0.2,2,1,1
8757,0.2,2,0,1
8758,0.2,1,0,1
8759,2.5999999999999996,1,1,1
8760,1.0,2,1,1
8761,0.2,0,0,0
8762,0.2,1,0,0
8763,0.2,1,0,0
8764,0.2,1,0,1
8765,0.2,2,1,1
8766,0.2,2,1,1
8767,1.0,2,1,0
8768,0.2,2,1,0
8769,0.2,2,1,1
8770,0.2,2,1,1
8771,0.2,1,1,1
8772,0.2,2,0,0
8773,0.2,2,1,0
8774,0.2,2,0,0
8775,0.2,0,0,0
8776,0.2,0,0,0
8777,0.2,0,0,0
8778,0.2,1,0,0
8779,0.2,0,0,0
8780,0.2,3,0,0
8781,0.2,1,1,1
8782,0.2,1,0,1
8783,0.2,1,0,0
8784,1.0,1,0,0
8785,0.2,2,1,0
8786,0.2,1,0,0
8787,0.2,2,0,0
8788,0.2,1,0,0
8789,1.0,3,1,1
8790,0.2,1,1,1
8791,1.0,1,1,1
8792,0.2,2,1,1
8793,0.2,2,0,0
8794,0.2,2,0,0
8795,1.0,3,1,1
8796,0.2,2,0,0
8797,0.2,1,1,0
8798,0.2,2,1,1
8799,0.2,1,1,1
8800,0.2,0,0,0
8801,0.2,0,1,1
8802,0.2,2,0,0
8803,0.2,3,0,0
8804,1.0,0,0,1
8805,0.2,2,0,1
8806,0.2,0,0,0
8807,0.2,2,1,1
8808,0.2,2,1,1
8809,2.2,0,1,1
8810,1.0,3,0,0
8811,0.2,1,0,0
8812,0.2,2,1,1
8813,0.2,1,0,1
8814,0.2,1,1,1
8815,0.2,1,0,0
8816,0.2,2,1,1
8817,2.2,2,1,1
8818,0.2,1,0,0
8819,0.2,3,1,1
8820,0.2,2,1,1
8821,0.2,2,1,0
8822,0.2,1,1,1
8823,1.0,1,0,0
8824,0.2,2,1,1
8825,2.2,1,0,0
8826,0.2,2,0,0
8827,0.2,0,1,1
8828,0.2,1,1,1
8829,0.2,2,0,0
8830,0.2,1,0,0
8831,0.2,2,0,0
8832,0.2,2,0,0
8833,0.2,3,0,0
8834,0.2,1,0,1
8835,0.2,1,1,0
8836,0.2,0,1,1
8837,0.2,0,0,0
8838,0.2,1,0,0
8839,0.2,1,1,1
8840,1.0,1,0,1
8841,0.2,1,0,0
8842,0.2,0,1,1
8843,0.2,2,0,0
8844,0.2,3,0,0
8845,0.2,1,0,0
8846,0.2,3,1,1
8847,0.2,1,1,1
8848,0.2,3,0,0
8849,0.2,2,0,1
8850,1.0,1,1,1
8851,0.2,3,1,1
8852,0.2,2,0,0
8853,2.2,1,0,0
8854,0.2,2,0,0
8855,1.0,2,0,0
8856,0.2,0,1,0
8857,0.2,2,0,0
8858,0.2,1,0,0
8859,0.2,2,0,0
8860,0.2,1,1,1
8861,0.2,2,1,1
8862,0.2,2,0,0
8863,0.2,2,1,1
8864,0.2,2,0,0
8865,0.2,1,1,1
8866,1.0,2,1,1
8867,0.2,2,1,0
8868,0.2,3,0,0
8869,0.2,3,1,1
8870,1.0,3,1,1
8871,1.0,2,0,1
8872,1.0,1,1,1
8873,0.2,3,1,1
8874,1.0,1,1,1
8875,2.2,1,1,1
8876,2.2,0,1,1
8877,2.2,2,1,1
8878,0.2,0,1,1
8879,0.2,3,0,0
8880,1.0,1,1,1
8881,0.2,2,1,1
8882,0.2,1,0,0
8883,0.2,1,1,1
8884,1.0,1,1,1
8885,0.2,0,1,1
8886,1.0,3,0,1
8887,1.0,0,1,1
8888,0.2,2,1,1
8889,1.0,0,1,1
8890,1.0,1,0,0
8891,0.2,1,0,0
8892,0.2,2,0,0
8893,0.2,1,1,1
8894,0.2,1,0,1
8895,0.2,1,1,1
8896,0.2,2,1,1
8897,0.2,2,0,0
8898,0.2,2,0,0
8899,0.2,1,1,1
8900,0.2,1,0,0
8901,0.2,1,0,0
8902,1.0,2,1,1
8903,1.0,2,1,1
8904,1.0,3,1,1
8905,0.2,3,0,0
8906,0.2,2,1,0
8907,0.2,1,0,0
8908,0.2,1,1,1
8909,0.2,1,0,0
8910,0.2,2,1,1
8911,0.2,2,1,0
8912,2.2,2,1,1
8913,0.2,1,1,1
8914,0.2,3,1,1
8915,0.2,3,0,0
8916,0.2,1,0,0
8917,1.0,1,1,1
8918,1.0,1,0,0
8919,0.2,1,0,0
8920,1.0,2,1,1
8921,0.2,1,1,1
8922,1.0,1,1,1
8923,1.0,0,0,0
8924,0.2,2,0,0
8925,1.0,1,1,1
8926,0.2,0,1,1
8927,0.2,1,1,1
8928,0.2,0,0,1
8929,0.2,2,0,0
8930,0.2,2,0,0
8931,0.2,1,0,0
8932,0.2,2,0,0
8933,0.2,1,0,0
8934,0.2,2,0,1
8935,1.0,2,0,0
8936,0.2,1,1,1
8937,0.2,0,1,1
8938,0.2,0,0,0
8939,0.2,2,0,0
8940,0.2,3,0,0
8941,0.2,2,0,0
8942,0.2,3,1,1
8943,0.2,3,0,0
8944,1.0,2,1,1
8945,0.2,2,1,1
8946,2.2,1,1,1
8947,0.2,0,1,1
8948,0.2,2,1,1
8949,0.2,1,0,0
8950,0.2,2,0,1
8951,0.2,1,0,1
8952,1.0,0,0,0
8953,0.2,1,0,1
8954,1.0,2,0,0
8955,0.2,2,0,0
8956,0.2,2,1,1
8957,1.0,2,0,0
8958,0.2,3,1,0
8959,0.2,0,1,1
8960,1.0,0,1,1
8961,1.0,2,1,1
8962,0.2,1,1,1
8963,0.2,1,0,0
8964,1.0,2,1,1
8965,0.2,0,1,1
8966,0.2,1,1,0
8967,1.0,3,1,1
8968,0.2,1,0,0
8969,0.2,0,1,1
8970,0.2,3,0,0
8971,0.2,2,0,0
8972,0.2,2,0,0
8973,2.2,2,1,1
8974,1.0,1,0,0
8975,0.2,0,1,1
8976,0.2,0,1,1
8977,1.0,2,0,0
8978,0.2,1,0,0
8979,0.2,2,0,0
8980,1.0,2,1,1
8981,1.0,2,1,1
8982,0.2,1,1,0
8983,0.2,2,0,0
8984,0.2,3,0,0
8985,0.2,1,1,1
8986,0.2,1,0,0
8987,0.2,1,1,1
8988,0.2,3,1,1
8989,0.2,0,0,0
8990,0.2,3,1,1
8991,0.2,1,0,0
8992,0.2,1,0,0
8993,0.2,1,0,0
8994,0.2,1,0,0
8995,0.2,1,0,0
8996,0.2,3,0,0
8997,0.2,2,0,0
8998,0.2,2,1,0
8999,0.2,1,0,0
9000,0.2,1,1,1
9001,0.2,3,0,0
9002,0.2,1,0,0
9003,0.2,2,0,1
9004,0.2,1,1,1
9005,1.0,0,0,1
9006,0.2,2,0,0
9007,1.0,0,1,1
9008,0.2,1,1,1
9009,0.2,1,1,1
9010,0.2,3,0,0
9011,0.2,2,1,0
9012,0.2,1,0,0
9013,0.2,2,0,0
9014,1.0,2,0,0
9015,0.2,1,0,0
9016,0.2,2,0,1
9017,0.2,1,0,0
9018,1.0,3,0,0
9019,0.2,1,0,0
9020,0.2,1,1,1
9021,1.0,3,0,0
9022,0.2,1,1,0
9023,0.2,1,0,0
9024,0.2,0,0,0
9025,0.2,1,0,0
9026,0.2,1,0,0
9027,0.2,2,1,1
9028,0.2,1,0,0
9029,1.0,2,0,0
9030,1.0,2,0,1
9031,0.2,3,0,0
9032,1.0,1,1,1
9033,0.2,3,1,1
9034,0.2,1,0,0
9035,1.0,1,1,1
9036,0.2,1,0,0
9037,0.2,2,0,0
9038,0.2,3,0,0
9039,0.2,1,1,1
9040,0.2,2,1,0
9041,1.0,2,0,0
9042,0.2,2,0,0
9043,0.2,1,1,1
9044,1.0,2,1,1
9045,1.0,1,1,1
9046,0.2,1,0,1
9047,1.0,2,1,1
9048,0.2,0,0,0
9049,0.2,1,1,1
9050,0.2,3,1,1
9051,1.0,1,1,1
9052,0.2,1,0,1
9053,0.2,2,1,1
9054,0.2,0,1,1
9055,0.2,2,0,0
9056,0.2,3,1,1
9057,1.0,2,0,0
9058,0.2,1,1,0
9059,0.2,0,1,0
9060,0.2,2,1,1
9061,0.2,0,1,1
9062,0.2,2,1,1
9063,0.2,3,0,0
9064,0.2,2,1,1
9065,0.2,1,0,0
9066,1.0,1,1,1
9067,0.2,0,1,1
9068,0.2,0,0,0
9069,0.2,1,1,1
9070,0.2,2,0,0
9071,0.2,0,0,0
9072,0.2,1,0,0
9073,0.2,1,1,1
9074,0.2,3,0,1
9075,0.2,2,0,0
9076,1.0,1,1,1
9077,0.2,2,0,0
9078,0.2,1,0,0
9079,1.0,1,1,1
9080,0.2,2,0,0
9081,0.2,0,1,1
9082,0.2,1,1,1
9083,0.2,3,1,1
9084,0.2,3,1,1
9085,0.2,1,0,0
9086,0.2,2,1,1
9087,0.2,1,1,1
9088,0.2,1,1,1
9089,0.2,3,0,0
9090,0.2,2,1,1
9091,0.2,0,0,0
9092,0.2,2,1,1
9093,0.2,2,0,0
9094,2.2,2,1,1
9095,0.2,1,1,1
9096,0.2,3,0,0
9097,0.2,0,1,1
9098,0.2,1,0,0
9099,1.0,2,1,1
9100,0.2,2,0,0
9101,0.2,1,0,0
9102,0.2,2,1,1
9103,1.0,1,1,1
9104,0.2,2,0,0
9105,1.0,2,0,0
9106,1.0,0,1,1
9107,0.2,2,1,1
9108,1.0,1,1,1
9109,1.0,1,0,0
9110,0.2,2,0,0
9111,1.0,2,1,1
9112,0.2,1,0,0
9113,1.0,2,1,0
9114,0.2,2,0,0
9115,0.2,0,0,1
9116,0.2,1,0,0
9117,0.2,1,0,0
9118,0.2,1,0,0
9119,1.0,0,1,0
9120,0.2,2,1,1
9121,1.0,2,1,1
9122,0.2,2,1,0
9123,0.2,1,0,0
9124,1.0,1,0,0
9125,0.2,1,0,0
9126,1.0,1,1,1
9127,0.2,2,1,1
9128,1.0,0,1,1
9129,0.2,1,0,0
9130,0.2,1,0,0
9131,0.2,3,0,0
9132,0.2,2,0,0
9133,0.2,2,0,0
9134,0.2,1,0,0
9135,0.2,1,1,0
9136,0.2,1,1,1
9137,1.0,1,1,1
9138,0.2,1,1,1
9139,0.2,0,0,0
9140,1.0,3,0,0
9141,0.2,1,0,0
9142,0.2,2,1,1
9143,0.2,2,1,1
9144,0.2,2,0,0
9145,0.2,0,1,1
9146,1.0,2,1,1
9147,0.2,1,0,0
9148,0.2,1,1,1
9149,0.2,0,0,0
9150,1.0,0,1,1
9151,0.2,3,1,1
9152,1.0,1,1,1
9153,1.0,2,1,1
9154,2.2,1,1,1
9155,0.2,1,0,0
9156,0.2,2,0,0
9157,1.0,1,0,0
9158,0.2,0,1,1
9159,0.2,2,0,0
9160,1.0,1,0,0
9161,1.0,1,1,1
9162,0.2,2,1,1
9163,1.0,1,1,1
9164,1.0,3,0,0
9165,0.2,3,0,0
9166,0.2,2,0,0
9167,1.0,2,0,0
9168,1.0,2,1,1
9169,0.2,0,0,0
9170,0.2,1,1,1
9171,0.2,1,0,1
9172,0.2,3,0,0
9173,0.2,2,1,1
9174,0.2,2,0,1
9175,1.0,1,0,1
9176,1.0,1,0,0
9177,0.2,1,1,1
9178,0.2,2,0,0
9179,2.2,0,0,1
9180,0.2,2,1,1
9181,0.2,2,0,0
9182,1.0,2,1,1
9183,0.2,3,0,1
9184,0.2,2,0,0
9185,1.0,2,1,1
9186,0.2,2,1,1
9187,0.2,1,0,0
9188,1.0,3,0,0
9189,0.2,1,1,1
9190,0.2,0,0,0
9191,0.2,1,0,0
9192,0.2,1,0,0
9193,1.0,2,1,1
9194,0.2,2,0,0
9195,0.2,2,0,0
9196,0.2,3,1,1
9197,0.2,1,0,0
9198,0.2,2,1,1
9199,0.2,1,1,1
9200,0.2,0,1,1
9201,0.2,1,0,0
9202,0.2,2,1,0
9203,0.2,2,0,0
9204,1.0,3,1,1
9205,0.2,2,0,0
9206,0.2,2,0,0
9207,1.0,1,0,0
9208,0.2,1,0,0
9209,0.2,2,0,0
9210,1.0,2,1,1
9211,0.2,2,0,0
9212,0.2,3,1,0
9213,0.2,3,0,0
9214,1.0,2,0,0
9215,0.2,3,1,1
9216,1.0,2,1,1
9217,0.2,2,1,1
9218,0.2,2,0,0
9219,0.2,2,1,1
9220,0.2,2,0,0
9221,1.0,1,1,1
9222,0.2,1,0,0
9223,1.0,3,1,1
9224,0.2,1,0,0
9225,0.2,3,0,0
9226,0.2,1,1,1
9227,1.0,2,0,0
9228,0.2,2,0,0
9229,0.2,0,1,1
9230,0.2,1,1,1
9231,1.0,2,0,0
9232,0.2,1,0,0
9233,0.2,0,1,0
9234,1.0,0,1,1
9235,0.2,3,1,0
9236,1.0,2,1,1
9237,1.0,2,1,1
9238,0.2,2,0,0
9239,0.2,0,1,1
9240,0.2,2,1,1
9241,0.2,1,0,0
9242,0.2,2,0,0
9243,0.2,2,0,0
9244,1.0,0,0,1
9245,1.0,1,0,0
9246,0.2,1,0,0
9247,0.2,2,0,0
9248,0.2,2,1,1
9249,0.2,2,1,1
9250,0.2,2,0,0
9251,1.0,1,1,1
9252,1.0,1,1,0
9253,0.2,3,0,0
9254,0.2,3,1,1
9255,0.2,2,0,0
9256,0.2,1,0,0
9257,0.2,2,0,0
9258,0.2,2,0,0
9259,0.2,3,1,1
9260,0.2,1,1,1
9261,1.0,2,1,1
9262,0.2,2,1,1
9263,1.0,2,1,1
9264,1.0,1,1,1
9265,1.0,3,1,1
9266,0.2,0,1,1
9267,0.2,2,1,1
9268,0.2,1,0,0
9269,0.2,1,0,0
9270,0.2,2,0,0
9271,0.2,1,1,1
9272,0.2,1,0,0
9273,0.2,0,1,1
9274,0.2,0,1,1
9275,0.2,3,1,0
9276,0.2,2,1,1
9277,1.0,1,0,1
9278,0.2,1,0,0
9279,0.2,1,1,1
9280,0.2,1,1,1
9281,0.2,1,1,0
9282,0.2,2,0,1
9283,1.0,2,0,0
9284,0.2,2,1,1
9285,0.2,1,1,1
9286,0.2,2,0,0
9287,2.2,1,1,1
9288,0.2,2,0,1
9289,0.2,2,0,0
9290,0.2,2,1,1
9291,1.0,1,0,1
9292,0.2,2,0,0
9293,1.0,0,0,0
9294,0.2,2,1,1
9295,0.2,1,0,0
9296,0.2,2,1,1
9297,1.0,1,1,1
9298,0.2,1,0,0
9299,0.2,1,1,1
9300,0.2,0,1,1
9301,1.0,1,1,1
9302,0.2,0,1,1
9303,1.0,2,1,1
9304,0.2,1,1,1
9305,0.2,2,1,1
9306,0.2,3,0,0
9307,0.2,1,0,0
9308,0.2,1,0,0
9309,0.2,1,1,1
9310,1.0,1,0,0
9311,1.0,0,0,0
9312,0.2,1,0,0
9313,2.2,1,1,1
9314,0.2,2,0,0
9315,0.2,2,1,1
9316,0.2,2,1,1
9317,0.2,2,1,1
9318,1.0,2,1,1
9319,0.2,2,1,1
9320,0.2,2,1,1
9321,0.2,1,0,0
9322,0.2,2,0,0
9323,0.2,3,0,0
9324,0.2,1,0,0
9325,0.2,2,1,1
9326,0.2,3,0,0
9327,0.2,1,1,0
9328,0.2,1,1,1
9329,0.2,3,1,1
9330,0.2,1,1,1
9331,0.2,1,0,0
9332,0.2,1,0,0
9333,0.2,2,0,0
9334,0.2,2,1,1
9335,0.2,1,0,0
9336,0.2,2,0,0
9337,2.2,1,1,1
9338,0.2,2,1,1
9339,0.2,3,0,0
9340,0.2,1,1,1
9341,0.2,3,0,0
9342,1.0,1,1,1
9343,1.0,2,1,1
9344,0.2,2,1,1
9345,0.2,2,0,0
9346,0.2,2,0,0
9347,0.2,2,0,0
9348,2.2,1,1,1
9349,0.2,1,1,1
9350,0.2,2,1,1
9351,0.2,1,0,0
9352,0.2,2,1,1
9353,0.2,1,1,1
9354,0.2,3,1,1
9355,0.2,1,1,0
9356,0.2,1,0,1
9357,0.2,3,0,1
9358,0.2,2,0,0
9359,0.2,1,0,0
9360,0.2,3,0,0
9361,0.2,3,1,1
9362,0.2,2,0,0
9363,1.0,2,1,1
9364,0.2,0,1,1
9365,0.2,2,0,0
9366,0.2,1,0,0
9367,0.2,2,1,1
9368,0.2,2,0,0
9369,0.2,1,0,0
9370,0.2,0,0,0
9371,0.2,1,1,1
9372,0.2,3,1,1
9373,1.0,2,1,1
9374,0.2,1,1,1
9375,0.2,0,1,1
9376,0.2,3,1,1
9377,0.2,2,0,0
9378,0.2,3,0,0
9379,0.2,1,1,1
9380,0.2,2,1,1
9381,0.2,1,0,0
9382,0.2,2,1,1
9383,0.2,1,1,1
9384,0.2,1,1,1
9385,0.2,0,0,0
9386,0.2,2,0,0
9387,0.2,2,0,0
9388,0.2,1,1,1
9389,0.2,0,0,0
9390,0.2,1,0,0
9391,0.2,1,0,0
9392,0.2,2,1,1
9393,1.0,2,1,1
9394,0.2,1,1,1
9395,0.2,1,1,1
9396,0.2,1,0,0
9397,1.0,1,1,1
9398,1.0,3,1,1
9399,0.2,0,0,1
9400,1.0,3,0,0
9401,0.2,1,0,0
9402,0.2,0,1,1
9403,0.2,1,0,0
9404,1.0,2,0,0
9405,0.2,2,1,0
9406,0.2,0,0,0
9407,0.2,0,1,0
9408,1.0,2,1,1
9409,0.2,0,1,1
9410,0.2,2,1,1
9411,0.2,3,0,0
9412,1.0,3,1,0
9413,0.2,1,1,1
9414,0.2,0,0,0
9415,1.0,1,0,0
9416,0.2,2,1,1
9417,0.2,3,1,1
9418,0.2,3,0,0
9419,0.2,2,1,1
9420,0.2,1,0,0
9421,0.2,2,0,0
9422,0.2,2,0,0
9423,1.0,2,1,1
9424,0.2,1,0,0
9425,1.0,1,1,1
9426,1.0,3,0,0
9427,2.2,1,1,1
9428,0.2,2,0,0
9429,1.0,2,1,1
9430,0.2,2,1,1
9431,0.2,2,0,0
9432,0.2,0,1,1
9433,0.2,2,0,0
9434,0.2,1,0,0
9435,1.0,1,1,1
9436,0.2,2,1,1
9437,0.2,3,0,0
9438,0.2,1,1,1
9439,1.0,1,1,1
9440,0.2,1,0,0
9441,0.2,1,1,1
9442,0.2,1,0,0
9443,0.2,1,1,1
9444,0.2,2,1,0
9445,0.2,3,1,1
9446,0.2,2,0,0
9447,0.2,3,0,0
9448,0.2,2,1,1
9449,0.2,0,0,1
9450,1.0,1,1,1
9451,0.2,3,0,0
9452,0.2,1,1,1
9453,0.2,2,1,1
9454,0.2,2,0,0
9455,0.2,2,0,0
9456,0.2,2,1,1
9457,1.0,1,1,1
9458,0.2,2,1,1
9459,1.0,2,0,0
9460,0.2,3,0,0
9461,0.2,2,0,0
9462,0.2,2,1,1
9463,0.2,1,1,1
9464,1.0,1,1,1
9465,0.2,2,0,0
9466,0.2,3,0,0
9467,0.2,1,0,1
9468,0.2,2,0,0
9469,0.2,2,0,0
9470,1.0,2,0,0
9471,0.2,0,1,1
9472,0.2,3,1,1
9473,0.2,1,0,0
9474,0.2,1,0,0
9475,0.2,2,0,1
9476,1.0,0,1,1
9477,0.2,0,0,1
9478,2.2,2,1,1
9479,1.0,2,0,1
9480,0.2,2,0,0
9481,0.2,2,0,0
9482,0.2,1,0,0
9483,0.2,1,1,1
9484,0.2,2,0,0
9485,0.2,3,0,0
9486,0.2,1,0,0
9487,0.2,1,0,0
9488,0.2,2,1,0
9489,1.0,1,0,0
9490,1.0,2,0,0
9491,1.0,2,0,0
9492,0.2,2,0,0
9493,2.2,0,1,1
9494,1.0,1,1,1
9495,0.2,2,0,1
9496,0.2,2,0,0
9497,0.2,1,0,0
9498,0.2,3,0,0
9499,0.2,3,1,1
9500,1.0,1,1,1
9501,0.2,3,0,0
9502,0.2,2,1,1
9503,2.2,1,1,1
9504,0.2,2,1,1
9505,0.2,3,1,0
9506,0.2,3,0,0
9507,0.2,2,0,0
9508,0.2,0,0,0
9509,0.2,3,0,0
9510,2.2,1,1,1
9511,0.2,3,1,1
9512,0.2,2,0,0
9513,0.2,1,1,0
9514,1.0,2,1,1
9515,1.0,2,0,0
9516,0.2,2,1,1
9517,0.2,0,0,0
9518,0.2,1,1,1
9519,0.2,1,1,1
9520,0.2,2,1,1
9521,0.2,1,0,0
9522,0.2,1,1,1
9523,0.2,2,1,1
9524,0.2,1,0,0
9525,0.2,2,1,1
9526,1.0,2,1,1
9527,0.2,0,0,0
9528,0.2,2,0,0
9529,2.2,0,1,1
9530,0.2,2,1,1
9531,0.2,1,1,1
9532,1.0,2,1,0
9533,1.0,1,1,1
9534,1.0,1,0,0
9535,2.2,1,1,1
9536,0.2,0,0,1
9537,0.2,1,1,1
9538,0.2,1,1,1
9539,0.2,1,1,1
9540,1.0,1,1,1
9541,2.2,2,1,1
9542,0.2,2,0,1
9543,1.0,1,0,0
9544,0.2,1,0,0
9545,1.0,3,0,0
9546,0.2,2,0,0
9547,0.2,3,0,0
9548,1.0,2,1,0
9549,0.2,1,0,0
9550,0.2,2,1,1
9551,0.2,0,1,1
9552,0.2,0,0,1
9553,0.2,1,0,0
9554,0.2,3,0,0
9555,0.2,3,1,0
9556,0.2,2,0,0
9557,0.2,2,0,0
9558,0.2,2,1,1
9559,0.2,1,0,0
9560,0.2,0,0,0
9561,0.2,2,1,1
9562,0.2,2,0,0
9563,1.0,1,1,1
9564,0.2,2,0,0
9565,0.2,1,1,1
9566,0.2,2,0,0
9567,0.2,2,0,1
9568,0.2,1,0,0
9569,0.2,2,0,0
9570,0.2,2,0,0
9571,0.2,2,0,0
9572,0.2,1,0,0
9573,0.2,1,0,0
9574,0.2,1,1,1
9575,1.0,0,0,1
9576,0.2,2,1,1
9577,1.0,0,1,1
9578,0.2,2,1,1
9579,0.2,2,1,0
9580,1.0,1,1,1
9581,0.2,1,1,1
9582,0.2,1,0,0
9583,0.2,2,1,1
9584,1.0,2,0,0
9585,0.2,2,0,0
9586,1.0,2,0,0
9587,0.2,2,0,0
9588,0.2,2,0,0
9589,0.2,1,0,1
9590,1.0,2,0,0
9591,1.0,1,1,1
9592,0.2,2,1,1
9593,0.2,0,1,0
9594,0.2,2,1,1
9595,0.2,2,1,1
9596,0.2,0,0,0
9597,0.2,2,1,1
9598,1.0,2,0,0
9599,0.2,1,0,0
9600,0.2,1,0,0
9601,1.0,1,0,0
9602,0.2,1,1,1
9603,0.2,2,0,0
9604,0.2,1,0,0
9605,0.2,2,0,1
9606,0.2,1,1,1
9607,0.2,1,1,1
9608,0.2,1,0,0
9609,0.2,0,0,0
9610,0.2,1,1,1
9611,2.2,1,0,1
9612,0.2,1,1,0
9613,0.2,2,1,1
9614,0.2,2,0,0
9615,1.0,1,0,0
9616,0.2,2,0,1
9617,1.0,1,1,1
9618,0.2,0,1,1
9619,0.2,1,1,0
9620,0.2,3,1,1
9621,2.2,1,1,1
9622,0.2,2,1,1
9623,0.2,1,0,0
9624,0.2,1,1,1
9625,0.2,3,1,1
9626,1.0,1,1,1
9627,0.2,3,0,0
9628,0.2,1,0,0
9629,1.0,2,1,1
9630,0.2,1,1,1
9631,0.2,2,0,0
9632,1.0,3,0,0
9633,0.2,2,0,1
9634,1.0,2,1,1
9635,0.2,1,1,1
9636,1.0,1,1,1
9637,0.2,2,1,1
9638,0.2,1,1,1
9639,0.2,2,1,1
9640,0.2,1,0,0
9641,0.2,1,1,1
9642,0.2,2,1,1
9643,0.2,2,0,0
9644,0.2,1,1,1
9645,1.0,2,0,0
9646,0.2,2,1,1
9647,0.2,0,1,0
9648,1.0,2,1,1
9649,0.2,2,1,1
9650,0.2,2,0,0
9651,0.2,2,1,1
9652,0.2,2,0,0
9653,1.0,0,0,0
9654,1.0,1,1,1
9655,1.0,0,0,1
9656,1.0,3,0,0
9657,0.2,2,1,1
9658,0.2,1,1,1
9659,0.2,1,0,0
9660,0.2,2,0,0
9661,0.2,1,0,0
9662,0.2,3,0,0
9663,0.2,1,1,1
9664,0.2,2,0,1
9665,0.2,2,0,0
9666,0.2,0,0,0
9667,0.2,1,1,0
9668,2.2,1,1,1
9669,0.2,2,0,0
9670,1.0,2,1,1
9671,0.2,2,0,0
9672,1.0,2,0,0
9673,0.2,2,0,0
9674,0.2,1,1,1
9675,1.0,1,1,1
9676,1.0,2,0,0
9677,0.2,1,0,0
9678,1.0,2,1,1
9679,0.2,2,1,1
9680,0.2,2,0,0
9681,0.2,2,0,0
9682,0.2,2,1,1
9683,0.2,2,1,1
9684,0.2,2,1,1
9685,0.2,2,0,0
9686,0.2,1,1,0
9687,0.2,2,1,0
9688,0.2,1,0,0
9689,0.2,1,1,1
9690,0.2,2,0,0
9691,1.0,2,0,0
9692,0.2,1,0,0
9693,0.2,1,0,0
9694,1.0,2,1,1
9695,1.0,1,0,0
9696,0.2,1,0,0
9697,0.2,2,0,0
9698,0.2,1,0,0
9699,0.2,1,1,1
9700,1.0,1,1,1
9701,0.2,0,0,0
9702,0.2,2,0,0
9703,0.2,1,0,0
9704,0.2,2,0,0
9705,0.2,0,0,0
9706,1.0,1,0,0
9707,0.2,3,0,0
9708,0.2,0,1,1
9709,0.2,2,1,1
9710,1.0,2,1,1
9711,0.2,1,0,0
9712,0.2,1,1,0
9713,0.2,3,1,1
9714,0.2,0,1,1
9715,0.2,2,1,1
9716,0.2,1,1,1
9717,0.2,3,1,0
9718,0.2,0,1,1
9719,0.2,3,0,0
9720,1.0,2,0,0
9721,0.2,1,0,0
9722,0.2,0,1,1
9723,1.0,1,1,1
9724,0.2,2,0,0
9725,0.2,3,1,1
9726,1.0,1,0,0
9727,0.2,2,0,0
9728,0.2,1,0,0
9729,1.0,2,1,1
9730,2.2,1,1,1
9731,0.2,2,1,1
9732,0.2,1,0,1
9733,1.0,0,1,1
9734,0.2,0,1,1
9735,0.2,2,1,1
9736,0.2,0,0,0
9737,1.0,2,0,1
9738,1.0,1,1,1
9739,0.2,0,1,1
9740,0.2,1,0,1
9741,0.2,2,1,1
9742,1.0,2,0,1
9743,0.2,1,1,1
9744,1.0,2,1,1
9745,0.2,2,1,1
9746,0.2,1,0,0
9747,0.2,2,0,0
9748,0.2,1,0,0
9749,0.2,2,0,0
9750,0.2,0,1,1
9751,0.2,1,0,0
9752,1.0,1,1,0
9753,0.2,0,0,1
9754,0.2,2,1,1
9755,0.2,2,0,0
9756,1.0,1,0,0
9757,0.2,0,1,1
9758,0.2,0,1,1
9759,0.2,1,0,0
9760,0.2,2,0,0
9761,0.2,1,1,1
9762,0.2,1,0,0
9763,0.2,3,0,0
9764,0.2,2,1,1
9765,0.2,1,1,1
9766,0.2,1,1,1
9767,0.2,2,0,0
9768,1.0,1,1,0
9769,0.2,2,0,0
9770,0.2,3,1,0
9771,0.2,2,0,1
9772,1.0,3,0,1
9773,0.2,3,1,1
9774,0.2,2,0,1
9775,0.2,2,1,1
9776,0.2,3,0,0
9777,0.2,2,0,0
9778,0.2,2,1,1
9779,0.2,3,0,0
9780,0.2,1,1,1
9781,0.2,3,1,0
9782,0.2,1,0,0
9783,0.2,1,0,0
9784,0.2,2,1,1
9785,0.2,3,0,0
9786,0.2,1,1,1
9787,0.2,2,0,0
9788,0.2,2,1,0
9789,1.0,0,1,1
9790,0.2,2,1,1
9791,0.2,3,0,0
9792,0.2,0,1,1
9793,0.2,0,0,1
9794,1.0,1,1,1
9795,1.0,1,0,0
9796,0.2,2,0,0
9797,0.2,2,0,0
9798,1.0,1,1,1
9799,0.2,3,0,0
9800,1.0,1,1,1
9801,0.2,1,0,0
9802,1.0,1,1,1
9803,0.2,1,0,0
9804,0.2,1,0,0
9805,1.0,2,1,1
9806,0.2,0,1,1
9807,0.2,1,0,0
9808,1.0,2,0,1
9809,0.2,1,0,0
9810,0.2,2,0,0
9811,0.2,2,0,0
9812,0.2,2,1,1
9813,0.2,1,0,0
9814,0.2,2,1,0
9815,0.2,2,0,0
9816,1.0,0,1,1
9817,0.2,1,0,0
9818,0.2,1,0,0
9819,0.2,1,1,0
9820,0.2,2,0,0
9821,0.2,3,0,0
9822,0.2,2,1,0
9823,0.2,2,1,1
9824,1.0,0,1,1
9825,0.2,1,0,0
9826,0.2,2,1,0
9827,1.0,1,1,1
9828,1.0,2,1,1
9829,0.2,2,1,0
9830,1.0,1,0,1
9831,0.2,2,0,0
9832,1.0,2,1,1
9833,0.2,2,1,0
9834,0.2,0,0,0
9835,0.2,2,0,0
9836,1.0,0,1,1
9837,1.0,1,1,1
9838,0.2,0,0,0
9839,0.2,2,0,0
9840,0.2,3,1,0
9841,0.2,0,0,0
9842,0.2,1,1,1
9843,0.2,2,1,1
9844,0.2,3,0,0
9845,0.2,1,0,0
9846,0.2,1,0,0
9847,0.2,1,0,0
9848,0.2,2,0,0
9849,0.2,1,1,0
9850,0.2,2,0,0
9851,0.2,1,0,0
9852,0.2,1,1,1
9853,0.2,2,0,0
9854,0.2,2,1,1
9855,0.2,3,1,1
9856,0.2,3,0,0
9857,1.0,1,1,1
9858,1.0,3,1,1
9859,0.2,1,0,0
9860,0.2,1,0,0
9861,1.0,1,1,1
9862,0.2,1,0,0
9863,0.2,1,1,1
9864,0.2,3,1,1
9865,0.2,0,0,0
9866,0.2,1,0,1
9867,0.2,2,1,1
9868,0.2,2,0,0
9869,0.2,0,0,1
9870,0.2,2,1,1
9871,0.2,2,1,1
9872,0.2,2,0,0
9873,0.2,1,1,1
9874,0.2,0,1,1
9875,0.2,0,1,1
9876,0.2,0,0,0
9877,1.0,3,0,0
9878,1.0,0,1,1
9879,0.2,1,0,0
9880,0.2,2,1,1
9881,0.2,0,0,0
9882,0.2,2,1,0
9883,0.2,2,1,1
9884,0.2,0,1,1
9885,0.2,2,0,1
9886,0.2,2,1,1
9887,1.0,2,1,1
9888,1.0,2,1,0
9889,0.2,2,1,1
9890,1.0,0,1,1
9891,1.0,2,0,0
9892,0.2,2,1,1
9893,1.0,1,1,1
9894,0.2,2,0,1
9895,1.0,2,1,1
9896,0.2,1,0,0
9897,1.0,1,1,1
9898,1.0,0,0,0
9899,0.2,1,1,1
9900,0.2,1,1,1
9901,2.2,3,1,1
9902,0.2,3,0,0
9903,0.2,0,1,0
9904,0.2,2,1,1
9905,0.2,1,1,1
9906,0.2,1,1,1
9907,0.2,3,0,0
9908,0.2,1,1,1
9909,1.0,1,0,0
9910,0.2,0,1,1
9911,0.2,3,0,0
9912,0.2,0,1,1
9913,0.2,2,0,0
9914,0.2,1,0,0
9915,0.2,0,0,0
9916,0.2,0,0,1
9917,0.2,0,0,1
9918,0.2,1,0,0
9919,0.2,2,0,0
9920,0.2,2,1,1
9921,0.2,2,0,0
9922,0.2,1,1,1
9923,1.0,0,1,1
9924,0.2,1,1,1
9925,0.2,2,0,0
9926,0.2,0,1,1
9927,1.0,1,1,1
9928,0.2,1,1,1
9929,0.2,1,0,0
9930,1.0,2,1,1
9931,0.2,3,0,0
9932,1.0,0,1,1
9933,1.0,0,1,1
9934,0.2,3,0,0
9935,0.2,2,0,0
9936,0.2,3,0,0
9937,0.2,2,0,0
9938,0.2,2,1,1
9939,0.2,3,0,0
9940,0.2,1,0,0
9941,0.2,1,1,0
9942,0.2,2,0,0
9943,0.2,1,1,1
9944,1.0,1,1,1
9945,0.2,1,1,1
9946,0.2,1,0,0
9947,0.2,1,1,1
9948,0.2,1,0,0
9949,1.0,2,1,1
9950,0.2,1,1,1
9951,1.0,2,1,1
9952,1.0,0,1,1
9953,0.2,2,1,0
9954,1.0,1,0,1
9955,0.2,1,0,0
9956,0.2,2,0,0
9957,1.0,1,1,1
9958,0.2,3,0,0
9959,0.2,2,1,0
9960,0.2,0,1,1
9961,1.0,0,1,1
9962,0.2,1,0,0
9963,0.2,0,1,0
9964,0.2,2,1,1
9965,0.2,1,1,1
9966,0.2,1,1,1
9967,0.2,2,0,0
9968,0.2,0,0,0
9969,0.2,2,0,0
9970,0.2,2,1,1
9971,1.0,2,0,1
9972,1.0,0,1,1
9973,0.2,2,1,1
9974,0.2,1,1,1
9975,0.2,1,1,1
9976,0.2,1,0,0
9977,0.2,1,1,1
9978,1.0,1,1,1
9979,0.2,0,1,1
9980,0.2,1,0,0
9981,0.2,2,0,0
9982,0.2,1,0,0
9983,0.2,3,0,0
9984,1.0,1,0,0
9985,0.2,2,0,0
9986,1.0,1,0,0
9987,0.2,3,0,1
9988,1.0,1,0,0
9989,0.2,2,1,1
9990,1.0,1,1,1
9991,0.2,0,0,0
9992,1.0,0,0,0
9993,0.2,1,0,0
9994,0.2,1,1,0
9995,0.2,1,1,1
9996,1.0,2,1,1
9997,1.0,2,1,1
9998,1.0,2,1,1
9999,1.0,2,1,1
10000,0.2,1,1,0
10001,0.2,3,1,1
10002,0.2,2,0,0
10003,0.2,1,0,0
10004,1.0,0,1,1
10005,1.0,1,0,0
10006,0.2,1,1,1
10007,2.2,3,0,1
10008,0.2,2,0,0
10009,0.2,1,1,0
10010,0.2,2,0,0
10011,1.0,0,1,1
10012,0.2,1,1,1
10013,1.0,0,1,1
10014,0.2,2,1,1
10015,0.2,0,1,1
10016,0.2,2,0,0
10017,0.2,0,1,1
10018,2.2,2,1,1
10019,0.2,2,0,0
10020,0.2,3,1,1
10021,2.2,3,1,1
10022,0.2,2,0,0
10023,0.2,3,0,0
10024,0.2,2,1,0
10025,0.2,2,0,0
10026,1.0,2,1,1
10027,1.0,2,0,0
10028,1.0,1,1,1
10029,0.2,2,1,1
10030,0.2,0,0,1
10031,0.2,1,1,0
10032,0.2,1,0,0
10033,0.2,0,1,1
10034,0.2,2,1,1
10035,0.2,0,1,1
10036,0.2,2,1,1
10037,1.0,2,1,1
10038,0.2,0,0,0
10039,0.2,1,1,1
10040,0.2,2,0,0
10041,0.2,3,0,0
10042,0.2,1,0,0
10043,0.2,3,0,0
10044,0.2,1,1,1
10045,0.2,2,0,0
10046,0.2,2,1,1
10047,1.0,3,1,1
10048,0.2,2,0,0
10049,0.2,1,0,0
10050,0.2,3,0,0
10051,0.2,3,0,0
10052,0.2,2,1,1
10053,0.2,2,0,0
10054,1.0,3,0,1
10055,0.2,0,1,1
10056,0.2,1,0,0
10057,0.2,1,0,0
10058,0.2,3,0,0
10059,1.0,3,0,0
10060,0.2,2,0,0
10061,0.2,2,0,0
10062,0.2,1,1,1
10063,0.2,2,1,1
10064,0.2,3,0,0
10065,0.2,2,0,0
10066,0.2,2,1,1
10067,0.2,2,0,0
10068,0.2,1,0,1
10069,1.0,1,1,1
10070,0.2,2,0,1
10071,0.2,3,1,1
10072,0.2,0,0,0
10073,0.2,2,1,1
10074,0.2,1,1,1
10075,0.2,1,0,0
10076,0.2,0,1,0
10077,0.2,1,0,0
10078,1.0,1,0,0
10079,0.2,2,1,1
10080,0.2,2,0,1
10081,0.2,2,1,1
10082,0.2,1,1,1
10083,0.2,3,0,0
10084,1.0,1,1,1
10085,0.2,1,1,1
10086,1.0,2,1,1
10087,0.2,1,1,0
10088,0.2,1,1,0
10089,0.2,2,0,0
10090,0.2,2,0,0
10091,1.0,2,0,1
10092,2.2,0,1,1
10093,0.2,1,1,1
10094,0.2,2,1,1
10095,0.2,2,1,1
10096,0.2,1,0,0
10097,0.2,2,0,0
10098,0.2,0,1,1
10099,0.2,2,1,1
10100,0.2,2,0,1
10101,0.2,2,0,0
10102,0.2,1,0,0
10103,0.2,1,0,0
10104,1.0,1,1,1
10105,0.2,1,1,1
10106,1.0,3,0,1
10107,0.2,3,0,0
10108,0.2,2,0,0
10109,0.2,3,0,0
10110,1.0,3,1,1
10111,0.2,2,0,1
10112,0.2,3,1,1
10113,1.0,2,0,0
10114,0.2,1,0,0
10115,0.2,0,1,1
10116,0.2,0,0,0
10117,0.2,3,0,0
10118,0.2,1,0,0
10119,0.2,2,1,1
10120,0.2,2,0,0
10121,0.2,3,0,0
10122,1.0,2,1,1
10123,0.2,2,1,1
10124,0.2,2,1,1
10125,0.2,2,1,1
10126,0.2,2,1,1
10127,0.2,2,1,1
10128,2.2,1,1,1
10129,0.2,3,0,0
10130,0.2,1,0,0
10131,0.2,3,0,0
10132,0.2,2,1,1
10133,0.2,2,0,0
10134,0.2,2,0,0
10135,0.2,0,1,1
10136,0.2,1,0,0
10137,1.0,1,0,0
10138,0.2,2,0,0
10139,1.0,1,1,1
10140,0.2,2,1,1
10141,0.2,1,0,0
10142,0.2,1,0,1
10143,0.2,2,0,1
10144,1.0,2,1,1
10145,0.2,2,0,0
10146,1.0,1,1,1
10147,0.2,3,0,0
10148,0.2,2,1,1
10149,1.0,1,0,0
10150,0.2,1,0,0
10151,0.2,1,1,1
10152,0.2,0,0,1
10153,0.2,2,0,0
10154,0.2,1,1,1
10155,2.2,1,1,1
10156,2.2,2,1,1
10157,0.2,2,0,0
10158,0.2,2,1,1
10159,0.2,1,0,0
10160,0.2,2,1,1
10161,0.2,3,1,1
10162,0.2,0,0,0
10163,0.2,3,0,0
10164,0.2,1,1,1
10165,0.2,2,1,1
10166,0.2,0,0,0
10167,0.2,2,1,1
10168,0.2,1,0,1
10169,0.2,1,0,0
10170,0.2,0,1,1
10171,0.2,2,0,1
10172,0.2,2,1,1
10173,0.2,2,0,0
10174,0.2,2,0,0
10175,0.2,2,1,1
10176,0.2,1,1,1
10177,0.2,3,0,0
10178,0.2,2,0,0
10179,0.2,2,1,0
10180,1.0,2,1,1
10181,1.0,0,1,1
10182,0.2,2,0,0
10183,0.2,3,1,1
10184,0.2,3,1,1
10185,0.2,0,1,1
10186,0.2,2,0,1
10187,0.2,2,0,0
10188,1.0,1,1,1
10189,0.2,1,1,0
10190,0.2,0,0,0
10191,0.2,3,0,0
10192,0.2,1,0,1
10193,2.2,1,1,1
10194,1.0,1,1,0
10195,1.0,2,0,0
10196,0.2,2,0,0
10197,0.2,0,1,1
10198,0.2,2,1,0
10199,0.2,3,0,0
10200,0.2,2,0,0
10201,1.0,1,1,1
10202,1.0,1,0,0
10203,0.2,1,1,1
10204,0.2,2,0,0
10205,0.2,3,0,0
10206,1.0,1,1,1
10207,0.2,1,0,0
10208,1.0,2,1,1
10209,0.2,1,0,0
10210,0.2,1,1,0
10211,0.2,2,0,1
10212,0.2,1,0,0
10213,0.2,1,0,0
10214,1.0,3,0,0
10215,0.2,1,1,1
10216,0.2,2,0,0
10217,0.2,1,1,1
10218,0.2,0,1,1
10219,1.0,2,1,1
10220,0.2,0,0,1
10221,0.2,1,1,1
10222,2.2,0,1,1
10223,0.2,3,0,0
10224,1.0,0,1,0
10225,1.0,1,1,1
10226,0.2,0,1,0
10227,0.2,2,0,0
10228,0.2,2,0,0
10229,0.2,1,1,1
10230,0.2,1,0,0
10231,1.0,1,1,1
10232,0.2,0,1,1
10233,0.2,3,1,1
10234,0.2,2,0,0
10235,0.2,3,0,0
10236,0.2,2,1,1
10237,0.2,0,0,0
10238,0.2,1,0,0
10239,1.0,3,0,0
10240,0.2,1,1,1
10241,0.2,1,0,0
10242,0.2,1,1,1
10243,0.2,2,0,1
10244,0.2,2,1,1
10245,1.0,1,1,1
10246,0.2,1,1,1
10247,0.2,3,1,1
10248,0.2,2,1,1
10249,0.2,2,0,1
10250,1.0,3,1,1
10251,1.0,2,1,1
10252,0.2,1,0,1
10253,0.2,1,0,0
10254,0.2,2,1,1
10255,0.2,2,1,1
10256,0.2,1,0,1
10257,0.2,1,0,0
10258,1.0,1,0,0
10259,0.2,1,0,1
10260,1.0,1,1,1
10261,0.2,0,1,1
10262,0.2,2,0,0
10263,1.0,0,1,1
10264,1.0,1,0,0
10265,0.2,2,0,0
10266,0.2,2,0,0
10267,0.2,2,0,0
10268,1.0,3,0,0
10269,1.0,2,1,1
10270,1.0,1,1,1
10271,0.2,1,1,1
10272,0.2,1,1,0
10273,0.2,1,1,1
10274,0.2,1,0,0
10275,1.0,1,0,1
10276,0.2,2,1,1
10277,0.2,1,1,1
10278,0.2,3,0,0
10279,1.0,1,0,1
10280,0.2,1,0,0
10281,0.2,1,0,0
10282,1.0,2,1,1
10283,0.2,2,0,0
10284,0.2,2,0,0
10285,0.2,2,0,0
10286,0.2,2,0,0
10287,0.2,3,0,0
10288,1.0,1,1,1
10289,1.0,1,1,0
10290,0.2,1,1,1
10291,0.2,1,1,1
10292,0.2,3,0,0
10293,0.2,1,1,1
10294,1.0,1,0,1
10295,0.2,2,1,1
10296,0.2,2,0,0
10297,2.2,3,0,1
10298,0.2,0,1,1
10299,0.2,1,0,0
10300,0.2,2,1,1
10301,0.2,2,0,1
10302,0.2,1,0,0
10303,0.2,3,1,0
10304,0.2,2,0,0
10305,0.2,0,1,1
10306,1.0,1,1,0
10307,0.2,3,1,1
10308,1.0,1,1,1
10309,0.2,1,1,1
10310,0.2,1,1,0
10311,0.2,1,1,1
10312,1.0,2,1,0
10313,0.2,0,1,1
10314,1.0,1,1,1
10315,0.2,3,0,0
10316,0.2,1,0,0
10317,1.0,1,1,1
10318,0.2,1,0,0
10319,0.2,2,0,0
10320,0.2,3,1,1
10321,0.2,1,1,1
10322,0.2,2,1,1
10323,0.2,3,0,0
10324,0.2,1,0,0
10325,0.2,1,1,1
10326,1.0,1,0,0
10327,1.0,0,1,1
10328,0.2,3,0,0
10329,0.2,1,0,0
10330,0.2,1,1,1
10331,0.2,0,0,0
10332,0.2,0,1,1
10333,1.0,2,1,1
10334,1.0,3,0,0
10335,0.2,2,1,1
10336,0.2,0,1,1
10337,1.0,0,1,1
10338,1.0,2,1,1
10339,0.2,2,0,0
10340,0.2,2,0,0
10341,0.2,0,0,0
10342,0.2,3,1,1
10343,0.2,3,1,1
10344,0.2,1,0,0
10345,0.2,2,1,1
10346,0.2,3,1,1
10347,0.2,0,1,1
10348,0.2,0,0,0
10349,0.2,1,1,1
10350,2.2,0,1,1
10351,0.2,0,0,0
10352,0.2,1,1,1
10353,0.2,2,1,1
10354,1.0,2,1,1
10355,1.0,0,1,1
10356,0.2,1,1,1
10357,1.0,3,1,0
10358,0.2,3,0,0
10359,0.2,1,1,1
10360,0.2,1,1,1
10361,0.2,0,1,1
10362,0.2,0,1,1
10363,0.2,2,1,0
10364,0.2,1,1,0
10365,1.0,1,0,0
10366,0.2,2,0,0
10367,0.2,0,1,1
10368,1.0,1,0,0
10369,0.2,2,1,1
10370,0.2,2,0,0
10371,0.2,2,1,1
10372,0.2,2,1,1
10373,0.2,1,1,1
10374,0.2,1,1,1
10375,0.2,3,0,0
10376,0.2,1,1,1
10377,0.2,0,1,1
10378,0.2,0,0,0
10379,0.2,2,0,0
10380,0.2,0,1,1
10381,0.2,0,0,0
10382,0.2,0,0,0
10383,2.2,1,1,0
10384,1.0,2,0,0
10385,0.2,2,0,0
10386,0.2,2,0,0
10387,0.2,3,0,0
10388,0.2,2,0,0
10389,0.2,1,0,0
10390,0.2,1,0,0
10391,1.0,1,1,1
10392,0.2,0,0,0
10393,0.2,2,0,0
10394,0.2,3,0,0
10395,0.2,3,0,0
10396,1.0,1,1,1
10397,1.0,1,1,1
10398,0.2,0,1,1
10399,1.0,2,1,1
10400,1.0,0,1,1
10401,0.2,2,0,0
10402,0.2,2,1,0
10403,0.2,3,0,0
10404,0.2,0,0,0
10405,0.2,2,1,0
10406,1.0,2,1,0
10407,1.0,1,1,1
10408,0.2,2,1,1
10409,1.0,2,1,1
10410,1.0,1,1,1
10411,0.2,1,0,0
10412,0.2,2,0,0
10413,0.2,2,1,1
10414,0.2,2,0,0
10415,0.2,2,0,0
10416,0.2,2,0,0
10417,0.2,2,0,0
10418,0.2,2,1,1
10419,1.0,0,0,0
10420,0.2,0,0,0
10421,0.2,1,0,0
10422,0.2,2,0,0
10423,0.2,0,1,1
10424,0.2,0,1,1
10425,0.2,1,1,1
10426,0.2,0,1,1
10427,0.2,3,0,0
10428,2.2,1,1,1
10429,1.0,2,1,1
10430,0.2,3,1,0
10431,0.2,2,0,0
10432,0.2,1,1,1
10433,0.2,1,1,1
10434,0.2,3,0,0
10435,1.0,0,0,1
10436,1.0,1,0,0
10437,3.0,1,1,1
10438,0.2,2,0,0
10439,0.2,2,0,0
10440,0.2,3,0,0
10441,1.0,2,1,1
10442,0.2,3,1,1
10443,1.0,3,1,0
10444,0.2,3,0,0
10445,0.2,2,0,0
10446,1.0,1,1,1
10447,0.2,3,0,0
10448,1.0,2,0,1
10449,0.2,2,1,1
10450,1.0,2,1,1
10451,0.2,1,0,0
10452,0.2,2,1,1
10453,0.2,2,1,1
10454,1.0,1,1,1
10455,0.2,1,0,0
10456,0.2,2,0,0
10457,0.2,1,1,1
10458,3.0,1,1,1
10459,2.2,1,1,1
10460,0.2,2,0,0
10461,0.2,1,0,0
10462,0.2,2,0,0
10463,0.2,1,1,1
10464,0.2,1,1,1
10465,0.2,0,1,0
10466,0.2,1,1,1
10467,0.2,1,0,0
10468,0.2,2,1,1
10469,0.2,1,1,1
10470,0.2,2,0,1
10471,1.0,2,1,1
10472,0.2,0,0,0
10473,0.2,1,1,1
10474,0.2,2,0,0
10475,0.2,2,0,0
10476,0.2,1,1,1
10477,0.2,2,0,0
10478,0.2,2,0,0
10479,0.2,0,0,0
10480,0.2,1,0,0
10481,1.0,1,1,1
10482,0.2,2,0,0
10483,0.2,2,1,1
10484,1.0,2,1,1
10485,0.2,2,1,1
10486,1.0,2,0,0
10487,0.2,0,0,0
10488,0.2,2,1,1
10489,0.2,3,0,0
10490,0.2,1,1,1
10491,0.2,2,0,0
10492,0.2,1,0,0
10493,0.2,2,0,0
10494,0.2,3,0,0
10495,0.2,1,1,1
10496,0.2,2,1,0
10497,0.2,2,0,0
10498,1.0,1,0,0
10499,0.2,1,1,1
10500,1.0,2,0,0
10501,1.0,1,1,1
10502,0.2,0,1,1
10503,1.0,1,1,1
10504,0.2,2,1,1
10505,0.2,1,0,0
10506,1.0,1,1,1
10507,0.2,2,0,0
10508,0.2,2,1,1
10509,1.0,2,1,0
10510,0.2,1,1,1
10511,0.2,1,0,0
10512,0.2,1,1,1
10513,0.2,0,0,1
10514,2.2,1,1,1
10515,0.2,3,0,0
10516,0.2,3,1,0
10517,1.0,0,1,1
10518,0.2,2,0,0
10519,0.2,2,0,0
10520,0.2,2,0,0
10521,1.0,1,0,1
10522,0.2,1,0,0
10523,0.2,1,0,0
10524,1.0,3,0,0
10525,0.2,2,1,1
10526,0.2,2,1,0
10527,0.2,0,1,1
10528,0.2,2,0,0
10529,0.2,3,1,0
10530,0.2,1,1,1
10531,1.0,2,1,1
10532,0.2,2,0,0
10533,0.2,0,1,1
10534,0.2,3,0,0
10535,0.2,1,0,0
10536,0.2,2,0,0
10537,0.2,0,1,1
10538,0.2,2,1,0
10539,0.2,3,0,0
10540,1.0,2,0,0
10541,1.0,1,0,1
10542,0.2,1,0,0
10543,0.2,2,1,1
10544,1.0,0,0,1
10545,0.2,0,0,0
10546,1.0,0,1,1
10547,0.2,0,1,1
10548,0.2,2,0,0
10549,0.2,0,1,1
10550,0.2,2,1,1
10551,0.2,3,1,0
10552,0.2,1,0,0
10553,0.2,1,1,1
10554,0.2,0,1,1
10555,0.2,1,1,1
10556,1.0,0,1,1
10557,0.2,2,0,1
10558,0.2,2,1,1
10559,0.2,0,0,0
10560,0.2,0,0,0
10561,0.2,1,1,1
10562,1.0,1,0,0
10563,1.0,2,1,1
10564,0.2,1,0,0
10565,1.0,1,1,1
10566,0.2,2,0,0
10567,2.2,0,1,1
10568,0.2,0,0,0
10569,0.2,1,1,0
10570,0.2,2,1,1
10571,1.0,2,0,0
10572,1.0,2,1,1
10573,0.2,2,0,0
10574,0.2,1,0,0
10575,0.2,1,1,1
10576,0.2,2,0,0
10577,0.2,3,1,1
10578,0.2,2,1,1
10579,1.0,2,1,0
10580,0.2,2,1,1
10581,0.2,2,1,1
10582,1.0,1,0,0
10583,0.2,2,0,1
10584,1.0,0,1,1
10585,0.2,0,1,0
10586,1.0,2,0,0
10587,0.2,2,0,0
10588,0.2,2,0,0
10589,1.0,3,1,0
10590,0.2,1,0,0
10591,0.2,0,1,1
10592,1.0,2,1,1
10593,1.0,1,0,0
10594,0.2,2,0,1
10595,1.0,2,1,1
10596,0.2,0,0,0
10597,0.2,2,0,0
10598,0.2,1,0,0
10599,0.2,0,1,1
10600,0.2,2,0,0
10601,1.0,1,1,1
10602,0.2,3,0,0
10603,0.2,2,1,1
10604,0.2,2,0,0
10605,1.0,2,0,0
10606,1.0,0,1,1
10607,1.0,2,1,1
10608,0.2,1,1,1
10609,0.2,1,0,1
10610,0.2,1,1,1
10611,0.2,2,1,1
10612,1.0,2,1,1
10613,0.2,2,1,1
10614,0.2,2,0,1
10615,0.2,2,0,0
10616,1.0,1,1,1
10617,0.2,1,1,0
10618,0.2,1,0,0
10619,0.2,0,0,1
10620,0.2,2,0,0
10621,0.2,0,1,1
10622,0.2,3,0,0
10623,0.2,2,1,1
10624,0.2,1,0,0
10625,0.2,3,0,0
10626,0.2,2,0,0
10627,0.2,3,1,1
10628,0.2,1,1,1
10629,0.2,1,1,1
10630,0.2,1,0,0
10631,0.2,1,1,0
10632,0.2,1,1,1
10633,1.0,2,1,1
10634,0.2,2,0,1
10635,0.2,2,0,0
10636,0.2,1,1,1
10637,0.2,1,0,0
10638,0.2,1,0,0
10639,1.0,0,1,1
10640,0.2,2,1,1
10641,1.0,3,1,1
10642,0.2,3,1,1
10643,0.2,3,0,0
10644,0.2,1,1,1
10645,0.2,3,1,1
10646,0.2,1,0,0
10647,0.2,2,0,0
10648,0.2,0,1,1
10649,0.2,2,1,1
10650,0.2,3,1,1
10651,0.2,1,1,1
10652,0.2,1,0,1
10653,0.2,0,1,0
10654,1.0,2,0,1
10655,0.2,3,0,0
10656,0.2,2,0,0
10657,0.2,3,0,0
10658,0.2,1,0,0
10659,0.2,1,0,0
10660,0.2,2,1,1
10661,1.0,1,1,1
10662,0.2,1,0,0
10663,0.2,1,0,0
10664,1.0,2,1,1
10665,0.2,0,1,1
10666,0.2,2,1,1
10667,0.2,2,1,0
10668,0.2,1,0,0
10669,0.2,0,0,0
10670,1.0,1,1,1
10671,0.2,3,0,0
10672,1.0,1,0,1
10673,0.2,3,1,1
10674,1.0,1,1,1
10675,0.2,2,0,0
10676,0.2,1,0,0
10677,0.2,2,0,0
10678,0.2,3,0,0
10679,0.2,0,1,1
10680,0.2,3,1,1
10681,0.2,2,0,0
10682,1.0,2,1,1
10683,0.2,1,0,0
10684,1.0,3,1,1
10685,0.2,1,1,0
10686,0.2,2,0,0
10687,0.2,2,0,0
10688,0.2,1,1,1
10689,0.2,2,1,1
10690,0.2,2,0,1
10691,1.0,2,0,0
10692,0.2,1,0,0
10693,1.0,2,1,1
10694,0.2,1,1,1
10695,1.0,1,1,1
10696,0.2,1,0,0
10697,0.2,1,1,1
10698,1.0,0,1,1
10699,0.2,2,1,1
10700,0.2,2,1,0
10701,0.2,1,1,1
10702,0.2,1,1,1
10703,1.0,2,1,1
10704,0.2,3,0,0
10705,0.2,2,1,1
10706,0.2,2,0,0
10707,0.2,2,0,0
10708,0.2,1,1,1
10709,1.0,2,1,1
10710,0.2,0,0,0
10711,0.2,0,1,1
10712,0.2,1,1,0
10713,0.2,2,0,0
10714,0.2,1,1,1
10715,0.2,2,0,1
10716,1.0,1,1,1
10717,0.2,3,1,1
10718,0.2,1,1,1
10719,0.2,1,0,0
10720,1.0,2,0,0
10721,0.2,2,0,0
10722,0.2,0,1,1
10723,0.2,1,0,0
10724,0.2,1,0,0
10725,0.2,2,0,0
10726,0.2,2,1,1
10727,0.2,2,0,0
10728,0.2,2,1,0
10729,0.2,1,1,1
10730,0.2,1,1,1
10731,0.2,1,0,0
10732,0.2,0,1,1
10733,0.2,2,0,0
10734,0.2,2,1,1
10735,1.0,3,1,1
10736,0.2,1,0,0
10737,0.2,2,0,0
10738,1.0,2,1,1
10739,1.0,2,1,1
10740,0.2,2,1,0
10741,3.0,1,1,1
10742,1.0,1,1,1
10743,0.2,1,1,1
10744,0.2,1,1,1
10745,0.2,1,1,1
10746,0.2,1,0,0
10747,0.2,2,0,0
10748,0.2,1,0,0
10749,0.2,2,1,1
10750,0.2,1,0,0
10751,1.0,2,1,1
10752,0.2,3,0,0
10753,0.2,1,0,0
10754,0.2,1,0,0
10755,1.0,0,0,0
10756,0.2,2,0,0
10757,0.2,1,0,0
10758,1.0,1,0,0
10759,1.0,2,1,1
10760,0.2,1,1,1
10761,1.0,1,0,0
10762,0.2,0,0,0
10763,0.2,0,0,0
10764,0.2,2,0,0
10765,0.2,2,1,1
10766,0.2,2,1,1
10767,0.2,2,1,1
10768,0.2,1,1,1
10769,0.2,2,0,1
10770,0.2,2,0,0
10771,1.0,2,1,1
10772,0.2,2,1,1
10773,0.2,3,0,0
10774,0.2,0,1,1
10775,0.2,2,0,0
10776,0.2,2,0,0
10777,0.2,3,0,0
10778,0.2,2,0,0
10779,1.0,2,0,0
10780,2.2,0,1,1
10781,0.2,1,1,1
10782,0.2,2,0,0
10783,0.2,2,1,1
10784,0.2,2,1,1
10785,1.0,1,1,1
10786,0.2,1,0,0
10787,0.2,1,0,0
10788,0.2,3,1,1
10789,0.2,1,1,1
10790,0.2,1,1,0
10791,0.2,1,1,1
10792,0.2,0,1,0
10793,1.0,1,0,0
10794,0.2,1,0,0
10795,0.2,2,1,1
10796,1.0,2,1,0
10797,0.2,2,1,1
10798,0.2,2,1,1
10799,0.2,1,0,0
10800,0.2,1,0,0
10801,0.2,0,0,1
10802,0.2,0,1,1
10803,1.0,2,0,0
10804,1.0,1,0,0
10805,0.2,1,0,0
10806,0.2,2,1,1
10807,0.2,2,0,0
10808,1.0,2,1,1
10809,0.2,0,0,0
10810,0.2,2,1,1
10811,0.2,1,1,0
10812,1.0,2,0,0
10813,0.2,0,0,0
10814,0.2,2,0,0
10815,1.0,0,1,1
10816,0.2,1,1,1
10817,0.2,2,1,1
10818,0.2,2,0,0
10819,0.2,2,0,0
10820,1.0,2,0,0
10821,0.2,2,0,0
10822,0.2,2,1,1
10823,0.2,3,1,1
10824,0.2,1,1,1
10825,0.2,0,0,1
10826,0.2,1,0,0
10827,0.2,1,1,1
10828,0.2,2,1,0
10829,1.0,0,1,1
10830,1.0,1,1,1
10831,0.2,1,0,1
10832,1.0,1,1,1
10833,0.2,3,1,1
10834,0.2,1,1,1
10835,0.2,2,0,0
10836,0.2,2,0,0
10837,0.2,1,0,0
10838,0.2,1,0,0
10839,0.2,2,1,1
10840,0.2,2,0,1
10841,1.0,2,1,0
10842,0.2,2,1,1
10843,0.2,0,0,0
10844,0.2,2,0,0
10845,0.2,2,0,0
10846,0.2,1,0,0
10847,1.0,0,1,1
10848,1.0,2,1,1
10849,0.2,2,0,0
10850,1.0,3,0,0
10851,1.0,0,1,1
10852,0.2,2,0,0
10853,0.2,2,0,0
10854,0.2,2,0,0
10855,0.2,0,0,0
10856,0.2,2,0,0
10857,0.2,2,0,0
10858,0.2,1,0,0
10859,0.2,2,1,1
10860,1.0,0,1,1
10861,1.0,3,1,1
10862,0.2,2,0,0
10863,0.2,1,0,0
10864,1.0,2,1,1
10865,2.2,2,0,1
10866,0.2,1,0,0
10867,0.2,3,1,0
10868,0.2,1,1,0
10869,1.0,1,1,1
10870,0.2,1,1,1
10871,0.2,1,0,0
10872,1.0,1,1,1
10873,0.2,1,0,0
10874,0.2,1,0,0
10875,0.2,3,1,1
10876,1.0,1,1,1
10877,0.2,1,0,0
10878,0.2,2,1,1
10879,0.2,3,0,1
10880,0.2,0,0,0
10881,0.2,3,0,0
10882,0.2,0,1,1
10883,1.0,1,1,0
10884,1.0,1,0,0
10885,0.2,2,0,0
10886,0.2,1,0,0
10887,0.2,2,1,1
10888,0.2,3,0,0
10889,0.2,3,1,0
10890,0.2,1,1,1
10891,0.2,2,1,1
10892,0.2,0,1,1
10893,1.0,1,0,0
10894,0.2,1,0,0
10895,0.2,2,0,0
10896,0.2,2,0,0
10897,0.2,2,0,0
10898,0.2,0,1,1
10899,1.0,1,1,1
10900,0.2,3,1,1
10901,1.0,2,1,1
10902,0.2,1,1,1
10903,2.2,2,1,1
10904,1.0,3,1,1
10905,0.2,2,0,0
10906,0.2,3,1,1
10907,0.2,1,0,1
10908,3.0,2,1,1
10909,0.2,0,1,1
10910,0.2,3,0,0
10911,0.2,1,0,0
10912,1.0,2,1,1
10913,0.2,2,1,0
10914,0.2,1,0,0
10915,0.2,2,1,0
10916,1.0,1,1,1
10917,0.2,1,0,0
10918,0.2,0,0,0
10919,0.2,2,0,0
10920,0.2,2,0,1
10921,0.2,2,0,0
10922,0.2,0,0,0
10923,0.2,2,0,0
10924,0.2,2,0,0
10925,0.2,1,0,0
10926,0.2,1,1,1
10927,0.2,1,1,1
10928,0.2,1,1,1
10929,0.2,2,0,1
10930,1.0,0,0,1
10931,0.2,1,1,1
10932,1.0,2,1,1
10933,0.2,2,1,1
10934,0.2,2,0,0
10935,0.2,2,0,1
10936,0.2,1,1,1
10937,0.2,0,1,1
10938,0.2,1,1,1
10939,0.2,0,0,0
10940,2.2,1,1,1
10941,0.2,1,0,0
10942,0.2,2,0,0
10943,0.2,2,1,1
10944,0.2,2,1,1
10945,1.0,3,1,1
10946,0.2,3,1,1
10947,0.2,1,1,1
10948,0.2,1,1,1
10949,0.2,3,1,1
10950,0.2,2,0,0
10951,0.2,1,1,1
10952,1.0,2,1,1
10953,0.2,3,1,1
10954,0.2,1,1,1
10955,0.2,1,0,0
10956,0.2,0,1,1
10957,1.0,1,1,1
10958,1.0,0,1,1
10959,0.2,1,0,0
10960,0.2,2,0,1
10961,0.2,1,0,0
10962,0.2,2,1,1
10963,0.2,2,0,0
10964,0.2,2,0,0
10965,0.2,0,1,1
10966,0.2,1,1,1
10967,0.2,1,0,1
10968,0.2,2,0,0
10969,0.2,2,0,0
10970,0.2,2,0,0
10971,0.2,2,0,0
10972,1.0,2,1,1
10973,0.2,1,1,0
10974,0.2,3,1,0
10975,0.2,2,1,0
10976,0.2,1,0,0
10977,1.0,3,1,1
10978,0.2,2,0,0
10979,0.2,1,1,1
10980,0.2,2,0,0
10981,0.2,1,0,0
10982,0.2,1,1,1
10983,0.2,2,1,1
10984,0.2,2,1,1
10985,0.2,0,0,0
10986,0.2,2,1,1
10987,0.2,1,1,1
10988,1.0,2,1,1
10989,1.0,1,0,1
10990,1.0,1,1,1
10991,0.2,1,1,1
10992,0.2,2,1,0
10993,0.2,1,1,1
10994,1.0,1,1,1
10995,0.2,0,1,1
10996,1.0,1,1,1
10997,1.0,2,0,0
10998,0.2,1,1,1
10999,0.2,1,0,0
11000,0.2,2,0,0
11001,0.2,2,1,0
11002,0.2,2,1,1
11003,0.2,2,1,0
11004,0.2,3,0,0
11005,0.2,0,0,0
11006,0.2,2,1,0
11007,1.0,0,1,1
11008,1.0,0,1,1
11009,0.2,0,0,0
11010,0.2,3,1,1
11011,0.2,2,0,0
11012,0.2,1,0,1
11013,0.2,2,1,0
11014,0.2,1,1,1
11015,0.2,2,1,1
11016,0.2,0,1,1
11017,0.2,3,0,0
11018,0.2,2,1,0
11019,0.2,1,0,0
11020,0.2,2,0,0
11021,0.2,2,0,0
11022,0.2,2,1,1
11023,0.2,3,1,1
11024,0.2,3,0,0
11025,1.0,1,1,1
11026,2.2,1,1,1
11027,1.0,2,1,1
11028,1.0,2,1,1
11029,0.2,1,0,0
11030,1.0,1,0,0
11031,0.2,2,1,1
11032,0.2,2,0,0
11033,3.0,3,1,1
11034,0.2,1,1,1
11035,0.2,3,1,1
11036,0.2,1,1,1
11037,1.0,1,0,0
11038,1.0,3,0,0
11039,0.2,1,0,1
11040,0.2,1,0,0
11041,0.2,1,0,0
11042,0.2,1,0,0
11043,0.2,1,0,1
11044,0.2,0,1,1
11045,0.2,2,0,0
11046,0.2,3,0,0
11047,1.0,1,1,1
11048,1.0,2,0,1
11049,0.2,1,1,1
11050,0.2,0,0,0
11051,0.2,2,1,1
11052,1.0,0,0,1
11053,1.0,0,1,1
11054,0.2,2,1,1
11055,0.2,1,1,1
11056,0.2,2,1,1
11057,0.2,0,1,1
11058,0.2,1,0,0
11059,0.2,1,0,0
11060,1.0,2,1,1
11061,0.2,0,1,1
11062,0.2,2,0,0
11063,1.0,2,1,0
11064,0.2,1,0,1
11065,0.2,2,1,0
11066,0.2,2,1,1
11067,0.2,0,0,0
11068,1.0,3,0,0
11069,0.2,1,0,0
11070,0.2,2,0,0
11071,1.0,1,1,1
11072,0.2,3,0,0
11073,0.2,1,1,1
11074,0.2,1,1,1
11075,0.2,3,0,0
11076,0.2,1,1,1
11077,0.2,2,1,1
11078,0.2,1,1,1
11079,1.0,0,0,0
11080,0.2,0,1,1
11081,1.0,2,1,1
11082,0.2,2,1,1
11083,0.2,1,1,1
11084,0.2,2,0,0
11085,1.0,3,0,0
11086,1.0,0,1,1
11087,1.0,3,1,0
11088,0.2,2,0,0
11089,0.2,1,1,1
11090,0.2,2,0,0
11091,0.2,1,1,1
11092,0.2,2,1,1
11093,1.0,1,0,0
11094,1.0,0,0,0
11095,0.2,1,1,0
11096,0.2,1,1,1
11097,0.2,2,0,0
11098,0.2,0,1,1
11099,0.2,1,0,0
11100,0.2,2,1,1
11101,1.0,1,1,1
11102,1.0,2,0,0
11103,1.0,0,0,0
11104,0.2,2,1,0
11105,0.2,2,0,0
11106,0.2,2,0,0
11107,0.2,2,0,0
11108,0.2,3,0,0
11109,0.2,2,1,1
11110,1.0,0,1,1
11111,0.2,1,1,1
11112,0.2,1,0,0
11113,0.2,2,0,0
11114,0.2,1,1,0
11115,0.2,1,1,1
11116,0.2,2,1,1
11117,0.2,1,0,1
11118,0.2,1,1,1
11119,0.2,2,1,1
11120,0.2,2,0,0
11121,0.2,2,1,1
11122,0.2,0,0,1
11123,0.2,2,0,0
11124,0.2,1,0,0
11125,1.0,2,1,1
11126,0.2,1,0,0
11127,0.2,0,0,0
11128,0.2,1,0,0
11129,0.2,3,0,0
11130,0.2,1,1,1
11131,0.2,1,1,1
11132,0.2,2,1,1
11133,0.2,1,0,0
11134,0.2,0,1,1
11135,0.2,1,0,0
11136,1.0,1,0,0
11137,0.2,2,1,1
11138,0.2,1,0,0
11139,0.2,2,0,0
11140,1.0,0,0,0
11141,0.2,1,1,1
11142,0.2,2,1,1
11143,0.2,2,1,1
11144,1.0,3,1,1
11145,0.2,0,0,0
11146,0.2,2,1,1
11147,0.2,2,0,0
11148,0.2,1,0,0
11149,1.0,2,0,0
11150,0.2,1,0,0
11151,1.0,1,1,1
11152,0.2,1,0,0
11153,1.0,2,1,1
11154,0.2,1,1,1
11155,0.2,2,0,0
11156,0.2,1,1,1
11157,1.0,2,0,1
11158,0.2,1,1,1
11159,0.2,3,0,0
11160,0.2,2,1,1
11161,0.2,2,1,1
11162,0.2,2,1,1
11163,0.2,1,0,1
11164,0.2,1,0,0
11165,0.2,3,0,0
11166,1.0,3,0,0
11167,0.2,2,1,1
11168,0.2,1,0,0
11169,0.2,2,0,0
11170,0.2,1,0,0
11171,1.0,2,1,1
11172,0.2,0,1,1
11173,1.0,2,0,0
11174,1.0,1,0,0
11175,0.2,1,0,0
11176,0.2,1,0,0
11177,1.0,0,1,1
11178,1.0,3,0,0
11179,0.2,2,1,1
11180,1.0,1,0,0
11181,0.2,0,1,1
11182,0.2,2,1,1
11183,0.2,2,1,1
11184,0.2,1,0,0
11185,0.2,3,0,0
11186,0.2,2,1,0
11187,1.0,1,1,1
11188,0.2,1,0,0
11189,0.2,3,1,1
11190,0.2,3,0,1
11191,0.2,1,0,0
11192,0.2,1,0,0
11193,3.0,3,1,1
11194,0.2,0,1,1
11195,1.0,0,0,0
11196,0.2,2,1,1
11197,0.2,2,1,1
11198,0.2,1,0,0
11199,3.0,3,1,1
11200,0.2,3,1,0
11201,0.2,1,1,1
11202,0.2,2,1,1
11203,0.2,2,1,1
11204,0.2,2,0,0
11205,0.2,0,1,1
11206,0.2,2,0,0
11207,0.2,1,0,0
11208,0.2,2,0,0
11209,0.2,1,1,0
11210,0.2,1,0,0
11211,0.2,1,0,1
11212,1.0,1,1,0
11213,0.2,2,1,1
11214,0.2,1,1,1
11215,2.2,1,1,1
11216,0.2,1,1,1
11217,0.2,2,0,0
11218,0.2,0,0,0
11219,0.2,2,0,1
11220,0.2,2,0,0
11221,0.2,2,0,0
11222,0.2,1,0,0
11223,1.0,1,1,1
11224,1.0,1,1,1
11225,0.2,2,1,1
11226,0.2,1,1,1
11227,0.2,2,1,1
11228,0.2,0,1,1
11229,0.2,3,0,0
11230,0.2,0,1,1
11231,0.2,0,1,1
11232,0.2,2,0,0
11233,0.2,1,1,1
11234,0.2,3,1,1
11235,0.2,0,1,1
11236,0.2,3,0,0
11237,0.2,1,1,0
11238,0.2,2,1,0
11239,0.2,1,1,1
11240,1.0,1,0,0
11241,0.2,2,0,0
11242,0.2,0,0,0
11243,0.2,2,0,0
11244,1.0,3,1,1
11245,0.2,3,0,0
11246,0.2,2,1,0
11247,0.2,1,0,0
11248,0.2,1,0,0
11249,0.2,1,0,0
11250,0.2,1,1,1
11251,0.2,2,1,0
11252,0.2,2,0,0
11253,0.2,1,0,1
11254,0.2,2,0,0
11255,0.2,1,1,1
11256,1.0,1,0,0
11257,0.2,1,0,0
11258,0.2,1,1,1
11259,0.2,1,1,1
11260,0.2,2,0,0
11261,0.2,2,1,1
11262,0.2,1,1,1
11263,1.0,0,1,1
11264,0.2,2,0,1
11265,0.2,1,0,0
11266,0.2,2,0,0
11267,0.2,3,0,0
11268,1.0,2,1,1
11269,0.2,1,0,0
11270,0.2,2,0,0
11271,0.2,2,0,0
11272,0.2,3,0,0
11273,0.2,2,0,0
11274,1.0,1,0,0
11275,0.2,2,0,0
11276,0.2,2,1,1
11277,0.2,2,1,0
11278,0.2,2,0,0
11279,0.2,2,0,0
11280,0.2,1,1,1
11281,0.2,3,0,0
11282,0.2,2,0,0
11283,0.2,0,0,0
11284,1.0,2,0,0
11285,0.2,2,1,1
11286,0.2,0,0,0
11287,0.2,3,1,1
11288,0.2,2,1,1
11289,0.2,2,0,0
11290,0.2,2,1,1
11291,0.2,0,1,1
11292,0.2,1,1,1
11293,0.2,2,1,1
11294,0.2,3,0,0
11295,0.2,0,1,1
11296,0.2,1,0,0
11297,0.2,1,1,1
11298,1.0,2,0,1
11299,1.0,3,1,1
11300,1.0,1,0,0
11301,0.2,1,0,0
11302,0.2,2,0,0
11303,0.2,1,1,1
11304,0.2,2,0,0
11305,0.2,2,1,1
11306,0.2,0,1,1
11307,0.2,3,0,0
11308,0.2,2,1,1
11309,0.2,1,0,0
11310,0.2,0,1,1
11311,0.2,2,0,0
11312,1.0,2,0,1
11313,0.2,2,1,0
11314,0.2,1,0,0
11315,1.0,0,1,1
11316,0.2,2,1,1
11317,0.2,1,1,1
11318,0.2,3,1,0
11319,0.2,0,0,0
11320,0.2,1,0,0
11321,0.2,1,0,0
11322,0.2,3,1,1
11323,0.2,2,0,1
11324,0.2,1,1,1
11325,0.2,1,0,0
11326,0.2,1,0,0
11327,0.2,3,1,1
11328,0.2,3,0,1
11329,1.0,2,1,1
11330,0.2,1,1,0
11331,0.2,1,0,1
11332,0.2,0,0,0
11333,0.2,1,1,1
11334,1.0,3,1,1
11335,0.2,2,1,1
11336,0.2,1,0,0
11337,0.2,2,0,0
11338,0.2,2,0,0
11339,1.0,2,0,0
11340,0.2,2,1,0
11341,1.0,3,0,0
11342,0.2,1,1,1
11343,0.2,2,0,0
11344,0.2,3,0,1
11345,1.0,2,0,1
11346,0.2,3,0,0
11347,0.2,2,1,0
11348,1.0,3,0,1
11349,0.2,1,1,1
11350,0.2,2,1,1
11351,0.2,1,1,1
11352,1.0,2,1,1
11353,0.2,1,0,0
11354,0.2,1,0,1
11355,0.2,2,0,0
11356,0.2,0,0,0
11357,0.2,1,0,0
11358,1.0,1,1,1
11359,1.0,0,1,1
11360,0.2,1,0,1
11361,0.2,2,0,0
11362,0.2,0,0,0
11363,0.2,1,0,0
11364,1.0,1,0,1
11365,0.2,3,0,1
11366,0.2,1,0,0
11367,1.0,1,0,0
11368,0.2,2,0,0
11369,0.2,1,1,1
11370,0.2,2,0,0
11371,0.2,2,0,0
11372,0.2,2,1,1
11373,1.0,2,0,0
11374,0.2,1,1,1
11375,1.0,0,1,1
11376,0.2,2,1,1
11377,0.2,3,0,1
11378,0.2,2,0,0
11379,0.2,2,1,1
11380,1.0,2,0,1
11381,0.2,3,0,0
11382,0.2,2,0,0
11383,0.2,1,0,0
11384,0.2,1,1,1
11385,0.2,3,0,0
11386,0.2,2,1,1
11387,0.2,2,1,1
11388,0.2,2,1,1
11389,1.0,3,1,0
11390,0.2,2,0,0
11391,0.2,3,0,1
11392,0.2,2,0,1
11393,1.0,0,1,1
11394,0.2,3,0,0
11395,0.2,3,1,1
11396,1.0,1,1,1
11397,0.2,2,1,1
11398,0.2,1,1,1
11399,0.2,2,0,0
11400,1.0,2,0,0
11401,1.0,2,0,1
11402,0.2,1,0,0
11403,0.2,1,0,0
11404,0.2,2,1,1
11405,1.0,2,0,0
11406,0.2,2,0,0
11407,1.0,2,1,1
11408,0.2,1,1,1
11409,0.2,1,1,1
11410,0.2,2,0,0
11411,0.2,2,0,0
11412,0.2,0,0,0
11413,1.0,2,0,0
11414,0.2,2,1,1
11415,0.2,0,0,0
11416,0.2,1,1,1
11417,0.2,1,1,1
11418,1.0,0,0,0
11419,1.0,1,1,1
11420,0.2,1,0,0
11421,1.0,1,0,0
11422,1.0,3,0,1
11423,0.2,1,0,1
11424,0.2,2,0,0
11425,0.2,0,0,0
11426,0.2,3,0,1
11427,1.0,2,1,1
11428,0.2,2,0,0
11429,0.2,2,0,0
11430,0.2,2,0,0
11431,0.2,2,0,0
11432,0.2,2,0,0
11433,0.2,2,1,1
11434,0.2,1,1,1
11435,0.2,2,0,0
11436,3.0,2,0,1
11437,0.2,0,1,0
11438,1.0,1,0,0
11439,0.2,3,1,1
11440,0.2,2,0,0
11441,0.2,1,1,1
11442,2.2,0,1,1
11443,1.0,0,1,1
11444,1.0,3,1,0
11445,0.2,0,1,1
11446,0.2,2,0,0
11447,0.2,1,1,0
11448,0.2,1,0,0
11449,1.0,2,0,0
11450,0.2,2,1,1
11451,0.2,1,1,1
11452,1.0,0,1,1
11453,0.2,1,1,1
11454,0.2,1,1,1
11455,1.0,2,1,1
11456,0.2,1,1,1
11457,0.2,2,1,1
11458,0.2,2,0,0
11459,1.0,2,1,1
11460,0.2,3,0,0
11461,0.2,1,1,1
11462,0.2,1,0,0
11463,0.2,0,0,0
11464,0.2,2,1,0
11465,0.2,0,0,0
11466,0.2,2,1,1
11467,2.2,1,0,1
11468,1.0,2,0,0
11469,1.0,2,0,0
11470,0.2,0,1,1
11471,0.2,1,1,0
11472,0.2,2,0,0
11473,1.0,2,1,1
11474,1.0,1,1,1
11475,1.0,1,1,1
11476,0.2,0,1,1
11477,0.2,2,0,0
11478,0.2,1,0,0
11479,0.2,2,0,0
11480,0.2,2,1,1
11481,1.0,1,1,1
11482,1.0,2,1,0
11483,0.2,2,0,0
11484,0.2,1,0,0
11485,0.2,2,0,0
11486,0.2,2,0,0
11487,0.2,1,1,0
11488,0.2,2,1,1
11489,0.2,2,1,1
11490,0.2,1,0,0
11491,0.2,2,0,0
11492,0.2,2,0,0
11493,0.2,1,0,1
11494,1.0,1,0,1
11495,0.2,2,1,1
11496,0.2,1,0,0
11497,0.2,3,0,1
11498,0.2,0,1,1
11499,1.0,0,1,1
11500,0.2,0,0,0
11501,1.0,1,1,1
11502,0.2,1,0,0
11503,0.2,3,0,0
11504,0.2,2,1,1
11505,1.0,2,1,1
11506,1.0,1,1,1
11507,0.2,1,0,0
11508,2.2,2,1,1
11509,0.2,2,1,1
11510,1.0,1,1,1
11511,0.2,1,1,0
11512,0.2,0,1,1
11513,1.0,0,0,0
11514,0.2,0,0,1
11515,1.0,1,1,1
11516,0.2,1,1,1
11517,0.2,0,0,0
11518,2.2,0,1,1
11519,0.2,0,1,1
11520,0.2,1,0,0
11521,0.2,1,0,0
11522,1.0,0,0,1
11523,0.2,1,1,1
11524,0.2,1,0,0
11525,0.2,1,1,1
11526,0.2,1,1,1
11527,0.2,3,0,0
11528,1.0,3,0,0
11529,1.0,1,1,1
11530,0.2,0,0,1
11531,0.2,2,0,0
11532,2.2,1,0,1
11533,1.0,1,1,1
11534,0.2,1,0,0
11535,1.0,1,1,1
11536,0.2,1,1,1
11537,1.0,2,0,0
11538,0.2,1,0,1
11539,0.2,2,0,0
11540,0.2,1,0,0
11541,0.2,2,0,0
11542,1.0,2,0,0
11543,0.2,1,0,0
11544,0.2,3,0,0
11545,1.0,2,1,1
11546,0.2,0,1,1
11547,0.2,1,0,0
11548,0.2,1,1,1
11549,1.0,2,0,1
11550,0.2,2,1,1
11551,0.2,1,1,1
11552,0.2,0,0,0
11553,1.0,3,1,1
11554,0.2,2,1,1
11555,1.0,2,0,0
11556,0.2,1,1,1
11557,0.2,2,1,0
11558,1.0,0,1,1
11559,0.2,2,1,0
11560,0.2,2,0,0
11561,0.2,2,0,0
11562,0.2,3,1,0
11563,1.0,2,0,0
11564,0.2,1,1,1
11565,0.2,1,0,1
11566,0.2,1,1,1
11567,0.2,2,0,1
11568,0.2,3,1,1
11569,0.2,2,0,0
11570,0.2,2,1,1
11571,0.2,1,1,1
11572,0.2,1,0,0
11573,0.2,1,1,1
11574,0.2,2,1,1
11575,1.0,1,0,0
11576,0.2,2,1,1
11577,0.2,2,0,0
11578,1.0,2,0,0
11579,0.2,1,0,0
11580,0.2,1,0,0
11581,0.2,1,0,1
11582,0.2,2,0,0
11583,0.2,1,1,1
11584,0.2,2,0,0
11585,0.2,1,1,1
11586,0.2,1,1,1
11587,0.2,2,1,1
11588,0.2,2,0,0
11589,0.2,3,0,0
11590,0.2,0,1,1
11591,1.0,3,1,1
11592,0.2,1,0,0
11593,1.0,2,0,0
11594,0.2,3,1,1
11595,1.0,0,0,0
11596,1.0,1,1,1
11597,0.2,1,1,1
11598,0.2,2,0,0
11599,1.0,1,1,1
11600,0.2,1,1,1
11601,0.2,1,0,0
11602,0.2,2,0,0
11603,0.2,1,0,0
11604,1.0,2,1,1
11605,0.2,1,0,0
11606,0.2,2,1,1
11607,1.0,2,1,1
11608,1.0,0,0,0
11609,0.2,1,1,1
11610,0.2,2,1,1
11611,1.0,2,0,1
11612,1.0,1,1,1
11613,0.2,2,1,1
11614,0.2,0,0,0
11615,1.0,2,1,1
11616,0.2,2,0,0
11617,0.2,2,0,0
11618,1.0,2,1,1
11619,0.2,2,0,0
11620,0.2,0,0,0
11621,0.2,2,1,1
11622,0.2,1,1,1
11623,0.2,1,1,1
11624,1.0,1,1,1
11625,0.2,2,0,0
11626,0.2,3,1,1
11627,1.0,1,1,1
11628,0.2,2,1,0
11629,0.2,1,1,1
11630,0.2,2,1,1
11631,1.0,1,1,1
11632,1.0,0,1,1
11633,0.2,2,1,1
11634,0.2,1,1,0
11635,0.2,1,0,0
11636,0.2,1,1,1
11637,0.2,3,0,0
11638,0.2,3,1,0
11639,0.2,0,1,1
11640,0.2,1,1,1
11641,0.2,2,1,1
11642,0.2,3,0,0
11643,0.2,3,1,1
11644,0.2,0,1,1
11645,0.2,2,1,1
11646,0.2,1,0,0
11647,0.2,2,0,0
11648,0.2,2,0,0
11649,0.2,1,1,1
11650,0.2,2,1,1
11651,0.2,1,1,0
11652,0.2,0,1,1
11653,0.2,1,0,0
11654,0.2,1,0,1
11655,1.0,1,1,1
11656,0.2,1,1,1
11657,0.2,1,1,1
11658,0.2,2,0,0
11659,0.2,1,1,1
11660,0.2,0,1,1
11661,0.2,2,1,1
11662,0.2,2,0,0
11663,0.2,0,0,1
11664,1.0,1,0,0
11665,0.2,0,1,1
11666,0.2,2,1,1
11667,0.2,3,0,1
11668,1.0,2,0,0
11669,0.2,2,0,1
11670,0.2,1,1,1
11671,0.2,2,1,0
11672,0.2,1,1,1
11673,0.2,2,1,0
11674,0.2,1,0,0
11675,0.2,1,0,1
11676,0.2,0,0,1
11677,0.2,1,0,0
11678,0.2,3,0,0
11679,1.0,3,0,0
11680,1.0,1,0,0
11681,0.2,2,0,0
11682,1.0,3,1,1
11683,0.2,1,0,0
11684,0.2,2,0,0
11685,0.2,1,0,0
11686,0.2,3,0,1
11687,0.2,2,1,0
11688,0.2,2,1,1
11689,0.2,1,0,0
11690,0.2,2,0,0
11691,0.2,2,1,0
11692,0.2,2,0,0
11693,0.2,1,0,0
11694,0.2,1,1,1
11695,0.2,3,1,1
11696,0.2,3,0,0
11697,0.2,1,1,1
11698,0.2,3,0,0
11699,0.2,1,1,1
11700,0.2,0,0,0
11701,0.2,1,1,0
11702,0.2,2,0,0
11703,1.0,1,1,1
11704,0.2,3,0,0
11705,0.2,2,0,0
11706,0.2,1,1,1
11707,0.2,0,0,0
11708,0.2,1,1,1
11709,0.2,2,0,0
11710,0.2,1,0,0
11711,0.2,2,1,1
11712,0.2,1,1,1
11713,1.0,2,0,0
11714,0.2,3,0,0
11715,0.2,3,0,0
11716,0.2,1,1,1
11717,0.2,2,0,0
11718,0.2,3,1,1
11719,1.0,2,1,1
11720,0.2,3,1,1
11721,0.2,1,1,1
11722,0.2,3,1,1
11723,1.0,2,1,1
11724,0.2,3,0,0
11725,0.2,1,0,1
11726,1.0,2,1,1
11727,0.2,1,0,0
11728,0.2,0,1,1
11729,0.2,3,1,1
11730,2.2,2,1,1
11731,0.2,0,1,1
11732,0.2,2,1,1
11733,0.2,2,0,0
11734,0.2,0,0,0
11735,0.2,0,0,0
11736,0.2,3,0,0
11737,1.0,1,1,1
11738,0.2,1,1,1
11739,0.2,1,0,0
11740,0.2,2,1,1
11741,0.2,1,1,1
11742,0.2,2,0,0
11743,0.2,0,1,1
11744,0.2,0,1,1
11745,0.2,0,1,1
11746,0.2,0,0,0
11747,1.0,2,0,0
11748,0.2,1,1,1
11749,0.2,1,0,1
11750,0.2,3,0,0
11751,1.0,2,0,0
11752,0.2,1,1,1
11753,0.2,1,0,0
11754,0.2,1,1,1
11755,0.2,0,1,1
11756,0.2,2,1,0
11757,1.0,2,0,0
11758,0.2,2,1,1
11759,1.0,2,0,1
11760,0.2,1,0,0
11761,0.2,2,0,0
11762,0.2,2,1,1
11763,0.2,1,1,1
11764,0.2,2,1,1
11765,1.0,1,1,1
11766,0.2,2,0,0
11767,0.2,1,1,1
11768,1.0,0,1,1
11769,0.2,3,1,1
11770,0.2,2,1,1
11771,0.2,0,1,1
11772,0.2,2,0,0
11773,1.0,1,1,1
11774,0.2,1,1,1
11775,0.2,2,1,0
11776,1.0,3,1,1
11777,0.2,0,0,0
11778,0.2,0,0,0
11779,1.0,0,1,1
11780,0.2,2,1,1
11781,1.0,1,0,0
11782,2.2,1,1,1
11783,0.2,2,1,1
11784,0.2,2,0,0
11785,0.2,3,1,1
11786,1.0,1,0,1
11787,0.2,0,0,0
11788,1.0,3,0,0
11789,1.0,3,1,1
11790,1.0,2,0,1
11791,1.0,2,0,0
11792,0.2,1,1,1
11793,0.2,1,1,1
11794,0.2,1,1,1
11795,2.2,2,1,1
11796,1.0,1,1,0
11797,2.2,2,1,1
11798,0.2,1,0,0
11799,0.2,1,0,0
11800,1.0,2,1,1
11801,0.2,0,0,0
11802,0.2,0,0,0
11803,2.2,2,1,1
11804,0.2,3,1,1
11805,0.2,1,1,0
11806,0.2,3,1,1
11807,0.2,3,0,1
11808,0.2,3,0,0
11809,0.2,2,1,1
11810,0.2,1,1,1
11811,0.2,0,1,1
11812,0.2,1,0,0
11813,1.0,1,0,0
11814,1.0,3,1,1
11815,0.2,2,0,0
11816,0.2,2,0,0
11817,2.2,1,1,1
11818,0.2,3,1,1
11819,0.2,2,0,0
11820,1.0,0,1,1
11821,0.2,2,0,0
11822,0.2,2,0,0
11823,1.0,2,1,1
11824,0.2,2,0,0
11825,0.2,1,0,0
11826,0.2,2,1,1
11827,1.0,1,0,1
11828,0.2,0,0,0
11829,1.0,1,1,1
11830,1.0,2,1,1
11831,0.2,1,1,0
11832,0.2,2,1,1
11833,0.2,2,1,1
11834,0.2,2,0,0
11835,1.0,1,1,1
11836,0.2,1,0,0
11837,0.2,1,1,1
11838,0.2,1,0,0
11839,0.2,2,0,0
11840,0.2,3,1,1
11841,1.0,2,0,1
11842,0.2,2,0,0
11843,1.0,1,1,1
11844,0.2,3,0,0
11845,2.2,2,0,1
11846,1.0,1,0,0
11847,0.2,3,0,0
11848,1.0,2,1,1
11849,1.0,2,1,0
11850,0.2,2,0,1
11851,0.2,1,0,0
11852,0.2,1,1,1
11853,0.2,2,0,0
11854,0.2,1,1,1
11855,0.2,2,1,0
11856,0.2,1,1,1
11857,0.2,1,1,1
11858,0.2,1,0,0
11859,0.2,0,1,1
11860,0.2,1,1,1
11861,1.0,1,1,1
11862,0.2,2,0,0
11863,0.2,3,1,1
11864,1.0,2,1,1
11865,0.2,2,1,1
11866,0.2,2,0,0
11867,0.2,2,1,1
11868,0.2,2,0,0
11869,0.2,0,0,1
11870,0.2,3,1,1
11871,0.2,0,1,1
11872,1.0,3,1,1
11873,1.0,2,0,0
11874,0.2,2,0,0
11875,0.2,1,0,0
11876,0.2,0,0,0
11877,0.2,2,0,0
11878,0.2,2,0,0
11879,0.2,0,1,1
11880,0.2,0,1,1
11881,0.2,1,1,1
11882,1.0,1,0,0
11883,1.0,3,1,1
11884,0.2,3,1,1
11885,0.2,0,0,0
11886,0.2,2,0,0
11887,0.2,1,1,1
11888,0.2,1,1,1
11889,1.0,1,1,1
11890,0.2,2,0,0
11891,0.2,2,0,0
11892,0.2,1,0,0
11893,0.2,0,1,1
11894,0.2,1,0,0
11895,0.2,1,1,1
11896,0.2,1,0,0
11897,0.2,2,0,0
11898,0.2,1,1,1
11899,0.2,0,1,0
11900,0.2,2,1,1
11901,0.2,2,0,0
11902,0.2,0,0,1
11903,0.2,1,0,0
11904,0.2,3,0,0
11905,0.2,0,0,0
11906,1.0,2,1,1
11907,1.0,1,0,0
11908,0.2,2,0,0
11909,0.2,2,1,1
11910,0.2,2,1,1
11911,0.2,1,1,1
11912,0.2,1,1,1
11913,1.0,0,1,1
11914,1.0,3,1,1
11915,1.0,1,1,1
11916,1.0,1,1,1
11917,1.0,2,1,1
11918,0.2,1,0,0
11919,0.2,2,1,1
11920,0.2,2,1,1
11921,0.2,2,1,1
11922,0.2,2,0,0
11923,1.0,2,1,1
11924,1.0,2,0,1
11925,0.2,3,1,1
11926,0.2,0,0,0
11927,0.2,2,0,0
11928,0.2,2,0,0
11929,0.2,1,0,0
11930,0.2,1,0,0
11931,0.2,2,1,1
11932,0.2,0,1,1
11933,0.2,1,1,0
11934,0.2,0,1,1
11935,2.2,2,1,1
11936,0.2,2,0,0
11937,0.2,1,0,0
11938,1.0,2,1,1
11939,1.0,3,1,1
11940,0.2,0,0,1
11941,0.2,1,0,0
11942,0.2,3,0,0
11943,0.2,2,0,0
11944,0.2,2,1,0
11945,1.0,2,1,0
11946,0.2,2,1,0
11947,0.2,0,0,0
11948,0.2,0,0,0
11949,0.2,1,0,0
11950,0.2,1,1,1
11951,1.0,1,0,1
11952,0.2,2,0,0
11953,0.2,0,1,1
11954,0.2,2,0,0
11955,0.2,2,1,1
11956,0.2,2,0,0
11957,0.2,2,0,0
11958,0.2,1,0,0
11959,1.0,1,1,1
11960,0.2,1,1,1
11961,1.0,2,0,0
11962,0.2,2,0,0
11963,0.2,0,0,0
11964,1.0,3,1,1
11965,1.0,1,0,0
11966,0.2,2,0,1
11967,0.2,0,0,0
11968,0.2,2,0,0
11969,0.2,3,0,0
11970,0.2,2,1,1
11971,0.2,1,0,0
11972,0.2,0,1,1
11973,0.2,1,1,1
11974,0.2,3,0,0
11975,1.0,1,1,1
11976,0.2,1,0,0
11977,1.0,3,1,1
11978,0.2,3,0,1
11979,0.2,1,1,1
11980,0.2,1,0,1
11981,0.2,1,0,0
11982,0.2,0,0,0
11983,0.2,3,0,0
11984,0.2,2,0,0
11985,0.2,1,1,1
11986,0.2,1,1,1
11987,0.2,1,1,0
11988,0.2,1,1,1
11989,0.2,1,1,1
11990,0.2,2,0,0
11991,0.2,0,1,1
11992,1.0,2,1,1
11993,2.2,2,0,1
11994,0.2,2,0,0
11995,0.2,1,1,1
11996,0.2,1,0,0
11997,0.2,1,1,0
11998,0.2,2,0,0
11999,1.0,1,1,1
12000,0.2,1,1,1
12001,0.2,1,1,1
12002,0.2,2,1,1
12003,0.2,0,1,1
12004,0.2,3,0,0
12005,1.0,3,0,0
12006,1.0,2,0,0
12007,0.2,3,1,0
12008,0.2,1,0,0
12009,1.0,2,1,1
12010,0.2,2,1,0
12011,0.2,2,0,0
12012,1.0,2,0,0
12013,0.2,3,0,0
12014,1.0,2,1,1
12015,1.0,0,1,1
12016,0.2,3,0,0
12017,0.2,0,1,0
12018,0.2,2,1,1
12019,1.0,1,0,0
12020,2.2,2,1,1
12021,0.2,1,1,1
12022,0.2,1,0,0
12023,0.2,1,1,0
12024,0.2,3,1,1
12025,0.2,2,0,0
12026,1.0,1,1,1
12027,0.2,2,0,0
12028,0.2,2,1,1
12029,0.2,2,0,0
12030,1.0,3,0,0
12031,1.0,0,0,1
12032,0.2,0,1,1
12033,0.2,3,0,0
12034,0.2,1,0,0
12035,0.2,2,0,0
12036,0.2,1,0,1
12037,0.2,1,0,0
12038,0.2,1,0,0
12039,0.2,2,1,0
12040,0.2,1,0,0
12041,1.0,2,0,0
12042,0.2,1,0,0
12043,0.2,3,1,0
12044,0.2,1,1,1
12045,0.2,2,1,1
12046,0.2,1,0,1
12047,0.2,1,1,1
12048,0.2,2,1,1
12049,0.2,2,1,1
12050,0.2,1,0,0
12051,0.2,1,0,0
12052,0.2,3,1,1
12053,0.2,1,1,0
12054,0.2,1,0,0
12055,0.2,1,0,0
12056,2.2,2,1,1
12057,0.2,2,0,0
12058,0.2,2,0,0
12059,1.0,0,1,1
12060,0.2,1,0,0
12061,0.2,3,0,0
12062,0.2,2,1,1
12063,0.2,1,0,0
12064,0.2,3,0,0
12065,1.0,0,0,1
12066,0.2,1,0,0
12067,0.2,2,1,1
12068,1.0,1,1,1
12069,0.2,1,1,1
12070,1.0,2,0,1
12071,1.0,1,0,0
12072,0.2,1,1,1
12073,1.0,3,1,1
12074,1.0,1,0,0
12075,0.2,2,1,1
12076,0.2,1,1,1
12077,0.2,2,0,0
12078,0.2,1,1,1
12079,2.2,2,0,1
12080,0.2,2,0,0
12081,0.2,1,1,1
12082,1.0,0,1,1
12083,0.2,2,0,0
12084,0.2,2,0,0
12085,1.0,1,1,0
12086,1.0,2,0,0
12087,1.0,1,1,1
12088,0.2,3,0,0
12089,0.2,3,1,1
12090,0.2,2,0,0
12091,0.2,2,1,1
12092,1.0,1,0,0
12093,0.2,2,1,0
12094,1.0,2,0,0
12095,2.2,3,0,0
12096,0.2,2,0,1
12097,1.0,1,0,0
12098,0.2,1,1,0
12099,1.0,1,0,1
12100,0.2,2,0,0
12101,0.2,2,1,0
12102,0.2,2,0,0
12103,2.2,1,1,1
12104,1.0,2,1,1
12105,0.2,0,0,0
12106,1.0,1,1,1
12107,0.2,1,1,0
12108,0.2,2,1,0
12109,0.2,1,0,0
12110,0.2,2,0,0
12111,0.2,1,0,0
12112,1.0,1,1,1
12113,0.2,0,0,0
12114,0.2,3,0,0
12115,0.2,1,1,0
12116,0.2,3,1,1
12117,1.0,3,0,0
12118,1.0,2,0,0
12119,1.0,2,0,0
12120,0.2,1,0,0
12121,0.2,3,0,0
12122,0.2,2,1,1
12123,0.2,1,1,1
12124,0.2,2,0,1
12125,0.2,1,0,0
12126,0.2,1,0,0
12127,0.2,1,0,0
12128,0.2,1,1,1
12129,0.2,1,1,1
12130,0.2,2,1,0
12131,0.2,2,1,1
12132,0.2,2,0,1
12133,0.2,2,1,1
12134,1.0,1,0,0
12135,0.2,2,0,0
12136,0.2,1,0,1
12137,1.0,2,1,1
12138,0.2,2,1,1
12139,0.2,1,0,0
12140,1.0,3,1,1
12141,0.2,1,1,1
12142,3.0,1,1,1
12143,0.2,0,1,1
12144,0.2,1,0,0
12145,0.2,3,1,1
12146,1.0,1,1,1
12147,0.2,0,1,0
12148,0.2,1,0,0
12149,0.2,2,1,1
12150,1.0,1,1,1
12151,0.2,2,1,0
12152,0.2,1,0,0
12153,0.2,2,0,1
12154,0.2,2,1,0
12155,1.0,0,1,1
12156,0.2,1,0,0
12157,0.2,3,1,1
12158,0.2,1,0,0
12159,0.2,1,1,1
12160,0.2,1,1,0
12161,0.2,2,1,1
12162,0.2,2,1,1
12163,0.2,0,0,0
12164,0.2,3,0,0
12165,0.2,0,0,0
12166,0.2,1,0,0
12167,0.2,2,0,1
12168,0.2,2,0,0
12169,0.2,2,1,0
12170,0.2,3,0,0
12171,1.0,2,0,0
12172,1.0,2,0,0
12173,0.2,3,0,0
12174,1.0,2,0,0
12175,0.2,2,1,0
12176,0.2,0,1,1
12177,1.0,1,1,1
12178,0.2,0,1,1
12179,1.0,1,1,1
12180,0.2,2,0,0
12181,0.2,2,1,1
12182,0.2,1,0,0
12183,0.2,2,0,0
12184,0.2,2,0,0
12185,0.2,1,0,0
12186,0.2,2,0,0
12187,1.0,3,0,0
12188,0.2,1,0,0
12189,1.0,2,0,0
12190,0.2,2,1,1
12191,0.2,3,0,0
12192,0.2,3,0,0
12193,0.2,1,0,0
12194,1.0,0,1,1
12195,0.2,1,1,1
12196,0.2,1,1,0
12197,2.2,1,1,1
12198,1.0,1,0,0
12199,1.0,2,0,0
12200,0.2,1,1,1
12201,1.0,0,1,1
12202,0.2,1,1,1
12203,0.2,1,0,0
12204,1.0,1,0,1
12205,0.2,2,0,0
12206,0.2,1,0,0
12207,0.2,1,0,0
12208,0.2,1,1,1
12209,0.2,2,0,0
12210,0.2,1,1,0
12211,0.2,1,0,0
12212,1.0,3,0,0
12213,0.2,1,1,1
12214,0.2,0,0,0
12215,0.2,1,0,1
12216,1.0,2,1,1
12217,1.0,1,1,1
12218,1.0,0,0,0
12219,0.2,2,0,0
12220,0.2,1,1,0
12221,1.0,3,0,1
12222,1.0,2,1,1
12223,0.2,1,0,0
12224,0.2,2,0,0
12225,0.2,1,0,1
12226,0.2,2,0,0
12227,0.2,1,1,1
12228,1.0,1,0,0
12229,2.2,3,1,1
12230,0.2,1,1,1
12231,0.2,2,0,0
12232,1.0,1,0,0
12233,0.2,1,1,1
12234,0.2,3,0,0
12235,0.2,2,0,0
12236,1.0,2,0,0
12237,0.2,3,0,0
12238,0.2,0,0,1
12239,0.2,0,1,0
12240,0.2,1,1,1
12241,0.2,1,0,0
12242,0.2,1,1,1
12243,0.2,2,1,1
12244,0.2,3,1,1
12245,1.0,1,1,1
12246,1.0,0,0,1
12247,0.2,0,0,0
12248,2.2,1,1,1
12249,0.2,1,1,1
12250,0.2,2,1,1
12251,0.2,1,0,1
12252,0.2,2,0,0
12253,0.2,2,0,0
12254,1.0,2,0,1
12255,0.2,2,0,1
12256,1.0,2,1,1
12257,0.2,2,0,0
12258,0.2,1,0,0
12259,0.2,2,1,1
12260,0.2,1,0,0
12261,0.2,0,1,1
12262,0.2,1,1,1
12263,1.0,3,0,0
12264,0.2,0,1,1
12265,0.2,2,1,1
12266,0.2,1,1,1
12267,0.2,3,0,0
12268,1.0,1,1,1
12269,0.2,1,1,1
12270,0.2,1,0,0
12271,0.2,2,1,0
12272,1.0,2,0,0
12273,1.0,2,0,1
12274,0.2,2,0,0
12275,0.2,2,0,0
12276,0.2,1,0,0
12277,0.2,0,1,1
12278,0.2,3,1,1
12279,0.2,0,1,1
12280,0.2,3,1,1
12281,0.2,0,0,0
12282,0.2,2,1,0
12283,1.0,2,1,1
12284,0.2,3,0,0
12285,0.2,3,1,1
12286,0.2,2,0,0
12287,0.2,0,1,1
12288,0.2,3,0,0
12289,0.2,1,1,1
12290,0.2,2,1,1
12291,0.2,2,0,0
12292,0.2,2,0,0
12293,1.0,2,1,1
12294,0.2,1,1,1
12295,0.2,3,0,0
12296,0.2,1,0,0
12297,0.2,0,1,1
12298,0.2,2,0,0
12299,0.2,2,0,1
12300,0.2,1,1,1
12301,1.0,0,1,1
12302,0.2,2,0,0
12303,0.2,3,1,1
12304,0.2,3,0,0
12305,0.2,2,1,1
12306,0.2,0,1,1
12307,0.2,1,0,0
12308,0.2,2,0,0
12309,1.0,1,0,0
12310,1.0,1,0,0
12311,0.2,2,1,1
12312,0.2,2,1,1
12313,0.2,1,0,0
12314,0.2,2,1,1
12315,0.2,3,0,0
12316,0.2,1,1,1
12317,0.2,2,0,0
12318,1.0,3,1,1
12319,1.0,3,0,0
12320,0.2,1,0,0
12321,0.2,0,0,0
12322,0.2,1,0,0
12323,0.2,2,0,0
12324,0.2,1,1,1
12325,0.2,3,0,0
12326,0.2,1,0,1
12327,0.2,0,0,0
12328,0.2,0,1,1
12329,0.2,1,0,0
12330,0.2,2,0,0
12331,0.2,1,1,1
12332,0.2,1,1,0
12333,0.2,2,0,0
12334,0.2,2,0,0
12335,0.2,0,1,1
12336,0.2,3,1,1
12337,2.2,1,1,1
12338,0.2,2,1,1
12339,0.2,2,0,0
12340,0.2,1,0,0
12341,0.2,0,1,1
12342,0.2,2,0,0
12343,1.0,0,1,1
12344,0.2,2,0,0
12345,0.2,3,0,0
12346,0.2,0,0,1
12347,1.0,3,1,1
12348,0.2,2,1,1
12349,1.0,3,0,0
12350,0.2,2,0,0
12351,0.2,2,1,1
12352,0.2,0,1,0
12353,0.2,2,0,0
12354,0.2,1,1,1
12355,0.2,1,1,1
12356,0.2,1,0,1
12357,0.2,1,1,1
12358,0.2,1,1,1
12359,0.2,2,1,1
12360,0.2,2,0,1
12361,0.2,0,1,1
12362,0.2,2,1,1
12363,0.2,2,0,0
12364,1.0,3,0,0
12365,0.2,1,0,0
12366,0.2,2,0,0
12367,1.0,1,1,1
12368,0.2,2,0,0
12369,0.2,0,1,1
12370,0.2,1,0,0
12371,1.0,2,1,1
12372,0.2,1,0,0
12373,0.2,1,0,0
12374,0.2,3,1,1
12375,1.0,2,0,0
12376,0.2,1,0,0
12377,1.0,1,0,1
12378,1.0,2,1,1
12379,1.0,1,1,0
12380,0.2,1,0,0
12381,0.2,1,1,1
12382,0.2,3,1,1
12383,1.0,1,0,0
12384,0.2,1,1,1
12385,0.2,2,1,1
12386,0.2,2,1,1
12387,1.0,1,1,1
12388,0.2,2,1,1
12389,1.0,1,1,1
12390,0.2,2,0,0
12391,0.2,2,0,0
12392,0.2,1,0,0
12393,0.2,2,1,1
12394,0.2,1,1,1
12395,2.2,2,1,1
12396,0.2,1,0,1
12397,1.0,3,0,0
12398,0.2,2,1,1
12399,0.2,3,1,0
12400,0.2,1,0,0
12401,0.2,3,0,0
12402,0.2,1,0,0
12403,1.0,2,1,1
12404,0.2,1,1,1
12405,0.2,1,0,0
12406,1.0,2,1,1
12407,1.0,1,1,1
12408,0.2,3,0,0
12409,1.0,0,0,0
12410,0.2,1,0,0
12411,1.0,0,0,0
12412,1.0,2,1,1
12413,0.2,2,1,1
12414,1.0,2,1,0
12415,0.2,0,0,0
12416,0.2,1,0,1
12417,1.0,2,1,0
12418,2.2,2,1,1
12419,1.0,1,1,1
12420,0.2,0,0,0
12421,0.2,0,1,1
12422,0.2,0,1,1
12423,0.2,2,0,0
12424,0.2,2,1,1
12425,0.2,2,0,0
12426,1.0,3,1,1
12427,0.2,2,1,1
12428,1.0,2,1,1
12429,0.2,1,0,0
12430,0.2,1,0,0
12431,0.2,1,0,1
12432,0.2,3,0,0
12433,1.0,3,0,0
12434,0.2,0,0,0
12435,0.2,1,0,0
12436,1.0,2,1,1
12437,1.0,1,0,0
12438,0.2,1,0,0
12439,0.2,1,0,0
12440,0.2,2,1,1
12441,0.2,3,0,0
12442,0.2,3,1,1
12443,0.2,2,0,1
12444,0.2,0,0,0
12445,0.2,0,1,1
12446,0.2,1,1,0
12447,0.2,2,1,1
12448,1.0,2,0,0
12449,0.2,2,0,0
12450,0.2,0,1,1
12451,0.2,3,1,0
12452,0.2,3,0,0
12453,0.2,2,0,0
12454,0.2,1,0,0
12455,0.2,1,0,1
12456,0.2,0,0,0
12457,0.2,3,1,1
12458,2.2,0,0,1
12459,0.2,3,0,0
12460,1.0,2,0,0
12461,0.2,2,1,0
12462,0.2,1,1,1
12463,1.0,0,1,1
12464,0.2,2,0,0
12465,0.2,2,0,0
12466,0.2,0,1,1
12467,0.2,1,1,1
12468,0.2,0,0,0
12469,0.2,2,0,0
12470,0.2,0,1,1
12471,0.2,1,1,1
12472,0.2,2,0,0
12473,0.2,1,1,0
12474,0.2,1,1,1
12475,1.0,1,1,0
12476,0.2,0,1,1
12477,0.2,1,1,1
12478,0.2,2,1,1
12479,0.2,3,0,0
12480,1.0,3,1,1
12481,1.0,1,1,1
12482,0.2,1,1,1
12483,0.2,0,0,0
12484,1.0,3,1,1
12485,0.2,2,1,1
12486,1.0,3,1,1
12487,2.2,1,1,1
12488,0.2,2,1,0
12489,0.2,0,1,1
12490,0.2,2,0,0
12491,1.0,2,1,0
12492,0.2,1,0,1
12493,0.2,1,1,1
12494,0.2,1,1,1
12495,1.0,2,1,1
12496,0.2,1,1,1
12497,0.2,1,1,1
12498,0.2,2,1,1
12499,0.2,2,1,0
12500,0.2,1,1,1
12501,2.2,2,1,1
12502,0.2,1,0,0
12503,0.2,1,0,0
12504,1.0,0,1,1
12505,0.2,3,1,1
12506,0.2,2,1,0
12507,1.0,2,1,1
12508,0.2,1,1,1
12509,0.2,1,0,0
12510,0.2,0,1,0
12511,0.2,1,0,0
12512,0.2,2,1,1
12513,1.0,1,1,0
12514,0.2,2,1,1
12515,1.0,2,1,1
12516,0.2,1,0,1
12517,0.2,1,1,1
12518,0.2,1,1,1
12519,0.2,0,0,0
12520,0.2,0,1,1
12521,1.0,2,1,1
12522,0.2,3,1,1
12523,0.2,0,1,1
12524,0.2,2,0,1
12525,0.2,2,0,0
12526,0.2,2,1,1
12527,0.2,0,0,0
12528,0.2,1,0,0
12529,0.2,3,1,1
12530,1.0,0,0,0
12531,0.2,3,0,0
12532,1.0,2,0,0
12533,0.2,3,1,1
12534,0.2,2,1,1
12535,0.2,2,0,0
12536,0.2,1,1,1
12537,0.2,1,1,1
12538,2.2,2,1,1
12539,1.0,2,0,1
12540,0.2,2,0,0
12541,0.2,2,0,0
12542,0.2,1,0,0
12543,0.2,1,1,1
12544,1.0,2,0,0
12545,0.2,2,1,1
12546,0.2,2,0,1
12547,0.2,3,0,0
12548,0.2,3,1,1
12549,0.2,1,0,0
12550,0.2,3,1,0
12551,1.0,0,1,1
12552,0.2,3,1,0
12553,1.0,0,1,1
12554,1.0,1,1,1
12555,1.0,2,1,1
12556,0.2,3,1,0
12557,0.2,0,1,1
12558,0.2,0,1,1
12559,1.0,2,0,1
12560,0.2,2,1,1
12561,0.2,1,0,0
12562,0.2,1,0,0
12563,1.0,1,1,1
12564,0.2,1,0,0
12565,1.0,2,1,1
12566,0.2,2,1,1
12567,0.2,2,0,0
12568,1.0,1,1,1
12569,1.0,2,1,1
12570,1.0,1,0,0
12571,2.2,2,1,1
12572,0.2,0,0,0
12573,0.2,0,1,1
12574,1.0,2,1,0
12575,0.2,2,0,0
12576,1.0,1,1,1
12577,0.2,1,1,1
12578,0.2,2,0,0
12579,1.0,2,0,0
12580,0.2,2,0,0
12581,0.2,1,0,0
12582,0.2,2,0,0
12583,0.2,3,1,1
12584,0.2,2,0,1
12585,1.0,1,1,1
12586,1.0,2,1,0
12587,0.2,1,1,1
12588,0.2,3,0,0
12589,0.2,2,0,0
12590,0.2,3,0,0
12591,1.0,1,1,1
12592,0.2,1,1,0
12593,1.0,2,0,0
12594,0.2,1,0,0
12595,0.2,1,0,0
12596,2.2,1,1,1
12597,0.2,1,1,1
12598,0.2,2,1,1
12599,0.2,2,0,0
12600,0.2,1,0,0
12601,0.2,1,0,0
12602,0.2,1,0,0
12603,1.0,1,0,1
12604,1.0,1,1,1
12605,0.2,1,1,1
12606,0.2,2,0,0
12607,0.2,1,0,0
12608,2.2,1,1,1
12609,0.2,3,0,0
12610,0.2,2,0,0
12611,0.2,0,0,0
12612,0.2,1,0,0
12613,0.2,1,0,0
12614,0.2,2,1,1
12615,0.2,2,0,0
12616,0.2,3,1,1
12617,1.0,1,1,1
12618,0.2,2,0,1
12619,0.2,2,0,0
12620,0.2,1,1,0
12621,0.2,1,0,0
12622,1.0,3,1,1
12623,0.2,0,1,1
12624,0.2,2,1,0
12625,0.2,2,1,0
12626,1.0,0,1,1
12627,0.2,2,1,1
12628,0.2,1,0,0
12629,0.2,1,1,1
12630,0.2,0,1,1
12631,0.2,2,1,0
12632,1.0,2,1,1
12633,1.0,0,1,1
12634,0.2,2,0,0
12635,0.2,3,1,1
12636,0.2,2,0,0
12637,0.2,1,0,0
12638,1.0,2,0,0
12639,0.2,1,0,0
12640,0.2,1,1,1
12641,0.2,1,1,1
12642,1.0,1,1,1
12643,0.2,1,0,0
12644,0.2,3,1,0
12645,0.2,3,1,0
12646,0.2,1,0,0
12647,0.2,0,1,1
12648,0.2,1,1,1
12649,0.2,0,0,0
12650,0.2,1,1,0
12651,0.2,1,0,0
12652,0.2,2,1,1
12653,1.0,2,1,1
12654,0.2,1,1,1
12655,0.2,1,1,1
12656,1.0,2,0,1
12657,0.2,2,1,1
12658,0.2,1,0,0
12659,0.2,2,0,0
12660,0.2,1,0,0
12661,0.2,2,0,1
12662,0.2,1,1,1
12663,0.2,2,0,0
12664,1.0,1,0,0
12665,0.2,1,1,1
12666,1.0,2,1,0
12667,0.2,3,1,1
12668,0.2,1,0,0
12669,0.2,0,0,0
12670,0.2,1,0,0
12671,0.2,0,1,1
12672,0.2,0,0,0
12673,0.2,1,0,1
12674,0.2,1,1,1
12675,1.0,1,1,1
12676,0.2,3,0,1
12677,0.2,1,1,1
12678,2.2,1,1,1
12679,2.2,3,1,1
12680,0.2,2,0,1
12681,1.0,2,1,1
12682,0.2,1,0,0
12683,0.2,2,0,1
12684,0.2,2,0,0
12685,0.2,3,1,1
12686,0.2,2,0,0
12687,0.2,3,1,1
12688,1.0,1,1,1
12689,1.0,1,1,1
12690,0.2,1,0,0
12691,0.2,3,0,0
12692,0.2,1,0,0
12693,0.2,2,0,0
12694,1.0,1,1,1
12695,1.0,2,1,1
12696,0.2,3,1,0
12697,0.2,2,0,0
12698,0.2,2,0,1
12699,1.0,1,1,1
12700,1.0,2,1,1
12701,0.2,1,0,0
12702,0.2,2,0,0
12703,1.0,1,1,1
12704,1.0,2,1,1
12705,2.2,1,1,1
12706,0.2,1,1,0
12707,1.0,3,1,1
12708,0.2,0,0,0
12709,0.2,2,0,0
12710,0.2,2,0,0
12711,0.2,3,1,1
12712,1.0,0,0,0
12713,1.0,3,1,1
12714,1.0,1,1,1
12715,0.2,0,1,1
12716,0.2,2,0,0
12717,0.2,2,0,1
12718,0.2,1,0,0
12719,1.0,2,0,0
12720,1.0,2,0,0
12721,0.2,1,0,0
12722,0.2,2,0,0
12723,0.2,2,1,1
12724,1.0,0,0,0
12725,0.2,1,1,0
12726,0.2,2,0,0
12727,0.2,2,0,0
12728,0.2,2,0,0
12729,0.2,2,0,0
12730,0.2,1,0,0
12731,0.2,1,0,0
12732,1.0,2,1,1
12733,0.2,2,0,0
12734,1.0,1,0,0
12735,0.2,3,1,1
12736,1.0,1,1,1
12737,0.2,2,0,0
12738,0.2,3,0,0
12739,0.2,2,0,0
12740,0.2,1,1,1
12741,0.2,1,1,1
12742,0.2,2,1,0
12743,0.2,2,1,1
12744,0.2,3,1,1
12745,0.2,2,0,0
12746,0.2,0,1,0
12747,0.2,0,1,1
12748,1.0,1,0,0
12749,1.0,1,1,1
12750,0.2,1,0,0
12751,0.2,2,0,0
12752,0.2,2,1,1
12753,0.2,1,1,1
12754,1.0,2,1,1
12755,0.2,1,0,0
12756,0.2,2,0,0
12757,0.2,3,1,1
12758,0.2,1,0,0
12759,0.2,3,1,1
12760,1.0,1,0,0
12761,1.0,3,0,0
12762,0.2,3,1,1
12763,0.2,2,1,1
12764,0.2,1,0,0
12765,0.2,1,1,0
12766,1.0,2,0,0
12767,0.2,2,0,0
12768,0.2,2,0,0
12769,0.2,2,0,0
12770,1.0,1,1,1
12771,0.2,3,0,0
12772,1.0,2,0,1
12773,0.2,3,0,0
12774,0.2,2,0,0
12775,0.2,3,0,0
12776,1.0,2,0,1
12777,0.2,0,1,1
12778,0.2,1,0,0
12779,0.2,1,1,1
12780,0.2,2,1,1
12781,0.2,1,0,1
12782,0.2,1,0,0
12783,0.2,2,0,0
12784,0.2,2,0,0
12785,0.2,2,1,1
12786,0.2,2,0,0
12787,0.2,2,1,0
12788,0.2,2,1,1
12789,1.0,3,1,1
12790,0.2,1,1,1
12791,0.2,3,0,0
12792,1.0,1,0,0
12793,1.0,3,1,0
12794,0.2,2,1,1
12795,0.2,1,1,1
12796,0.2,2,0,0
12797,0.2,2,0,1
12798,0.2,3,0,0
12799,0.2,1,1,1
12800,1.0,1,1,1
12801,0.2,0,1,1
12802,0.2,2,0,0
12803,0.2,1,1,1
12804,1.0,3,1,1
12805,0.2,2,1,1
12806,0.2,1,1,1
12807,0.2,2,0,0
12808,0.2,2,0,0
12809,0.2,2,0,0
12810,0.2,1,0,0
12811,0.2,2,1,1
12812,0.2,1,1,1
12813,1.0,0,1,1
12814,0.2,1,0,0
12815,1.0,3,0,0
12816,0.2,2,0,0
12817,0.2,2,0,0
12818,0.2,2,1,1
12819,0.2,2,0,0
12820,0.2,0,1,1
12821,0.2,3,0,0
12822,1.0,0,1,1
12823,0.2,3,1,1
12824,1.0,2,0,0
12825,0.2,2,0,0
12826,0.2,2,1,1
12827,0.2,0,0,0
12828,1.0,3,1,1
12829,0.2,2,1,1
12830,0.2,0,1,1
12831,0.2,2,1,1
12832,1.0,2,0,0
12833,0.2,0,1,1
12834,0.2,1,1,1
12835,1.0,2,1,1
12836,1.0,3,0,0
12837,0.2,1,1,1
12838,0.2,1,0,0
12839,1.0,1,1,0
12840,1.0,1,1,1
12841,2.2,0,1,1
12842,0.2,1,1,0
12843,0.2,1,0,0
12844,0.2,3,1,1
12845,1.0,0,1,1
12846,1.0,0,1,0
12847,0.2,1,0,1
12848,0.2,1,0,0
12849,0.2,2,0,0
12850,2.2,2,1,1
12851,0.2,1,1,1
12852,0.2,2,1,1
12853,0.2,2,0,0
12854,0.2,2,1,0
12855,0.2,2,0,0
12856,0.2,3,1,1
12857,0.2,2,0,0
12858,0.2,2,1,1
12859,1.0,1,1,1
12860,1.0,3,1,1
12861,0.2,2,0,0
12862,0.2,2,1,1
12863,1.0,1,1,1
12864,1.0,2,1,1
12865,0.2,1,0,0
12866,0.2,2,0,0
12867,1.0,1,1,1
12868,0.2,1,0,0
12869,0.2,2,1,0
12870,0.2,1,0,0
12871,0.2,1,0,0
12872,1.0,2,1,1
12873,0.2,2,0,0
12874,1.0,2,0,0
12875,0.2,1,1,1
12876,1.0,2,0,0
12877,0.2,3,0,1
12878,1.0,3,1,1
12879,0.2,0,1,1
12880,0.2,2,1,1
12881,0.2,2,1,1
12882,0.2,1,1,1
12883,0.2,2,0,0
12884,0.2,2,0,0
12885,1.0,0,1,1
12886,0.2,3,1,1
12887,0.2,1,0,0
12888,0.2,1,1,1
12889,0.2,1,1,1
12890,0.2,1,1,1
12891,0.2,1,1,1
12892,0.2,2,0,0
12893,0.2,2,0,0
12894,0.2,2,0,0
12895,0.2,2,1,1
12896,0.2,2,0,0
12897,0.2,1,0,0
12898,0.2,2,0,0
12899,0.2,2,0,1
12900,0.2,1,1,1
12901,1.0,2,0,0
12902,0.2,1,0,0
12903,1.0,3,0,0
12904,0.2,0,1,1
12905,0.2,2,0,0
12906,0.2,0,1,1
12907,0.2,1,0,0
12908,1.0,0,0,1
12909,0.2,1,1,1
12910,0.2,1,0,0
12911,0.2,2,1,0
12912,1.0,2,1,1
12913,0.2,1,1,1
12914,0.2,0,1,1
12915,0.2,2,1,1
12916,0.2,2,1,1
12917,0.2,1,1,1
12918,0.2,0,1,1
12919,2.2,0,1,1
12920,0.2,3,0,0
12921,1.0,2,0,0
12922,1.0,2,1,1
12923,0.2,2,0,0
12924,3.0,1,1,1
12925,0.2,1,0,0
12926,0.2,2,0,1
12927,0.2,1,1,1
12928,0.2,0,0,0
12929,2.2,2,0,1
12930,0.2,3,1,1
12931,0.2,1,1,1
12932,1.0,1,1,1
12933,0.2,1,0,0
12934,0.2,1,1,1
12935,0.2,0,1,1
12936,0.2,1,1,1
12937,1.0,2,0,0
12938,0.2,1,0,0
12939,1.0,0,0,0
12940,0.2,2,0,0
12941,0.2,0,0,0
12942,0.2,2,1,1
12943,0.2,1,1,1
12944,1.0,1,1,1
12945,0.2,2,1,1
12946,0.2,1,1,1
12947,0.2,2,1,0
12948,0.2,2,1,1
12949,1.0,2,1,1
12950,0.2,3,1,1
12951,0.2,3,0,0
12952,1.0,1,0,0
12953,0.2,1,1,1
12954,0.2,2,1,1
12955,0.2,1,1,0
12956,1.0,2,1,1
12957,0.2,2,0,0
12958,0.2,2,1,1
12959,1.0,1,0,0
12960,1.0,1,0,1
12961,1.0,2,0,0
12962,0.2,2,0,0
12963,1.0,1,0,0
12964,0.2,2,0,0
12965,0.2,2,0,0
12966,0.2,1,1,1
12967,1.0,1,0,0
12968,0.2,2,0,0
12969,1.0,2,1,1
12970,0.2,2,0,0
12971,0.2,2,0,0
12972,1.0,1,0,1
12973,0.2,2,1,1
12974,0.2,2,0,0
12975,0.2,2,1,1
12976,1.0,1,0,1
12977,1.0,1,1,1
12978,1.0,2,1,1
12979,0.2,2,0,0
12980,0.2,1,1,1
12981,0.2,1,1,1
12982,0.2,2,0,0
12983,0.2,1,1,1
12984,1.0,1,1,1
12985,0.2,1,1,1
12986,0.2,0,1,1
12987,1.0,1,1,1
12988,1.0,1,0,0
12989,0.2,1,0,0
12990,0.2,1,1,0
12991,0.2,0,1,1
12992,0.2,1,1,1
12993,0.2,1,1,1
12994,0.2,1,0,0
12995,0.2,1,0,0
12996,0.2,0,0,0
12997,0.2,2,1,1
12998,1.0,1,0,0
12999,0.2,1,1,1
13000,0.2,1,0,0
13001,1.0,0,0,0
13002,1.0,1,1,1
13003,0.2,1,1,1
13004,0.2,1,0,0
13005,1.0,0,1,1
13006,1.0,2,1,1
13007,0.2,3,0,0
13008,0.2,3,0,0
13009,0.2,1,1,1
13010,0.2,3,0,0
13011,1.0,1,1,1
13012,0.2,2,1,1
13013,0.2,1,0,0
13014,0.2,2,0,0
13015,0.2,3,1,0
13016,0.2,2,1,1
13017,0.2,1,0,0
13018,0.2,2,0,0
13019,0.2,0,1,1
13020,0.2,0,0,0
13021,0.2,1,0,0
13022,0.2,1,1,1
13023,0.2,2,0,0
13024,0.2,1,1,1
13025,1.0,2,1,1
13026,0.2,2,0,0
13027,2.2,3,1,1
13028,0.2,2,0,1
13029,0.2,2,0,0
13030,0.2,3,0,0
13031,1.0,1,1,0
13032,0.2,1,1,1
13033,0.2,2,0,0
13034,0.2,2,1,1
13035,0.2,0,0,0
13036,0.2,1,1,1
13037,0.2,1,1,1
13038,1.0,1,1,1
13039,1.0,1,0,0
13040,0.2,1,0,0
13041,0.2,1,0,0
13042,1.0,1,1,1
13043,1.0,1,1,1
13044,1.0,2,0,0
13045,0.2,2,1,1
13046,0.2,1,0,0
13047,0.2,2,1,1
13048,0.2,2,0,1
13049,0.2,3,0,0
13050,0.2,1,1,1
13051,0.2,2,1,1
13052,0.2,0,0,0
13053,1.0,1,1,1
13054,0.2,2,0,0
13055,1.0,3,1,1
13056,1.0,1,0,0
13057,0.2,2,0,0
13058,1.0,2,0,0
13059,0.2,1,1,1
13060,0.2,2,0,0
13061,0.2,0,0,0
13062,0.2,2,1,1
13063,0.2,2,0,0
13064,0.2,2,1,1
13065,0.2,1,0,0
13066,1.0,2,1,1
13067,0.2,3,0,0
13068,2.2,2,1,1
13069,0.2,1,1,1
13070,0.2,3,0,0
13071,1.0,3,0,0
13072,1.0,1,0,0
13073,0.2,2,1,1
13074,0.2,0,1,1
13075,0.2,2,1,1
13076,1.0,2,1,1
13077,1.0,0,1,1
13078,0.2,2,0,0
13079,0.2,2,0,0
13080,0.2,0,1,1
13081,0.2,2,0,0
13082,0.2,2,1,0
13083,0.2,2,1,1
13084,0.2,1,0,0
13085,0.2,2,0,0
13086,1.0,1,1,1
13087,0.2,0,0,0
13088,0.2,1,1,1
13089,1.0,1,1,1
13090,0.2,1,0,0
13091,0.2,3,1,1
13092,1.0,1,0,1
13093,1.0,1,0,0
13094,1.0,0,0,0
13095,0.2,2,0,0
13096,0.2,0,0,0
13097,0.2,1,1,0
13098,1.0,2,0,0
13099,0.2,3,0,1
13100,0.2,0,0,0
13101,1.0,2,0,0
13102,0.2,2,1,1
13103,0.2,2,0,0
13104,0.2,1,0,0
13105,0.2,3,0,0
13106,1.0,3,0,0
13107,0.2,0,1,1
13108,0.2,2,0,0
13109,0.2,3,0,0
13110,0.2,3,0,0
13111,0.2,2,1,1
13112,0.2,1,0,0
13113,0.2,0,1,1
13114,1.0,0,1,1
13115,1.0,2,1,1
13116,0.2,1,1,1
13117,0.2,2,0,0
13118,0.2,1,1,1
13119,0.2,2,1,1
13120,0.2,1,1,1
13121,0.2,2,0,0
13122,0.2,2,0,0
13123,1.0,1,1,0
13124,1.0,1,1,1
13125,2.2,2,1,1
13126,0.2,2,0,1
13127,0.2,1,1,0
13128,0.2,3,1,1
13129,0.2,2,1,1
13130,1.0,2,0,0
13131,2.2,1,1,1
13132,0.2,2,1,1
13133,0.2,1,0,0
13134,0.2,1,1,1
13135,0.2,2,0,0
13136,0.2,1,0,0
13137,0.2,2,0,0
13138,0.2,1,0,0
13139,0.2,1,1,0
13140,0.2,0,0,0
13141,0.2,2,0,0
13142,0.2,2,0,0
13143,0.2,2,0,0
13144,0.2,2,0,0
13145,0.2,0,1,1
13146,0.2,1,0,0
13147,0.2,0,1,1
13148,1.0,2,1,1
13149,0.2,2,0,0
13150,0.2,2,1,0
13151,0.2,1,1,1
13152,0.2,1,0,0
13153,0.2,1,0,0
13154,0.2,1,0,0
13155,0.2,2,0,0
13156,1.0,2,1,1
13157,1.0,1,0,0
13158,0.2,2,1,1
13159,0.2,2,1,1
13160,1.0,1,1,1
13161,2.2,0,1,1
13162,0.2,1,1,1
13163,1.0,2,0,0
13164,0.2,3,0,0
13165,0.2,3,1,0
13166,1.0,1,1,1
13167,0.2,1,0,0
13168,1.0,0,1,1
13169,1.0,3,1,1
13170,1.0,1,1,0
13171,1.0,2,0,1
13172,0.2,3,1,1
13173,0.2,2,1,1
13174,0.2,1,0,0
13175,1.0,1,0,1
13176,0.2,1,1,1
13177,1.0,1,0,1
13178,2.2,3,1,1
13179,0.2,1,1,1
13180,0.2,1,1,1
13181,1.0,1,1,1
13182,0.2,1,0,0
13183,1.0,0,1,1
13184,0.2,1,0,0
13185,0.2,2,0,0
13186,1.0,0,1,0
13187,1.0,1,1,1
13188,1.0,2,0,0
13189,1.0,2,0,0
13190,1.0,1,1,1
13191,0.2,2,0,1
13192,0.2,3,1,1
13193,1.0,2,1,1
13194,1.0,2,0,0
13195,0.2,2,1,0
13196,0.2,3,0,0
13197,0.2,2,0,0
13198,0.2,0,1,1
13199,0.2,2,0,0
13200,0.2,3,0,0
13201,0.2,2,0,0
13202,1.0,1,1,1
13203,1.0,0,1,1
13204,0.2,2,1,0
13205,0.2,0,0,0
13206,0.2,0,1,1
13207,0.2,1,1,1
13208,0.2,3,1,1
13209,0.2,2,0,1
13210,0.2,2,1,1
13211,0.2,2,0,0
13212,1.0,1,1,1
13213,2.2,1,1,1
13214,0.2,0,1,0
13215,0.2,1,1,1
13216,1.0,1,0,0
13217,0.2,1,0,0
13218,2.2,1,1,1
13219,0.2,0,1,1
13220,0.2,1,1,1
13221,0.2,2,1,1
13222,0.2,2,0,0
13223,0.2,2,1,1
13224,0.2,0,1,1
13225,0.2,2,0,0
13226,0.2,2,0,0
13227,0.2,2,1,0
13228,2.2,3,1,1
13229,0.2,2,0,0
13230,0.2,2,0,0
13231,0.2,1,0,0
13232,0.2,3,1,1
13233,1.0,2,0,0
13234,0.2,0,1,1
13235,1.0,2,0,0
13236,0.2,2,1,0
13237,1.0,2,0,1
13238,0.2,1,1,1
13239,0.2,1,1,1
13240,0.2,2,0,0
13241,0.2,2,0,0
13242,0.2,3,0,0
13243,0.2,0,0,0
13244,0.2,2,0,0
13245,1.0,1,1,1
13246,0.2,2,0,1
13247,0.2,1,0,0
13248,1.0,1,1,1
13249,0.2,2,0,0
13250,0.2,0,0,0
13251,0.2,1,0,0
13252,0.2,2,1,1
13253,0.2,2,0,0
13254,0.2,0,0,0
13255,0.2,1,0,0
13256,0.2,1,0,0
13257,0.2,2,1,0
13258,2.2,1,1,1
13259,0.2,2,0,0
13260,0.2,0,1,1
13261,0.2,2,0,0
13262,0.2,1,1,0
13263,2.2,1,1,1
13264,0.2,1,0,1
13265,0.2,2,1,1
13266,1.0,2,1,0
13267,0.2,3,1,1
13268,0.2,0,0,1
13269,0.2,1,0,0
13270,0.2,1,0,1
13271,0.2,2,0,0
13272,1.0,1,1,1
13273,0.2,0,1,0
13274,0.2,1,1,1
13275,2.2,2,1,1
13276,0.2,3,0,0
13277,0.2,1,0,0
13278,0.2,2,1,1
13279,0.2,2,0,0
13280,1.0,1,0,0
13281,0.2,3,0,0
13282,1.0,0,0,0
13283,0.2,2,1,1
13284,0.2,2,0,0
13285,1.0,1,1,1
13286,0.2,1,0,0
13287,0.2,1,0,0
13288,0.2,1,0,0
13289,0.2,1,0,0
13290,0.2,3,1,1
13291,2.2,1,1,1
13292,1.0,1,1,1
13293,1.0,1,1,1
13294,0.2,2,0,0
13295,0.2,2,1,1
13296,0.2,2,0,0
13297,0.2,2,1,1
13298,0.2,0,1,1
13299,0.2,2,1,1
13300,0.2,2,0,0
13301,0.2,2,0,0
13302,0.2,2,0,0
13303,0.2,1,0,0
13304,1.0,1,0,1
13305,0.2,1,0,0
13306,0.2,1,0,0
13307,0.2,2,0,1
13308,1.0,3,1,1
13309,0.2,0,0,0
13310,0.2,1,1,1
13311,0.2,0,0,1
13312,1.0,2,1,1
13313,0.2,0,0,0
13314,1.0,3,0,0
13315,0.2,2,0,0
13316,0.2,1,0,0
13317,0.2,2,1,1
13318,0.2,1,0,0
13319,0.2,1,1,1
13320,0.2,1,0,1
13321,1.0,0,1,1
13322,0.2,2,1,1
13323,1.0,2,0,0
13324,0.2,2,0,0
13325,0.2,3,1,0
13326,0.2,3,0,0
13327,0.2,1,0,0
13328,1.0,0,1,1
13329,1.0,2,0,0
13330,1.0,0,0,0
13331,0.2,0,1,1
13332,2.2,2,1,1
13333,0.2,2,0,0
13334,0.2,1,0,0
13335,0.2,3,0,0
13336,0.2,3,1,1
13337,0.2,2,1,1
13338,1.0,0,0,1
13339,1.0,2,1,1
13340,0.2,2,1,1
13341,0.2,1,0,0
13342,0.2,1,1,1
13343,0.2,3,0,0
13344,2.2,1,1,1
13345,0.2,1,0,0
13346,1.0,2,0,0
13347,0.2,3,0,1
13348,0.2,1,0,0
13349,0.2,2,1,1
13350,0.2,2,1,1
13351,0.2,1,0,0
13352,1.0,1,0,0
13353,0.2,0,0,1
13354,0.2,2,1,1
13355,0.2,1,0,0
13356,0.2,2,0,1
13357,0.2,1,0,0
13358,0.2,2,0,0
13359,0.2,2,0,0
13360,0.2,0,0,0
13361,0.2,2,1,1
13362,0.2,1,0,0
13363,0.2,2,0,0
13364,1.0,2,0,1
13365,1.0,0,1,1
13366,0.2,2,1,0
13367,1.0,1,0,1
13368,0.2,1,0,0
13369,1.0,1,0,1
13370,0.2,2,0,0
13371,0.2,3,0,0
13372,0.2,2,0,0
13373,0.2,2,1,1
13374,1.0,1,0,0
13375,1.0,1,1,1
13376,0.2,1,0,1
13377,0.2,1,0,0
13378,0.2,1,0,0
13379,0.2,1,0,0
13380,0.2,1,1,1
13381,1.0,3,0,0
13382,0.2,0,0,1
13383,0.2,2,1,1
13384,1.0,2,1,1
13385,1.0,2,0,0
13386,0.2,2,1,0
13387,0.2,2,1,1
13388,0.2,3,1,1
13389,0.2,1,1,1
13390,1.0,2,0,0
13391,0.2,2,1,1
13392,0.2,3,0,0
13393,0.2,2,1,0
13394,0.2,2,1,1
13395,0.2,2,1,1
13396,1.0,2,1,1
13397,2.2,2,1,1
13398,0.2,0,1,1
13399,0.2,1,1,1
13400,0.2,2,1,1
13401,0.2,2,0,0
13402,0.2,2,0,0
13403,0.2,1,0,0
13404,0.2,2,1,1
13405,0.2,1,1,1
13406,1.0,1,1,1
13407,0.2,2,0,0
13408,0.2,1,1,1
13409,1.0,3,0,0
13410,0.2,1,1,1
13411,1.0,2,1,1
13412,0.2,2,0,0
13413,0.2,2,1,1
13414,1.0,0,1,0
13415,0.2,1,1,1
13416,1.0,1,1,1
13417,0.2,2,1,1
13418,0.2,2,0,0
13419,2.2,1,1,1
13420,0.2,1,0,0
13421,0.2,3,0,0
13422,0.2,3,1,1
13423,1.0,3,1,0
13424,0.2,1,0,0
13425,0.2,2,0,0
13426,1.0,2,0,0
13427,0.2,2,0,0
13428,0.2,3,0,0
13429,1.0,2,1,1
13430,0.2,1,0,0
13431,0.2,3,1,1
13432,2.2,1,1,1
13433,0.2,2,1,1
13434,1.0,2,1,1
13435,2.2,2,1,1
13436,0.2,3,0,0
13437,0.2,2,0,0
13438,0.2,0,0,0
13439,0.2,2,1,1
13440,1.0,2,0,0
13441,0.2,3,0,0
13442,0.2,1,0,0
13443,0.2,2,1,0
13444,0.2,0,1,1
13445,0.2,3,1,1
13446,0.2,2,0,0
13447,1.0,1,1,1
13448,0.2,3,0,0
13449,0.2,1,0,0
13450,0.2,1,0,0
13451,1.0,3,0,0
13452,0.2,0,1,0
13453,0.2,1,0,0
13454,1.0,1,1,1
13455,0.2,3,0,0
13456,0.2,2,1,0
13457,0.2,2,0,0
13458,0.2,0,1,1
13459,1.0,2,1,1
13460,0.2,1,0,0
13461,0.2,1,1,1
13462,0.2,2,0,0
13463,0.2,2,0,0
13464,0.2,3,0,0
13465,0.2,1,0,0
13466,0.2,1,0,0
13467,0.2,2,0,0
13468,0.2,2,1,0
13469,0.2,1,1,1
13470,0.2,0,1,1
13471,1.0,1,1,1
13472,0.2,2,1,1
13473,0.2,1,0,0
13474,0.2,3,1,0
13475,0.2,2,1,1
13476,0.2,1,0,1
13477,0.2,1,0,0
13478,0.2,3,0,0
13479,0.2,1,0,1
13480,0.2,2,0,0
13481,0.2,1,0,0
13482,0.2,0,1,1
13483,1.0,1,0,0
13484,0.2,1,0,0
13485,2.2,0,1,1
13486,1.0,0,1,0
13487,0.2,1,1,1
13488,0.2,2,0,0
13489,0.2,2,1,1
13490,0.2,1,1,1
13491,0.2,1,0,1
13492,1.0,1,1,1
13493,0.2,2,0,0
13494,0.2,1,0,0
13495,0.2,2,0,0
13496,1.0,2,0,1
13497,0.2,1,1,1
13498,0.2,3,0,0
13499,0.2,1,1,1
13500,0.2,1,0,1
13501,0.2,2,0,0
13502,0.2,2,0,0
13503,1.0,1,1,1
13504,0.2,2,1,1
13505,0.2,2,1,1
13506,0.2,2,0,0
13507,0.2,1,0,0
13508,0.2,2,1,1
13509,0.2,2,0,0
13510,0.2,1,0,0
13511,0.2,0,0,0
13512,1.0,1,1,1
13513,0.2,2,0,0
13514,0.2,0,1,1
13515,0.2,1,1,1
13516,1.0,1,0,0
13517,1.0,1,0,1
13518,1.0,2,1,1
13519,0.2,0,1,1
13520,0.2,0,1,1
13521,1.0,1,0,0
13522,0.2,2,0,0
13523,0.2,1,0,0
13524,1.0,2,1,1
13525,0.2,3,0,0
13526,0.2,1,0,0
13527,1.0,2,1,1
13528,0.2,2,0,0
13529,0.2,1,0,0
13530,1.0,2,0,0
13531,1.0,1,1,1
13532,0.2,1,1,1
13533,1.0,2,0,1
13534,0.2,1,0,0
13535,0.2,2,0,0
13536,0.2,3,0,0
13537,0.2,1,0,0
13538,1.0,2,1,1
13539,0.2,2,0,0
13540,0.2,2,1,0
13541,0.2,3,0,0
13542,1.0,1,0,0
13543,0.2,1,0,1
13544,0.2,2,0,0
13545,1.0,3,0,0
13546,0.2,0,1,1
13547,0.2,3,0,0
13548,0.2,3,0,0
13549,1.0,2,1,1
13550,1.0,2,1,1
13551,0.2,2,0,0
13552,1.0,1,1,1
13553,0.2,1,1,1
13554,0.2,2,0,0
13555,0.2,1,1,1
13556,1.0,1,1,1
13557,0.2,2,0,0
13558,0.2,3,0,0
13559,0.2,2,0,0
13560,0.2,2,0,0
13561,0.2,3,1,0
13562,0.2,0,1,1
13563,0.2,1,1,1
13564,0.2,1,0,0
13565,1.0,1,1,1
13566,1.0,2,0,0
13567,0.2,3,0,0
13568,0.2,1,1,1
13569,0.2,2,0,0
13570,0.2,0,1,1
13571,0.2,0,0,0
13572,0.2,1,0,1
13573,0.2,2,1,1
13574,0.2,2,1,1
13575,0.2,0,0,0
13576,0.2,1,1,1
13577,0.2,1,1,0
13578,0.2,2,0,1
13579,1.0,1,0,0
13580,1.0,2,1,1
13581,0.2,0,0,0
13582,0.2,1,0,0
13583,0.2,3,0,0
13584,0.2,2,1,1
13585,0.2,1,0,0
13586,0.2,2,0,0
13587,0.2,2,1,1
13588,1.0,1,1,1
13589,0.2,2,1,1
13590,1.0,2,1,1
13591,1.0,2,0,0
13592,1.0,3,0,0
13593,0.2,1,1,1
13594,0.2,3,0,1
13595,1.0,1,1,1
13596,0.2,1,0,0
13597,0.2,0,0,0
13598,1.0,2,0,1
13599,0.2,1,1,1
13600,0.2,2,1,1
13601,1.0,2,1,1
13602,0.2,1,0,0
13603,0.2,2,0,0
13604,0.2,2,1,0
13605,1.0,1,1,1
13606,2.2,2,1,1
13607,0.2,1,1,0
13608,0.2,2,0,0
13609,0.2,3,0,0
13610,0.2,1,0,0
13611,0.2,1,0,0
13612,0.2,1,0,0
13613,1.0,2,0,0
13614,0.2,2,1,0
13615,0.2,2,0,0
13616,0.2,1,1,0
13617,0.2,3,0,0
13618,1.0,2,0,1
13619,0.2,2,1,1
13620,0.2,0,0,0
13621,0.2,1,1,1
13622,0.2,1,1,1
13623,0.2,2,1,1
13624,0.2,1,1,0
13625,1.0,3,1,1
13626,0.2,1,1,1
13627,0.2,0,0,0
13628,0.2,1,0,0
13629,0.2,0,0,1
13630,0.2,2,0,0
13631,0.2,0,1,1
13632,1.0,1,1,0
13633,1.0,1,1,1
13634,1.0,3,1,1
13635,0.2,0,1,1
13636,0.2,2,0,0
13637,0.2,1,1,0
13638,0.2,2,1,1
13639,1.0,1,1,1
13640,1.0,2,1,1
13641,0.2,1,1,1
13642,1.0,1,1,1
13643,0.2,2,1,1
13644,0.2,1,1,1
13645,1.0,2,1,1
13646,0.2,1,0,0
13647,0.2,1,1,1
13648,0.2,1,1,1
13649,0.2,1,1,1
13650,0.2,2,1,1
13651,1.0,1,0,0
13652,0.2,3,1,1
13653,0.2,1,1,0
13654,0.2,3,0,0
13655,1.0,0,1,1
13656,0.2,0,0,0
13657,0.2,1,0,0
13658,0.2,3,0,0
13659,0.2,2,0,0
13660,0.2,0,0,0
13661,0.2,1,1,1
13662,0.2,0,1,1
13663,0.2,1,1,0
13664,0.2,1,1,1
13665,0.2,1,1,1
13666,0.2,2,0,0
13667,0.2,2,0,0
13668,0.2,1,0,0
13669,0.2,2,1,0
13670,1.0,1,0,1
13671,0.2,1,0,0
13672,0.2,1,1,1
13673,0.2,2,0,1
13674,0.2,2,0,0
13675,0.2,0,1,1
13676,0.2,0,0,0
13677,1.0,0,0,1
13678,0.2,3,1,1
13679,1.0,1,1,1
13680,0.2,3,0,0
13681,0.2,3,1,0
13682,0.2,2,0,1
13683,0.2,2,1,1
13684,0.2,2,0,0
13685,0.2,2,0,0
13686,1.0,2,1,1
13687,0.2,1,1,1
13688,0.2,2,0,0
13689,0.2,2,1,0
13690,0.2,2,0,0
13691,0.2,3,1,1
13692,0.2,2,1,1
13693,0.2,2,1,1
13694,0.2,1,0,0
13695,1.0,3,1,1
13696,0.2,2,0,0
13697,1.0,1,1,1
13698,0.2,0,0,0
13699,0.2,1,1,1
13700,0.2,3,0,0
13701,1.0,3,1,0
13702,0.2,2,0,0
13703,1.0,1,1,1
13704,0.2,2,0,0
13705,0.2,1,0,0
13706,0.2,3,1,1
13707,1.0,3,1,1
13708,0.2,2,0,0
13709,0.2,3,0,0
13710,0.2,2,1,1
13711,0.2,2,0,0
13712,0.2,2,1,1
13713,0.2,3,0,0
13714,0.2,2,0,0
13715,0.2,2,1,1
13716,0.2,1,1,1
13717,0.2,1,0,0
13718,0.2,0,1,1
13719,0.2,2,1,1
13720,0.2,1,0,0
13721,1.0,1,0,0
13722,2.2,1,0,1
13723,0.2,2,1,1
13724,0.2,1,0,0
13725,0.2,1,0,0
13726,0.2,0,0,0
13727,1.0,2,0,0
13728,0.2,2,1,1
13729,1.0,3,1,0
13730,0.2,1,0,0
13731,0.2,1,0,0
13732,0.2,2,1,1
13733,1.0,1,0,0
13734,0.2,1,0,0
13735,2.2,1,1,1
13736,1.0,1,0,0
13737,0.2,2,1,1
13738,0.2,3,1,1
13739,0.2,1,0,0
13740,1.0,0,0,0
13741,0.2,0,1,0
13742,0.2,2,1,0
13743,0.2,1,0,0
13744,0.2,1,1,1
13745,2.2,0,1,1
13746,0.2,2,1,1
13747,1.0,1,0,0
13748,0.2,0,0,1
13749,0.2,0,0,0
13750,1.0,2,1,1
13751,0.2,1,1,0
13752,0.2,2,0,0
13753,1.0,0,1,1
13754,0.2,1,0,0
13755,1.0,1,0,0
13756,0.2,0,1,0
13757,0.2,1,1,1
13758,1.0,0,0,0
13759,0.2,2,1,1
13760,0.2,3,0,0
13761,0.2,3,0,0
13762,0.2,0,0,0
13763,1.0,2,1,1
13764,0.2,2,1,1
13765,0.2,1,0,0
13766,0.2,1,1,1
13767,0.2,3,1,1
13768,1.0,3,1,1
13769,0.2,2,1,0
13770,0.2,1,0,0
13771,0.2,0,1,1
13772,0.2,2,1,1
13773,1.0,3,1,1
13774,0.2,1,1,1
13775,0.2,3,0,0
13776,0.2,1,0,0
13777,0.2,1,0,0
13778,1.0,3,0,0
13779,0.2,2,0,0
13780,0.2,2,0,0
13781,0.2,1,1,1
13782,0.2,2,1,0
13783,0.2,1,1,1
13784,0.2,2,0,0
13785,0.2,1,0,0
13786,1.0,1,0,0
13787,0.2,3,0,0
13788,0.2,1,0,1
13789,0.2,1,0,0
13790,0.2,2,0,0
13791,0.2,2,0,0
13792,0.2,1,0,0
13793,0.2,1,1,0
13794,0.2,3,1,1
13795,0.2,1,0,0
13796,0.2,3,1,1
13797,0.2,2,0,1
13798,0.2,2,0,0
13799,0.2,1,0,0
13800,0.2,3,1,1
13801,0.2,1,0,0
13802,0.2,2,1,1
13803,0.2,1,0,0
13804,0.2,2,1,1
13805,0.2,0,1,1
13806,0.2,3,0,0
13807,0.2,2,0,0
13808,0.2,0,0,0
13809,1.0,2,1,1
13810,1.0,2,1,1
13811,1.0,2,0,1
13812,0.2,2,0,0
13813,1.0,2,1,1
13814,0.2,1,1,1
13815,0.2,3,0,0
13816,0.2,1,1,1
13817,0.2,2,0,0
13818,0.2,1,1,1
13819,1.0,2,1,1
13820,2.2,0,1,1
13821,0.2,0,0,0
13822,0.2,1,0,0
13823,0.2,3,1,1
13824,0.2,1,1,1
13825,0.2,0,0,0
13826,0.2,1,0,0
13827,0.2,2,0,0
13828,0.2,1,0,0
13829,0.2,0,0,0
13830,0.2,1,1,1
13831,1.0,1,1,1
13832,0.2,2,0,0
13833,0.2,2,0,0
13834,0.2,3,0,1
13835,0.2,1,1,1
13836,0.2,3,0,0
13837,2.2,2,1,1
13838,0.2,3,1,0
13839,1.0,2,0,0
13840,0.2,2,1,1
13841,1.0,0,1,1
13842,1.0,2,1,1
13843,0.2,3,0,0
13844,0.2,1,0,0
13845,0.2,0,0,0
13846,0.2,1,0,0
13847,0.2,1,0,0
13848,0.2,1,1,1
13849,0.2,1,1,1
13850,0.2,2,1,0
13851,0.2,3,0,0
13852,1.0,3,0,0
13853,2.2,1,1,1
13854,0.2,1,0,1
13855,0.2,1,1,1
13856,0.2,3,1,1
13857,1.0,1,1,1
13858,0.2,0,0,0
13859,0.2,2,0,0
13860,1.0,2,0,1
13861,0.2,2,1,0
13862,1.0,1,0,1
13863,0.2,1,0,0
13864,0.2,1,1,1
13865,1.0,2,1,1
13866,0.2,2,1,1
13867,1.0,2,0,0
13868,1.0,2,1,1
13869,0.2,1,0,0
13870,0.2,1,0,0
13871,0.2,1,0,0
13872,0.2,1,1,0
13873,0.2,1,1,1
13874,0.2,2,0,0
13875,1.0,1,0,1
13876,0.2,2,0,0
13877,0.2,1,0,0
13878,0.2,1,0,0
13879,1.0,0,1,1
13880,0.2,2,0,0
13881,0.2,1,1,1
13882,0.2,2,0,0
13883,1.0,1,1,1
13884,1.0,2,0,0
13885,2.2,1,1,1
13886,0.2,2,1,1
13887,0.2,3,1,1
13888,3.0,1,1,1
13889,0.2,2,0,0
13890,0.2,1,0,0
13891,1.0,2,1,1
13892,1.0,1,0,1
13893,1.0,2,1,1
13894,0.2,1,1,1
13895,0.2,3,1,1
13896,0.2,0,0,0
13897,0.2,1,0,0
13898,0.2,1,1,0
13899,0.2,2,0,0
13900,0.2,1,0,1
13901,0.2,1,0,0
13902,0.2,0,1,1
13903,0.2,2,0,0
13904,0.2,2,1,1
13905,0.2,1,1,0
13906,0.2,2,0,0
13907,1.0,0,1,1
13908,0.2,2,0,0
13909,1.0,3,0,0
13910,0.2,2,1,1
13911,0.2,1,1,1
13912,0.2,1,0,0
13913,0.2,3,0,0
13914,0.2,1,0,0
13915,0.2,1,1,1
13916,0.2,3,0,0
13917,0.2,3,0,0
13918,1.0,1,1,1
13919,1.0,2,1,1
13920,1.0,2,0,0
13921,1.0,1,1,1
13922,0.2,1,0,0
13923,0.2,1,1,1
13924,0.2,2,1,1
13925,1.0,0,1,1
13926,0.2,2,1,1
13927,2.2,2,0,1
13928,0.2,3,1,1
13929,0.2,1,0,0
13930,0.2,1,1,1
13931,1.0,2,1,1
13932,0.2,3,1,1
13933,0.2,1,0,0
13934,0.2,2,0,0
13935,0.2,1,0,0
13936,0.2,2,0,0
13937,0.2,1,1,1
13938,0.2,1,0,0
13939,0.2,2,0,0
13940,0.2,2,1,0
13941,0.2,2,0,0
13942,1.0,1,1,1
13943,0.2,2,1,1
13944,0.2,2,1,0
13945,0.2,3,0,0
13946,1.0,1,0,0
13947,0.2,2,1,1
13948,0.2,3,0,0
13949,1.0,3,0,0
13950,1.0,0,0,0
13951,0.2,0,1,1
13952,0.2,2,1,0
13953,1.0,1,0,1
13954,0.2,2,0,0
13955,0.2,3,0,0
13956,0.2,3,1,0
13957,0.2,2,1,1
13958,0.2,1,1,1
13959,0.2,3,0,0
13960,1.0,1,1,1
13961,2.2,2,1,1
13962,0.2,2,1,0
13963,0.2,0,1,1
13964,0.2,0,1,1
13965,0.2,0,1,1
13966,0.2,1,0,0
13967,1.0,1,1,1
13968,0.2,1,1,1
13969,0.2,2,0,0
13970,0.2,1,1,1
13971,0.2,3,1,1
13972,0.2,3,0,0
13973,0.2,1,1,1
13974,0.2,2,1,1
13975,1.0,1,1,1
13976,0.2,2,1,1
13977,0.2,2,0,0
13978,0.2,1,0,1
13979,0.2,2,1,1
13980,0.2,1,1,1
13981,1.0,2,1,1
13982,0.2,2,1,1
13983,0.2,1,1,1
13984,0.2,0,1,1
13985,0.2,2,0,0
13986,1.0,3,0,0
13987,0.2,1,1,1
13988,0.2,2,1,1
13989,0.2,1,0,0
13990,0.2,2,1,0
13991,0.2,1,0,0
13992,0.2,0,0,1
13993,0.2,2,0,0
13994,1.0,2,1,1
13995,0.2,2,0,0
13996,0.2,2,1,1
13997,0.2,3,0,1
13998,0.2,2,1,1
13999,0.2,2,1,1
14000,1.0,2,1,1
14001,0.2,2,0,0
14002,0.2,3,0,0
14003,0.2,3,0,0
14004,0.2,2,0,0
14005,0.2,0,0,0
14006,0.2,2,0,0
14007,0.2,0,0,0
14008,1.0,2,1,1
14009,0.2,2,1,1
14010,1.0,3,1,1
14011,0.2,2,1,1
14012,0.2,3,0,0
14013,0.2,2,1,1
14014,0.2,2,0,0
14015,1.0,3,0,0
14016,1.0,2,0,0
14017,0.2,3,0,0
14018,0.2,2,1,1
14019,1.0,3,0,0
14020,0.2,1,1,1
14021,0.2,3,1,1
14022,0.2,2,1,1
14023,0.2,3,0,0
14024,1.0,2,0,0
14025,0.2,1,0,0
14026,0.2,1,1,1
14027,0.2,1,0,0
14028,0.2,1,0,0
14029,0.2,2,0,0
14030,0.2,1,0,0
14031,2.2,2,0,1
14032,0.2,2,1,1
14033,1.0,2,0,0
14034,0.2,1,1,1
14035,0.2,1,1,0
14036,0.2,1,0,1
14037,0.2,1,0,0
14038,1.0,3,1,1
14039,0.2,1,1,1
14040,0.2,1,0,0
14041,0.2,3,0,0
14042,1.0,2,0,1
14043,0.2,1,0,0
14044,0.2,2,1,1
14045,0.2,2,1,1
14046,0.2,3,0,0
14047,0.2,2,1,0
14048,0.2,2,1,0
14049,0.2,1,0,0
14050,1.0,0,0,0
14051,1.0,2,0,1
14052,0.2,2,0,0
14053,0.2,2,0,0
14054,0.2,2,1,1
14055,0.2,3,0,0
14056,0.2,2,0,0
14057,0.2,3,1,0
14058,2.2,2,1,1
14059,2.2,3,1,0
14060,0.2,3,0,0
14061,0.2,2,1,1
14062,0.2,3,1,1
14063,2.2,1,1,1
14064,0.2,0,1,1
14065,0.2,2,1,0
14066,0.2,0,1,1
14067,0.2,2,0,0
14068,0.2,1,0,0
14069,0.2,1,0,0
14070,1.0,2,0,0
14071,0.2,0,0,0
14072,0.2,1,0,0
14073,0.2,2,0,0
14074,0.2,1,0,0
14075,0.2,2,0,1
14076,0.2,3,0,0
14077,0.2,1,0,0
14078,0.2,2,0,0
14079,0.2,1,0,0
14080,0.2,1,1,1
14081,0.2,2,0,0
14082,0.2,2,1,1
14083,0.2,2,0,0
14084,0.2,1,1,1
14085,0.2,2,0,0
14086,0.2,2,0,0
14087,0.2,1,0,0
14088,0.2,1,1,1
14089,1.0,1,0,0
14090,0.2,1,1,1
14091,0.2,2,1,0
14092,0.2,1,0,0
14093,0.2,1,1,0
14094,0.2,1,1,1
14095,0.2,2,0,0
14096,0.2,1,1,1
14097,1.0,0,1,1
14098,0.2,1,0,0
14099,0.2,1,1,1
14100,1.0,3,0,0
14101,2.2,3,1,1
14102,0.2,1,0,0
14103,0.2,2,1,1
14104,0.2,2,0,0
14105,0.2,2,0,0
14106,0.2,2,1,1
14107,0.2,3,1,1
14108,1.0,2,1,1
14109,0.2,1,1,1
14110,0.2,1,1,0
14111,0.2,0,1,1
14112,0.2,3,1,0
14113,0.2,3,0,1
14114,0.2,1,0,0
14115,0.2,3,0,0
14116,0.2,1,0,0
14117,0.2,1,1,1
14118,0.2,1,1,1
14119,0.2,0,1,1
14120,1.0,2,1,1
14121,0.2,0,0,1
14122,0.2,1,0,0
14123,0.2,1,0,0
14124,1.0,1,1,1
14125,1.0,0,0,0
14126,0.2,3,1,1
14127,0.2,3,0,0
14128,0.2,2,1,0
14129,0.2,2,0,0
14130,1.0,3,0,0
14131,0.2,2,1,1
14132,0.2,2,0,1
14133,0.2,0,0,0
14134,0.2,3,0,0
14135,2.2,0,1,1
14136,0.2,3,0,0
14137,0.2,2,0,0
14138,1.0,0,1,1
14139,0.2,2,1,1
14140,0.2,1,0,0
14141,0.2,3,0,1
14142,0.2,2,1,1
14143,0.2,0,1,1
14144,0.2,2,0,0
14145,0.2,3,0,0
14146,0.2,2,0,0
14147,1.0,2,0,0
14148,2.2,1,0,1
14149,0.2,2,0,0
14150,1.0,1,0,0
14151,0.2,2,0,0
14152,0.2,1,0,0
14153,0.2,2,1,1
14154,0.2,2,0,0
14155,1.0,1,1,1
14156,0.2,2,0,0
14157,0.2,0,0,0
14158,0.2,1,0,0
14159,3.0,2,1,1
14160,0.2,1,0,0
14161,0.2,3,1,1
14162,0.2,1,0,0
14163,1.0,1,1,1
14164,0.2,2,1,0
14165,1.0,1,1,1
14166,0.2,1,0,0
14167,1.0,0,0,1
14168,0.2,1,0,0
14169,0.2,1,1,1
14170,0.2,1,1,0
14171,0.2,1,0,0
14172,0.2,3,1,1
14173,0.2,2,0,0
14174,0.2,2,1,1
14175,0.2,2,1,1
14176,0.2,2,1,1
14177,0.2,1,1,0
14178,1.0,2,1,1
14179,0.2,2,1,1
14180,0.2,2,0,0
14181,1.0,1,1,0
14182,1.0,0,0,0
14183,0.2,2,0,0
14184,1.0,0,1,1
14185,0.2,2,1,1
14186,0.2,2,1,1
14187,0.2,0,1,1
14188,1.0,1,1,1
14189,1.0,2,1,1
14190,1.0,1,1,1
14191,0.2,1,1,1
14192,1.0,2,0,0
14193,0.2,1,1,1
14194,0.2,1,0,0
14195,0.2,1,0,0
14196,0.2,1,0,0
14197,0.2,3,1,0
14198,0.2,0,0,0
14199,0.2,1,1,1
14200,0.2,1,1,1
14201,0.2,1,0,0
14202,1.0,1,1,1
14203,0.2,2,0,0
14204,0.2,1,1,1
14205,0.2,2,0,0
14206,0.2,1,1,1
14207,0.2,1,1,1
14208,0.2,3,0,0
14209,1.0,1,0,0
14210,2.2,2,1,1
14211,0.2,0,0,0
14212,0.2,1,1,1
14213,0.2,3,1,1
14214,0.2,1,0,0
14215,1.0,2,1,1
14216,1.0,3,1,0
14217,1.0,1,1,1
14218,0.2,2,0,0
14219,0.2,3,0,0
14220,0.2,3,0,0
14221,0.2,1,0,0
14222,0.2,3,0,0
14223,0.2,3,0,0
14224,0.2,2,1,1
14225,1.0,2,1,1
14226,0.2,3,1,1
14227,0.2,1,1,1
14228,1.0,3,1,1
14229,0.2,2,1,1
14230,0.2,1,1,1
14231,0.2,0,1,1
14232,1.0,2,1,1
14233,0.2,2,0,1
14234,0.2,2,0,0
14235,0.2,1,1,1
14236,0.2,2,1,1
14237,0.2,1,1,1
14238,0.2,3,1,1
14239,0.2,3,0,1
14240,0.2,2,1,1
14241,0.2,2,1,1
14242,0.2,2,0,0
14243,0.2,1,1,1
14244,0.2,0,0,0
14245,1.0,3,1,1
14246,1.0,1,0,1
14247,0.2,3,0,0
14248,0.2,2,0,0
14249,0.2,0,0,0
14250,0.2,1,0,0
14251,0.2,2,0,0
14252,0.2,1,0,0
14253,0.2,2,0,0
14254,0.2,2,1,1
14255,0.2,2,1,1
14256,0.2,1,0,0
14257,0.2,1,0,0
14258,0.2,1,1,1
14259,0.2,2,0,0
14260,1.0,2,1,0
14261,0.2,1,0,1
14262,0.2,1,1,0
14263,0.2,0,0,0
14264,0.2,2,1,1
14265,0.2,1,0,0
14266,1.0,1,1,1
14267,0.2,2,0,0
14268,0.2,1,0,0
14269,0.2,1,0,0
14270,0.2,1,1,1
14271,0.2,3,0,0
14272,0.2,0,0,0
14273,1.0,1,1,1
14274,0.2,3,0,0
14275,0.2,1,0,0
14276,0.2,2,0,0
14277,0.2,1,0,0
14278,0.2,2,1,1
14279,1.0,3,0,0
14280,0.2,0,1,0
14281,0.2,3,0,0
14282,2.2,2,0,1
14283,1.0,3,0,0
14284,0.2,3,0,0
14285,0.2,1,0,0
14286,0.2,2,0,0
14287,0.2,3,0,0
14288,0.2,3,0,0
14289,0.2,3,0,0
14290,0.2,1,0,0
14291,0.2,1,0,0
14292,0.2,2,0,0
14293,0.2,1,1,0
14294,0.2,2,1,1
14295,0.2,1,0,0
14296,0.2,2,0,0
14297,0.2,0,1,0
14298,0.2,0,1,1
14299,1.0,2,1,1
14300,0.2,0,0,1
14301,0.2,1,0,0
14302,0.2,1,1,1
14303,1.0,2,1,1
14304,1.0,1,0,0
14305,0.2,1,1,0
14306,0.2,2,0,0
14307,1.0,1,1,0
14308,1.0,2,1,1
14309,0.2,0,0,0
14310,0.2,3,1,1
14311,0.2,2,1,1
14312,0.2,3,1,1
14313,0.2,1,0,0
14314,0.2,2,0,0
14315,0.2,2,0,0
14316,0.2,1,0,0
14317,0.2,1,0,0
14318,0.2,3,0,0
14319,0.2,1,1,1
14320,0.2,1,0,0
14321,0.2,2,0,0
14322,0.2,1,1,1
14323,1.0,1,1,1
14324,0.2,1,0,0
14325,1.0,0,1,1
14326,0.2,0,0,0
14327,0.2,0,0,0
14328,1.0,1,0,0
14329,0.2,1,1,1
14330,0.2,2,0,0
14331,1.0,1,1,1
14332,1.0,2,1,0
14333,0.2,2,0,0
14334,0.2,2,0,0
14335,0.2,1,1,1
14336,0.2,2,0,0
14337,1.0,3,1,1
14338,0.2,2,1,1
14339,1.0,2,1,1
14340,0.2,2,0,0
14341,1.0,1,0,1
14342,0.2,2,1,1
14343,0.2,1,0,0
14344,2.2,2,1,1
14345,2.2,1,1,1
14346,0.2,1,1,1
14347,1.0,2,1,1
14348,0.2,1,1,1
14349,0.2,1,0,0
14350,0.2,2,1,1
14351,0.2,1,1,1
14352,0.2,1,1,1
14353,0.2,2,0,0
14354,0.2,2,0,0
14355,1.0,0,0,0
14356,0.2,2,1,0
14357,0.2,2,1,1
14358,0.2,1,0,0
14359,0.2,3,0,0
14360,1.0,1,1,1
14361,1.0,2,0,1
14362,1.0,2,1,1
14363,0.2,0,0,0
14364,0.2,1,0,0
14365,1.0,3,1,1
14366,0.2,1,1,1
14367,0.2,1,1,1
14368,0.2,2,0,0
14369,0.2,1,0,0
14370,0.2,2,1,1
14371,1.0,1,0,0
14372,0.2,2,0,0
14373,0.2,1,0,0
14374,0.2,3,0,0
14375,0.2,1,1,1
14376,1.0,3,0,0
14377,0.2,1,1,1
14378,0.2,3,1,1
14379,0.2,1,0,0
14380,3.0,1,1,1
14381,0.2,3,1,1
14382,0.2,1,1,1
14383,0.2,2,1,1
14384,0.2,2,0,0
14385,0.2,2,1,1
14386,0.2,1,1,1
14387,0.2,1,1,1
14388,0.2,2,0,0
14389,0.2,0,1,1
14390,0.2,0,0,0
14391,1.0,2,1,1
14392,0.2,1,1,1
14393,2.2,3,1,1
14394,0.2,1,1,1
14395,0.2,2,0,0
14396,0.2,3,1,1
14397,0.2,1,0,0
14398,1.0,1,1,1
14399,0.2,2,0,0
14400,0.2,0,1,1
14401,0.2,0,1,1
14402,0.2,2,1,1
14403,0.2,3,0,0
14404,0.2,3,0,0
14405,1.0,0,0,1
14406,0.2,2,1,0
14407,0.2,2,0,1
14408,2.2,1,1,1
14409,0.2,1,0,0
14410,0.2,0,0,0
14411,1.0,1,1,1
14412,0.2,0,0,0
14413,0.2,2,0,1
14414,0.2,2,0,0
14415,0.2,1,0,0
14416,0.2,0,1,1
14417,0.2,2,0,0
14418,0.2,0,1,1
14419,0.2,2,1,1
14420,0.2,1,0,0
14421,0.2,3,1,1
14422,1.0,1,1,1
14423,0.2,0,0,0
14424,1.0,2,1,1
14425,0.2,1,1,0
14426,0.2,3,0,0
14427,0.2,3,0,0
14428,0.2,1,0,1
14429,0.2,1,0,0
14430,0.2,2,1,1
14431,0.2,3,1,1
14432,1.0,1,0,0
14433,0.2,1,0,1
14434,0.2,1,1,0
14435,0.2,0,0,0
14436,0.2,2,1,1
14437,1.0,3,1,1
14438,0.2,0,1,1
14439,0.2,1,0,0
14440,0.2,2,0,0
14441,0.2,3,1,1
14442,0.2,2,1,0
14443,0.2,3,1,1
14444,0.2,1,0,0
14445,0.2,0,0,0
14446,1.0,2,0,1
14447,1.0,1,1,1
14448,0.2,2,1,1
14449,0.2,0,1,1
14450,1.0,1,1,1
14451,0.2,2,0,0
14452,0.2,2,1,1
14453,0.2,2,1,0
14454,0.2,0,1,1
14455,0.2,1,0,0
14456,1.0,3,1,1
14457,0.2,1,0,0
14458,1.0,1,0,0
14459,0.2,2,1,1
14460,0.2,0,1,1
14461,0.2,2,1,1
14462,1.0,0,1,1
14463,1.0,0,1,1
14464,2.2,1,0,1
14465,0.2,0,0,0
14466,0.2,0,0,0
14467,0.2,1,1,1
14468,0.2,1,0,0
14469,0.2,1,0,1
14470,0.2,2,0,1
14471,0.2,1,0,0
14472,0.2,1,1,1
14473,1.0,1,1,1
14474,0.2,2,0,0
14475,1.0,2,1,1
14476,0.2,0,1,1
14477,1.0,1,1,1
14478,0.2,2,0,0
14479,0.2,2,0,0
14480,1.0,2,0,0
14481,0.2,2,0,0
14482,0.2,2,1,0
14483,0.2,3,0,0
14484,0.2,1,0,0
14485,0.2,2,0,0
14486,2.2,2,1,1
14487,0.2,2,0,1
14488,0.2,2,0,1
14489,0.2,2,0,1
14490,0.2,2,0,0
14491,0.2,2,1,1
14492,0.2,1,1,1
14493,0.2,2,1,1
14494,0.2,2,1,1
14495,0.2,1,0,0
14496,1.0,0,1,1
14497,0.2,2,0,0
14498,0.2,1,0,0
14499,0.2,2,0,0
14500,0.2,3,1,1
14501,0.2,2,0,0
14502,0.2,1,1,1
14503,0.2,1,1,1
14504,0.2,2,1,1
14505,0.2,0,1,1
14506,2.2,0,1,1
14507,0.2,3,1,1
14508,0.2,2,0,0
14509,1.0,3,0,0
14510,2.2,2,1,1
14511,0.2,1,0,0
14512,0.2,1,0,0
14513,0.2,2,0,0
14514,0.2,2,1,1
14515,1.0,0,1,1
14516,1.0,3,0,0
14517,0.2,2,0,0
14518,0.2,1,0,0
14519,0.2,0,1,1
14520,0.2,1,1,1
14521,0.2,0,1,1
14522,1.0,2,0,1
14523,0.2,2,0,0
14524,0.2,2,0,0
14525,0.2,1,1,1
14526,1.0,2,1,1
14527,1.0,0,1,1
14528,0.2,1,1,1
14529,1.0,2,1,1
14530,0.2,3,1,0
14531,0.2,2,0,1
14532,0.2,0,1,1
14533,1.0,3,0,0
14534,0.2,2,0,0
14535,0.2,1,0,0
14536,0.2,3,1,1
14537,1.0,2,1,1
14538,1.0,1,1,1
14539,0.2,2,0,0
14540,0.2,1,0,0
14541,0.2,2,1,1
14542,0.2,0,0,0
14543,0.2,1,0,0
14544,0.2,1,1,1
14545,0.2,1,0,0
14546,0.2,1,1,1
14547,0.2,0,1,1
14548,0.2,3,0,0
14549,0.2,2,0,0
14550,0.2,2,0,0
14551,1.0,3,0,1
14552,0.2,1,1,0
14553,0.2,2,1,0
14554,0.2,1,1,1
14555,0.2,1,1,1
14556,0.2,1,0,0
14557,0.2,1,1,1
14558,0.2,2,1,1
14559,0.2,2,0,0
14560,0.2,1,0,0
14561,1.0,2,0,1
14562,1.0,2,1,1
14563,0.2,1,1,1
14564,0.2,3,1,1
14565,0.2,2,1,1
14566,0.2,0,1,1
14567,0.2,1,1,1
14568,0.2,2,0,0
14569,0.2,1,0,0
14570,0.2,2,0,0
14571,1.0,0,0,0
14572,0.2,1,0,0
14573,1.0,3,1,1
14574,1.0,1,0,1
14575,0.2,0,1,1
14576,0.2,1,1,1
14577,1.0,0,1,1
14578,0.2,3,0,0
14579,0.2,2,1,1
14580,0.2,1,0,0
14581,0.2,3,1,0
14582,0.2,2,0,0
14583,0.2,3,1,1
14584,1.0,2,1,1
14585,0.2,2,0,0
14586,1.0,3,0,0
14587,0.2,2,1,1
14588,0.2,2,0,1
14589,0.2,1,0,1
14590,0.2,1,0,0
14591,1.0,2,1,1
14592,0.2,1,0,1
14593,1.0,1,1,1
14594,2.2,2,1,1
14595,1.0,1,0,0
14596,0.2,2,0,0
14597,0.2,2,1,1
14598,0.2,2,1,0
14599,0.2,1,1,1
14600,0.2,2,0,0
14601,0.2,0,1,1
14602,0.2,3,0,0
14603,0.2,1,0,0
14604,0.2,1,0,0
14605,1.0,1,1,1
14606,0.2,2,1,1
14607,0.2,1,0,0
14608,0.2,0,1,1
14609,0.2,1,0,0
14610,0.2,1,0,0
14611,1.0,3,1,1
14612,0.2,3,1,0
14613,0.2,2,0,1
14614,0.2,0,0,0
14615,0.2,1,1,1
14616,1.0,1,1,1
14617,1.0,2,1,1
14618,1.0,3,0,0
14619,0.2,0,0,0
14620,0.2,1,0,0
14621,1.0,1,1,1
14622,0.2,2,0,0
14623,0.2,2,0,0
14624,0.2,2,0,0
14625,1.0,0,0,1
14626,0.2,2,0,1
14627,0.2,0,0,0
14628,0.2,1,1,1
14629,0.2,2,1,1
14630,0.2,0,0,0
14631,1.0,1,0,0
14632,0.2,1,0,1
14633,0.2,3,1,1
14634,0.2,2,1,1
14635,0.2,2,0,0
14636,0.2,2,1,1
14637,0.2,2,1,1
14638,0.2,2,0,0
14639,0.2,2,0,0
14640,0.2,1,0,0
14641,0.2,0,0,0
14642,0.2,1,1,1
14643,2.2,1,1,1
14644,0.2,3,0,0
14645,1.0,2,1,1
14646,1.0,2,0,0
14647,1.0,1,0,0
14648,0.2,2,0,0
14649,0.2,2,0,0
14650,1.0,3,1,1
14651,0.2,2,0,0
14652,1.0,2,1,1
14653,1.0,2,1,1
14654,0.2,2,1,1
14655,1.0,1,1,1
14656,0.2,3,0,1
14657,0.2,3,0,0
14658,0.2,1,1,1
14659,0.2,2,1,1
14660,0.2,2,0,1
14661,0.2,3,1,0
14662,0.2,2,0,1
14663,0.2,2,0,0
14664,0.2,0,0,0
14665,0.2,2,1,1
14666,0.2,0,0,0
14667,0.2,1,0,0
14668,0.2,1,1,1
14669,0.2,2,0,0
14670,0.2,0,1,1
14671,1.0,2,1,1
14672,1.0,1,1,1
14673,0.2,2,1,1
14674,0.2,2,1,1
14675,0.2,2,0,0
14676,1.0,2,1,1
14677,1.0,0,0,0
14678,1.0,2,1,1
14679,0.2,2,1,1
14680,0.2,2,0,0
14681,0.2,1,0,0
14682,1.0,1,1,1
14683,0.2,3,0,0
14684,1.0,3,1,1
14685,2.2,0,1,1
14686,0.2,1,0,0
14687,0.2,1,0,0
14688,0.2,1,0,0
14689,0.2,1,1,0
14690,0.2,1,0,0
14691,0.2,1,0,0
14692,0.2,2,0,0
14693,1.0,0,1,1
14694,1.0,2,0,0
14695,0.2,3,0,0
14696,0.2,1,0,0
14697,0.2,1,0,0
14698,1.0,0,1,1
14699,1.0,1,1,1
14700,2.2,1,1,1
14701,0.2,1,1,1
14702,0.2,1,1,1
14703,0.2,2,0,0
14704,0.2,2,0,0
14705,0.2,0,1,1
14706,1.0,0,1,1
14707,0.2,2,1,1
14708,0.2,1,1,1
14709,1.0,1,1,1
14710,0.2,1,1,1
14711,0.2,0,0,0
14712,1.0,1,1,1
14713,0.2,1,1,1
14714,0.2,2,1,1
14715,0.2,2,0,0
14716,2.2,1,1,1
14717,1.0,1,1,1
14718,1.0,1,0,1
14719,0.2,3,0,0
14720,2.2,2,0,1
14721,0.2,1,0,0
14722,0.2,2,1,1
14723,1.0,0,1,0
14724,0.2,0,1,1
14725,0.2,3,0,0
14726,0.2,2,0,0
14727,0.2,1,0,0
14728,0.2,3,0,0
14729,0.2,3,1,1
14730,3.0,2,1,1
14731,0.2,2,0,1
14732,0.2,3,0,0
14733,0.2,1,1,1
14734,0.2,0,0,0
14735,0.2,2,1,1
14736,0.2,1,0,0
14737,1.0,1,1,1
14738,0.2,1,1,1
14739,0.2,2,0,0
14740,1.0,0,1,1
14741,0.2,3,0,0
14742,0.2,2,1,1
14743,3.0,1,1,1
14744,0.2,3,1,1
14745,0.2,3,1,1
14746,0.2,3,1,1
14747,0.2,3,0,0
14748,0.2,3,0,0
14749,1.0,2,1,1
14750,0.2,2,0,0
14751,0.2,2,1,1
14752,0.2,1,0,0
14753,1.0,2,1,1
14754,0.2,1,1,1
14755,0.2,1,0,0
14756,0.2,0,1,1
14757,0.2,1,0,1
14758,0.2,2,1,1
14759,1.0,2,0,0
14760,0.2,0,1,0
14761,0.2,1,0,0
14762,2.2,0,1,1
14763,0.2,2,0,0
14764,0.2,1,1,1
14765,0.2,3,0,1
14766,0.2,1,0,0
14767,0.2,1,1,0
14768,1.0,1,0,0
14769,0.2,2,0,0
14770,0.2,2,0,0
14771,0.2,1,0,0
14772,0.2,1,0,0
14773,0.2,0,0,1
14774,0.2,3,1,1
14775,0.2,2,1,1
14776,3.0,3,1,1
14777,0.2,2,0,0
14778,0.2,1,0,0
14779,0.2,0,0,0
14780,1.0,1,0,0
14781,0.2,1,1,1
14782,0.2,3,1,1
14783,0.2,1,0,0
14784,0.2,1,1,1
14785,1.0,1,1,1
14786,0.2,2,0,0
14787,0.2,1,0,0
14788,1.0,2,1,1
14789,0.2,0,0,0
14790,0.2,0,0,0
14791,0.2,3,0,0
14792,0.2,1,1,1
14793,1.0,1,0,0
14794,2.2,2,1,1
14795,0.2,1,0,0
14796,0.2,3,0,0
14797,0.2,1,1,1
14798,0.2,0,1,1
14799,0.2,1,0,0
14800,1.0,1,1,1
14801,0.2,3,0,0
14802,0.2,1,1,1
14803,0.2,1,0,0
14804,0.2,1,0,0
14805,0.2,3,0,0
14806,0.2,1,1,1
14807,1.0,1,1,1
14808,1.0,0,1,1
14809,0.2,1,1,1
14810,0.2,2,1,1
14811,0.2,2,0,0
14812,0.2,2,1,1
14813,0.2,1,1,1
14814,0.2,2,1,1
14815,0.2,0,1,1
14816,0.2,1,1,1
14817,0.2,2,0,0
14818,0.2,2,1,1
14819,1.0,1,1,1
14820,0.2,3,0,0
14821,0.2,2,1,1
14822,0.2,2,0,0
14823,0.2,1,1,1
14824,0.2,2,0,0
14825,0.2,1,1,1
14826,0.2,1,1,1
14827,0.2,1,1,1
14828,0.2,1,0,1
14829,2.2,1,0,0
14830,0.2,3,0,0
14831,0.2,0,0,0
14832,0.2,1,1,1
14833,0.2,0,1,1
14834,0.2,2,0,0
14835,0.2,1,0,0
14836,2.2,1,1,1
14837,0.2,1,0,0
14838,0.2,2,1,0
14839,1.0,1,0,0
14840,0.2,2,1,1
14841,1.0,2,1,0
14842,0.2,1,1,1
14843,0.2,1,0,0
14844,0.2,3,0,0
14845,1.0,0,0,1
14846,1.0,2,1,0
14847,0.2,1,1,1
14848,1.0,1,1,1
14849,0.2,2,0,0
14850,0.2,2,0,0
14851,0.2,2,0,0
14852,0.2,1,1,0
14853,0.2,1,1,1
14854,1.0,2,0,0
14855,0.2,3,0,0
14856,1.0,2,0,0
14857,2.2,3,1,1
14858,0.2,1,1,1
14859,0.2,0,0,0
14860,1.0,1,1,1
14861,0.2,3,1,1
14862,0.2,0,1,1
14863,0.2,1,0,0
14864,0.2,2,0,0
14865,0.2,0,1,1
14866,0.2,3,0,0
14867,1.0,0,0,0
14868,0.2,1,0,0
14869,0.2,1,0,1
14870,0.2,1,1,1
14871,0.2,2,0,0
14872,0.2,2,0,0
14873,0.2,1,1,1
14874,1.0,1,1,1
14875,1.0,2,1,1
14876,0.2,0,1,1
14877,0.2,1,1,1
14878,0.2,1,0,0
14879,0.2,2,0,0
14880,0.2,1,1,1
14881,0.2,2,0,0
14882,0.2,3,1,1
14883,0.2,2,0,1
14884,0.2,3,0,0
14885,0.2,2,1,1
14886,0.2,2,1,1
14887,1.0,2,1,1
14888,0.2,3,0,0
14889,1.0,1,1,1
14890,0.2,3,0,0
14891,0.2,1,0,0
14892,0.2,2,0,0
14893,0.2,1,1,1
14894,0.2,2,1,1
14895,0.2,1,1,1
14896,0.2,1,0,0
14897,0.2,2,0,0
14898,0.2,3,0,0
14899,0.2,1,0,0
14900,0.2,2,0,0
14901,0.2,1,1,1
14902,1.0,2,1,1
14903,0.2,0,0,0
14904,0.2,3,1,1
14905,2.2,2,1,1
14906,0.2,0,1,1
14907,0.2,1,1,1
14908,0.2,2,1,0
14909,0.2,3,1,1
14910,0.2,2,0,0
14911,0.2,2,1,1
14912,0.2,2,0,0
14913,0.2,1,0,1
14914,0.2,0,0,1
14915,0.2,1,1,0
14916,0.2,2,0,0
14917,0.2,1,1,1
14918,1.0,1,1,1
14919,0.2,3,0,0
14920,0.2,3,1,1
14921,0.2,1,1,0
14922,0.2,2,1,1
14923,2.2,2,1,1
14924,0.2,2,1,1
14925,0.2,1,1,1
14926,0.2,1,0,1
14927,0.2,2,1,1
14928,0.2,0,0,0
14929,0.2,2,1,1
14930,0.2,2,0,0
14931,0.2,1,0,0
14932,0.2,2,1,1
14933,0.2,2,1,1
14934,0.2,0,0,0
14935,1.0,1,1,1
14936,0.2,2,0,0
14937,0.2,2,0,1
14938,0.2,2,1,0
14939,0.2,0,1,0
14940,0.2,2,0,0
14941,0.2,0,0,0
14942,0.2,1,0,0
14943,0.2,2,0,1
14944,1.0,1,1,1
14945,0.2,1,0,0
14946,1.0,1,1,1
14947,0.2,1,0,0
14948,0.2,2,0,1
14949,0.2,2,0,0
14950,1.0,2,1,1
14951,0.2,1,0,1
14952,0.2,1,0,0
14953,0.2,0,0,0
14954,0.2,2,1,1
14955,0.2,2,0,0
14956,0.2,1,0,0
14957,1.0,1,1,1
14958,1.0,2,1,1
14959,0.2,1,1,1
14960,0.2,2,0,0
14961,1.0,1,1,1
14962,0.2,3,0,0
14963,0.2,2,1,1
14964,1.0,1,1,1
14965,0.2,1,1,1
14966,0.2,2,0,0
14967,1.0,1,1,1
14968,0.2,3,1,1
14969,0.2,1,1,1
14970,0.2,2,0,0
14971,0.2,3,0,0
14972,0.2,2,0,0
14973,0.2,0,1,1
14974,1.0,1,1,1
14975,0.2,2,0,0
14976,0.2,2,0,1
14977,0.2,0,1,1
14978,0.2,1,1,1
14979,0.2,1,0,0
14980,2.2,1,1,1
14981,0.2,1,0,0
14982,1.0,3,1,1
14983,0.2,2,1,1
14984,0.2,3,0,0
14985,0.2,1,1,1
14986,0.2,2,0,0
14987,0.2,1,0,0
14988,0.2,2,1,1
14989,1.0,2,0,1
14990,0.2,0,1,1
14991,1.0,3,1,0
14992,1.0,2,1,1
14993,0.2,1,1,0
14994,0.2,1,0,0
14995,0.2,3,0,0
14996,1.0,1,1,1
14997,0.2,0,0,1
14998,0.2,1,1,1
14999,0.2,1,0,1
15000,0.2,2,1,1
15001,0.2,2,1,1
15002,0.2,1,1,1
15003,0.2,2,0,0
15004,0.2,2,0,1
15005,0.2,1,0,0
15006,0.2,1,0,0
15007,0.2,3,0,0
15008,0.2,1,0,0
15009,1.0,2,1,1
15010,2.2,1,1,1
15011,0.2,2,1,1
15012,1.0,3,1,1
15013,0.2,1,0,0
15014,0.2,3,0,0
15015,0.2,2,0,0
15016,0.2,2,1,0
15017,1.0,0,1,1
15018,0.2,2,0,0
15019,0.2,1,1,1
15020,0.2,2,1,1
15021,2.2,0,1,1
15022,0.2,2,0,0
15023,0.2,2,0,0
15024,0.2,2,0,0
15025,0.2,1,1,1
15026,0.2,3,1,1
15027,0.2,1,0,0
15028,0.2,3,1,1
15029,0.2,1,0,0
15030,0.2,2,1,1
15031,1.0,1,0,0
15032,1.0,1,0,0
15033,0.2,2,1,0
15034,1.0,1,0,1
15035,0.2,2,0,0
15036,1.0,0,0,0
15037,0.2,0,0,0
15038,0.2,3,0,0
15039,1.0,2,0,0
15040,1.0,2,0,0
15041,0.2,3,0,0
15042,2.2,1,1,1
15043,1.0,1,0,0
15044,1.0,1,1,1
15045,0.2,1,0,0
15046,0.2,2,0,0
15047,0.2,2,0,0
15048,0.2,2,1,1
15049,0.2,1,0,0
15050,0.2,3,1,0
15051,0.2,2,0,0
15052,0.2,2,0,0
15053,1.0,1,0,0
15054,0.2,1,0,1
15055,0.2,0,1,1
15056,1.0,2,1,1
15057,0.2,2,1,1
15058,0.2,1,0,0
15059,1.0,3,1,1
15060,0.2,1,0,0
15061,0.2,1,1,1
15062,0.2,2,0,0
15063,0.2,0,0,0
15064,0.2,2,0,0
15065,0.2,1,1,1
15066,0.2,0,1,1
15067,2.2,1,1,1
15068,0.2,1,0,0
15069,1.0,2,1,1
15070,1.0,1,1,1
15071,1.0,1,1,1
15072,0.2,1,1,0
15073,0.2,1,0,0
15074,0.2,2,0,0
15075,1.0,3,0,0
15076,0.2,2,0,0
15077,0.2,2,1,1
15078,0.2,1,1,0
15079,0.2,1,0,0
15080,0.2,3,0,0
15081,0.2,1,0,0
15082,0.2,1,1,1
15083,0.2,0,1,1
15084,0.2,2,1,1
15085,0.2,2,1,1
15086,0.2,0,0,0
15087,0.2,2,1,1
15088,0.2,1,1,1
15089,2.2,2,0,1
15090,0.2,0,1,1
15091,0.2,1,0,0
15092,0.2,2,0,0
15093,0.2,1,0,1
15094,2.2,0,1,1
15095,0.2,0,0,0
15096,0.2,2,0,0
15097,1.0,2,1,1
15098,0.2,3,0,0
15099,0.2,0,0,0
15100,0.2,2,0,0
15101,0.2,3,0,0
15102,1.0,1,1,1
15103,1.0,1,1,1
15104,1.0,1,1,1
15105,0.2,1,0,0
15106,1.0,2,1,1
15107,0.2,1,1,1
15108,0.2,1,1,0
15109,1.0,2,1,0
15110,1.0,2,1,1
15111,0.2,1,1,1
15112,0.2,1,1,1
15113,0.2,1,0,0
15114,0.2,2,1,1
15115,0.2,2,1,1
15116,0.2,2,0,0
15117,0.2,3,0,0
15118,1.0,1,0,1
15119,0.2,2,1,1
15120,0.2,3,0,0
15121,1.0,1,1,1
15122,0.2,2,0,0
15123,2.2,2,1,1
15124,0.2,1,0,0
15125,1.0,3,0,0
15126,1.0,2,1,1
15127,0.2,1,0,0
15128,0.2,2,1,1
15129,1.0,1,1,1
15130,0.2,2,1,1
15131,0.2,0,0,0
15132,0.2,2,1,1
15133,0.2,1,1,1
15134,0.2,0,1,0
15135,0.2,1,1,1
15136,0.2,2,0,1
15137,0.2,3,0,0
15138,0.2,1,0,0
15139,1.0,1,1,1
15140,0.2,2,1,1
15141,0.2,1,0,0
15142,0.2,2,0,0
15143,0.2,2,0,0
15144,1.0,2,1,1
15145,0.2,3,0,0
15146,1.0,3,1,0
15147,0.2,2,0,0
15148,0.2,1,0,0
15149,0.2,1,1,1
15150,0.2,0,0,0
15151,0.2,3,1,1
15152,0.2,3,0,0
15153,0.2,3,0,0
15154,1.0,1,1,1
15155,0.2,1,0,0
15156,0.2,2,0,0
15157,0.2,2,0,0
15158,2.2,0,1,1
15159,0.2,1,1,1
15160,0.2,2,0,0
15161,0.2,2,0,0
15162,0.2,1,0,0
15163,0.2,1,0,0
15164,0.2,3,0,0
15165,0.2,2,1,0
15166,0.2,2,1,1
15167,1.0,2,1,1
15168,0.2,1,1,1
15169,0.2,2,1,1
15170,0.2,2,1,1
15171,1.0,3,1,1
15172,1.0,2,0,0
15173,1.0,1,0,0
15174,0.2,3,0,0
15175,0.2,3,1,1
15176,0.2,0,1,1
15177,0.2,0,1,1
15178,0.2,0,1,1
15179,3.0,2,1,1
15180,0.2,2,0,0
15181,0.2,2,1,0
15182,0.2,1,1,1
15183,0.2,0,0,0
15184,0.2,1,1,1
15185,0.2,1,1,0
15186,0.2,0,1,1
15187,2.2,0,0,1
15188,0.2,1,1,1
15189,0.2,1,1,1
15190,1.0,1,0,0
15191,0.2,1,0,0
15192,1.0,0,1,1
15193,1.0,2,1,1
15194,0.2,2,1,1
15195,0.2,2,1,1
15196,0.2,0,1,1
15197,0.2,2,0,0
15198,1.0,2,0,0
15199,0.2,2,1,0
15200,1.0,3,0,0
15201,1.0,2,1,1
15202,0.2,3,0,0
15203,0.2,3,1,1
15204,0.2,1,1,1
15205,0.2,0,0,0
15206,0.2,2,1,1
15207,0.2,2,1,1
15208,0.2,2,1,1
15209,1.0,1,1,0
15210,0.2,2,0,0
15211,0.2,3,0,0
15212,0.2,2,0,0
15213,1.0,3,0,0
15214,0.2,1,0,1
15215,1.0,3,0,0
15216,0.2,2,0,0
15217,1.0,2,1,0
15218,1.0,2,0,0
15219,1.0,2,1,1
15220,0.2,2,0,1
15221,0.2,2,0,0
15222,1.0,2,1,1
15223,0.2,2,1,1
15224,0.2,1,0,0
15225,0.2,1,1,1
15226,1.0,1,0,0
15227,0.2,2,0,0
15228,0.2,0,1,1
15229,0.2,2,0,0
15230,0.2,2,1,1
15231,0.2,0,1,1
15232,0.2,3,0,0
15233,1.0,0,0,1
15234,0.2,1,0,0
15235,0.2,3,1,1
15236,0.2,1,1,1
15237,0.2,2,0,0
15238,0.2,1,0,0
15239,0.2,2,1,1
15240,0.2,1,0,0
15241,0.2,1,1,1
15242,0.2,2,0,1
15243,0.2,3,0,0
15244,0.2,2,0,0
15245,1.0,3,0,0
15246,2.2,2,1,1
15247,0.2,2,0,0
15248,0.2,2,1,0
15249,0.2,1,1,1
15250,0.2,2,1,1
15251,1.0,1,1,1
15252,0.2,2,0,1
15253,0.2,1,1,0
15254,0.2,3,0,0
15255,0.2,1,0,0
15256,0.2,1,0,0
15257,0.2,2,1,1
15258,1.0,0,0,1
15259,0.2,3,1,0
15260,0.2,1,0,0
15261,0.2,3,0,0
15262,1.0,2,1,1
15263,0.2,2,1,1
15264,0.2,1,1,1
15265,0.2,1,1,1
15266,0.2,1,1,0
15267,1.0,2,0,0
15268,0.2,1,0,0
15269,0.2,3,0,1
15270,0.2,1,0,0
15271,2.2,2,1,1
15272,1.0,2,0,0
15273,0.2,3,0,0
15274,0.2,0,0,0
15275,1.0,2,1,0
15276,0.2,0,0,1
15277,1.0,1,0,0
15278,0.2,3,0,0
15279,0.2,3,0,0
15280,1.0,2,1,1
15281,0.2,1,0,0
15282,0.2,2,0,0
15283,0.2,0,1,1
15284,0.2,2,0,0
15285,0.2,1,0,0
15286,0.2,1,0,0
15287,0.2,1,1,1
15288,0.2,0,1,1
15289,2.2,2,0,1
15290,0.2,2,0,0
15291,1.0,1,1,1
15292,1.0,2,1,1
15293,2.2,3,1,1
15294,0.2,2,0,0
15295,0.2,1,1,1
15296,1.0,2,0,0
15297,0.2,0,1,1
15298,0.2,2,1,1
15299,0.2,1,1,1
15300,0.2,0,0,0
15301,0.2,1,0,0
15302,1.0,1,1,1
15303,1.0,3,0,0
15304,0.2,1,0,0
15305,0.2,1,0,0
15306,0.2,1,1,1
15307,0.2,2,0,0
15308,0.2,0,1,1
15309,0.2,0,0,0
15310,0.2,1,1,1
15311,0.2,2,0,0
15312,0.2,2,0,0
15313,1.0,2,1,1
15314,0.2,1,1,1
15315,0.2,2,0,0
15316,0.2,2,1,1
15317,1.0,2,1,0
15318,0.2,1,1,1
15319,0.2,2,1,1
15320,1.0,1,1,1
15321,0.2,2,0,0
15322,0.2,3,0,0
15323,1.0,1,0,0
15324,1.0,2,1,1
15325,0.2,2,1,1
15326,0.2,2,0,0
15327,0.2,3,0,0
15328,0.2,3,0,0
15329,0.2,2,0,0
15330,0.2,2,0,0
15331,1.0,0,0,0
15332,0.2,2,1,1
15333,0.2,2,0,0
15334,0.2,2,1,1
15335,0.2,2,0,0
15336,0.2,2,0,0
15337,0.2,3,0,0
15338,0.2,0,1,1
15339,1.0,1,1,1
15340,0.2,2,1,1
15341,1.0,1,1,1
15342,0.2,1,1,1
15343,0.2,1,1,1
15344,0.2,0,1,1
15345,0.2,1,1,1
15346,0.2,1,0,0
15347,1.0,1,1,1
15348,0.2,3,0,0
15349,0.2,2,0,0
15350,0.2,2,0,0
15351,1.0,2,1,1
15352,0.2,2,0,0
15353,0.2,0,0,1
15354,0.2,0,1,1
15355,0.2,2,1,1
15356,0.2,1,0,0
15357,0.2,1,0,0
15358,3.0,1,1,1
15359,0.2,2,0,0
15360,0.2,1,1,1
15361,1.0,1,0,1
15362,0.2,2,0,1
15363,1.0,2,1,1
15364,0.2,2,1,1
15365,0.2,2,1,1
15366,0.2,1,0,0
15367,0.2,1,0,1
15368,0.2,0,0,0
15369,0.2,2,1,0
15370,0.2,2,1,1
15371,0.2,1,1,1
15372,2.2,1,1,1
15373,0.2,0,1,0
15374,0.2,1,0,0
15375,0.2,1,1,1
15376,0.2,2,0,0
15377,0.2,1,1,1
15378,0.2,1,1,1
15379,0.2,2,0,1
15380,0.2,2,1,1
15381,0.2,2,1,1
15382,0.2,2,1,1
15383,1.0,0,0,0
15384,0.2,2,1,0
15385,1.0,2,1,1
15386,0.2,2,0,0
15387,0.2,0,0,0
15388,0.2,1,1,1
15389,0.2,0,1,1
15390,1.0,2,0,0
15391,0.2,1,0,0
15392,0.2,1,0,0
15393,0.2,2,0,0
15394,0.2,1,0,0
15395,0.2,1,0,0
15396,0.2,1,1,1
15397,1.0,2,1,1
15398,1.0,3,1,1
15399,0.2,1,1,0
15400,0.2,3,1,0
15401,0.2,0,1,1
15402,0.2,1,0,0
15403,1.0,2,1,1
15404,0.2,1,0,0
15405,1.0,2,1,1
15406,0.2,2,0,0
15407,0.2,2,0,0
15408,0.2,1,0,0
15409,0.2,1,1,1
15410,0.2,2,1,1
15411,0.2,2,1,1
15412,0.2,2,1,1
15413,0.2,2,0,0
15414,1.0,2,1,1
15415,0.2,1,1,1
15416,0.2,2,0,0
15417,0.2,2,0,0
15418,0.2,3,0,0
15419,0.2,2,0,0
15420,0.2,1,0,0
15421,0.2,2,0,0
15422,0.2,1,1,1
15423,0.2,2,0,0
15424,0.2,1,1,1
15425,0.2,1,1,1
15426,0.2,1,1,1
15427,1.0,1,1,1
15428,0.2,2,0,0
15429,0.2,0,1,1
15430,0.2,1,0,1
15431,0.2,2,0,0
15432,1.0,1,1,1
15433,0.2,2,1,1
15434,0.2,2,1,1
15435,1.0,2,1,1
15436,0.2,1,0,0
15437,0.2,2,0,0
15438,0.2,2,0,0
15439,0.2,2,1,1
15440,0.2,2,1,1
15441,0.2,1,1,1
15442,1.0,0,1,1
15443,0.2,2,0,1
15444,0.2,2,1,0
15445,0.2,2,0,0
15446,0.2,2,0,1
15447,0.2,1,1,1
15448,1.0,3,1,1
15449,0.2,1,0,0
15450,2.2,2,1,1
15451,0.2,3,0,0
15452,0.2,2,0,0
15453,0.2,2,0,0
15454,1.0,1,0,0
15455,0.2,1,0,0
15456,0.2,2,1,1
15457,0.2,0,1,1
15458,0.2,0,0,0
15459,0.2,1,0,1
15460,0.2,1,0,0
15461,0.2,1,0,1
15462,1.0,1,0,0
15463,1.0,1,0,0
15464,0.2,1,1,1
15465,0.2,3,0,0
15466,0.2,2,0,0
15467,0.2,3,0,0
15468,0.2,0,1,1
15469,1.0,1,1,1
15470,0.2,3,0,0
15471,1.0,3,0,0
15472,1.0,2,0,0
15473,1.0,3,1,1
15474,0.2,1,0,0
15475,0.2,2,0,0
15476,0.2,1,1,1
15477,0.2,1,0,0
15478,0.2,2,1,1
15479,0.2,2,1,1
15480,0.2,2,0,0
15481,0.2,0,0,1
15482,0.2,2,1,1
15483,0.2,2,1,1
15484,0.2,2,1,0
15485,1.0,1,1,0
15486,1.0,3,1,1
15487,0.2,2,0,1
15488,0.2,1,1,1
15489,0.2,0,0,0
15490,0.2,0,0,0
15491,1.0,1,1,1
15492,1.0,2,0,0
15493,1.0,1,0,0
15494,0.2,1,0,0
15495,0.2,1,0,0
15496,0.2,0,0,1
15497,0.2,1,0,0
15498,0.2,1,0,0
15499,0.2,1,0,0
15500,0.2,2,1,1
15501,1.0,2,1,1
15502,0.2,2,0,0
15503,0.2,1,0,0
15504,0.2,0,0,1
15505,1.0,1,1,1
15506,0.2,1,1,1
15507,1.0,1,1,1
15508,1.0,2,0,0
15509,0.2,1,0,0
15510,0.2,2,1,1
15511,0.2,3,0,1
15512,0.2,2,0,0
15513,1.0,1,1,1
15514,0.2,2,0,0
15515,0.2,1,0,0
15516,0.2,2,1,1
15517,1.0,2,1,1
15518,0.2,1,0,0
15519,0.2,0,0,0
15520,0.2,0,1,1
15521,0.2,0,1,1
15522,0.2,3,1,1
15523,1.0,2,0,0
15524,0.2,2,1,1
15525,0.2,2,0,0
15526,0.2,0,0,0
15527,0.2,2,1,1
15528,0.2,3,1,1
15529,1.0,2,1,0
15530,0.2,1,0,0
15531,1.0,0,1,1
15532,0.2,2,0,0
15533,1.0,0,1,1
15534,0.2,1,0,0
15535,0.2,2,1,1
15536,0.2,1,0,0
15537,0.2,1,1,0
15538,0.2,1,1,0
15539,0.2,1,0,0
15540,1.0,2,1,1
15541,1.0,2,0,0
15542,0.2,1,1,1
15543,0.2,0,1,1
15544,0.2,2,1,0
15545,0.2,0,0,0
15546,1.0,3,0,0
15547,0.2,1,0,0
15548,1.0,1,1,1
15549,0.2,2,1,0
15550,1.0,2,1,1
15551,0.2,2,0,0
15552,0.2,1,1,0
15553,0.2,2,0,0
15554,0.2,1,0,0
15555,0.2,1,1,0
15556,0.2,1,0,0
15557,1.0,2,1,1
15558,1.0,1,1,1
15559,0.2,1,1,0
15560,1.0,2,0,0
15561,0.2,2,0,0
15562,0.2,2,0,0
15563,0.2,2,1,1
15564,0.2,2,0,0
15565,0.2,1,0,0
15566,0.2,2,0,0
15567,0.2,3,0,0
15568,1.0,0,0,0
15569,1.0,3,0,0
15570,0.2,2,1,1
15571,0.2,2,0,0
15572,0.2,1,1,0
15573,0.2,2,1,1
15574,0.2,0,1,1
15575,0.2,1,0,0
15576,0.2,1,0,0
15577,0.2,2,1,1
15578,1.0,2,1,1
15579,0.2,2,0,0
15580,0.2,2,1,1
15581,0.2,1,1,1
15582,0.2,2,0,0
15583,0.2,1,1,1
15584,0.2,0,0,0
15585,0.2,1,0,0
15586,0.2,3,0,0
15587,0.2,2,0,1
15588,0.2,1,0,0
15589,1.0,1,0,0
15590,1.0,1,0,1
15591,0.2,1,1,1
15592,0.2,1,0,0
15593,0.2,3,1,0
15594,0.2,0,1,1
15595,0.2,2,1,1
15596,1.0,1,1,1
15597,0.2,0,1,1
15598,0.2,1,0,0
15599,0.2,3,0,0
15600,0.2,2,0,0
15601,0.2,0,0,0
15602,0.2,2,1,0
15603,0.2,2,1,1
15604,0.2,1,1,1
15605,0.2,2,1,1
15606,0.2,3,0,0
15607,0.2,3,0,0
15608,0.2,0,1,1
15609,0.2,2,0,0
15610,0.2,2,0,0
15611,0.2,2,0,0
15612,2.2,3,1,1
15613,2.2,2,1,1
15614,0.2,2,1,1
15615,1.0,0,1,1
15616,1.0,1,1,1
15617,0.2,2,0,0
15618,0.2,2,0,0
15619,0.2,3,0,1
15620,0.2,2,0,0
15621,0.2,2,1,1
15622,2.2,0,1,1
15623,0.2,0,0,0
15624,0.2,2,0,0
15625,0.2,0,1,1
15626,0.2,1,0,0
15627,0.2,3,1,1
15628,2.2,1,1,1
15629,0.2,1,0,0
15630,0.2,1,0,0
15631,0.2,3,0,0
15632,0.2,2,0,0
15633,0.2,0,1,1
15634,0.2,1,1,1
15635,1.0,2,1,1
15636,0.2,0,0,0
15637,0.2,3,0,0
15638,0.2,1,0,0
15639,1.0,1,1,1
15640,0.2,3,1,1
15641,0.2,3,1,1
15642,0.2,1,0,1
15643,0.2,3,0,0
15644,0.2,0,0,0
15645,0.2,1,1,1
15646,0.2,1,1,1
15647,0.2,2,1,1
15648,1.0,1,1,1
15649,0.2,1,0,0
15650,0.2,2,0,0
15651,0.2,2,1,1
15652,0.2,3,0,0
15653,0.2,3,0,1
15654,0.2,2,1,1
15655,0.2,0,1,1
15656,0.2,0,0,0
15657,0.2,1,1,1
15658,0.2,1,1,1
15659,0.2,1,1,1
15660,0.2,2,1,1
15661,0.2,1,1,1
15662,0.2,3,0,0
15663,1.0,3,1,1
15664,0.2,2,0,0
15665,0.2,3,0,0
15666,0.2,2,0,0
15667,0.2,1,1,1
15668,0.2,3,0,0
15669,0.2,1,1,1
15670,0.2,1,0,0
15671,1.0,1,1,1
15672,0.2,1,1,1
15673,0.2,2,0,0
15674,1.0,2,1,1
15675,0.2,3,0,0
15676,0.2,2,0,0
15677,0.2,2,1,1
15678,0.2,1,1,0
15679,0.2,0,1,1
15680,0.2,1,0,0
15681,0.2,2,0,0
15682,0.2,2,0,0
15683,0.2,1,0,1
15684,0.2,2,0,1
15685,0.2,1,1,1
15686,0.2,2,1,1
15687,0.2,1,1,1
15688,0.2,2,1,1
15689,0.2,1,1,1
15690,0.2,2,1,1
15691,1.0,1,0,0
15692,0.2,1,0,0
15693,0.2,2,0,0
15694,0.2,2,0,0
15695,0.2,1,1,0
15696,0.2,2,0,0
15697,1.0,3,0,0
15698,0.2,1,1,1
15699,1.0,0,1,1
15700,0.2,1,1,0
15701,0.2,2,0,0
15702,0.2,2,0,0
15703,0.2,1,1,1
15704,0.2,2,1,1
15705,1.0,2,1,0
15706,0.2,2,1,1
15707,0.2,3,0,0
15708,0.2,1,0,0
15709,1.0,1,1,1
15710,0.2,3,0,0
15711,1.0,1,1,1
15712,0.2,1,1,1
15713,0.2,0,1,1
15714,1.0,1,1,1
15715,0.2,0,1,1
15716,0.2,1,1,1
15717,0.2,2,0,0
15718,0.2,1,0,0
15719,0.2,2,1,0
15720,0.2,1,0,0
15721,0.2,3,1,0
15722,0.2,0,1,1
15723,0.2,1,0,0
15724,0.2,2,0,1
15725,0.2,3,0,0
15726,1.0,2,1,1
15727,1.0,1,0,0
15728,0.2,2,1,1
15729,0.2,0,0,0
15730,0.2,0,0,0
15731,0.2,1,1,1
15732,0.2,1,1,1
15733,0.2,2,1,0
15734,0.2,2,0,0
15735,0.2,1,1,1
15736,0.2,0,0,0
15737,0.2,2,1,1
15738,0.2,1,1,1
15739,1.0,2,1,0
15740,0.2,2,0,0
15741,0.2,0,1,1
15742,1.0,0,0,1
15743,0.2,2,1,1
15744,1.0,1,1,0
15745,0.2,0,0,0
15746,0.2,3,1,1
15747,0.2,1,0,0
15748,1.0,2,1,1
15749,0.2,2,1,0
15750,0.2,3,0,0
15751,1.0,1,1,1
15752,1.0,1,0,1
15753,0.2,2,0,0
15754,0.2,3,0,0
15755,0.2,1,1,1
15756,1.0,2,1,1
15757,0.2,2,0,0
15758,0.2,1,0,0
15759,1.0,3,1,1
15760,0.2,1,0,1
15761,0.2,2,0,0
15762,0.2,2,0,0
15763,0.2,2,0,0
15764,0.2,1,0,0
15765,0.2,2,0,0
15766,1.0,1,0,1
15767,2.2,2,1,1
15768,1.0,1,0,1
15769,0.2,2,1,1
15770,0.2,1,1,1
15771,0.2,1,0,0
15772,2.2,1,1,1
15773,0.2,1,0,1
15774,1.0,0,0,0
15775,0.2,1,1,1
15776,0.2,1,0,0
15777,0.2,0,0,0
15778,0.2,3,1,0
15779,0.2,0,1,1
15780,0.2,3,1,1
15781,0.2,2,0,1
15782,0.2,3,0,0
15783,1.0,0,0,0
15784,0.2,1,0,0
15785,0.2,1,1,1
15786,1.0,2,1,1
15787,0.2,2,0,0
15788,1.0,1,1,1
15789,1.0,2,1,1
15790,0.2,1,0,0
15791,1.0,2,1,1
15792,0.2,2,0,1
15793,0.2,1,1,1
15794,0.2,1,1,1
15795,1.0,2,1,1
15796,0.2,1,0,0
15797,0.2,2,0,0
15798,0.2,0,1,1
15799,0.2,2,1,0
15800,0.2,2,0,0
15801,0.2,2,0,0
15802,0.2,0,0,0
15803,0.2,2,0,0
15804,0.2,1,0,1
15805,1.0,2,0,0
15806,0.2,1,0,0
15807,0.2,1,0,0
15808,0.2,2,1,1
15809,0.2,2,1,1
15810,0.2,0,1,1
15811,1.0,3,0,0
15812,1.0,2,1,1
15813,1.0,0,1,1
15814,0.2,2,1,1
15815,0.2,3,0,0
15816,1.0,2,0,1
15817,0.2,1,1,1
15818,0.2,2,0,0
15819,0.2,3,1,1
15820,0.2,1,1,1
15821,0.2,1,0,0
15822,0.2,1,1,1
15823,1.0,3,1,0
15824,0.2,2,0,0
15825,0.2,2,0,0
15826,1.0,1,1,1
15827,0.2,1,0,0
15828,0.2,2,1,1
15829,0.2,1,0,0
15830,0.2,2,0,0
15831,1.0,1,1,1
15832,0.2,1,0,0
15833,0.2,1,1,1
15834,0.2,1,1,1
15835,0.2,2,0,0
15836,0.2,3,0,0
15837,1.0,0,0,1
15838,1.0,1,0,0
15839,1.0,1,1,1
15840,0.2,0,1,1
15841,0.2,3,0,0
15842,0.2,2,1,1
15843,0.2,2,1,1
15844,0.2,3,0,0
15845,0.2,2,0,0
15846,0.2,2,1,1
15847,0.2,2,0,0
15848,1.0,2,1,1
15849,0.2,3,0,1
15850,0.2,1,1,1
15851,0.2,1,1,1
15852,0.2,1,0,0
15853,0.2,1,0,0
15854,0.2,2,1,1
15855,0.2,1,1,0
15856,1.0,0,1,1
15857,0.2,3,1,1
15858,0.2,3,0,0
15859,0.2,1,0,1
15860,0.2,3,0,0
15861,2.2,1,0,1
15862,0.2,2,1,1
15863,0.2,2,0,0
15864,0.2,2,0,0
15865,0.2,2,0,0
15866,0.2,0,1,1
15867,0.2,2,0,1
15868,0.2,1,1,1
15869,0.2,2,0,0
15870,0.2,2,1,0
15871,0.2,2,1,1
15872,1.0,1,0,0
15873,0.2,0,1,1
15874,0.2,3,0,0
15875,1.0,1,1,1
15876,0.2,2,0,0
15877,0.2,0,1,1
15878,0.2,2,1,1
15879,0.2,0,1,1
15880,0.2,1,0,0
15881,0.2,0,0,0
15882,0.2,1,1,1
15883,1.0,2,0,0
15884,0.2,2,1,1
15885,1.0,1,1,1
15886,0.2,1,0,0
15887,0.2,1,1,1
15888,0.2,1,1,1
15889,0.2,2,1,0
15890,0.2,1,1,1
15891,0.2,1,1,1
15892,0.2,0,1,1
15893,0.2,1,1,1
15894,0.2,2,1,1
15895,0.2,0,0,1
15896,0.2,1,1,1
15897,1.0,1,1,1
15898,0.2,2,1,0
15899,1.0,2,1,1
15900,0.2,3,1,1
15901,0.2,1,1,1
15902,0.2,3,0,0
15903,0.2,2,1,1
15904,1.0,3,1,1
15905,0.2,1,0,0
15906,0.2,1,0,0
15907,1.0,3,1,1
15908,0.2,2,1,1
15909,0.2,2,1,1
15910,0.2,2,1,1
15911,0.2,0,0,0
15912,0.2,1,0,0
15913,1.0,0,1,1
15914,0.2,2,1,1
15915,0.2,1,1,0
15916,0.2,1,1,1
15917,0.2,2,0,0
15918,1.0,2,0,0
15919,0.2,1,0,0
15920,0.2,3,0,1
15921,0.2,2,0,0
15922,0.2,2,0,0
15923,0.2,0,1,1
15924,0.2,2,0,1
15925,0.2,2,0,1
15926,0.2,1,1,1
15927,0.2,2,0,0
15928,0.2,3,0,0
15929,0.2,1,0,0
15930,0.2,3,1,1
15931,0.2,3,0,0
15932,0.2,1,0,0
15933,0.2,1,0,0
15934,0.2,3,1,1
15935,2.2,2,0,0
15936,0.2,2,1,1
15937,1.0,2,0,0
15938,0.2,3,0,0
15939,1.0,1,0,0
15940,0.2,1,0,1
15941,0.2,1,0,0
15942,0.2,2,1,1
15943,0.2,2,0,1
15944,0.2,1,0,0
15945,0.2,1,0,0
15946,0.2,1,0,1
15947,0.2,1,0,0
15948,1.0,3,0,0
15949,0.2,0,0,1
15950,0.2,3,1,0
15951,0.2,2,0,0
15952,0.2,3,0,0
15953,1.0,2,1,1
15954,0.2,2,1,0
15955,0.2,0,1,1
15956,0.2,2,1,1
15957,0.2,1,1,1
15958,1.0,1,1,1
15959,0.2,1,1,1
15960,0.2,0,1,1
15961,0.2,3,1,0
15962,0.2,2,1,1
15963,0.2,2,0,1
15964,0.2,0,0,0
15965,0.2,1,0,0
15966,0.2,2,0,0
15967,0.2,1,1,1
15968,1.0,0,1,1
15969,0.2,0,1,1
15970,0.2,3,0,0
15971,0.2,0,0,0
15972,0.2,1,1,1
15973,0.2,2,0,1
15974,0.2,2,0,0
15975,0.2,2,0,1
15976,0.2,0,1,0
15977,1.0,1,1,1
15978,0.2,1,0,0
15979,1.0,1,1,1
15980,1.0,2,1,0
15981,0.2,1,1,0
15982,1.0,3,0,0
15983,1.0,2,0,0
15984,2.2,1,1,1
15985,0.2,2,0,0
15986,0.2,0,0,0
15987,0.2,2,0,0
15988,1.0,1,1,1
15989,0.2,3,0,0
15990,0.2,3,1,1
15991,0.2,2,0,0
15992,0.2,2,0,0
15993,2.2,2,0,1
15994,0.2,1,0,0
15995,0.2,2,1,1
15996,0.2,3,1,1
15997,0.2,0,0,0
15998,0.2,2,1,1
15999,1.0,1,1,1
16000,0.2,2,1,1
16001,0.2,1,0,0
16002,1.0,2,1,1
16003,1.0,2,1,1
16004,0.2,2,0,0
16005,1.0,2,1,1
16006,0.2,1,0,1
16007,0.2,2,0,0
16008,0.2,2,0,0
16009,1.0,2,0,1
16010,0.2,1,0,0
16011,1.0,0,1,1
16012,1.0,0,0,1
16013,1.0,3,1,0
16014,0.2,3,1,1
16015,0.2,0,1,1
16016,0.2,2,1,1
16017,0.2,0,0,0
16018,0.2,1,0,0
16019,0.2,0,0,0
16020,0.2,1,1,1
16021,0.2,1,1,1
16022,2.2,2,1,1
16023,1.0,1,1,1
16024,0.2,2,1,1
16025,0.2,2,0,0
16026,0.2,2,0,0
16027,2.2,2,1,1
16028,0.2,2,1,1
16029,0.2,1,0,0
16030,0.2,1,0,0
16031,0.2,1,1,1
16032,0.2,2,0,0
16033,1.0,1,0,0
16034,0.2,1,1,1
16035,0.2,1,0,0
16036,1.0,2,0,0
16037,0.2,1,1,1
16038,0.2,2,1,1
16039,0.2,0,0,0
16040,0.2,2,0,0
16041,1.0,2,1,1
16042,0.2,1,0,0
16043,0.2,1,0,0
16044,0.2,2,1,1
16045,0.2,2,0,0
16046,0.2,0,1,1
16047,0.2,1,1,1
16048,0.2,2,0,0
16049,1.0,3,0,0
16050,1.0,1,1,1
16051,0.2,1,0,0
16052,0.2,1,0,0
16053,0.2,0,1,1
16054,0.2,2,0,0
16055,0.2,2,0,0
16056,1.0,2,1,0
16057,0.2,1,1,1
16058,1.0,2,0,0
16059,0.2,2,1,1
16060,0.2,2,0,1
16061,1.0,3,1,1
16062,0.2,0,1,1
16063,0.2,2,0,1
16064,0.2,1,0,0
16065,0.2,1,0,0
16066,0.2,2,1,1
16067,1.0,1,0,0
16068,1.0,1,1,1
16069,0.2,3,0,0
16070,0.2,3,0,0
16071,0.2,1,0,0
16072,0.2,3,1,1
16073,1.0,3,0,0
16074,0.2,2,0,1
16075,0.2,1,1,0
16076,1.0,1,0,0
16077,1.0,1,0,0
16078,0.2,2,0,0
16079,0.2,1,0,0
16080,0.2,1,1,0
16081,0.2,1,1,1
16082,1.0,2,1,1
16083,0.2,2,0,0
16084,0.2,3,0,0
16085,0.2,1,1,1
16086,0.2,1,0,0
16087,0.2,3,0,0
16088,0.2,3,0,0
16089,0.2,2,0,0
16090,1.0,2,1,1
16091,1.0,1,1,1
16092,0.2,1,1,0
16093,0.2,2,0,0
16094,0.2,2,1,1
16095,0.2,1,0,0
16096,0.2,1,1,1
16097,0.2,3,1,1
16098,1.0,3,1,1
16099,0.2,2,1,1
16100,0.2,1,0,0
16101,1.0,2,1,1
16102,0.2,3,0,0
16103,0.2,2,0,0
16104,0.2,2,0,0
16105,0.2,1,1,1
16106,0.2,1,1,1
16107,0.2,2,0,0
16108,0.2,2,0,0
16109,0.2,3,1,0
16110,0.2,2,0,0
16111,0.2,1,1,1
16112,1.0,2,1,1
16113,0.2,2,0,0
16114,0.2,1,0,0
16115,0.2,0,1,0
16116,0.2,3,1,1
16117,0.2,2,0,0
16118,0.2,1,1,1
16119,0.2,1,1,1
16120,0.2,1,0,0
16121,0.2,1,0,0
16122,0.2,3,0,0
16123,0.2,1,0,0
16124,0.2,2,1,0
16125,0.2,0,0,0
16126,1.0,3,1,1
16127,0.2,2,1,1
16128,0.2,2,0,0
16129,0.2,2,0,0
16130,1.0,1,0,0
16131,0.2,1,1,1
16132,0.2,2,0,0
16133,3.0,2,1,1
16134,1.0,1,1,1
16135,0.2,2,0,0
16136,0.2,0,0,0
16137,0.2,3,1,0
16138,1.0,2,0,0
16139,0.2,2,1,0
16140,0.2,2,0,0
16141,1.0,1,1,1
16142,0.2,2,1,1
16143,1.0,3,0,0
16144,0.2,0,0,0
16145,1.0,2,1,1
16146,0.2,2,0,0
16147,0.2,1,0,0
16148,0.2,1,1,0
16149,0.2,2,0,0
16150,0.2,2,0,0
16151,0.2,2,0,0
16152,1.0,2,1,1
16153,0.2,3,1,1
16154,1.0,1,1,1
16155,0.2,1,0,0
16156,0.2,2,1,1
16157,0.2,1,1,1
16158,0.2,1,0,0
16159,0.2,1,0,0
16160,0.2,1,0,0
16161,0.2,3,1,1
16162,0.2,0,1,1
16163,0.2,2,1,1
16164,0.2,0,0,0
16165,0.2,2,0,0
16166,0.2,1,1,1
16167,0.2,1,1,1
16168,0.2,0,0,0
16169,1.0,3,0,0
16170,0.2,1,0,0
16171,0.2,0,0,0
16172,0.2,0,0,0
16173,0.2,1,0,0
16174,0.2,2,1,1
16175,0.2,2,1,1
16176,0.2,2,0,0
16177,0.2,1,0,0
16178,1.0,1,1,1
16179,0.2,1,0,0
16180,0.2,2,1,1
16181,0.2,1,0,0
16182,0.2,1,0,0
16183,1.0,2,0,0
16184,0.2,1,0,0
16185,0.2,3,0,0
16186,1.0,1,1,1
16187,1.0,2,1,1
16188,1.0,2,0,0
16189,0.2,1,1,1
16190,0.2,1,0,0
16191,0.2,1,0,0
16192,0.2,2,0,0
16193,0.2,2,0,0
16194,0.2,0,0,0
16195,0.2,1,1,0
16196,1.0,1,0,0
16197,0.2,1,1,1
16198,0.2,1,1,0
16199,0.2,2,1,1
16200,0.2,0,1,1
16201,0.2,1,1,1
16202,0.2,2,1,1
16203,0.2,0,0,1
16204,0.2,0,1,1
16205,0.2,0,1,1
16206,0.2,2,1,1
16207,0.2,1,1,1
16208,0.2,3,0,1
16209,0.2,2,0,0
16210,0.2,1,0,0
16211,1.0,2,1,1
16212,0.2,0,0,0
16213,0.2,1,0,0
16214,0.2,1,1,0
16215,1.0,1,1,1
16216,0.2,1,0,0
16217,0.2,3,1,1
16218,0.2,3,0,0
16219,0.2,1,0,0
16220,0.2,2,1,1
16221,0.2,0,0,1
16222,0.2,0,1,1
16223,0.2,3,0,0
16224,0.2,3,1,1
16225,0.2,1,1,1
16226,0.2,2,1,1
16227,1.0,2,0,0
16228,0.2,0,1,1
16229,0.2,1,1,1
16230,0.2,1,1,1
16231,2.2,0,1,1
16232,1.0,2,0,1
16233,0.2,2,1,1
16234,0.2,2,1,1
16235,2.2,1,0,1
16236,1.0,1,1,1
16237,0.2,0,0,0
16238,1.0,0,0,0
16239,1.0,2,1,1
16240,0.2,2,1,1
16241,0.2,0,0,0
16242,0.2,3,1,1
16243,0.2,0,0,0
16244,0.2,1,0,0
16245,0.2,1,0,0
16246,1.0,2,0,0
16247,2.2,2,1,1
16248,0.2,1,1,1
16249,0.2,0,1,1
16250,0.2,2,1,0
16251,0.2,2,0,0
16252,1.0,1,0,0
16253,1.0,2,1,1
16254,0.2,2,0,0
16255,0.2,1,0,0
16256,0.2,0,1,1
16257,0.2,3,0,0
16258,1.0,2,1,1
16259,1.0,0,1,1
16260,0.2,1,1,1
16261,0.2,3,0,0
16262,2.2,1,1,1
16263,1.0,1,0,0
16264,0.2,2,0,0
16265,0.2,2,1,0
16266,0.2,1,1,0
16267,1.0,0,0,1
16268,0.2,1,1,1
16269,0.2,2,0,1
16270,0.2,3,1,1
16271,1.0,2,1,1
16272,1.0,1,1,1
16273,0.2,2,1,1
16274,0.2,1,0,0
16275,1.0,1,1,1
16276,1.0,1,1,1
16277,2.2,1,1,1
16278,0.2,3,0,0
16279,0.2,3,0,0
16280,1.0,2,0,0
16281,0.2,1,0,0
16282,1.0,1,1,1
16283,0.2,1,1,1
16284,0.2,1,0,0
16285,1.0,1,1,1
16286,0.2,2,0,0
16287,0.2,2,0,0
16288,1.0,2,1,1
16289,1.0,3,1,1
16290,0.2,3,0,0
16291,0.2,2,1,1
16292,0.2,1,0,0
16293,0.2,1,0,0
16294,0.2,1,1,1
16295,0.2,3,1,1
16296,0.2,2,1,1
16297,0.2,1,0,0
16298,1.0,0,0,0
16299,0.2,1,0,0
16300,0.2,2,0,0
16301,0.2,1,1,1
16302,0.2,1,0,0
16303,1.0,2,0,1
16304,0.2,1,0,0
16305,0.2,2,0,0
16306,0.2,2,1,1
16307,0.2,2,0,0
16308,0.2,1,0,0
16309,0.2,2,0,0
16310,0.2,2,1,1
16311,0.2,2,0,0
16312,0.2,0,0,0
16313,0.2,0,0,0
16314,0.2,3,1,0
16315,0.2,2,0,0
16316,1.0,1,1,1
16317,0.2,0,0,0
16318,0.2,3,0,0
16319,0.2,1,0,0
16320,0.2,3,0,1
16321,0.2,2,0,0
16322,0.2,0,1,1
16323,0.2,0,1,1
16324,1.0,1,1,1
16325,0.2,1,1,1
16326,0.2,1,0,0
16327,0.2,2,0,0
16328,1.0,2,1,1
16329,0.2,3,0,0
16330,1.0,0,1,0
16331,0.2,2,1,1
16332,0.2,0,1,0
16333,0.2,2,1,1
16334,0.2,1,0,0
16335,0.2,2,0,1
16336,1.0,2,0,1
16337,1.0,1,1,1
16338,0.2,1,1,1
16339,0.2,3,0,0
16340,0.2,2,1,1
16341,0.2,2,0,0
16342,0.2,1,0,0
16343,0.2,1,1,1
16344,0.2,2,0,0
16345,0.2,2,1,1
16346,0.2,2,0,0
16347,1.0,2,1,1
16348,1.0,2,0,0
16349,0.2,1,1,1
16350,0.2,2,0,0
16351,0.2,1,0,0
16352,1.0,2,0,0
16353,0.2,2,0,0
16354,1.0,1,0,1
16355,1.0,0,0,0
16356,1.0,0,0,0
16357,0.2,2,0,1
16358,0.2,2,0,0
16359,0.2,3,0,0
16360,0.2,2,1,0
16361,0.2,1,0,0
16362,0.2,1,0,0
16363,0.2,2,1,1
16364,0.2,2,1,1
16365,0.2,2,0,0
16366,1.0,3,0,0
16367,1.0,2,1,1
16368,0.2,3,0,0
16369,1.0,1,0,1
16370,0.2,0,0,0
16371,0.2,1,1,0
16372,0.2,2,0,0
16373,0.2,2,0,0
16374,0.2,2,0,0
16375,0.2,1,1,1
16376,1.0,2,1,1
16377,0.2,1,0,1
16378,0.2,1,0,0
16379,0.2,0,0,0
16380,0.2,2,0,0
16381,0.2,1,0,0
16382,1.0,1,0,0
16383,0.2,3,1,1
16384,1.0,2,1,1
16385,0.2,1,0,0
16386,1.0,2,0,0
16387,1.0,1,1,1
16388,1.0,3,1,1
16389,0.2,2,0,0
16390,0.2,1,0,0
16391,2.2,2,1,1
16392,0.2,1,1,1
16393,1.0,1,1,1
16394,1.0,1,1,1
16395,0.2,2,0,0
16396,1.0,1,1,1
16397,0.2,1,0,0
16398,1.0,0,1,1
16399,0.2,1,0,0
16400,0.2,0,1,1
16401,0.2,1,1,1
16402,0.2,1,0,0
16403,0.2,2,0,0
16404,1.0,1,0,0
16405,0.2,1,1,1
16406,0.2,1,1,1
16407,0.2,1,0,0
16408,1.0,1,1,1
16409,0.2,3,1,1
16410,0.2,2,1,1
16411,0.2,2,1,1
16412,0.2,1,1,1
16413,0.2,3,0,0
16414,0.2,2,1,1
16415,0.2,2,1,1
16416,0.2,2,1,0
16417,0.2,0,0,0
16418,0.2,1,0,0
16419,0.2,2,0,0
16420,0.2,2,0,0
16421,0.2,1,0,0
16422,0.2,2,1,1
16423,0.2,2,0,0
16424,1.0,1,0,0
16425,0.2,1,1,1
16426,1.0,2,0,0
16427,0.2,2,0,0
16428,1.0,2,0,0
16429,1.0,2,1,1
16430,0.2,3,1,1
16431,0.2,1,1,1
16432,0.2,2,1,0
16433,1.0,2,1,1
16434,0.2,2,1,1
16435,0.2,2,0,0
16436,0.2,3,0,0
16437,3.0,1,1,1
16438,0.2,1,0,0
16439,0.2,0,0,0
16440,0.2,2,1,0
16441,1.0,3,1,1
16442,0.2,1,1,1
16443,0.2,1,1,1
16444,0.2,1,0,0
16445,0.2,2,1,1
16446,1.0,3,1,1
16447,0.2,1,0,0
16448,1.0,1,1,1
16449,0.2,1,0,0
16450,1.0,0,0,0
16451,0.2,0,1,1
16452,1.0,1,1,1
16453,0.2,0,0,0
16454,0.2,2,0,0
16455,0.2,2,0,0
16456,1.0,2,1,1
16457,1.0,2,0,0
16458,1.0,1,1,1
16459,0.2,1,1,1
16460,1.0,1,1,1
16461,0.2,3,0,0
16462,1.0,0,1,1
16463,0.2,1,0,0
16464,0.2,2,0,0
16465,0.2,2,1,1
16466,0.2,3,0,0
16467,0.2,1,0,0
16468,0.2,0,1,1
16469,0.2,2,0,0
16470,0.2,1,0,0
16471,1.0,2,1,1
16472,0.2,2,1,0
16473,0.2,1,1,1
16474,0.2,1,1,1
16475,0.2,1,1,1
16476,1.0,2,1,1
16477,0.2,1,1,1
16478,0.2,3,0,0
16479,1.0,1,1,1
16480,0.2,1,0,0
16481,0.2,2,0,1
16482,1.0,2,0,1
16483,0.2,1,0,0
16484,1.0,3,0,0
16485,0.2,2,1,1
16486,0.2,2,1,1
16487,0.2,2,0,0
16488,0.2,0,0,0
16489,0.2,2,0,0
16490,0.2,2,0,1
16491,0.2,2,1,1
16492,0.2,1,0,0
16493,0.2,2,0,0
16494,0.2,2,0,0
16495,0.2,1,1,1
16496,0.2,1,0,0
16497,0.2,1,0,0
16498,0.2,3,1,1
16499,0.2,2,0,1
16500,0.2,0,1,1
16501,0.2,1,1,1
16502,1.0,0,0,0
16503,0.2,0,0,0
16504,1.0,1,0,0
16505,0.2,1,1,1
16506,0.2,1,1,1
16507,0.2,2,0,0
16508,0.2,3,1,1
16509,0.2,2,1,1
16510,0.2,1,1,1
16511,1.0,2,0,0
16512,0.2,2,0,0
16513,0.2,0,1,1
16514,0.2,2,0,0
16515,0.2,0,1,1
16516,1.0,0,0,0
16517,0.2,1,1,1
16518,0.2,2,1,0
16519,0.2,0,1,1
16520,0.2,1,0,1
16521,0.2,0,0,0
16522,0.2,1,1,1
16523,1.0,2,1,1
16524,0.2,3,1,1
16525,0.2,2,0,0
16526,0.2,1,1,0
16527,0.2,0,1,1
16528,1.0,1,0,0
16529,0.2,1,1,1
16530,0.2,2,0,0
16531,2.2,2,1,1
16532,0.2,1,1,1
16533,0.2,2,1,1
16534,0.2,2,0,0
16535,0.2,2,0,1
16536,0.2,1,1,0
16537,0.2,1,1,0
16538,0.2,2,1,0
16539,0.2,3,0,0
16540,0.2,2,0,0
16541,0.2,1,1,1
16542,1.0,0,1,1
16543,1.0,1,0,0
16544,0.2,3,1,1
16545,0.2,2,1,1
16546,0.2,3,0,1
16547,0.2,2,1,0
16548,1.0,1,0,0
16549,1.0,3,1,1
16550,0.2,2,0,0
16551,0.2,2,0,0
16552,0.2,1,0,0
16553,0.2,1,0,0
16554,0.2,3,0,0
16555,0.2,2,1,1
16556,0.2,3,0,0
16557,0.2,1,1,1
16558,0.2,1,1,1
16559,1.0,2,0,0
16560,1.0,2,1,1
16561,0.2,2,0,0
16562,1.0,2,0,1
16563,0.2,2,1,0
16564,2.2,0,1,1
16565,0.2,1,0,1
16566,0.2,2,0,0
16567,0.2,2,0,0
16568,0.2,2,1,1
16569,0.2,1,0,0
16570,0.2,1,1,1
16571,0.2,1,0,1
16572,0.2,2,1,1
16573,0.2,2,0,1
16574,0.2,2,0,1
16575,0.2,2,1,0
16576,0.2,2,1,1
16577,0.2,2,0,0
16578,0.2,3,1,1
16579,1.0,1,0,0
16580,0.2,1,1,1
16581,0.2,1,0,1
16582,1.0,2,1,1
16583,0.2,1,0,0
16584,0.2,1,0,0
16585,0.2,1,1,1
16586,0.2,1,1,1
16587,0.2,1,1,1
16588,0.2,2,0,0
16589,0.2,0,1,1
16590,0.2,3,1,0
16591,0.2,1,0,0
16592,0.2,2,0,0
16593,0.2,0,1,0
16594,1.0,1,0,1
16595,0.2,1,0,0
16596,0.2,3,1,0
16597,2.2,3,1,1
16598,0.2,2,1,1
16599,0.2,1,0,0
16600,0.2,2,1,1
16601,1.0,1,0,1
16602,0.2,1,0,0
16603,0.2,2,1,1
16604,2.2,1,1,1
16605,0.2,2,0,0
16606,0.2,2,1,1
16607,0.2,2,0,1
16608,0.2,3,1,0
16609,0.2,3,0,0
16610,0.2,0,0,0
16611,0.2,2,0,0
16612,0.2,2,0,0
16613,0.2,3,0,1
16614,0.2,2,0,0
16615,2.2,2,1,1
16616,0.2,1,0,0
16617,0.2,0,0,0
16618,1.0,2,1,1
16619,1.0,1,1,1
16620,0.2,1,0,0
16621,2.2,1,1,1
16622,0.2,1,1,0
16623,0.2,1,1,1
16624,0.2,2,1,1
16625,1.0,2,1,1
16626,1.0,2,0,0
16627,0.2,2,0,0
16628,0.2,2,0,0
16629,0.2,0,1,1
16630,0.2,2,1,1
16631,0.2,1,0,0
16632,0.2,0,0,0
16633,0.2,1,0,0
16634,1.0,2,0,1
16635,0.2,2,0,1
16636,0.2,2,1,1
16637,0.2,1,0,0
16638,0.2,1,0,0
16639,0.2,1,0,1
16640,0.2,1,0,0
16641,1.0,2,1,0
16642,0.2,1,0,0
16643,1.0,0,1,1
16644,0.2,3,0,0
16645,0.2,1,0,0
16646,0.2,1,0,0
16647,0.2,1,1,1
16648,0.2,1,0,0
16649,1.0,2,1,1
16650,0.2,0,0,0
16651,0.2,1,0,0
16652,0.2,2,0,0
16653,0.2,1,1,1
16654,0.2,3,0,0
16655,0.2,2,1,1
16656,0.2,1,1,1
16657,0.2,0,0,0
16658,0.2,1,1,1
16659,1.0,1,0,0
16660,0.2,2,1,0
16661,0.2,2,0,0
16662,0.2,2,0,0
16663,0.2,2,0,0
16664,0.2,2,1,1
16665,1.0,2,1,1
16666,0.2,1,0,1
16667,1.0,3,0,0
16668,0.2,1,1,1
16669,0.2,2,1,1
16670,1.0,0,0,0
16671,0.2,2,0,0
16672,1.0,1,1,1
16673,0.2,3,0,0
16674,0.2,1,1,1
16675,0.2,1,1,1
16676,1.0,1,0,1
16677,0.2,1,0,0
16678,0.2,3,0,0
16679,0.2,1,1,1
16680,0.2,2,0,0
16681,0.2,0,1,1
16682,0.2,0,0,0
16683,0.2,1,0,1
16684,1.0,2,0,1
16685,0.2,0,0,0
16686,0.2,2,0,0
16687,0.2,1,0,0
16688,0.2,0,0,0
16689,0.2,1,0,0
16690,0.2,1,0,0
16691,0.2,3,0,0
16692,0.2,1,1,1
16693,1.0,1,1,1
16694,0.2,2,0,0
16695,0.2,1,1,1
16696,0.2,1,0,0
16697,0.2,1,1,1
16698,0.2,2,0,0
16699,0.2,1,1,0
16700,2.2,3,0,1
16701,0.2,3,0,0
16702,0.2,1,1,1
16703,1.0,1,1,1
16704,0.2,2,0,0
16705,0.2,1,1,1
16706,2.2,2,1,1
16707,0.2,2,0,1
16708,0.2,3,1,1
16709,1.0,2,0,0
16710,0.2,1,1,1
16711,1.0,1,1,1
16712,0.2,1,1,1
16713,1.0,0,0,0
16714,0.2,0,1,1
16715,0.2,2,1,0
16716,0.2,2,1,1
16717,0.2,2,0,0
16718,0.2,2,1,1
16719,0.2,2,0,0
16720,0.2,1,1,1
16721,0.2,1,1,1
16722,0.2,3,0,0
16723,1.0,2,1,0
16724,0.2,2,0,0
16725,0.2,2,1,1
16726,0.2,1,0,0
16727,0.2,1,0,0
16728,0.2,0,1,1
16729,0.2,2,1,1
16730,2.2,1,1,1
16731,1.0,2,0,0
16732,1.0,2,1,0
16733,1.0,1,0,0
16734,0.2,1,0,0
16735,0.2,2,1,1
16736,0.2,2,0,0
16737,0.2,1,1,1
16738,0.2,2,1,1
16739,0.2,3,0,1
16740,0.2,1,1,1
16741,1.0,1,1,1
16742,1.0,2,1,1
16743,2.2,2,0,0
16744,0.2,3,0,0
16745,0.2,3,1,1
16746,0.2,2,1,0
16747,1.0,1,1,1
16748,1.0,0,0,1
16749,0.2,1,1,1
16750,0.2,1,0,0
16751,1.0,1,1,1
16752,0.2,2,1,1
16753,0.2,2,1,1
16754,0.2,2,0,0
16755,1.0,3,1,1
16756,0.2,1,0,0
16757,0.2,0,1,1
16758,0.2,2,0,0
16759,0.2,2,0,0
16760,1.0,2,0,0
16761,0.2,3,0,0
16762,0.2,1,0,0
16763,0.2,2,0,0
16764,0.2,1,0,0
16765,0.2,2,1,1
16766,0.2,2,0,0
16767,1.0,2,0,1
16768,0.2,1,1,1
16769,0.2,3,0,0
16770,1.0,3,1,1
16771,0.2,2,0,0
16772,0.2,2,1,1
16773,1.0,1,1,1
16774,0.2,1,0,0
16775,0.2,2,0,0
16776,0.2,2,1,1
16777,0.2,0,1,1
16778,0.2,1,1,1
16779,0.2,2,1,1
16780,2.2,2,1,1
16781,0.2,2,1,0
16782,0.2,1,1,1
16783,0.2,1,1,1
16784,0.2,1,0,0
16785,0.2,2,0,1
16786,0.2,2,1,1
16787,0.2,1,0,0
16788,0.2,3,1,1
16789,1.0,1,1,1
16790,0.2,0,0,1
16791,0.2,2,0,1
16792,0.2,1,1,1
16793,0.2,1,1,1
16794,0.2,2,0,1
16795,0.2,1,1,1
16796,0.2,1,0,1
16797,0.2,2,0,0
16798,0.2,1,1,1
16799,0.2,2,1,1
16800,0.2,1,1,1
16801,0.2,1,1,0
16802,0.2,1,0,1
16803,2.2,1,1,1
16804,0.2,1,0,1
16805,1.0,1,0,0
16806,0.2,2,1,1
16807,0.2,3,0,0
16808,0.2,1,0,0
16809,2.2,2,1,1
16810,0.2,2,0,0
16811,1.0,2,1,1
16812,0.2,2,0,0
16813,0.2,3,0,0
16814,0.2,1,0,0
16815,0.2,3,0,0
16816,0.2,2,1,1
16817,1.0,1,1,1
16818,1.0,2,1,1
16819,0.2,3,0,0
16820,2.2,0,1,1
16821,2.2,3,0,0
16822,0.2,1,0,0
16823,0.2,2,0,0
16824,0.2,3,1,1
16825,1.0,2,1,1
16826,0.2,1,1,1
16827,1.0,2,0,0
16828,0.2,1,0,0
16829,0.2,2,0,0
16830,3.0,1,1,1
16831,0.2,2,0,0
16832,0.2,1,0,0
16833,1.0,1,1,1
16834,0.2,1,0,0
16835,1.0,1,1,1
16836,0.2,2,1,1
16837,0.2,1,1,1
16838,0.2,1,0,0
16839,1.0,3,0,0
16840,1.0,2,1,1
16841,0.2,2,0,0
16842,1.0,1,1,1
16843,0.2,3,0,0
16844,0.2,0,0,0
16845,0.2,0,1,1
16846,1.0,2,1,1
16847,0.2,2,0,0
16848,0.2,2,1,1
16849,0.2,1,0,0
16850,1.0,1,1,1
16851,0.2,2,1,1
16852,0.2,1,1,1
16853,0.2,1,1,1
16854,0.2,2,0,0
16855,0.2,1,0,0
16856,0.2,3,0,0
16857,0.2,1,0,0
16858,0.2,2,0,0
16859,0.2,2,1,1
16860,0.2,1,1,0
16861,0.2,1,1,1
16862,0.2,1,0,0
16863,0.2,2,1,1
16864,0.2,2,1,1
16865,0.2,2,0,0
16866,0.2,2,1,1
16867,1.0,1,1,1
16868,0.2,0,1,1
16869,0.2,3,0,0
16870,1.0,2,1,1
16871,0.2,2,1,1
16872,0.2,1,0,0
16873,0.2,2,0,0
16874,0.2,2,1,1
16875,0.2,1,1,1
16876,0.2,2,0,0
16877,0.2,2,1,1
16878,1.0,1,1,1
16879,0.2,0,0,0
16880,0.2,2,1,0
16881,0.2,3,1,0
16882,0.2,3,1,1
16883,0.2,1,1,0
16884,0.2,2,0,0
16885,0.2,0,1,1
16886,0.2,1,0,0
16887,1.0,2,1,1
16888,0.2,2,0,0
16889,0.2,2,1,0
16890,0.2,2,0,0
16891,0.2,2,0,0
16892,0.2,2,0,0
16893,1.0,2,0,1
16894,1.0,3,1,1
16895,1.0,1,1,1
16896,0.2,1,1,0
16897,0.2,0,0,1
16898,1.0,1,1,1
16899,1.0,1,1,1
16900,0.2,2,0,0
16901,0.2,1,1,1
16902,0.2,1,0,0
16903,1.0,3,0,0
16904,0.2,2,1,1
16905,0.2,1,0,0
16906,0.2,1,0,1
16907,0.2,1,1,1
16908,0.2,1,0,0
16909,0.2,2,0,0
16910,2.2,1,1,1
16911,2.2,1,1,1
16912,1.0,3,0,0
16913,0.2,2,1,1
16914,0.2,0,1,1
16915,0.2,3,1,1
16916,1.0,2,1,0
16917,0.2,2,0,0
16918,0.2,0,0,0
16919,1.0,2,0,0
16920,1.0,2,1,1
16921,0.2,2,0,0
16922,0.2,1,1,1
16923,2.2,2,1,1
16924,0.2,1,1,1
16925,0.2,2,0,0
16926,1.0,3,0,0
16927,0.2,1,1,1
16928,0.2,2,1,1
16929,1.0,0,1,1
16930,0.2,2,1,0
16931,0.2,3,0,0
16932,0.2,3,0,0
16933,0.2,1,1,1
16934,1.0,1,0,0
16935,0.2,1,0,0
16936,2.2,2,1,1
16937,0.2,1,1,1
16938,0.2,2,1,1
16939,0.2,1,0,0
16940,0.2,2,1,1
16941,1.0,1,1,1
16942,0.2,2,0,0
16943,0.2,1,1,1
16944,0.2,1,1,0
16945,1.0,1,1,1
16946,1.0,2,1,1
16947,0.2,1,1,1
16948,0.2,1,1,1
16949,0.2,0,0,1
16950,0.2,2,1,1
16951,0.2,1,1,0
16952,0.2,1,1,1
16953,0.2,2,0,0
16954,1.0,0,1,1
16955,0.2,3,0,0
16956,0.2,2,0,0
16957,0.2,1,0,0
16958,0.2,0,0,0
16959,0.2,2,0,0
16960,0.2,1,1,1
16961,0.2,1,0,0
16962,0.2,0,0,0
16963,0.2,0,1,1
16964,1.0,0,1,1
16965,0.2,2,1,0
16966,0.2,0,0,1
16967,0.2,2,1,1
16968,0.2,2,0,0
16969,0.2,2,0,0
16970,0.2,3,0,0
16971,0.2,1,1,0
16972,1.0,3,1,1
16973,0.2,1,0,0
16974,0.2,1,1,1
16975,1.0,1,0,0
16976,0.2,2,0,0
16977,0.2,1,1,1
16978,0.2,2,0,0
16979,0.2,1,1,1
16980,0.2,2,0,0
16981,0.2,1,1,0
16982,0.2,1,1,1
16983,0.2,1,0,1
16984,0.2,2,0,0
16985,0.2,2,1,1
16986,0.2,1,1,1
16987,0.2,1,0,0
16988,1.0,2,0,0
16989,0.2,1,1,1
16990,0.2,2,1,1
16991,0.2,1,0,0
16992,0.2,0,1,1
16993,1.0,1,1,1
16994,0.2,2,0,0
16995,1.0,0,0,0
16996,1.0,0,1,1
16997,2.2,1,0,1
16998,0.2,2,0,0
16999,0.2,2,1,1
17000,0.2,1,1,1
17001,0.2,1,0,0
17002,0.2,1,1,1
17003,0.2,1,0,0
17004,1.0,2,1,1
17005,0.2,0,1,1
17006,0.2,2,1,0
17007,0.2,0,1,1
17008,0.2,1,1,1
17009,1.0,2,1,1
17010,0.2,3,1,1
17011,1.0,2,0,0
17012,1.0,1,1,1
17013,0.2,2,1,1
17014,0.2,3,0,0
17015,0.2,3,0,0
17016,0.2,3,1,1
17017,0.2,1,1,1
17018,0.2,2,0,0
17019,0.2,2,1,1
17020,1.0,0,1,1
17021,0.2,1,1,1
17022,0.2,2,1,0
17023,0.2,1,1,1
17024,1.0,2,0,0
17025,0.2,2,1,1
17026,0.2,1,0,0
17027,0.2,1,1,1
17028,0.2,1,0,0
17029,0.2,2,1,1
17030,1.0,2,1,1
17031,0.2,2,1,1
17032,1.0,1,1,1
17033,0.2,1,1,1
17034,0.2,2,0,0
17035,1.0,2,1,1
17036,0.2,3,1,1
17037,1.0,2,1,1
17038,0.2,2,1,0
17039,0.2,3,1,0
17040,0.2,2,0,0
17041,0.2,1,0,1
17042,0.2,1,0,0
17043,1.0,1,0,1
17044,2.2,1,1,1
17045,0.2,2,0,0
17046,0.2,2,1,1
17047,0.2,1,0,0
17048,1.0,3,0,0
17049,0.2,2,1,1
17050,0.2,1,0,0
17051,0.2,2,0,0
17052,0.2,2,1,0
17053,0.2,1,0,0
17054,0.2,1,1,0
17055,0.2,2,0,0
17056,0.2,2,0,0
17057,0.2,1,0,0
17058,0.2,3,0,0
17059,0.2,2,1,1
17060,0.2,2,0,0
17061,0.2,3,0,0
17062,0.2,1,0,1
17063,1.0,0,1,1
17064,0.2,1,0,1
17065,1.0,2,1,1
17066,0.2,1,1,0
17067,0.2,2,0,0
17068,0.2,1,0,1
17069,0.2,0,0,0
17070,1.0,0,1,1
17071,0.2,1,0,0
17072,1.0,2,1,1
17073,0.2,2,0,0
17074,0.2,1,0,0
17075,0.2,1,1,1
17076,0.2,3,0,0
17077,0.2,1,1,1
17078,0.2,2,1,1
17079,0.2,2,0,0
17080,0.2,2,0,0
17081,0.2,1,1,1
17082,0.2,1,0,0
17083,0.2,1,1,1
17084,0.2,2,1,1
17085,0.2,1,0,0
17086,0.2,1,0,1
17087,0.2,2,1,1
17088,1.0,1,1,1
17089,0.2,1,1,1
17090,0.2,3,0,0
17091,1.0,3,1,1
17092,0.2,2,1,1
17093,0.2,2,0,1
17094,0.2,0,1,1
17095,0.2,2,0,1
17096,0.2,1,0,0
17097,1.0,1,1,1
17098,0.2,0,1,1
17099,0.2,0,1,0
17100,0.2,3,1,1
17101,2.2,2,1,1
17102,0.2,0,1,1
17103,0.2,2,0,0
17104,1.0,3,1,0
17105,0.2,3,0,0
17106,1.0,3,1,0
17107,0.2,0,0,0
17108,0.2,1,0,1
17109,0.2,3,0,0
17110,1.0,1,1,1
17111,1.0,1,1,0
17112,0.2,1,1,1
17113,1.0,1,1,1
17114,1.0,1,1,0
17115,0.2,1,0,0
17116,0.2,1,0,0
17117,0.2,1,1,1
17118,2.2,0,0,0
17119,2.2,2,1,1
17120,0.2,2,0,1
17121,0.2,2,1,1
17122,0.2,2,0,0
17123,0.2,1,1,1
17124,0.2,1,1,1
17125,0.2,0,1,1
17126,0.2,3,1,1
17127,0.2,2,0,0
17128,0.2,2,0,0
17129,0.2,2,0,0
17130,1.0,0,1,1
17131,1.0,2,0,0
17132,0.2,1,1,1
17133,1.0,2,1,1
17134,0.2,1,0,0
17135,0.2,2,0,0
17136,1.0,1,1,1
17137,0.2,2,0,0
17138,1.0,0,1,1
17139,0.2,3,0,0
17140,0.2,2,1,1
17141,0.2,2,0,0
17142,0.2,2,0,0
17143,1.0,1,1,1
17144,0.2,3,0,0
17145,0.2,2,0,0
17146,0.2,3,1,1
17147,3.0,1,1,1
17148,0.2,1,0,1
17149,0.2,2,1,1
17150,2.2,3,1,1
17151,0.2,2,0,1
17152,0.2,1,1,1
17153,0.2,1,0,0
17154,0.2,1,1,1
17155,1.0,1,0,0
17156,0.2,1,1,1
17157,0.2,1,0,0
17158,0.2,1,1,1
17159,0.2,2,1,1
17160,0.2,2,0,0
17161,0.2,3,0,0
17162,0.2,1,0,0
17163,0.2,1,0,0
17164,0.2,1,1,1
17165,0.2,0,1,1
17166,1.0,2,1,1
17167,1.0,1,0,0
17168,0.2,1,0,0
17169,0.2,3,1,1
17170,0.2,1,0,0
17171,0.2,3,1,1
17172,0.2,2,0,0
17173,2.2,2,1,1
17174,0.2,2,0,0
17175,1.0,2,0,0
17176,0.2,1,0,0
17177,0.2,1,1,1
17178,0.2,2,1,1
17179,0.2,2,1,1
17180,1.0,3,0,0
17181,1.0,3,1,1
17182,0.2,1,0,0
17183,0.2,1,0,0
17184,0.2,0,0,1
17185,0.2,2,0,0
17186,0.2,1,0,0
17187,0.2,1,1,1
17188,1.0,1,1,1
17189,0.2,0,1,1
17190,0.2,2,1,1
17191,0.2,2,0,0
17192,1.0,3,1,1
17193,0.2,2,0,0
17194,0.2,2,0,0
17195,0.2,2,1,1
17196,0.2,0,1,1
17197,0.2,0,0,0
17198,1.0,1,1,1
17199,0.2,2,0,0
17200,0.2,1,1,1
17201,0.2,2,0,0
17202,0.2,2,1,1
17203,0.2,2,1,1
17204,0.2,1,0,0
17205,1.0,1,1,1
17206,0.2,2,0,0
17207,1.0,1,1,1
17208,0.2,1,1,1
17209,0.2,2,1,1
17210,1.0,3,1,1
17211,0.2,3,1,0
17212,0.2,1,1,1
17213,0.2,1,1,1
17214,0.2,1,1,1
17215,0.2,3,0,0
17216,1.0,1,1,1
17217,0.2,2,1,1
17218,1.0,0,1,1
17219,0.2,2,1,1
17220,2.2,2,1,1
17221,0.2,2,1,1
17222,0.2,1,1,1
17223,0.2,3,0,0
17224,0.2,1,1,0
17225,0.2,2,1,1
17226,0.2,2,0,0
17227,1.0,1,1,1
17228,0.2,1,0,0
17229,0.2,0,0,1
17230,0.2,1,1,1
17231,0.2,1,0,0
17232,0.2,2,0,0
17233,2.2,2,1,1
17234,1.0,1,0,1
17235,0.2,2,1,1
17236,0.2,2,0,0
17237,0.2,1,0,1
17238,0.2,1,0,0
17239,0.2,2,0,0
17240,0.2,2,1,1
17241,0.2,2,0,0
17242,1.0,2,0,0
17243,0.2,1,0,0
17244,0.2,0,0,0
17245,0.2,1,0,0
17246,0.2,2,1,1
17247,0.2,3,0,0
17248,0.2,0,1,1
17249,1.0,2,0,1
17250,1.0,1,1,1
17251,0.2,1,0,0
17252,0.2,1,1,1
17253,0.2,1,0,0
17254,0.2,2,1,1
17255,0.2,2,0,0
17256,0.2,1,1,1
17257,0.2,2,0,0
17258,2.2,2,1,1
17259,1.0,1,0,0
17260,0.2,2,0,0
17261,1.0,3,1,1
17262,0.2,3,0,0
17263,0.2,3,0,0
17264,0.2,1,0,0
17265,0.2,2,1,0
17266,0.2,2,1,0
17267,0.2,2,1,1
17268,2.2,3,1,1
17269,0.2,1,0,1
17270,2.2,3,1,1
17271,0.2,1,1,1
17272,0.2,3,1,1
17273,0.2,2,1,0
17274,0.2,1,0,0
17275,0.2,1,1,1
17276,0.2,1,1,1
17277,0.2,1,0,0
17278,0.2,2,0,0
17279,0.2,1,0,0
17280,1.0,3,0,0
17281,0.2,0,0,0
17282,1.0,1,1,0
17283,1.0,2,1,0
17284,0.2,1,1,1
17285,0.2,2,0,0
17286,1.0,2,1,1
17287,0.2,0,0,1
17288,0.2,1,0,0
17289,0.2,2,0,0
17290,1.0,3,0,0
17291,1.0,2,0,0
17292,0.2,1,1,1
17293,0.2,1,1,1
17294,0.2,2,0,0
17295,0.2,1,0,0
17296,1.0,1,1,1
17297,0.2,1,1,1
17298,0.2,0,0,0
17299,1.0,2,0,0
17300,0.2,1,1,1
17301,0.2,2,1,1
17302,0.2,0,0,0
17303,1.0,1,1,1
17304,1.0,2,1,1
17305,1.0,2,1,0
17306,0.2,1,1,1
17307,1.0,2,0,0
17308,0.2,1,0,0
17309,0.2,2,0,0
17310,1.0,1,1,1
17311,0.2,1,1,1
17312,1.0,2,0,0
17313,0.2,3,0,0
17314,0.2,1,0,0
17315,0.2,3,0,0
17316,0.2,0,1,1
17317,0.2,2,1,1
17318,0.2,1,1,1
17319,0.2,1,1,1
17320,1.0,2,1,1
17321,0.2,2,0,0
17322,0.2,2,1,1
17323,0.2,1,0,0
17324,0.2,2,0,0
17325,0.2,1,0,0
17326,0.2,1,1,1
17327,0.2,2,0,0
17328,0.2,2,1,1
17329,1.0,1,1,1
17330,1.0,1,0,0
17331,1.0,2,0,0
17332,0.2,2,1,0
17333,0.2,0,0,0
17334,1.0,2,1,1
17335,0.2,2,0,0
17336,0.2,2,1,1
17337,1.0,1,1,1
17338,0.2,2,1,1
17339,0.2,2,1,1
17340,0.2,1,1,1
17341,1.0,2,0,0
17342,0.2,1,1,1
17343,0.2,2,0,0
17344,0.2,1,0,0
17345,0.2,1,0,0
17346,0.2,3,0,0
17347,0.2,2,0,0
17348,0.2,3,0,0
17349,1.0,1,1,1
17350,0.2,3,1,0
17351,0.2,1,0,0
17352,0.2,2,0,0
17353,0.2,1,1,1
17354,0.2,2,0,0
17355,1.0,3,0,0
17356,0.2,1,1,1
17357,0.2,1,1,1
17358,0.2,1,0,0
17359,0.2,2,1,1
17360,0.2,3,0,0
17361,0.2,2,0,0
17362,0.2,0,0,0
17363,0.2,2,0,0
17364,0.2,0,0,0
17365,1.0,1,0,0
17366,0.2,1,1,1
17367,0.2,1,0,0
17368,0.2,3,1,1
17369,0.2,2,0,0
17370,0.2,0,0,0
17371,0.2,2,0,0
17372,0.2,1,1,1
17373,0.2,1,1,1
17374,0.2,2,0,0
17375,0.2,2,0,0
17376,0.2,1,0,0
17377,0.2,1,0,0
17378,1.0,1,0,0
17379,0.2,2,0,0
17380,0.2,1,1,1
17381,0.2,0,0,0
17382,0.2,2,1,1
17383,0.2,1,1,1
17384,1.0,0,1,1
17385,0.2,1,0,0
17386,0.2,1,1,1
17387,0.2,2,1,1
17388,0.2,2,1,0
17389,0.2,1,1,0
17390,1.0,1,0,0
17391,0.2,1,0,1
17392,1.0,0,0,0
17393,1.0,2,1,1
17394,0.2,2,1,1
17395,0.2,2,1,0
17396,0.2,1,0,0
17397,1.0,0,1,1
17398,0.2,2,0,0
17399,1.0,1,0,0
17400,1.0,1,0,0
17401,0.2,1,1,1
17402,0.2,2,1,1
17403,1.0,2,0,0
17404,0.2,0,0,0
17405,0.2,1,1,0
17406,0.2,3,0,0
17407,0.2,0,0,0
17408,0.2,1,1,1
17409,0.2,3,0,0
17410,0.2,1,1,1
17411,0.2,0,0,0
17412,1.0,2,0,0
17413,0.2,0,0,0
17414,0.2,2,1,1
17415,0.2,2,0,0
17416,0.2,1,1,1
17417,0.2,2,0,0
17418,1.0,1,0,0
17419,0.2,2,0,0
17420,0.2,3,1,1
17421,0.2,2,1,0
17422,0.2,2,1,1
17423,0.2,1,1,1
17424,0.2,3,1,1
17425,0.2,3,1,1
17426,1.0,1,1,1
17427,0.2,2,1,1
17428,0.2,1,1,1
17429,0.2,2,0,0
17430,0.2,2,1,1
17431,0.2,3,1,1
17432,0.2,2,1,1
17433,0.2,1,0,0
17434,0.2,3,0,0
17435,0.2,0,0,0
17436,0.2,2,0,0
17437,0.2,2,0,0
17438,1.0,1,1,1
17439,0.2,1,1,1
17440,0.2,2,0,0
17441,0.2,2,0,0
17442,1.0,2,1,0
17443,1.0,2,1,1
17444,0.2,1,1,1
17445,0.2,2,0,0
17446,0.2,2,0,0
17447,0.2,1,0,0
17448,0.2,2,1,1
17449,0.2,1,1,0
17450,0.2,3,0,0
17451,0.2,3,1,1
17452,1.0,2,0,0
17453,0.2,1,1,1
17454,0.2,2,1,0
17455,0.2,2,1,1
17456,0.2,2,1,1
17457,0.2,1,1,1
17458,0.2,2,0,0
17459,0.2,2,1,1
17460,1.0,2,0,0
17461,1.0,2,1,1
17462,0.2,3,0,0
17463,0.2,2,1,1
17464,0.2,2,0,0
17465,0.2,1,0,0
17466,0.2,1,0,0
17467,2.2,1,1,1
17468,0.2,3,0,0
17469,0.2,2,0,0
17470,0.2,2,0,0
17471,1.0,2,1,0
17472,0.2,1,1,1
17473,1.0,1,1,1
17474,2.2,0,1,1
17475,0.2,1,1,1
17476,1.0,2,1,1
17477,1.0,3,1,1
17478,0.2,1,0,0
17479,0.2,2,0,0
17480,1.0,2,1,1
17481,0.2,3,1,1
17482,0.2,0,1,1
17483,1.0,2,1,1
17484,0.2,2,0,0
17485,0.2,2,1,1
17486,0.2,3,1,1
17487,0.2,3,1,1
17488,0.2,2,0,0
17489,0.2,3,0,0
17490,0.2,1,0,1
17491,0.2,0,1,1
17492,0.2,2,0,0
17493,1.0,0,1,1
17494,1.0,2,1,0
17495,0.2,3,0,0
17496,0.2,2,0,0
17497,0.2,1,1,1
17498,0.2,2,1,1
17499,1.0,1,0,0
17500,1.0,1,0,0
17501,2.2,0,1,1
17502,0.2,0,0,0
17503,0.2,2,0,1
17504,0.2,2,0,0
17505,0.2,3,0,0
17506,0.2,0,1,1
17507,0.2,1,1,1
17508,0.2,3,0,1
17509,0.2,0,1,1
17510,0.2,2,0,0
17511,0.2,2,1,0
17512,0.2,2,0,0
17513,0.2,2,0,0
17514,0.2,2,0,0
17515,0.2,2,0,0
17516,0.2,0,0,1
17517,0.2,1,1,1
17518,0.2,0,1,1
17519,0.2,2,0,0
17520,0.2,3,0,0
17521,1.0,1,1,1
17522,0.2,1,1,0
17523,0.2,2,0,0
17524,0.2,2,1,1
17525,0.2,2,1,1
17526,0.2,2,1,1
17527,0.2,2,0,0
17528,1.0,2,1,1
17529,0.2,3,1,0
17530,1.0,0,1,0
17531,1.0,1,1,1
17532,0.2,3,1,1
17533,0.2,1,0,1
17534,0.2,2,0,0
17535,0.2,1,0,0
17536,0.2,2,0,0
17537,0.2,2,1,1
17538,0.2,2,0,0
17539,0.2,2,0,0
17540,1.0,1,0,0
17541,0.2,1,0,0
17542,0.2,1,0,0
17543,0.2,2,1,1
17544,0.2,1,0,0
17545,0.2,2,0,1
17546,1.0,2,1,1
17547,0.2,3,1,0
17548,2.2,2,1,1
17549,0.2,1,0,0
17550,1.0,2,0,0
17551,1.0,0,0,0
17552,0.2,2,0,0
17553,0.2,1,0,0
17554,0.2,1,0,0
17555,0.2,1,0,0
17556,1.0,2,1,0
17557,0.2,2,1,1
17558,1.0,3,1,1
17559,1.0,0,0,0
17560,0.2,1,0,0
17561,1.0,3,1,1
17562,1.0,0,1,1
17563,0.2,1,0,0
17564,0.2,3,0,0
17565,1.0,0,1,1
17566,0.2,2,1,1
17567,0.2,2,0,0
17568,0.2,1,0,0
17569,0.2,2,1,1
17570,0.2,2,0,0
17571,0.2,2,1,1
17572,0.2,1,0,0
17573,0.2,2,0,0
17574,1.0,2,1,1
17575,0.2,1,1,1
17576,0.2,2,0,0
17577,0.2,1,0,0
17578,0.2,2,0,0
17579,0.2,1,0,0
17580,0.2,1,0,0
17581,0.2,3,0,0
17582,0.2,2,0,0
17583,0.2,0,0,0
17584,0.2,2,1,1
17585,0.2,1,1,0
17586,0.2,2,0,0
17587,1.0,2,1,1
17588,0.2,3,1,1
17589,0.2,2,0,0
17590,1.0,1,1,1
17591,0.2,2,1,0
17592,0.2,1,1,1
17593,0.2,2,1,1
17594,0.2,3,0,0
17595,0.2,1,1,1
17596,1.0,1,1,1
17597,0.2,3,0,1
17598,1.0,1,1,1
17599,0.2,1,0,0
17600,1.0,2,0,0
17601,0.2,0,1,1
17602,0.2,3,0,0
17603,0.2,2,0,1
17604,1.0,0,1,1
17605,0.2,0,1,1
17606,0.2,3,1,1
17607,1.0,2,1,1
17608,0.2,3,0,0
17609,0.2,3,1,1
17610,1.0,2,1,1
17611,3.0,1,0,1
17612,0.2,1,1,1
17613,0.2,1,1,1
17614,0.2,1,1,1
17615,1.0,1,1,1
17616,0.2,0,0,0
17617,0.2,2,0,0
17618,1.0,0,0,0
17619,0.2,2,0,0
17620,0.2,2,1,0
17621,1.0,0,0,1
17622,0.2,2,1,1
17623,0.2,1,1,0
17624,0.2,2,0,0
17625,0.2,1,1,1
17626,0.2,1,0,0
17627,0.2,1,0,0
17628,0.2,1,1,0
17629,0.2,2,0,0
17630,1.0,2,0,0
17631,0.2,0,1,1
17632,1.0,1,0,0
17633,0.2,3,0,0
17634,0.2,2,1,1
17635,0.2,0,1,1
17636,1.0,2,0,0
17637,0.2,2,1,0
17638,0.2,0,1,1
17639,0.2,1,0,0
17640,0.2,0,1,1
17641,0.2,2,0,0
17642,0.2,1,0,0
17643,0.2,2,1,1
17644,0.2,1,1,1
17645,1.0,1,0,0
17646,0.2,3,1,1
17647,1.0,1,0,0
17648,0.2,1,1,1
17649,0.2,1,1,1
17650,0.2,3,1,1
17651,0.2,2,0,1
17652,0.2,0,0,1
17653,0.2,1,1,1
17654,0.2,1,1,0
17655,0.2,2,0,0
17656,1.0,2,1,1
17657,0.2,3,1,1
17658,1.0,2,0,0
17659,0.2,3,1,1
17660,0.2,0,0,0
17661,0.2,1,1,1
17662,0.2,0,0,0
17663,0.2,3,0,0
17664,0.2,2,1,1
17665,0.2,0,0,0
17666,1.0,2,1,1
17667,1.0,1,1,1
17668,0.2,3,1,1
17669,0.2,1,0,0
17670,0.2,0,0,0
17671,1.0,2,1,1
17672,0.2,1,0,0
17673,0.2,0,1,1
17674,1.0,3,0,0
17675,0.2,2,1,1
17676,0.2,1,0,0
17677,0.2,1,1,0
17678,0.2,2,0,0
17679,0.2,1,0,0
17680,0.2,2,0,0
17681,1.0,1,0,0
17682,0.2,1,0,0
17683,0.2,2,0,0
17684,0.2,2,0,0
17685,0.2,1,1,1
17686,1.0,1,1,1
17687,0.2,2,1,0
17688,0.2,1,0,0
17689,0.2,2,0,0
17690,1.0,1,1,1
17691,0.2,2,0,0
17692,0.2,0,1,1
17693,0.2,2,0,0
17694,0.2,2,1,1
17695,1.0,1,0,0
17696,0.2,2,0,0
17697,0.2,3,1,0
17698,0.2,2,1,1
17699,1.0,1,1,1
17700,0.2,2,1,1
17701,0.2,2,1,1
17702,0.2,2,0,0
17703,1.0,1,1,1
17704,0.2,2,1,1
17705,0.2,1,1,0
17706,0.2,2,1,1
17707,0.2,3,1,1
17708,1.0,1,0,0
17709,0.2,0,0,0
17710,0.2,3,1,0
17711,0.2,1,1,1
17712,0.2,2,1,1
17713,0.2,1,1,1
17714,0.2,2,1,1
17715,0.2,2,1,1
17716,0.2,2,0,0
17717,1.0,1,1,1
17718,0.2,1,0,0
17719,0.2,0,1,1
17720,1.0,1,0,0
17721,0.2,2,0,0
17722,1.0,0,1,1
17723,0.2,3,0,1
17724,0.2,0,1,1
17725,0.2,2,0,0
17726,0.2,1,0,1
17727,0.2,2,0,0
17728,0.2,1,1,1
17729,0.2,1,1,1
17730,0.2,2,0,0
17731,0.2,1,0,0
17732,1.0,0,0,1
17733,0.2,3,0,0
17734,0.2,2,0,0
17735,1.0,3,0,0
17736,0.2,1,0,0
17737,1.0,2,1,1
17738,0.2,2,0,0
17739,0.2,2,1,1
17740,0.2,1,0,0
17741,1.0,2,0,0
17742,0.2,2,1,1
17743,0.2,2,0,0
17744,0.2,0,1,1
17745,0.2,1,1,1
17746,0.2,1,1,1
17747,0.2,2,1,1
17748,0.2,2,1,1
17749,0.2,2,0,0
17750,0.2,2,0,0
17751,0.2,1,0,0
17752,1.0,2,0,0
17753,1.0,3,0,0
17754,0.2,1,0,0
17755,1.0,2,0,1
17756,1.0,1,1,1
17757,0.2,3,0,0
17758,0.2,1,1,1
17759,0.2,2,0,0
17760,1.0,2,1,1
17761,0.2,3,0,0
17762,0.2,2,1,1
17763,0.2,2,1,1
17764,0.2,1,0,0
17765,0.2,1,0,0
17766,0.2,2,0,0
17767,0.2,3,1,1
17768,0.2,1,0,1
17769,1.0,1,0,0
17770,0.2,1,1,1
17771,0.2,1,0,0
17772,0.2,1,0,0
17773,0.2,2,0,0
17774,1.0,3,1,0
17775,0.2,2,1,1
17776,0.2,3,0,0
17777,0.2,1,0,0
17778,1.0,2,1,1
17779,1.0,2,0,0
17780,0.2,2,0,0
17781,0.2,1,0,0
17782,0.2,0,0,0
17783,0.2,1,0,0
17784,0.2,1,1,1
17785,2.2,0,1,1
17786,0.2,1,0,0
17787,0.2,2,0,0
17788,0.2,2,1,1
17789,2.2,2,1,1
17790,0.2,3,1,1
17791,0.2,1,0,0
17792,0.2,2,1,1
17793,0.2,2,0,0
17794,0.2,1,0,1
17795,0.2,1,1,1
17796,0.2,0,0,0
17797,0.2,2,0,0
17798,0.2,0,0,0
17799,1.0,0,0,1
17800,1.0,1,0,1
17801,0.2,3,0,0
17802,0.2,1,0,0
17803,0.2,0,0,0
17804,1.0,2,1,1
17805,0.2,2,1,1
17806,0.2,1,1,1
17807,0.2,2,1,1
17808,0.2,1,1,0
17809,0.2,0,0,0
17810,0.2,0,0,0
17811,0.2,1,1,0
17812,0.2,1,1,0
17813,0.2,2,1,1
17814,1.0,2,0,0
17815,0.2,1,1,0
17816,0.2,3,0,0
17817,0.2,1,0,1
17818,0.2,1,1,0
17819,2.2,2,1,1
17820,1.0,2,0,0
17821,0.2,2,0,0
17822,1.0,2,1,1
17823,0.2,1,0,0
17824,0.2,2,0,0
17825,0.2,2,0,0
17826,0.2,1,0,0
17827,0.2,0,0,0
17828,0.2,2,0,0
17829,0.2,1,0,1
17830,0.2,3,1,0
17831,1.0,0,1,1
17832,0.2,3,0,0
17833,2.2,0,0,1
17834,0.2,2,1,1
17835,0.2,3,0,0
17836,0.2,1,1,1
17837,0.2,1,0,0
17838,0.2,2,0,0
17839,0.2,1,0,0
17840,0.2,0,0,0
17841,0.2,1,1,1
17842,0.2,1,0,0
17843,0.2,0,1,1
17844,0.2,2,0,0
17845,0.2,3,1,1
17846,2.2,0,1,1
17847,0.2,1,1,1
17848,0.2,3,1,1
17849,0.2,1,0,0
17850,0.2,1,0,0
17851,0.2,1,1,1
17852,0.2,0,1,1
17853,0.2,0,1,1
17854,0.2,2,1,1
17855,0.2,3,1,1
17856,0.2,1,0,0
17857,0.2,0,1,1
17858,0.2,0,1,1
17859,0.2,0,1,1
17860,2.2,3,1,1
17861,0.2,1,0,0
17862,0.2,0,1,1
17863,0.2,2,0,0
17864,0.2,1,1,1
17865,0.2,1,1,1
17866,0.2,0,0,0
17867,0.2,0,0,1
17868,0.2,0,0,0
17869,0.2,2,0,0
17870,0.2,1,1,1
17871,2.2,0,1,1
17872,0.2,1,0,0
17873,0.2,3,0,0
17874,1.0,1,0,1
17875,2.2,3,1,1
17876,0.2,1,1,1
17877,0.2,1,0,0
17878,0.2,2,0,0
17879,0.2,2,1,0
17880,0.2,2,1,1
17881,0.2,0,0,1
17882,0.2,2,1,0
17883,1.0,1,1,1
17884,0.2,3,0,1
17885,0.2,2,1,1
17886,0.2,2,0,0
17887,0.2,2,0,0
17888,1.0,2,1,1
17889,0.2,1,0,0
17890,0.2,1,1,1
17891,0.2,2,0,0
17892,0.2,1,1,1
17893,0.2,2,0,1
17894,0.2,0,1,1
17895,0.2,2,1,1
17896,0.2,1,1,1
17897,0.2,0,0,0
17898,0.2,1,1,1
17899,1.0,0,1,1
17900,1.0,1,0,1
17901,0.2,1,0,0
17902,0.2,2,0,0
17903,0.2,2,0,0
17904,0.2,2,1,1
17905,1.0,1,1,0
17906,0.2,2,0,0
17907,0.2,1,1,1
17908,1.0,0,1,1
17909,0.2,2,1,1
17910,1.0,1,0,1
17911,0.2,3,1,0
17912,0.2,2,1,1
17913,0.2,2,0,0
17914,0.2,3,0,0
17915,1.0,1,0,1
17916,1.0,1,0,1
17917,0.2,3,0,0
17918,0.2,2,1,1
17919,0.2,2,1,1
17920,1.0,2,1,1
17921,0.2,3,0,0
17922,1.0,2,0,0
17923,0.2,1,0,0
17924,0.2,1,1,1
17925,0.2,1,1,0
17926,0.2,1,0,0
17927,0.2,3,0,0
17928,0.2,0,0,0
17929,0.2,1,0,0
17930,1.0,2,0,1
17931,0.2,2,0,0
17932,0.2,2,0,0
17933,1.0,2,1,1
17934,1.0,1,1,1
17935,0.2,1,1,1
17936,0.2,1,1,1
17937,0.2,1,0,0
17938,1.0,1,0,0
17939,0.2,0,1,1
17940,1.0,3,1,0
17941,1.0,0,1,1
17942,0.2,2,0,0
17943,0.2,2,1,1
17944,1.0,2,1,0
17945,1.0,3,0,0
17946,0.2,2,0,0
17947,0.2,2,0,1
17948,0.2,1,0,0
17949,0.2,2,1,1
17950,0.2,1,1,1
17951,0.2,2,1,1
17952,1.0,0,1,1
17953,0.2,2,0,0
17954,1.0,2,1,1
17955,0.2,3,1,1
17956,3.0,1,1,1
17957,0.2,3,1,0
17958,0.2,2,1,1
17959,0.2,2,0,0
17960,0.2,1,0,0
17961,0.2,2,1,1
17962,0.2,3,0,0
17963,0.2,3,1,0
17964,0.2,0,1,1
17965,0.2,1,1,1
17966,0.2,2,1,0
17967,0.2,2,1,1
17968,0.2,3,1,1
17969,0.2,2,1,1
17970,0.2,3,1,1
17971,0.2,1,1,1
17972,0.2,1,0,0
17973,0.2,1,1,1
17974,1.0,0,0,0
17975,0.2,2,1,1
17976,0.2,3,1,1
17977,0.2,0,0,0
17978,1.0,0,1,1
17979,1.0,3,0,0
17980,0.2,2,1,1
17981,0.2,1,1,1
17982,0.2,2,1,1
17983,0.2,1,0,0
17984,0.2,2,0,0
17985,0.2,1,0,0
17986,0.2,0,1,1
17987,0.2,2,0,0
17988,0.2,1,1,1
17989,0.2,3,0,0
17990,0.2,1,1,1
17991,1.0,1,1,1
17992,0.2,1,1,1
17993,0.2,3,1,1
17994,1.0,1,0,0
17995,0.2,0,1,1
17996,0.2,1,0,0
17997,0.2,3,0,0
17998,0.2,2,1,1
17999,0.2,0,1,1
