,R,Q,A,Y
0,1.0,3,0,1
1,1.0,1,1,1
2,0.2,3,0,1
3,1.0,3,1,0
4,0.2,3,0,0
5,0.2,2,1,0
6,0.2,1,1,1
7,0.2,3,0,0
8,0.2,0,1,1
9,0.2,3,0,0
10,0.2,3,0,0
11,0.2,3,0,0
12,0.2,2,1,1
13,0.2,3,0,0
14,0.2,3,0,0
15,0.2,3,0,0
16,0.2,1,1,1
17,0.2,3,0,0
18,0.2,3,0,0
19,0.2,1,1,1
20,0.2,3,0,0
21,1.0,3,0,1
22,0.2,3,0,0
23,1.0,3,0,0
24,0.2,3,0,0
25,0.2,2,1,1
26,0.2,3,0,0
27,0.2,2,1,1
28,0.2,3,0,0
29,1.0,3,0,1
30,0.2,1,1,1
31,0.2,3,0,0
32,1.0,3,0,1
33,0.2,0,1,1
34,0.2,3,0,0
35,0.2,3,0,0
36,0.2,2,1,1
37,0.2,3,0,0
38,1.0,3,1,0
39,1.0,3,0,0
40,0.2,3,0,0
41,2.2,3,0,1
42,1.0,3,0,1
43,1.0,3,1,0
44,0.2,0,1,1
45,0.2,1,1,1
46,1.0,1,1,1
47,1.0,3,0,0
48,0.2,3,0,0
49,0.2,3,0,0
50,0.2,1,1,1
51,0.2,3,0,0
52,1.0,1,1,1
53,0.2,3,0,0
54,1.0,1,1,1
55,0.2,3,0,0
56,1.0,3,0,0
57,0.2,1,1,1
58,1.0,3,0,1
59,0.2,2,1,0
60,3.8,1,1,0
61,0.2,3,0,0
62,0.2,3,0,1
63,0.2,3,0,0
64,1.0,2,1,1
65,0.2,3,0,0
66,0.2,1,1,1
67,0.2,1,1,1
68,0.2,1,1,1
69,0.2,3,0,0
70,0.2,2,1,0
71,0.2,3,0,0
72,0.2,1,1,1
73,0.2,3,0,0
74,0.2,1,1,1
75,1.0,3,0,1
76,0.2,3,0,0
77,0.2,3,0,0
78,1.0,2,1,1
79,0.2,3,0,0
80,0.2,3,0,0
81,0.2,3,0,0
82,1.0,2,1,1
83,0.2,2,1,0
84,0.2,3,1,0
85,0.2,1,1,1
86,0.2,1,1,1
87,0.2,1,1,1
88,0.2,3,0,0
89,0.2,1,1,1
90,0.2,0,1,1
91,1.0,3,0,1
92,1.0,3,1,1
93,0.2,2,1,1
94,0.2,3,0,0
95,1.0,3,0,0
96,0.2,3,0,0
97,0.2,3,0,0
98,0.2,1,1,1
99,1.0,3,0,0
100,0.2,3,0,0
101,0.2,3,0,0
102,0.2,0,1,1
103,0.2,3,0,0
104,0.2,3,0,0
105,0.2,3,0,1
106,0.2,3,0,0
107,1.0,3,0,1
108,1.0,3,0,1
109,1.0,3,0,1
110,0.2,3,0,0
111,1.0,3,0,0
112,0.2,3,0,0
113,0.2,3,0,0
114,1.0,3,0,0
115,0.2,3,0,0
116,0.2,2,1,1
117,0.2,3,0,0
118,0.2,3,0,0
119,1.0,1,1,1
120,0.2,3,0,0
121,0.2,3,0,0
122,1.0,1,1,1
123,0.2,3,0,0
124,0.2,0,1,1
125,0.2,3,0,0
126,0.2,3,0,0
127,0.2,1,1,1
128,0.2,3,0,0
129,0.2,3,0,0
130,0.2,1,1,1
131,1.0,3,0,0
132,1.0,1,1,1
133,0.2,3,0,0
134,0.2,3,0,0
135,0.2,0,1,1
136,0.2,1,1,1
137,0.2,3,0,0
138,0.2,2,1,0
139,0.2,3,0,0
140,1.0,3,0,0
141,0.2,2,1,1
142,0.2,1,1,1
143,1.0,1,1,1
144,0.2,1,1,1
145,0.2,3,0,0
146,0.2,3,0,0
147,0.2,2,1,1
148,0.2,3,0,0
149,0.2,3,0,1
150,1.0,2,1,1
151,1.0,1,1,1
152,0.2,3,0,0
153,0.2,2,1,1
154,0.2,2,1,0
155,0.2,3,1,0
156,0.2,3,0,0
157,1.0,3,0,0
158,1.0,3,0,0
159,0.2,1,1,1
160,0.2,2,1,0
161,0.2,0,1,1
162,0.2,2,1,0
163,0.2,3,1,0
164,0.2,1,1,1
165,0.2,3,0,0
166,0.2,2,1,0
167,0.2,3,0,0
168,0.2,1,1,1
169,0.2,1,1,1
170,0.2,3,0,0
171,0.2,3,1,0
172,0.2,3,0,0
173,1.0,2,1,1
174,0.2,1,1,1
175,0.2,1,1,1
176,0.2,1,1,1
177,0.2,3,0,0
178,0.2,2,1,1
179,0.2,3,0,0
180,0.2,3,0,0
181,0.2,1,1,1
182,1.0,3,0,0
183,0.2,3,0,0
184,0.2,1,1,1
185,1.0,3,0,1
186,0.2,0,1,1
187,0.2,3,0,0
188,0.2,0,1,1
189,0.2,3,0,0
190,1.0,3,0,0
191,0.2,3,0,0
192,0.2,3,0,0
193,1.0,3,0,0
194,0.2,3,0,0
195,0.2,3,0,1
196,0.2,1,1,1
197,0.2,3,0,0
198,0.2,1,1,1
199,0.2,1,1,1
200,0.2,2,1,1
201,1.0,2,1,1
202,0.2,3,1,0
203,0.2,2,1,0
204,0.2,3,0,0
205,0.2,2,1,1
206,0.2,2,1,1
207,0.2,3,0,0
208,0.2,3,0,0
209,0.2,3,0,0
210,0.2,2,1,1
211,0.2,1,1,1
212,0.2,1,1,1
213,0.2,3,0,0
214,1.0,0,1,1
215,0.2,2,1,1
216,0.2,2,1,1
217,0.2,3,0,0
218,1.0,3,0,1
219,0.2,2,1,1
220,0.2,3,0,0
221,1.0,3,0,0
222,0.2,3,0,0
223,0.2,1,1,1
224,1.0,3,0,0
225,1.0,1,1,1
226,0.2,3,0,0
227,0.2,1,1,1
228,0.2,3,0,0
229,0.2,1,1,1
230,0.2,1,1,1
231,1.0,1,1,1
232,0.2,2,1,1
233,0.2,3,0,0
234,0.2,2,1,1
235,0.2,1,1,1
236,0.2,2,1,0
237,2.2,1,1,1
238,0.2,3,0,0
239,0.2,3,0,0
240,1.0,0,1,1
241,0.2,3,0,0
242,0.2,3,0,0
243,1.0,0,1,1
244,0.2,1,1,1
245,0.2,2,1,0
246,0.2,1,1,1
247,0.2,2,1,0
248,0.2,3,0,0
249,0.2,3,0,0
250,0.2,0,1,1
251,0.2,3,0,0
252,1.0,2,1,1
253,0.2,1,1,1
254,2.2,3,0,1
255,0.2,3,0,0
256,0.2,3,0,0
257,0.2,1,1,1
258,0.2,3,0,0
259,0.2,1,1,1
260,0.2,2,1,0
261,2.2,1,1,1
262,0.2,3,0,0
263,1.0,1,1,1
264,1.0,2,1,1
265,0.2,3,0,0
266,0.2,2,1,1
267,0.2,1,1,1
268,1.0,2,1,1
269,0.2,3,1,0
270,0.2,2,1,0
271,0.2,0,1,1
272,0.2,1,1,1
273,0.2,3,0,0
274,1.0,3,0,0
275,0.2,1,1,1
276,0.2,2,1,1
277,0.2,3,0,0
278,0.2,3,0,0
279,0.2,2,1,0
280,0.2,2,1,1
281,0.2,3,0,0
282,0.2,1,1,1
283,0.2,3,0,0
284,0.2,2,1,0
285,0.2,3,0,0
286,0.2,0,1,1
287,0.2,3,0,0
288,0.2,3,0,0
289,1.0,2,1,1
290,0.2,2,1,0
291,0.2,2,1,0
292,0.2,1,1,1
293,0.2,3,0,0
294,0.2,3,0,0
295,0.2,3,0,0
296,0.2,3,0,0
297,1.0,3,0,1
298,0.2,2,1,1
299,1.0,2,1,1
300,1.0,3,0,0
301,0.2,3,0,0
302,0.2,1,1,1
303,0.2,2,1,0
304,0.2,1,1,1
305,0.2,1,1,1
306,0.2,3,0,0
307,0.2,3,0,0
308,0.2,3,0,0
309,0.2,3,0,0
310,0.2,3,0,0
311,0.2,3,1,0
312,1.0,3,0,1
313,0.2,3,0,0
314,0.2,1,1,1
315,0.2,3,0,0
316,0.2,2,1,1
317,0.2,3,0,0
318,0.2,3,0,0
319,0.2,3,0,0
320,0.2,3,0,0
321,0.2,3,0,0
322,0.2,3,0,0
323,0.2,2,1,1
324,0.2,3,0,0
325,0.2,3,0,0
326,0.2,1,1,1
327,0.2,2,1,0
328,0.2,3,0,0
329,0.2,3,0,0
330,0.2,3,0,0
331,0.2,3,0,0
332,0.2,3,0,0
333,0.2,2,1,0
334,0.2,3,1,0
335,0.2,1,1,1
336,0.2,1,1,1
337,1.0,3,0,0
338,1.0,3,0,1
339,0.2,3,0,0
340,0.2,3,0,0
341,0.2,3,0,0
342,0.2,1,1,1
343,0.2,3,0,0
344,0.2,2,1,0
345,0.2,2,1,1
346,1.0,2,1,1
347,1.0,3,1,0
348,1.0,3,0,0
349,0.2,3,0,0
350,0.2,2,1,0
351,0.2,3,1,0
352,0.2,3,0,1
353,0.2,2,1,0
354,0.2,1,1,1
355,1.0,3,0,1
356,1.0,3,0,1
357,1.0,3,0,1
358,1.0,3,1,0
359,0.2,3,0,0
360,0.2,1,1,1
361,0.2,3,0,0
362,0.2,1,1,1
363,1.0,2,1,1
364,0.2,3,0,1
365,0.2,2,1,0
366,1.0,2,1,1
367,2.2,3,0,1
368,0.2,3,0,0
369,0.2,0,1,1
370,0.2,3,0,0
371,0.2,2,1,1
372,0.2,3,1,0
373,0.2,2,1,0
374,0.2,3,0,0
375,0.2,1,1,1
376,0.2,3,0,0
377,0.2,2,1,0
378,0.2,2,1,1
379,2.2,3,0,1
380,0.2,3,0,0
381,1.0,3,0,0
382,0.2,3,0,1
383,0.2,3,0,0
384,0.2,0,1,1
385,0.2,2,1,1
386,0.2,0,1,1
387,0.2,1,1,1
388,0.2,1,1,1
389,0.2,3,0,0
390,0.2,2,1,0
391,0.2,3,0,0
392,0.2,0,1,1
393,0.2,2,1,0
394,0.2,2,1,1
395,1.0,2,1,1
396,0.2,3,0,0
397,0.2,3,1,0
398,0.2,3,0,0
399,0.2,1,1,1
400,0.2,3,0,0
401,0.2,3,0,0
402,2.2,1,1,1
403,1.0,1,1,1
404,1.0,3,0,1
405,2.2,3,0,0
406,1.0,3,0,0
407,1.0,3,0,0
408,0.2,3,0,0
409,0.2,1,1,1
410,0.2,3,0,0
411,0.2,1,1,1
412,1.0,3,0,0
413,0.2,3,0,1
414,0.2,3,0,0
415,0.2,1,1,1
416,0.2,3,0,0
417,0.2,3,0,0
418,1.0,3,0,1
419,0.2,3,0,0
420,1.0,3,0,1
421,0.2,3,0,0
422,0.2,1,1,1
423,0.2,3,0,0
424,1.0,3,0,1
425,0.2,3,0,0
426,0.2,3,0,0
427,0.2,3,0,0
428,0.2,2,1,1
429,0.2,3,1,0
430,1.0,3,1,0
431,0.2,3,0,0
432,0.2,3,0,0
433,0.2,2,1,1
434,0.2,3,1,0
435,1.0,3,0,1
436,0.2,1,1,1
437,0.2,3,0,1
438,0.2,3,0,0
439,0.2,3,0,0
440,0.2,2,1,1
441,0.2,3,0,0
442,0.2,3,0,0
443,1.0,3,0,0
444,0.2,1,1,1
445,1.0,3,0,0
446,0.2,3,1,0
447,0.2,3,0,0
448,1.0,3,0,1
449,0.2,3,0,0
450,1.0,3,0,1
451,0.2,3,0,0
452,1.0,2,1,1
453,0.2,2,1,0
454,0.2,3,0,0
455,0.2,1,1,1
456,0.2,3,0,0
457,0.2,3,0,0
458,1.0,3,0,1
459,0.2,2,1,1
460,1.0,3,0,1
461,0.2,3,0,0
462,0.2,2,1,0
463,0.2,3,1,0
464,1.0,3,0,1
465,0.2,3,0,0
466,0.2,2,1,0
467,0.2,3,0,0
468,0.2,3,0,0
469,0.2,1,1,1
470,1.0,2,1,1
471,0.2,3,0,0
472,0.2,2,1,1
473,0.2,1,1,1
474,0.2,3,1,0
475,0.2,3,0,0
476,0.2,3,0,0
477,0.2,3,0,0
478,0.2,1,1,1
479,1.0,3,0,0
480,0.2,3,0,0
481,0.2,3,0,0
482,0.2,3,0,0
483,0.2,0,1,1
484,0.2,2,1,1
485,0.2,3,0,0
486,2.2,3,0,1
487,0.2,2,1,1
488,2.2,3,0,1
489,0.2,3,0,0
490,0.2,0,1,1
491,0.2,2,1,1
492,0.2,3,0,0
493,0.2,3,0,0
494,0.2,0,1,1
495,0.2,3,0,0
496,0.2,3,0,0
497,0.2,3,0,0
498,0.2,3,0,0
499,0.2,0,1,1
500,0.2,0,1,1
501,0.2,1,1,1
502,1.0,1,1,1
503,0.2,0,1,0
504,0.2,0,1,0
505,0.2,1,1,1
506,0.2,1,1,1
507,0.2,3,0,0
508,0.2,1,1,1
509,1.0,3,0,0
510,0.2,1,1,1
511,0.2,3,0,0
512,0.2,3,0,0
513,0.2,2,1,1
514,1.0,1,1,1
515,0.2,2,1,0
516,0.2,2,1,1
517,0.2,1,1,1
518,0.2,3,0,0
519,1.0,2,1,1
520,0.2,3,0,0
521,0.2,1,1,1
522,1.0,2,1,1
523,0.2,2,1,1
524,0.2,2,1,0
525,0.2,1,1,1
526,1.0,3,0,0
527,0.2,3,0,0
528,0.2,1,1,1
529,3.0,2,0,0
530,0.2,3,0,0
531,0.2,2,1,1
532,0.2,3,0,0
533,1.0,1,1,1
534,1.0,3,0,0
535,2.2,2,1,1
536,1.0,3,0,0
537,0.2,0,1,0
538,0.2,3,0,0
539,0.2,1,1,1
540,0.2,1,1,1
541,1.0,2,1,0
542,0.2,3,1,0
543,1.0,3,0,1
544,2.2,1,1,1
545,0.2,3,0,0
546,0.2,1,1,1
547,0.2,3,0,1
548,0.2,2,1,0
549,1.0,3,0,0
550,0.2,1,1,1
551,0.2,3,0,0
552,0.2,3,0,0
553,1.0,1,1,1
554,1.0,3,0,1
555,0.2,1,1,1
556,0.2,3,0,0
557,2.2,3,0,1
558,1.0,3,0,0
559,0.2,3,0,0
560,0.2,3,0,0
561,0.2,3,0,0
562,0.2,3,0,0
563,0.2,3,0,0
564,0.2,2,1,1
565,1.0,3,0,0
566,0.2,2,1,0
567,0.2,0,1,1
568,0.2,3,0,0
569,0.2,3,0,0
570,0.2,0,1,1
571,1.0,2,1,1
572,0.2,3,0,0
573,1.0,3,0,0
574,0.2,1,1,1
575,0.2,3,0,0
576,0.2,3,0,0
577,0.2,3,0,0
578,0.2,3,0,0
579,1.0,1,1,1
580,0.2,1,1,1
581,0.2,3,0,0
582,0.2,2,1,0
583,0.2,3,0,0
584,0.2,2,1,0
585,0.2,1,1,1
586,0.2,1,1,1
587,0.2,1,1,1
588,1.0,0,1,1
589,0.2,3,0,0
590,0.2,1,1,1
591,0.2,0,1,1
592,0.2,3,0,0
593,0.2,2,1,0
594,0.2,3,0,0
595,0.2,2,1,1
596,0.2,3,0,0
597,0.2,3,0,0
598,0.2,3,0,0
599,0.2,3,0,0
600,0.2,3,0,0
601,0.2,0,1,1
602,0.2,2,1,0
603,0.2,3,1,0
604,0.2,3,0,0
605,0.2,3,0,0
606,0.2,1,1,1
607,0.2,3,0,0
608,0.2,3,0,0
609,0.2,2,1,1
610,0.2,1,1,1
611,0.2,3,0,0
612,0.2,3,0,0
613,0.2,3,0,0
614,0.2,3,1,0
615,0.2,3,0,0
616,0.2,1,1,1
617,1.0,2,1,1
618,0.2,3,0,0
619,1.0,3,1,1
620,2.2,1,1,1
621,0.2,3,0,0
622,2.2,1,1,1
623,0.2,2,1,0
624,0.2,2,1,1
625,0.2,2,1,1
626,0.2,2,1,1
627,0.2,3,1,0
628,0.2,1,1,1
629,0.2,3,0,0
630,1.0,3,0,0
631,0.2,3,0,0
632,1.0,2,1,1
633,0.2,3,0,0
634,0.2,3,0,0
635,0.2,1,1,1
636,1.0,3,0,0
637,0.2,3,0,0
638,0.2,3,0,0
639,0.2,0,1,0
640,0.2,1,1,1
641,0.2,3,0,0
642,0.2,3,0,0
643,2.2,3,0,0
644,0.2,3,0,0
645,0.2,3,0,0
646,0.2,1,1,1
647,0.2,1,1,1
648,0.2,3,0,1
649,0.2,3,0,0
650,0.2,3,0,0
651,0.2,3,0,0
652,0.2,2,1,1
653,0.2,3,0,0
654,0.2,0,1,1
655,1.0,2,1,1
656,0.2,3,0,0
657,0.2,3,0,0
658,2.2,2,1,1
659,0.2,3,0,0
660,0.2,3,0,0
661,1.0,3,0,1
662,0.2,3,0,0
663,0.2,0,1,1
664,0.2,3,0,0
665,0.2,3,1,0
666,0.2,2,1,1
667,0.2,3,1,0
668,0.2,2,1,0
669,0.2,3,0,0
670,0.2,3,0,0
671,0.2,1,1,1
672,0.2,3,0,0
673,0.2,2,1,1
674,0.2,3,1,0
675,0.2,3,0,0
676,0.2,1,1,1
677,1.0,3,1,0
678,1.0,1,1,1
679,0.2,3,0,0
680,1.0,2,1,1
681,0.2,3,0,0
682,0.2,3,0,0
683,0.2,3,1,0
684,1.0,2,1,1
685,1.0,1,1,1
686,0.2,3,0,0
687,0.2,3,0,0
688,2.2,1,1,1
689,0.2,3,0,0
690,0.2,2,1,1
691,0.2,0,1,1
692,1.0,3,0,0
693,0.2,2,1,1
694,0.2,2,1,1
695,0.2,3,0,0
696,1.0,2,1,0
697,1.0,3,0,0
698,1.0,1,1,1
699,0.2,1,1,1
700,3.0,1,1,1
701,1.0,3,1,0
702,0.2,1,1,1
703,0.2,2,1,1
704,0.2,3,0,0
705,0.2,3,0,0
706,0.2,3,0,0
707,0.2,3,0,0
708,0.2,3,0,0
709,1.0,3,0,1
710,0.2,3,0,0
711,0.2,1,1,1
712,0.2,3,0,0
713,0.2,3,0,0
714,3.0,1,1,1
715,0.2,3,0,0
716,1.0,3,1,0
717,0.2,3,0,0
718,0.2,3,0,0
719,1.0,2,1,1
720,0.2,3,0,1
721,0.2,3,1,0
722,0.2,3,0,0
723,0.2,2,1,0
724,1.0,3,0,1
725,0.2,3,0,0
726,0.2,1,1,1
727,0.2,3,0,0
728,0.2,2,1,0
729,0.2,3,0,0
730,0.2,0,1,1
731,0.2,2,1,0
732,3.0,1,1,1
733,0.2,1,1,1
734,0.2,2,1,0
735,0.2,0,1,1
736,1.0,1,1,1
737,0.2,3,0,0
738,0.2,1,1,1
739,0.2,3,0,0
740,0.2,1,1,1
741,1.4,0,1,1
742,1.0,3,0,1
743,1.0,3,0,0
744,0.2,3,0,0
745,1.0,3,0,1
746,0.2,3,0,0
747,0.2,3,0,0
748,0.2,3,0,0
749,1.0,2,1,1
750,0.2,2,1,1
751,0.2,3,0,0
752,0.2,2,1,0
753,0.2,1,1,1
754,0.2,1,1,1
755,1.0,3,0,0
756,0.2,1,1,1
757,0.2,1,1,1
758,0.2,3,1,0
759,1.0,3,0,0
760,0.2,1,1,1
761,0.2,1,1,1
762,1.8,3,0,0
763,0.2,3,0,1
764,0.2,2,1,0
765,0.2,1,1,1
766,0.2,3,0,0
767,0.2,0,1,1
768,0.2,3,0,0
769,0.2,3,0,0
770,0.2,3,0,1
771,2.2,3,0,1
772,1.0,2,1,1
773,0.2,3,0,0
774,1.0,1,1,1
775,0.2,0,1,1
776,1.0,1,1,1
777,0.2,3,0,0
778,0.2,1,1,1
779,1.0,0,1,1
780,0.2,3,0,0
781,0.2,3,0,0
782,0.2,3,0,0
783,0.2,2,1,0
784,1.0,3,0,1
785,1.8,3,0,0
786,1.0,3,0,1
787,0.2,3,1,0
788,0.2,3,0,0
789,0.2,1,1,1
790,0.2,2,1,0
791,1.0,3,0,0
792,0.2,3,0,0
793,0.2,0,1,1
794,0.2,3,0,0
795,0.2,3,0,0
796,0.2,3,0,0
797,1.0,2,1,1
798,0.2,3,0,0
799,0.2,0,1,1
800,1.0,0,1,1
801,0.2,3,0,0
802,0.2,1,1,1
803,2.2,1,1,1
804,1.0,3,1,1
805,1.0,3,1,0
806,0.2,3,0,0
807,1.0,1,1,1
808,0.2,3,0,0
809,0.2,0,1,1
810,1.0,3,0,0
811,0.2,3,1,1
812,0.2,2,1,0
813,1.0,3,0,1
814,0.2,3,0,0
815,0.2,3,1,0
816,0.2,3,0,0
817,0.2,2,1,0
818,0.2,1,1,1
819,0.2,3,0,0
820,1.0,3,0,0
821,0.2,2,1,0
822,0.2,3,0,0
823,0.2,1,1,1
824,0.2,1,1,1
825,1.0,3,0,0
826,0.2,3,0,0
827,0.2,3,0,0
828,0.2,3,0,0
829,0.2,1,1,1
830,1.0,3,0,0
831,0.2,1,1,1
832,0.2,3,0,0
833,0.2,2,1,0
834,0.2,3,0,0
835,0.2,3,0,0
836,0.2,3,0,0
837,0.2,1,1,1
838,0.2,3,0,0
839,0.2,2,1,1
840,0.2,1,1,1
841,0.2,3,0,0
842,0.2,1,1,1
843,0.2,2,1,0
844,0.2,3,0,0
845,0.2,1,1,1
846,0.2,3,0,0
847,0.2,3,0,0
848,0.2,3,0,0
849,0.2,3,0,0
850,0.2,3,0,0
851,0.2,3,0,0
852,0.2,1,1,1
853,0.2,3,0,0
854,0.2,3,0,0
855,1.0,0,1,1
856,0.2,3,0,0
857,0.2,1,1,1
858,0.2,1,1,1
859,0.2,2,1,1
860,0.2,3,0,0
861,0.2,1,1,1
862,0.2,3,0,0
863,0.2,2,1,1
864,0.2,2,1,0
865,1.0,1,1,1
866,0.2,3,1,0
867,0.2,2,1,1
868,2.2,1,1,1
869,0.2,2,1,0
870,0.2,3,0,0
871,0.2,3,0,0
872,0.2,3,0,0
873,2.2,3,0,1
874,0.2,2,1,1
875,0.2,3,0,0
876,0.2,3,0,0
877,0.2,3,0,0
878,0.2,3,0,0
879,1.0,3,0,0
880,1.0,3,0,0
881,0.2,1,1,1
882,0.2,3,0,0
883,0.2,3,0,0
884,0.2,3,0,0
885,0.2,3,0,0
886,0.2,3,0,0
887,0.2,2,1,0
888,0.2,1,1,1
889,0.2,1,1,1
890,2.2,3,0,0
891,0.2,1,1,1
892,0.2,3,0,0
893,1.0,3,0,1
894,0.2,2,1,1
895,0.2,3,0,0
896,0.2,3,0,0
897,0.2,3,0,0
898,0.2,3,0,1
899,0.2,3,1,0
900,0.2,0,1,1
901,0.2,3,0,0
902,1.0,2,1,1
903,1.0,1,1,1
904,0.2,2,1,1
905,0.2,3,0,0
906,0.2,1,1,1
907,0.2,1,1,1
908,0.2,3,0,0
909,0.2,3,0,1
910,0.2,3,0,0
911,0.2,3,0,0
912,1.0,2,1,1
913,0.2,1,1,1
914,0.2,1,1,1
915,0.2,3,0,0
916,1.0,3,0,1
917,1.0,3,0,1
918,0.2,3,0,0
919,0.2,3,1,0
920,0.2,3,0,0
921,0.2,2,1,1
922,1.0,3,0,0
923,1.0,3,1,1
924,1.0,1,1,1
925,0.2,3,0,0
926,0.2,3,0,0
927,2.2,3,0,1
928,1.0,3,0,1
929,0.2,3,0,0
930,1.0,3,0,1
931,0.2,2,1,1
932,2.2,2,1,1
933,0.2,3,0,0
934,0.2,3,0,1
935,1.0,0,1,1
936,0.2,3,0,0
937,0.2,2,1,1
938,0.2,3,0,0
939,0.2,3,0,0
940,0.2,2,1,0
941,0.2,1,1,1
942,0.2,2,1,1
943,0.2,0,1,0
944,0.2,0,1,1
945,1.0,3,1,0
946,0.2,3,0,0
947,1.0,3,0,0
948,1.0,3,0,1
949,0.2,3,0,1
950,0.2,3,0,0
951,0.2,3,0,0
952,0.2,1,1,1
953,0.2,1,1,1
954,0.2,3,1,0
955,0.2,1,1,1
956,0.2,0,1,1
957,0.2,0,1,1
958,0.2,3,1,0
959,0.2,3,0,0
960,0.2,2,1,0
961,0.2,3,0,0
962,0.2,3,0,0
963,0.2,3,0,0
964,1.0,2,1,1
965,1.0,1,1,1
966,0.2,3,0,0
967,0.2,3,0,1
968,0.2,1,1,1
969,1.0,3,0,0
970,1.0,2,1,1
971,0.2,3,0,0
972,1.0,1,1,1
973,0.2,3,0,1
974,1.0,3,0,1
975,0.2,2,1,1
976,1.0,1,1,1
977,0.2,3,0,0
978,0.2,2,1,1
979,0.2,0,1,1
980,0.2,3,0,0
981,1.0,3,0,0
982,0.2,3,0,0
983,0.2,3,1,0
984,0.2,1,1,1
985,0.2,3,0,0
986,1.0,1,1,1
987,1.0,3,0,0
988,0.2,1,1,1
989,0.2,3,0,0
990,1.0,2,1,1
991,0.2,1,1,1
992,0.2,3,0,0
993,0.2,3,0,0
994,0.2,3,0,0
995,0.2,3,0,0
996,0.2,3,0,0
997,0.2,3,0,0
998,0.2,1,1,1
999,1.0,0,1,1
1000,0.2,3,0,0
1001,1.0,3,1,0
1002,0.2,3,1,0
1003,0.2,1,1,1
1004,0.2,1,1,1
1005,1.0,3,0,1
1006,0.2,2,1,0
1007,0.2,0,1,1
1008,0.2,2,1,0
1009,0.2,3,0,0
1010,0.2,3,0,0
1011,0.2,3,0,0
1012,0.2,3,0,0
1013,0.2,2,1,1
1014,1.0,2,1,1
1015,0.2,2,1,1
1016,1.0,3,0,1
1017,0.2,2,1,1
1018,0.2,3,0,0
1019,0.2,0,1,1
1020,0.2,3,1,0
1021,0.2,3,0,0
1022,0.2,3,0,0
1023,1.0,3,0,0
1024,0.2,3,0,0
1025,0.2,1,1,1
1026,0.2,3,0,0
1027,0.2,1,1,1
1028,0.2,3,0,0
1029,1.0,3,0,0
1030,0.2,0,1,1
1031,0.2,3,0,0
1032,1.0,1,1,1
1033,0.2,3,0,0
1034,0.2,3,0,0
1035,0.2,1,1,1
1036,1.0,2,1,1
1037,0.2,2,1,0
1038,0.2,1,1,1
1039,0.2,0,1,1
1040,0.2,0,1,1
1041,0.2,1,1,1
1042,0.2,1,1,1
1043,2.2,3,0,1
1044,2.2,1,1,1
1045,0.2,3,1,0
1046,0.2,2,1,1
1047,0.2,3,0,0
1048,0.2,3,0,0
1049,0.2,3,0,0
1050,0.2,1,1,1
1051,0.2,2,1,0
1052,0.2,2,1,1
1053,0.2,3,0,1
1054,0.2,0,1,1
1055,1.0,3,0,1
1056,1.0,3,1,0
1057,0.2,1,1,1
1058,0.2,3,0,0
1059,0.2,3,0,0
1060,2.2,2,1,1
1061,0.2,3,0,0
1062,0.2,3,0,0
1063,0.2,2,1,0
1064,1.0,3,0,1
1065,0.2,2,1,1
1066,1.0,3,0,0
1067,0.2,2,1,0
1068,0.2,3,0,0
1069,0.2,3,0,0
1070,0.2,3,0,0
1071,0.2,1,1,1
1072,0.2,2,1,1
1073,0.2,1,1,1
1074,1.0,3,0,0
1075,0.2,1,1,1
1076,0.2,3,0,0
1077,0.2,3,0,0
1078,0.2,3,0,0
1079,0.2,1,1,1
1080,0.2,3,0,0
1081,1.0,3,0,0
1082,0.2,1,1,1
1083,0.2,1,1,1
1084,0.2,3,0,0
1085,0.2,3,0,1
1086,0.2,3,0,0
1087,0.2,3,0,0
1088,0.2,3,0,0
1089,0.2,3,0,0
1090,1.0,3,0,0
1091,0.2,2,1,1
1092,0.2,2,1,0
1093,0.2,3,0,0
1094,1.0,3,0,1
1095,3.4000000000000004,3,0,0
1096,0.2,2,1,1
1097,0.2,3,0,0
1098,0.2,1,1,1
1099,0.2,1,1,1
1100,0.2,1,1,1
1101,0.2,2,1,1
1102,0.2,3,0,0
1103,0.2,2,1,1
1104,0.2,2,1,1
1105,1.0,2,1,1
1106,1.0,0,1,1
1107,0.2,3,0,0
1108,0.2,2,1,1
1109,0.2,3,1,0
1110,0.2,2,1,1
1111,1.0,2,1,1
1112,1.0,3,0,0
1113,1.0,3,0,1
1114,1.0,3,1,1
1115,0.2,3,0,0
1116,0.2,1,1,1
1117,0.2,0,1,1
1118,0.2,3,0,0
1119,0.2,3,0,0
1120,0.2,3,0,0
1121,0.2,0,1,1
1122,2.2,2,1,1
1123,1.0,2,1,1
1124,0.2,3,0,0
1125,0.2,0,1,1
1126,0.2,2,1,1
1127,1.0,3,0,0
1128,0.2,2,1,0
1129,0.2,1,1,1
1130,0.2,3,0,0
1131,0.2,1,1,1
1132,0.2,3,0,0
1133,0.2,2,1,0
1134,0.2,3,0,0
1135,0.2,3,0,0
1136,0.2,3,0,0
1137,0.2,0,1,1
1138,0.2,3,0,0
1139,0.2,1,1,1
1140,0.2,3,0,0
1141,0.2,2,1,1
1142,2.2,3,0,1
1143,0.2,1,1,1
1144,0.2,1,1,1
1145,0.2,3,0,0
1146,0.2,3,0,0
1147,0.2,1,1,1
1148,0.2,2,1,1
1149,1.0,3,0,1
1150,0.2,2,1,0
1151,0.2,3,0,0
1152,0.2,3,0,0
1153,0.2,3,0,0
1154,0.2,2,1,1
1155,1.0,3,0,0
1156,0.2,3,0,0
1157,0.2,1,1,1
1158,1.0,3,0,0
1159,1.0,2,1,1
1160,0.2,3,0,0
1161,1.0,3,0,1
1162,0.2,3,0,0
1163,0.2,2,1,1
1164,0.2,2,1,1
1165,1.0,3,0,0
1166,0.2,3,0,0
1167,0.2,3,1,0
1168,1.0,2,1,1
1169,0.2,2,1,0
1170,0.2,3,0,0
1171,0.2,3,0,0
1172,0.2,1,1,1
1173,1.0,1,1,1
1174,0.2,1,1,1
1175,0.2,3,0,0
1176,0.2,3,0,0
1177,0.2,2,1,0
1178,0.2,0,1,1
1179,0.2,0,1,1
1180,0.2,1,1,1
1181,0.2,3,0,0
1182,0.2,2,1,1
1183,0.2,0,1,1
1184,1.0,3,0,1
1185,0.2,2,1,0
1186,1.0,1,1,1
1187,0.2,1,1,1
1188,0.2,2,1,1
1189,0.2,3,1,0
1190,0.2,3,0,0
1191,0.2,1,1,1
1192,0.2,3,0,0
1193,0.2,2,1,0
1194,0.2,2,1,0
1195,0.2,3,0,0
1196,0.2,2,1,0
1197,0.2,0,1,1
1198,0.2,3,0,0
1199,0.2,2,1,1
1200,0.2,3,0,0
1201,0.2,3,0,0
1202,0.2,0,1,1
1203,1.0,3,0,0
1204,0.2,1,1,1
1205,0.2,2,1,0
1206,0.2,3,0,0
1207,0.2,3,0,0
1208,0.2,3,0,0
1209,0.2,2,1,1
1210,1.0,1,1,1
1211,0.2,0,1,1
1212,1.0,1,1,1
1213,1.0,3,0,0
1214,0.2,3,0,0
1215,0.2,3,0,0
1216,0.2,2,1,1
1217,0.2,2,1,0
1218,0.2,2,1,1
1219,0.2,3,0,0
1220,0.2,2,1,1
1221,0.2,3,0,0
1222,0.2,2,1,0
1223,3.0,2,0,0
1224,0.2,1,1,1
1225,1.0,2,1,1
1226,0.2,2,1,0
1227,0.2,2,1,1
1228,0.2,3,0,0
1229,0.2,1,1,1
1230,0.2,3,0,0
1231,0.2,3,0,0
1232,0.2,1,1,1
1233,1.0,2,1,1
1234,0.2,3,1,0
1235,0.2,2,1,1
1236,1.0,1,1,1
1237,0.2,2,1,1
1238,0.2,3,0,0
1239,0.2,3,0,0
1240,0.2,3,0,0
1241,1.0,3,0,0
1242,1.0,2,1,1
1243,0.2,3,1,0
1244,0.2,3,0,0
1245,0.2,2,1,0
1246,0.2,3,0,0
1247,0.2,1,1,1
1248,1.0,3,0,0
1249,0.2,3,0,0
1250,1.0,1,1,1
1251,1.0,3,1,0
1252,0.2,3,0,0
1253,0.2,2,1,1
1254,1.0,3,0,1
1255,0.2,3,0,0
1256,0.2,1,1,1
1257,0.2,3,0,0
1258,0.2,3,0,0
1259,0.2,3,1,0
1260,0.2,3,0,0
1261,0.2,3,0,0
1262,0.2,2,1,0
1263,0.2,2,1,1
1264,1.0,3,0,1
1265,0.2,3,0,0
1266,1.0,3,0,0
1267,2.2,3,0,0
1268,0.2,3,0,0
1269,0.2,2,1,0
1270,1.0,2,1,1
1271,0.2,2,1,1
1272,1.0,3,0,0
1273,1.0,3,0,1
1274,0.2,3,1,0
1275,0.2,1,1,1
1276,0.2,3,0,0
1277,0.2,3,0,0
1278,0.2,1,1,1
1279,0.2,3,0,0
1280,1.0,3,0,0
1281,1.0,3,0,0
1282,0.2,3,0,0
1283,0.2,1,1,1
1284,0.2,3,0,0
1285,0.2,3,1,0
1286,0.2,1,1,1
1287,0.2,0,1,0
1288,0.2,3,0,0
1289,0.2,0,1,1
1290,0.2,3,0,0
1291,1.0,1,1,1
1292,1.8,3,0,0
1293,0.2,3,0,0
1294,0.2,3,0,0
1295,0.2,1,1,1
1296,1.0,3,1,0
1297,0.2,3,0,0
1298,0.2,1,1,1
1299,0.2,3,0,0
1300,0.2,2,1,1
1301,0.2,1,1,1
1302,1.0,2,1,1
1303,1.0,1,1,1
1304,0.2,2,1,0
1305,0.2,3,0,0
1306,0.2,2,1,0
1307,0.2,3,0,0
1308,0.2,2,1,1
1309,1.0,1,1,1
1310,1.0,1,1,1
1311,1.0,3,0,0
1312,0.2,3,0,0
1313,1.0,1,1,1
1314,0.2,3,1,0
1315,0.2,3,0,0
1316,0.2,3,0,0
1317,1.0,3,0,1
1318,0.2,3,0,0
1319,0.2,3,0,0
1320,1.0,0,1,1
1321,0.2,1,1,1
1322,0.2,3,0,0
1323,0.2,3,0,0
1324,0.2,3,0,0
1325,0.2,3,0,0
1326,0.2,0,1,1
1327,0.2,3,0,0
1328,0.2,2,1,1
1329,0.2,1,1,1
1330,0.2,2,1,1
1331,0.2,3,0,0
1332,1.0,3,1,0
1333,1.0,3,0,1
1334,1.0,3,0,0
1335,0.2,3,0,0
1336,2.2,2,1,1
1337,0.2,3,0,0
1338,0.2,3,0,0
1339,0.2,1,1,1
1340,0.2,1,1,1
1341,0.2,1,1,1
1342,0.2,3,0,0
1343,0.2,3,0,0
1344,0.2,3,0,0
1345,1.0,3,0,1
1346,0.2,3,0,0
1347,1.0,0,1,1
1348,0.2,2,1,0
1349,0.2,3,0,0
1350,0.2,1,1,1
1351,0.2,3,0,0
1352,0.2,3,0,0
1353,0.2,3,0,0
1354,0.2,1,1,1
1355,0.2,2,1,1
1356,0.2,3,0,0
1357,1.0,3,0,0
1358,0.2,2,1,0
1359,0.2,2,1,1
1360,0.2,2,1,0
1361,0.2,1,1,1
1362,0.2,0,1,1
1363,0.2,3,0,0
1364,0.2,3,1,0
1365,0.2,1,1,1
1366,0.2,0,1,1
1367,1.0,3,0,1
1368,0.2,3,0,0
1369,0.2,1,1,1
1370,0.2,3,0,0
1371,0.2,3,0,0
1372,0.2,1,1,1
1373,0.2,1,1,1
1374,0.2,1,1,1
1375,0.2,3,0,0
1376,0.2,3,0,0
1377,1.0,3,0,0
1378,0.2,3,0,0
1379,0.2,2,1,1
1380,0.2,2,1,0
1381,0.2,1,1,1
1382,1.0,3,0,1
1383,0.2,1,1,1
1384,0.2,3,0,0
1385,0.2,3,0,0
1386,0.2,3,0,0
1387,0.2,2,1,1
1388,0.2,3,0,0
1389,0.2,2,1,0
1390,0.2,1,1,1
1391,0.2,3,0,0
1392,0.2,3,1,1
1393,0.2,3,0,0
1394,0.2,2,1,1
1395,0.2,1,1,1
1396,0.2,3,0,0
1397,0.2,2,1,1
1398,0.2,2,1,1
1399,0.2,3,0,0
1400,1.0,3,0,0
1401,0.2,0,1,1
1402,0.2,3,0,0
1403,0.2,3,0,0
1404,0.2,3,0,0
1405,0.2,3,0,0
1406,2.2,3,0,1
1407,0.2,3,0,0
1408,1.0,3,1,1
1409,0.2,3,0,0
1410,0.2,0,1,1
1411,0.2,0,1,1
1412,0.2,3,0,0
1413,0.2,3,0,0
1414,0.2,3,0,0
1415,0.2,3,0,0
1416,1.0,1,1,1
1417,0.2,3,0,0
1418,0.2,3,0,0
1419,0.2,3,0,0
1420,0.2,1,1,1
1421,0.2,1,1,1
1422,0.2,3,1,0
1423,1.0,3,0,0
1424,0.2,3,0,0
1425,0.2,2,1,1
1426,0.2,3,0,0
1427,2.2,1,1,1
1428,0.2,1,1,1
1429,0.2,3,0,0
1430,1.0,3,0,0
1431,1.0,2,1,1
1432,0.2,3,0,0
1433,0.2,2,1,0
1434,1.0,3,0,1
1435,0.2,3,0,0
1436,0.2,2,1,0
1437,1.0,2,1,1
1438,0.2,1,1,1
1439,0.2,1,1,1
1440,0.2,3,1,0
1441,1.0,3,0,0
1442,0.2,3,0,0
1443,0.2,3,0,0
1444,2.2,3,0,0
1445,1.0,3,0,0
1446,1.0,3,0,1
1447,0.2,1,1,1
1448,0.2,0,1,1
1449,0.2,3,0,0
1450,0.2,1,1,1
1451,0.2,3,1,0
1452,0.2,2,1,1
1453,0.2,0,1,1
1454,0.2,1,1,1
1455,1.0,1,1,1
1456,0.2,3,0,0
1457,0.2,3,0,0
1458,0.2,3,0,0
1459,0.2,3,0,0
1460,1.0,3,1,0
1461,0.2,3,0,0
1462,2.2,3,0,0
1463,0.2,3,0,0
1464,0.2,1,1,1
1465,0.2,1,1,1
1466,0.2,0,1,1
1467,0.2,3,0,0
1468,0.2,2,1,1
1469,0.2,2,1,1
1470,0.2,3,0,0
1471,0.2,1,1,1
1472,0.2,3,0,0
1473,2.2,0,1,1
1474,1.0,3,0,1
1475,0.2,2,1,1
1476,3.0,3,0,0
1477,1.0,3,1,0
1478,0.2,0,1,1
1479,0.2,1,1,1
1480,0.2,3,0,0
1481,0.2,3,0,0
1482,0.2,3,0,0
1483,0.2,2,1,1
1484,1.0,3,0,1
1485,0.2,1,1,1
1486,0.2,0,1,1
1487,0.2,1,1,1
1488,0.2,3,0,0
1489,0.2,3,0,0
1490,0.2,3,0,0
1491,0.2,3,0,0
1492,0.2,2,1,0
1493,0.2,1,1,1
1494,0.2,2,1,1
1495,0.2,3,0,0
1496,0.2,1,1,1
1497,1.0,2,1,1
1498,0.2,0,1,1
1499,1.0,3,1,0
1500,0.2,3,0,0
1501,0.2,3,0,0
1502,1.0,2,1,1
1503,0.2,1,1,1
1504,1.0,3,0,0
1505,0.2,3,0,0
1506,0.2,3,0,1
1507,0.2,1,1,1
1508,0.2,3,0,0
1509,1.0,2,1,1
1510,0.2,3,0,0
1511,0.2,2,1,0
1512,1.0,3,0,0
1513,0.2,2,1,0
1514,0.2,2,1,0
1515,1.0,0,1,1
1516,1.0,2,1,1
1517,1.0,3,0,0
1518,0.2,3,0,0
1519,1.0,1,1,1
1520,0.2,3,0,0
1521,0.2,1,1,1
1522,0.2,3,0,0
1523,1.0,1,1,1
1524,0.2,1,1,1
1525,0.2,1,1,1
1526,0.2,3,1,0
1527,0.2,2,1,1
1528,0.2,3,0,0
1529,0.2,1,1,1
1530,0.2,2,1,1
1531,1.0,0,1,1
1532,0.2,3,0,0
1533,0.2,3,0,0
1534,0.2,2,1,0
1535,0.2,3,0,0
1536,0.2,3,0,0
1537,0.2,1,1,1
1538,0.2,1,1,0
1539,2.2,3,0,1
1540,1.0,1,1,1
1541,0.2,0,1,1
1542,0.2,3,0,0
1543,0.2,1,1,1
1544,0.2,3,0,0
1545,1.0,3,0,0
1546,0.2,3,0,0
1547,0.2,1,1,1
1548,0.2,1,1,1
1549,0.2,2,1,1
1550,0.2,3,0,0
1551,0.2,3,0,0
1552,0.2,3,0,0
1553,0.2,3,0,0
1554,0.2,3,0,0
1555,0.2,1,1,1
1556,0.2,3,0,0
1557,0.2,3,0,0
1558,0.2,3,0,0
1559,1.0,2,1,1
1560,0.2,1,1,1
1561,0.2,2,1,1
1562,0.2,3,0,0
1563,0.2,3,1,0
1564,0.2,3,0,0
1565,0.2,3,0,0
1566,0.2,3,0,0
1567,0.2,1,1,1
1568,1.0,3,0,0
1569,0.2,1,1,1
1570,0.2,1,1,1
1571,0.2,2,1,1
1572,0.2,3,0,1
1573,3.0,2,0,0
1574,0.2,2,1,1
1575,1.0,1,1,1
1576,0.2,3,0,0
1577,1.0,3,0,0
1578,0.2,3,0,1
1579,0.2,3,0,0
1580,1.0,1,1,1
1581,0.2,3,0,0
1582,0.2,3,0,0
1583,1.0,3,0,0
1584,0.2,1,1,1
1585,0.2,1,1,1
1586,0.2,0,1,1
1587,0.2,3,0,0
1588,0.2,2,1,0
1589,0.2,2,1,0
1590,0.2,3,0,0
1591,0.2,3,0,0
1592,0.2,3,0,0
1593,0.2,3,0,0
1594,1.0,1,1,1
1595,0.2,3,0,1
1596,0.2,3,0,0
1597,1.0,3,0,0
1598,1.0,1,1,1
1599,0.2,2,1,0
1600,0.2,3,0,0
1601,0.2,3,0,0
1602,0.2,3,0,0
1603,0.2,2,1,1
1604,0.2,3,1,0
1605,2.2,3,0,1
1606,0.2,3,0,0
1607,0.2,3,0,0
1608,0.2,3,0,0
1609,0.2,0,1,1
1610,1.0,3,1,0
1611,0.2,2,1,0
1612,1.0,3,0,0
1613,0.2,3,0,0
1614,1.0,3,1,1
1615,0.2,2,1,0
1616,0.2,3,1,0
1617,0.2,1,1,1
1618,1.0,3,0,0
1619,0.2,1,1,1
1620,0.2,1,1,1
1621,0.2,3,0,0
1622,0.2,3,0,0
1623,0.2,3,0,0
1624,2.2,2,1,1
1625,0.2,1,1,1
1626,0.2,3,0,0
1627,0.2,3,0,0
1628,0.2,1,1,1
1629,0.2,1,1,1
1630,0.2,3,0,0
1631,0.2,2,1,0
1632,0.2,3,0,0
1633,0.2,3,0,0
1634,0.2,3,0,0
1635,0.2,1,1,1
1636,0.2,2,1,0
1637,0.2,1,1,1
1638,0.2,3,0,0
1639,0.2,3,0,0
1640,2.2,3,0,1
1641,0.2,2,1,0
1642,0.2,1,1,1
1643,1.0,3,0,0
1644,0.2,2,1,0
1645,0.2,3,0,0
1646,1.0,0,1,1
1647,0.2,3,1,0
1648,0.2,1,1,1
1649,0.2,2,1,1
1650,0.2,3,0,0
1651,0.2,3,0,0
1652,0.2,3,0,0
1653,0.2,3,0,0
1654,0.2,1,1,1
1655,1.0,0,1,1
1656,0.2,3,0,0
1657,0.2,3,0,0
1658,0.2,2,1,1
1659,0.2,0,1,1
1660,2.2,3,0,1
1661,0.2,3,0,0
1662,0.2,0,1,1
1663,0.2,3,0,0
1664,0.2,3,0,0
1665,0.2,0,1,1
1666,0.2,3,0,0
1667,1.0,1,1,1
1668,0.2,2,1,0
1669,0.2,3,0,0
1670,0.2,2,1,0
1671,0.2,3,1,0
1672,1.0,2,1,1
1673,1.0,3,0,1
1674,1.0,0,1,1
1675,0.6000000000000001,0,1,1
1676,0.2,3,0,1
1677,1.0,3,0,0
1678,0.2,3,0,0
1679,0.2,3,0,1
1680,1.0,1,1,1
1681,0.2,3,0,0
1682,0.2,3,0,0
1683,1.0,3,0,0
1684,0.2,2,1,0
1685,0.2,3,0,0
1686,0.2,3,0,0
1687,1.0,3,0,0
1688,1.0,0,1,1
1689,0.2,2,1,0
1690,0.2,3,0,0
1691,0.2,1,1,1
1692,1.0,3,0,0
1693,0.2,1,1,1
1694,0.2,3,0,0
1695,0.2,2,1,0
1696,0.2,3,0,0
1697,1.0,1,1,1
1698,0.2,1,1,1
1699,0.2,3,0,0
1700,0.2,3,0,0
1701,0.2,3,0,0
1702,0.2,3,0,0
1703,0.2,3,1,0
1704,0.2,3,0,1
1705,0.2,3,0,0
1706,0.2,1,1,1
1707,0.2,1,1,1
1708,0.2,2,1,0
1709,0.2,1,1,1
1710,0.2,2,1,0
1711,1.0,3,0,1
1712,3.0,3,0,0
1713,1.0,1,1,1
1714,1.0,3,0,0
1715,0.2,3,1,0
1716,0.2,3,0,0
1717,0.2,3,0,0
1718,1.0,3,1,0
1719,0.2,1,1,1
1720,0.2,2,1,0
1721,0.2,3,0,0
1722,0.2,3,0,0
1723,1.0,0,1,1
1724,2.2,3,0,1
1725,0.2,3,0,0
1726,1.0,2,1,1
1727,0.2,3,0,0
1728,0.2,1,1,1
1729,0.2,1,1,1
1730,0.2,3,0,0
1731,0.2,3,0,0
1732,0.2,1,1,1
1733,0.2,0,1,1
1734,0.2,1,1,1
1735,0.2,3,1,1
1736,0.2,2,1,1
1737,0.2,3,0,0
1738,0.2,3,0,0
1739,0.2,2,1,0
1740,1.0,3,0,1
1741,0.2,3,0,0
1742,1.0,3,0,0
1743,0.2,3,0,0
1744,0.2,3,0,0
1745,1.0,3,0,0
1746,0.2,2,1,0
1747,0.2,3,0,0
1748,0.2,3,0,0
1749,0.2,3,0,0
1750,0.2,0,1,1
1751,1.0,2,1,1
1752,0.2,3,0,0
1753,0.2,1,1,1
1754,1.0,3,0,1
1755,1.0,3,0,0
1756,0.2,3,0,0
1757,0.2,0,1,1
1758,0.2,1,1,1
1759,0.2,2,1,1
1760,0.2,3,0,0
1761,1.0,3,0,0
1762,0.2,2,1,1
1763,1.0,3,0,0
1764,0.2,3,1,0
1765,0.2,2,1,1
1766,0.2,3,0,0
1767,0.2,3,0,0
1768,0.2,0,1,1
1769,0.2,3,0,1
1770,0.2,2,1,0
1771,0.2,3,0,0
1772,1.0,3,0,1
1773,1.0,3,0,0
1774,0.2,1,1,1
1775,0.2,2,1,1
1776,0.2,3,0,0
1777,0.2,3,0,0
1778,1.0,3,1,0
1779,0.2,3,0,0
1780,0.2,3,0,0
1781,1.0,1,1,1
1782,0.2,3,0,0
1783,0.2,1,1,1
1784,0.2,3,0,0
1785,0.2,3,0,0
1786,0.2,1,1,1
1787,0.2,3,0,0
1788,0.2,3,0,0
1789,1.0,2,1,1
1790,0.2,3,1,0
1791,0.2,1,1,0
1792,1.0,3,0,1
1793,0.2,2,1,1
1794,1.0,3,0,0
1795,0.2,2,1,1
1796,0.2,3,0,0
1797,0.2,3,0,0
1798,0.2,3,0,0
1799,0.2,3,0,0
1800,1.0,3,0,0
1801,0.2,1,1,1
1802,0.2,3,0,1
1803,1.0,3,0,1
1804,0.2,1,1,1
1805,0.2,1,1,1
1806,0.2,3,0,0
1807,2.2,3,0,0
1808,0.2,3,0,0
1809,0.2,3,0,0
1810,0.2,3,0,0
1811,0.2,0,1,1
1812,0.2,1,1,1
1813,1.0,2,1,1
1814,0.2,3,0,0
1815,0.2,3,0,0
1816,0.2,3,0,0
1817,1.0,2,1,1
1818,1.0,3,0,0
1819,0.2,1,1,1
1820,0.2,2,1,1
1821,0.2,3,0,0
1822,0.2,3,1,0
1823,1.0,3,0,0
1824,0.2,3,0,0
1825,0.2,3,0,0
1826,3.4000000000000004,1,1,1
1827,1.0,3,0,0
1828,2.2,3,0,1
1829,1.0,3,0,1
1830,0.2,1,1,1
1831,0.2,3,0,0
1832,0.2,0,1,1
1833,0.2,3,0,0
1834,0.2,2,1,1
1835,0.2,3,0,0
1836,1.0,1,1,1
1837,1.0,1,1,1
1838,0.2,0,1,1
1839,0.2,2,1,0
1840,0.2,0,1,1
1841,0.2,1,1,1
1842,0.2,1,1,1
1843,0.2,3,0,0
1844,0.2,3,0,0
1845,1.0,1,1,1
1846,0.2,1,1,1
1847,0.2,2,1,1
1848,1.0,1,1,1
1849,0.2,2,1,0
1850,0.2,3,0,0
1851,0.2,1,1,1
1852,1.0,2,1,1
1853,0.2,1,1,1
1854,0.2,2,1,0
1855,1.0,0,1,1
1856,0.2,3,0,0
1857,0.2,2,1,1
1858,0.2,3,0,0
1859,0.2,1,1,1
1860,1.0,3,0,1
1861,0.2,3,0,0
1862,0.2,3,0,0
1863,0.2,3,0,0
1864,0.2,3,0,0
1865,0.2,3,0,0
1866,0.2,1,1,1
1867,0.2,3,0,0
1868,1.0,0,1,1
1869,0.2,1,1,1
1870,0.2,3,0,0
1871,0.2,1,1,0
1872,0.2,3,0,0
1873,0.2,3,0,0
1874,1.0,3,0,0
1875,1.0,2,1,1
1876,0.2,2,1,1
1877,0.2,0,1,1
1878,1.0,2,1,0
1879,0.2,3,1,0
1880,0.2,3,0,0
1881,2.2,3,0,0
1882,0.2,3,0,0
1883,1.0,2,1,1
1884,1.0,2,1,1
1885,0.2,3,0,0
1886,1.0,1,1,1
1887,1.0,1,1,1
1888,0.2,3,1,0
1889,1.0,2,1,1
1890,0.2,1,1,1
1891,0.2,3,0,0
1892,0.2,3,0,1
1893,0.2,3,0,0
1894,0.2,3,1,0
1895,0.2,3,0,0
1896,0.2,3,0,0
1897,0.2,1,1,1
1898,0.2,3,0,0
1899,0.2,3,0,0
1900,0.2,3,0,0
1901,0.2,3,0,0
1902,0.2,1,1,1
1903,0.2,3,0,0
1904,0.2,2,1,0
1905,0.2,3,0,0
1906,1.0,3,0,0
1907,0.2,1,1,1
1908,0.2,2,1,1
1909,0.2,3,0,0
1910,0.2,2,1,1
1911,0.2,3,1,0
1912,0.2,3,1,0
1913,0.2,3,0,0
1914,0.2,3,0,0
1915,1.0,2,1,1
1916,0.2,3,0,0
1917,2.2,3,0,0
1918,0.2,0,1,1
1919,0.2,1,1,1
1920,0.2,3,0,0
1921,1.0,3,0,0
1922,1.0,1,1,1
1923,0.2,3,0,1
1924,0.2,2,1,0
1925,0.2,3,0,0
1926,0.2,3,0,0
1927,0.2,3,1,0
1928,0.2,3,0,0
1929,1.0,3,0,0
1930,0.2,3,0,0
1931,0.2,3,0,0
1932,0.2,3,0,0
1933,0.2,0,1,1
1934,0.2,3,0,0
1935,0.2,3,0,0
1936,0.2,2,1,0
1937,0.2,3,0,0
1938,0.2,3,0,0
1939,0.2,1,1,1
1940,0.2,0,1,1
1941,2.2,2,1,1
1942,1.0,3,0,0
1943,1.0,3,0,1
1944,0.2,3,0,0
1945,0.2,2,1,0
1946,0.2,3,1,0
1947,0.2,3,0,0
1948,1.0,3,0,1
1949,1.0,0,1,1
1950,0.2,1,1,1
1951,0.2,3,0,0
1952,0.2,3,1,0
1953,0.2,3,0,1
1954,0.2,3,0,0
1955,1.0,2,1,1
1956,0.2,2,1,0
1957,0.2,1,1,1
1958,0.2,3,1,0
1959,1.0,3,0,0
1960,1.0,1,1,1
1961,3.0,2,0,0
1962,0.2,3,0,0
1963,0.2,3,0,0
1964,0.2,2,1,1
1965,0.2,2,1,0
1966,0.2,2,1,0
1967,0.2,2,1,1
1968,0.2,1,1,1
1969,0.2,1,1,1
1970,0.2,3,1,0
1971,0.2,1,1,1
1972,0.2,3,0,0
1973,0.2,3,0,0
1974,1.0,3,1,1
1975,0.2,3,0,0
1976,0.2,3,0,0
1977,0.2,3,0,0
1978,0.2,2,1,0
1979,0.2,1,1,1
1980,0.2,2,1,0
1981,0.2,3,1,0
1982,1.0,0,1,1
1983,0.2,1,1,1
1984,0.2,3,0,0
1985,1.0,1,1,1
1986,1.0,3,0,0
1987,0.2,3,1,0
1988,0.2,1,1,1
1989,0.2,2,1,1
1990,0.2,2,1,0
1991,1.0,1,1,1
1992,0.2,3,0,0
1993,0.2,3,0,0
1994,1.0,2,1,1
1995,0.2,0,1,1
1996,0.2,3,1,0
1997,0.2,3,0,0
1998,0.2,2,1,1
1999,0.2,1,1,1
2000,1.0,3,0,1
2001,0.2,1,1,1
2002,1.0,2,1,1
2003,0.2,1,1,1
2004,0.2,3,0,0
2005,0.2,1,1,1
2006,0.2,3,0,0
2007,0.2,3,0,0
2008,0.2,3,1,0
2009,0.2,3,0,0
2010,0.2,3,1,0
2011,0.2,3,0,0
2012,1.0,1,1,1
2013,0.2,1,1,1
2014,0.2,3,0,0
2015,0.2,1,1,1
2016,0.2,0,1,1
2017,0.2,3,0,0
2018,1.0,3,0,0
2019,1.0,3,0,1
2020,0.2,0,1,1
2021,0.2,2,1,1
2022,0.2,1,1,1
2023,0.2,2,1,1
2024,0.2,2,1,1
2025,0.2,1,1,1
2026,0.2,3,0,0
2027,0.2,3,0,0
2028,1.0,1,1,1
2029,0.2,2,1,1
2030,0.2,3,0,0
2031,0.2,3,0,0
2032,0.2,3,0,0
2033,0.2,0,1,1
2034,0.2,3,0,0
2035,0.2,2,1,1
2036,1.0,3,1,0
2037,0.2,0,1,1
2038,0.2,3,0,0
2039,0.2,3,0,0
2040,0.2,3,1,0
2041,2.2,0,1,1
2042,2.2,3,0,1
2043,0.2,3,0,0
2044,0.2,3,1,0
2045,0.2,1,1,1
2046,0.2,3,0,0
2047,0.2,3,0,0
2048,0.2,3,0,0
2049,0.2,3,0,0
2050,2.2,3,0,1
2051,1.0,3,1,0
2052,0.2,1,1,1
2053,0.2,1,1,1
2054,0.2,3,0,0
2055,0.2,3,0,0
2056,0.2,2,1,0
2057,0.2,3,0,0
2058,0.2,2,1,0
2059,0.2,2,1,0
2060,0.2,0,1,1
2061,1.0,3,0,0
2062,0.2,3,1,0
2063,1.0,3,0,1
2064,0.2,3,0,0
2065,1.0,3,1,0
2066,0.2,3,0,0
2067,0.2,3,0,0
2068,0.2,1,1,1
2069,0.2,3,0,0
2070,0.2,3,0,0
2071,0.2,2,1,0
2072,1.0,0,1,1
2073,1.0,2,1,1
2074,1.0,3,0,0
2075,0.2,2,1,0
2076,1.0,3,0,0
2077,0.2,1,1,1
2078,1.8,3,0,0
2079,0.2,3,0,0
2080,0.2,1,1,1
2081,1.0,3,0,1
2082,0.2,0,1,1
2083,1.0,0,1,1
2084,0.2,3,0,0
2085,0.2,3,0,0
2086,0.2,3,0,1
2087,0.2,3,0,0
2088,0.2,3,0,0
2089,1.0,1,1,1
2090,0.2,3,0,0
2091,0.2,1,1,1
2092,0.2,3,0,0
2093,0.2,3,0,0
2094,0.2,3,0,0
2095,0.2,3,0,0
2096,0.2,3,0,0
2097,0.2,3,0,0
2098,0.2,2,1,1
2099,0.2,3,0,0
2100,0.2,2,1,0
2101,1.0,0,1,1
2102,2.2,3,0,1
2103,1.0,1,1,1
2104,0.2,1,1,1
2105,0.2,3,0,0
2106,2.2,2,1,1
2107,0.2,1,1,1
2108,1.0,3,0,0
2109,0.2,1,1,1
2110,0.2,3,0,0
2111,0.2,3,0,0
2112,1.0,0,1,1
2113,1.0,3,1,0
2114,0.2,3,0,0
2115,0.2,2,1,0
2116,0.2,3,0,0
2117,1.0,3,1,0
2118,0.2,3,0,0
2119,0.2,2,1,0
2120,0.2,3,0,0
2121,0.2,3,0,1
2122,1.0,1,1,1
2123,0.2,2,1,0
2124,0.2,2,1,0
2125,2.2,3,0,0
2126,0.2,3,0,1
2127,0.2,3,0,0
2128,2.2,2,1,1
2129,0.2,2,1,1
2130,0.2,1,1,1
2131,0.2,3,0,0
2132,0.2,3,1,0
2133,0.2,2,1,0
2134,0.2,2,1,1
2135,0.2,3,0,0
2136,0.2,1,1,1
2137,1.0,1,1,1
2138,0.2,0,1,1
2139,0.2,3,0,0
2140,0.2,3,0,0
2141,1.0,3,0,0
2142,0.2,3,0,1
2143,0.2,3,0,0
2144,0.2,1,1,1
2145,1.0,3,0,0
2146,0.2,3,0,1
2147,0.2,2,1,0
2148,0.2,2,1,1
2149,1.0,0,1,1
2150,0.2,3,0,0
2151,1.0,3,0,0
2152,2.2,3,0,1
2153,1.0,2,1,1
2154,0.2,3,0,1
2155,0.2,3,0,0
2156,0.2,2,1,1
2157,0.2,3,0,0
2158,1.0,1,1,1
2159,0.2,2,1,0
2160,0.2,3,0,0
2161,0.2,1,1,1
2162,0.2,3,0,0
2163,0.2,3,0,0
2164,0.2,3,0,0
2165,0.2,1,1,1
2166,2.2,2,1,1
2167,2.2,3,0,0
2168,0.2,3,0,0
2169,0.2,1,1,1
2170,2.2,1,1,1
2171,0.2,3,1,0
2172,0.2,3,0,0
2173,0.2,3,0,0
2174,0.2,3,0,0
2175,0.2,3,1,0
2176,1.0,1,1,1
2177,0.2,1,1,1
2178,0.2,3,0,0
2179,0.2,3,0,0
2180,0.2,0,1,1
2181,0.2,3,1,0
2182,0.2,0,1,1
2183,1.0,1,1,1
2184,1.0,2,1,1
2185,1.0,3,0,1
2186,0.2,3,1,0
2187,0.2,3,0,0
2188,0.2,3,0,0
2189,0.2,3,0,0
2190,2.2,3,0,1
2191,0.2,3,0,0
2192,0.2,2,1,1
2193,2.2,1,1,1
2194,0.2,3,0,0
2195,0.2,0,1,1
2196,0.2,1,1,1
2197,1.0,1,1,1
2198,0.2,1,1,1
2199,0.2,3,0,0
2200,0.2,3,0,0
2201,0.2,3,0,0
2202,0.2,1,1,1
2203,0.2,3,0,0
2204,0.2,2,1,1
2205,0.2,2,1,0
2206,1.0,2,1,1
2207,0.2,3,0,0
2208,0.2,3,0,0
2209,0.2,1,1,1
2210,0.2,3,0,0
2211,0.2,3,1,0
2212,0.2,1,1,1
2213,0.2,2,1,0
2214,0.2,1,1,1
2215,1.0,3,1,0
2216,0.2,3,0,0
2217,1.0,3,0,0
2218,0.2,3,0,0
2219,0.2,3,0,0
2220,1.0,1,1,1
2221,2.2,3,0,1
2222,0.2,1,1,1
2223,0.2,3,0,0
2224,0.2,3,0,0
2225,0.2,3,1,0
2226,0.2,1,1,1
2227,0.2,3,1,0
2228,0.2,2,1,1
2229,0.2,3,0,0
2230,0.2,3,0,0
2231,0.2,1,1,1
2232,0.2,2,1,0
2233,0.2,1,1,1
2234,0.2,2,1,1
2235,0.2,2,1,0
2236,0.2,2,1,1
2237,0.2,3,0,0
2238,0.2,3,0,0
2239,1.0,3,1,0
2240,0.2,3,1,0
2241,0.2,3,0,0
2242,0.2,3,0,0
2243,0.2,1,1,1
2244,0.2,1,1,1
2245,1.0,3,0,0
2246,0.2,1,1,1
2247,0.2,3,1,0
2248,0.2,2,1,0
2249,0.2,3,0,0
2250,0.2,3,0,0
2251,1.0,3,0,0
2252,0.2,3,0,0
2253,0.2,3,0,0
2254,0.2,2,1,0
2255,0.2,3,0,0
2256,0.2,3,0,0
2257,0.2,3,0,0
2258,0.2,3,0,0
2259,0.2,3,0,0
2260,0.2,3,0,0
2261,0.2,3,0,0
2262,0.2,3,0,0
2263,0.2,3,0,0
2264,1.0,3,0,1
2265,0.2,3,0,0
2266,0.2,3,0,0
2267,0.2,0,1,1
2268,0.2,3,1,0
2269,2.2,3,0,1
2270,0.2,2,1,1
2271,0.2,3,0,0
2272,1.0,3,0,0
2273,0.2,3,0,0
2274,0.2,3,0,0
2275,0.2,1,1,1
2276,0.2,3,0,0
2277,0.2,3,0,1
2278,0.2,2,1,0
2279,0.2,3,0,0
2280,2.2,3,0,0
2281,0.2,3,0,0
2282,0.2,3,0,0
2283,0.2,3,1,0
2284,0.2,3,0,0
2285,0.2,1,1,1
2286,0.2,3,0,0
2287,0.2,3,0,0
2288,0.2,2,1,0
2289,0.2,2,1,0
2290,0.2,3,0,0
2291,1.0,3,1,0
2292,0.2,3,0,0
2293,0.2,3,0,0
2294,0.2,1,1,1
2295,0.2,3,0,0
2296,0.2,3,0,0
2297,0.2,3,1,0
2298,0.2,2,1,0
2299,0.2,3,0,0
2300,0.2,3,0,0
2301,0.2,3,0,0
2302,0.2,1,1,1
2303,0.2,0,1,1
2304,0.2,1,1,1
2305,1.0,2,1,1
2306,0.2,2,1,1
2307,0.2,0,1,1
2308,0.2,3,0,0
2309,0.2,1,1,1
2310,0.2,3,0,0
2311,1.0,3,0,0
2312,1.0,0,1,1
2313,0.2,3,0,0
2314,1.0,3,0,0
2315,0.2,1,1,1
2316,0.2,2,1,1
2317,0.2,3,0,0
2318,0.2,2,1,1
2319,1.0,2,1,1
2320,0.2,2,1,1
2321,0.2,3,0,0
2322,0.2,3,0,0
2323,0.2,2,1,0
2324,1.0,0,1,1
2325,0.2,3,0,0
2326,0.2,3,0,0
2327,0.2,3,0,0
2328,0.2,3,0,0
2329,0.2,1,1,1
2330,0.2,2,1,1
2331,0.2,3,0,0
2332,1.0,1,1,1
2333,0.2,3,0,0
2334,1.0,0,1,1
2335,0.2,3,0,0
2336,0.2,1,1,1
2337,0.2,3,0,0
2338,0.2,3,0,0
2339,0.2,3,0,0
2340,1.0,2,1,1
2341,0.2,3,0,0
2342,0.2,3,0,0
2343,0.2,3,0,0
2344,1.0,0,1,1
2345,0.2,0,1,1
2346,0.2,3,0,0
2347,0.2,3,0,0
2348,0.2,3,1,0
2349,0.2,0,1,1
2350,1.0,0,1,1
2351,0.2,3,0,0
2352,0.2,1,1,1
2353,1.0,3,0,1
2354,0.2,3,0,0
2355,1.0,3,0,0
2356,0.2,1,1,1
2357,1.0,2,1,1
2358,1.0,1,1,1
2359,1.0,2,1,1
2360,1.0,3,0,0
2361,0.2,0,1,1
2362,1.0,2,1,1
2363,0.2,1,1,1
2364,0.2,3,0,0
2365,0.2,3,0,0
2366,0.2,2,1,1
2367,0.2,3,0,0
2368,0.2,2,1,0
2369,0.2,1,1,1
2370,0.2,2,1,0
2371,1.0,0,1,1
2372,0.2,2,1,0
2373,0.2,3,0,0
2374,0.2,3,1,0
2375,0.2,0,1,1
2376,1.0,1,1,1
2377,0.2,3,1,0
2378,1.0,2,1,1
2379,0.2,2,1,0
2380,2.2,2,1,1
2381,0.2,1,1,1
2382,0.2,2,1,0
2383,0.2,1,1,1
2384,0.2,1,1,1
2385,0.2,2,1,1
2386,1.0,3,0,1
2387,0.2,3,0,0
2388,0.2,3,0,0
2389,2.2,2,1,1
2390,0.2,3,1,0
2391,0.2,2,1,1
2392,0.2,2,1,1
2393,1.0,3,0,1
2394,0.2,3,0,0
2395,0.2,1,1,1
2396,0.2,1,1,1
2397,0.2,1,1,1
2398,0.2,1,1,1
2399,0.2,2,1,1
2400,0.2,3,0,0
2401,0.2,3,0,0
2402,1.0,1,1,1
2403,0.2,3,0,0
2404,0.2,3,0,0
2405,0.2,2,1,0
2406,0.2,1,1,1
2407,1.0,2,1,1
2408,3.0,1,1,1
2409,2.2,3,0,0
2410,0.2,3,0,0
2411,1.0,3,0,0
2412,2.2,2,1,1
2413,0.2,1,1,1
2414,1.0,3,0,0
2415,1.0,3,1,1
2416,0.2,2,1,1
2417,0.2,1,1,1
2418,0.2,3,1,0
2419,0.2,0,1,1
2420,0.2,3,0,0
2421,1.0,1,1,1
2422,1.0,3,0,1
2423,0.2,3,0,0
2424,0.2,2,1,1
2425,0.2,3,0,0
2426,0.2,3,0,0
2427,1.0,1,1,1
2428,0.2,3,0,0
2429,1.8,3,0,0
2430,1.0,3,0,0
2431,0.2,3,0,0
2432,0.2,3,0,0
2433,0.2,3,1,0
2434,0.2,3,0,0
2435,1.0,0,1,1
2436,0.2,3,0,0
2437,0.2,3,0,0
2438,1.0,3,0,0
2439,1.0,3,1,0
2440,0.2,3,0,1
2441,1.0,0,1,1
2442,0.2,2,1,1
2443,0.2,3,0,0
2444,1.0,3,0,0
2445,1.0,3,0,1
2446,0.2,3,0,0
2447,0.2,3,0,0
2448,1.0,3,0,1
2449,1.0,3,0,1
2450,1.0,2,1,1
2451,0.2,1,1,1
2452,0.2,3,0,0
2453,0.2,3,0,0
2454,0.2,3,0,0
2455,0.2,3,0,0
2456,0.2,0,1,1
2457,0.2,2,1,0
2458,0.2,3,0,0
2459,1.0,0,1,1
2460,0.2,3,0,1
2461,0.2,0,1,1
2462,0.2,3,0,0
2463,0.2,1,1,1
2464,0.2,1,1,1
2465,0.2,3,0,1
2466,0.2,3,0,1
2467,0.2,2,1,0
2468,0.2,1,1,1
2469,0.2,2,1,1
2470,0.2,3,0,0
2471,0.2,3,0,0
2472,0.2,2,1,0
2473,0.2,1,1,1
2474,1.0,1,1,1
2475,1.0,3,0,0
2476,0.2,3,1,0
2477,0.2,2,1,1
2478,0.2,3,0,0
2479,0.2,3,0,0
2480,0.2,1,1,1
2481,0.2,3,1,0
2482,0.2,1,1,1
2483,0.2,0,1,1
2484,0.2,1,1,1
2485,0.2,0,1,1
2486,0.2,2,1,1
2487,0.2,3,0,0
2488,0.2,3,1,0
2489,0.2,2,1,0
2490,0.2,3,1,0
2491,0.2,3,0,0
2492,0.2,3,0,0
2493,1.0,3,0,1
2494,1.0,3,0,1
2495,0.2,3,0,0
2496,0.2,2,1,1
2497,0.2,1,1,1
2498,0.2,3,0,0
2499,1.0,1,1,1
2500,0.2,3,0,0
2501,0.2,3,0,0
2502,1.0,3,0,1
2503,0.2,3,0,0
2504,1.0,3,0,0
2505,0.2,3,1,0
2506,0.2,3,1,0
2507,0.2,2,1,1
2508,0.2,3,0,0
2509,0.2,3,0,0
2510,0.2,3,0,0
2511,1.0,3,0,1
2512,0.2,3,0,0
2513,1.0,3,0,0
2514,0.2,3,0,0
2515,1.0,2,1,1
2516,0.2,3,0,0
2517,0.2,1,1,1
2518,0.2,3,0,0
2519,0.2,3,0,0
2520,0.2,3,0,0
2521,1.0,2,1,1
2522,0.2,3,0,0
2523,0.2,0,1,1
2524,0.2,3,1,0
2525,0.2,2,1,0
2526,0.2,3,0,0
2527,0.2,3,1,0
2528,0.2,3,0,0
2529,1.0,2,1,1
2530,1.0,3,0,0
2531,0.2,3,0,0
2532,1.0,2,1,1
2533,0.2,1,1,1
2534,0.2,3,0,0
2535,0.2,3,1,0
2536,0.2,3,0,0
2537,1.0,3,0,0
2538,0.2,3,0,0
2539,0.2,2,1,1
2540,0.2,1,1,1
2541,0.2,2,1,0
2542,0.2,2,1,1
2543,1.0,2,1,1
2544,0.2,3,0,1
2545,0.2,1,1,1
2546,0.2,1,1,1
2547,0.2,3,0,0
2548,0.2,3,0,0
2549,1.0,2,1,1
2550,0.2,3,0,0
2551,0.2,1,1,1
2552,0.2,3,0,0
2553,0.2,3,0,0
2554,0.2,3,0,0
2555,0.2,2,1,0
2556,0.2,3,0,0
2557,0.2,2,1,0
2558,0.2,1,1,1
2559,0.2,1,1,1
2560,2.2,3,0,1
2561,0.2,1,1,1
2562,0.2,3,0,0
2563,0.2,3,0,0
2564,0.2,3,0,0
2565,0.2,2,1,1
2566,1.0,3,0,1
2567,0.2,1,1,1
2568,1.0,0,1,1
2569,1.0,1,1,1
2570,0.2,3,0,0
2571,0.2,3,0,0
2572,0.2,3,0,0
2573,1.0,3,0,0
2574,0.2,2,1,0
2575,0.2,2,1,1
2576,0.2,1,1,1
2577,0.2,1,1,1
2578,1.0,3,0,0
2579,1.0,2,1,1
2580,0.2,0,1,1
2581,1.0,1,1,1
2582,0.2,2,1,0
2583,0.2,3,0,0
2584,0.2,3,0,0
2585,0.2,3,0,0
2586,0.2,3,1,0
2587,1.0,3,0,0
2588,1.0,3,0,0
2589,0.2,2,1,1
2590,0.2,1,1,1
2591,0.2,3,0,0
2592,0.2,2,1,0
2593,0.2,3,0,0
2594,0.2,0,1,0
2595,1.0,3,0,1
2596,0.2,3,0,0
2597,0.2,3,0,0
2598,0.2,3,0,0
2599,0.2,3,0,0
2600,0.2,0,1,1
2601,0.2,3,0,0
2602,0.2,3,0,0
2603,0.2,2,1,0
2604,0.2,3,0,0
2605,0.2,3,0,0
2606,0.2,3,0,0
2607,0.2,3,0,0
2608,1.0,3,1,1
2609,0.2,2,1,0
2610,1.0,3,0,0
2611,1.0,0,1,1
2612,0.2,1,1,1
2613,0.2,3,0,1
2614,0.2,3,0,0
2615,1.0,3,0,1
2616,1.0,0,1,1
2617,0.2,1,1,1
2618,0.2,2,1,0
2619,0.2,2,1,0
2620,0.2,3,0,0
2621,0.2,3,0,0
2622,0.2,3,0,0
2623,0.2,1,1,1
2624,0.2,3,1,0
2625,0.2,1,1,1
2626,1.0,3,0,0
2627,0.2,0,1,1
2628,1.0,3,0,0
2629,1.0,1,1,1
2630,0.2,2,1,1
2631,0.2,3,0,0
2632,0.2,3,0,0
2633,0.2,1,1,1
2634,0.2,3,0,0
2635,1.0,3,0,0
2636,1.0,0,1,1
2637,0.2,3,0,0
2638,0.2,3,0,0
2639,1.0,1,1,1
2640,1.0,2,1,1
2641,0.2,1,1,1
2642,0.2,3,0,0
2643,1.0,3,0,0
2644,0.2,3,0,0
2645,0.2,3,0,1
2646,0.2,2,1,0
2647,0.2,2,1,1
2648,0.2,2,1,1
2649,0.2,2,1,1
2650,0.2,3,0,0
2651,0.2,3,1,0
2652,0.2,3,0,0
2653,0.2,3,0,0
2654,0.2,3,0,0
2655,1.0,3,0,0
2656,0.2,3,0,0
2657,1.0,2,1,0
2658,0.2,3,0,0
2659,1.0,3,0,0
2660,3.4000000000000004,3,0,0
2661,0.2,3,0,0
2662,0.2,3,0,0
2663,0.2,2,1,1
2664,0.2,1,1,1
2665,0.2,2,1,1
2666,2.2,2,1,1
2667,1.0,3,0,0
2668,0.2,0,1,1
2669,0.2,1,1,1
2670,0.2,3,0,0
2671,0.2,2,1,0
2672,0.2,1,1,1
2673,0.2,2,1,0
2674,0.2,2,1,0
2675,0.2,1,1,1
2676,0.2,3,0,0
2677,1.0,1,1,1
2678,0.2,1,1,1
2679,0.2,3,0,0
2680,1.0,3,0,0
2681,0.2,2,1,0
2682,0.2,3,0,0
2683,0.2,2,1,0
2684,0.2,2,1,0
2685,0.2,1,1,1
2686,0.2,1,1,1
2687,0.2,3,0,0
2688,0.2,3,0,0
2689,0.2,1,1,1
2690,0.2,1,1,1
2691,0.2,3,0,0
2692,0.2,3,0,0
2693,0.2,3,0,0
2694,0.2,3,0,0
2695,1.0,2,1,1
2696,0.2,1,1,1
2697,0.2,3,0,0
2698,0.2,0,1,1
2699,0.2,1,1,1
2700,0.2,2,1,0
2701,0.2,1,1,1
2702,0.2,2,1,1
2703,0.2,3,0,0
2704,0.2,3,1,0
2705,0.2,3,0,0
2706,0.2,3,1,0
2707,1.0,3,0,1
2708,0.2,0,1,1
2709,0.2,3,0,0
2710,0.2,3,0,0
2711,1.0,2,1,1
2712,0.2,3,0,0
2713,0.2,2,1,0
2714,0.2,3,0,0
2715,0.2,3,1,0
2716,0.2,1,1,1
2717,0.2,2,1,0
2718,0.2,3,0,0
2719,0.2,3,0,0
2720,0.2,3,0,0
2721,1.0,1,1,1
2722,1.0,3,0,1
2723,0.2,3,0,0
2724,0.2,2,1,1
2725,1.0,1,1,1
2726,0.2,3,0,0
2727,0.2,0,1,1
2728,0.2,0,1,1
2729,0.2,1,1,1
2730,0.2,1,1,1
2731,0.2,3,0,0
2732,0.2,1,1,1
2733,0.2,2,1,1
2734,0.2,3,0,0
2735,1.0,3,0,1
2736,0.2,3,0,0
2737,0.2,3,0,0
2738,1.0,2,1,0
2739,0.2,3,0,0
2740,0.2,2,1,0
2741,0.2,2,1,1
2742,0.2,3,1,0
2743,0.2,3,0,0
2744,0.2,2,1,0
2745,0.2,3,0,0
2746,1.0,3,0,1
2747,0.2,3,0,0
2748,0.2,3,0,0
2749,1.0,1,1,1
2750,1.0,3,0,0
2751,0.2,3,0,0
2752,0.2,2,1,0
2753,0.2,3,0,0
2754,1.0,1,1,1
2755,1.0,3,0,0
2756,0.2,1,1,1
2757,0.2,3,0,0
2758,0.2,2,1,0
2759,0.2,1,1,1
2760,0.2,1,1,1
2761,1.0,2,1,1
2762,0.2,3,0,0
2763,0.2,3,0,0
2764,0.2,0,1,1
2765,1.0,1,1,1
2766,0.2,3,0,0
2767,0.2,1,1,1
2768,1.0,0,1,1
2769,0.2,0,1,1
2770,0.2,0,1,1
2771,0.2,0,1,1
2772,0.2,2,1,0
2773,1.0,1,1,1
2774,0.2,3,0,0
2775,0.2,3,0,0
2776,1.0,3,0,1
2777,0.2,3,1,0
2778,0.2,3,0,0
2779,1.0,0,1,1
2780,0.2,3,0,0
2781,0.2,2,1,0
2782,0.2,3,0,0
2783,1.0,3,0,0
2784,0.2,3,0,0
2785,0.2,2,1,0
2786,0.2,3,0,0
2787,0.2,3,0,0
2788,0.2,3,0,0
2789,0.2,3,0,0
2790,0.2,3,0,0
2791,0.2,2,1,1
2792,3.4000000000000004,1,1,1
2793,0.2,1,1,1
2794,1.0,3,0,1
2795,0.2,3,0,0
2796,0.2,1,1,1
2797,0.2,3,0,0
2798,2.2,2,1,1
2799,1.0,3,0,1
2800,0.2,1,1,1
2801,0.2,3,0,0
2802,0.2,1,1,1
2803,0.2,3,0,0
2804,0.2,3,0,0
2805,0.2,2,1,0
2806,0.2,1,1,1
2807,0.2,3,0,0
2808,0.2,3,0,0
2809,0.2,3,0,0
2810,1.0,3,1,1
2811,0.2,2,1,1
2812,2.2,1,1,1
2813,1.0,2,1,1
2814,1.0,3,1,1
2815,0.2,3,0,0
2816,1.0,3,0,1
2817,1.0,3,0,0
2818,0.2,3,0,0
2819,0.2,0,1,1
2820,0.2,0,1,1
2821,0.2,3,0,0
2822,0.2,3,0,0
2823,0.2,3,0,0
2824,1.0,3,0,0
2825,1.0,2,1,1
2826,1.0,3,0,1
2827,0.2,3,0,0
2828,1.0,3,0,0
2829,0.2,3,0,0
2830,0.2,2,1,1
2831,0.2,2,1,1
2832,0.2,3,0,0
2833,0.2,3,0,0
2834,0.2,2,1,1
2835,0.2,3,0,0
2836,0.2,2,1,1
2837,0.2,2,1,1
2838,0.2,3,0,0
2839,0.2,0,1,1
2840,0.2,3,0,0
2841,0.2,0,1,1
2842,0.2,3,0,0
2843,0.2,1,1,1
2844,2.2,1,1,1
2845,0.2,3,0,0
2846,0.2,3,0,0
2847,0.2,3,0,0
2848,0.2,3,0,0
2849,0.2,1,1,1
2850,0.2,2,1,0
2851,0.2,2,1,1
2852,0.2,3,0,0
2853,0.2,2,1,1
2854,0.2,3,0,0
2855,1.0,1,1,1
2856,0.2,1,1,1
2857,0.2,0,1,1
2858,0.2,2,1,0
2859,0.2,2,1,1
2860,1.0,0,1,1
2861,1.0,3,0,1
2862,1.0,3,0,1
2863,0.2,1,1,1
2864,0.2,3,0,0
2865,0.2,0,1,1
2866,0.2,3,0,0
2867,0.2,1,1,1
2868,0.2,1,1,1
2869,0.2,3,1,0
2870,0.2,3,0,0
2871,0.2,3,0,0
2872,0.2,0,1,1
2873,0.2,2,1,1
2874,0.2,2,1,0
2875,0.2,0,1,1
2876,0.2,3,0,0
2877,1.0,3,0,0
2878,0.2,3,0,0
2879,0.2,1,1,1
2880,0.2,1,1,1
2881,0.2,3,0,0
2882,0.2,1,1,1
2883,0.2,3,0,0
2884,1.0,2,1,1
2885,0.2,3,0,0
2886,0.2,3,1,0
2887,0.2,3,0,0
2888,0.2,2,1,1
2889,0.2,3,0,0
2890,2.2,3,0,1
2891,1.0,3,0,1
2892,0.2,3,0,0
2893,0.2,1,1,1
2894,1.0,2,1,1
2895,0.2,3,0,0
2896,0.2,2,1,0
2897,1.0,3,0,0
2898,0.2,1,1,1
2899,0.2,3,0,0
2900,0.2,3,0,0
2901,0.2,1,1,1
2902,1.0,3,0,0
2903,1.0,2,1,1
2904,0.2,2,1,1
2905,0.2,1,1,1
2906,0.2,3,0,0
2907,0.2,3,0,0
2908,0.2,3,0,0
2909,0.2,3,0,0
2910,0.2,2,1,0
2911,0.2,3,0,0
2912,1.0,3,0,0
2913,1.0,3,0,0
2914,0.2,1,1,1
2915,0.2,1,1,1
2916,0.2,1,1,1
2917,1.0,3,0,1
2918,0.2,3,0,0
2919,0.2,2,1,1
2920,3.0,3,0,0
2921,1.0,3,0,0
2922,0.2,3,0,0
2923,0.2,1,1,1
2924,0.2,3,0,0
2925,1.0,1,1,1
2926,0.2,1,1,1
2927,0.2,3,0,0
2928,0.2,3,1,0
2929,0.2,2,1,0
2930,0.2,3,0,0
2931,1.0,3,0,0
2932,0.2,3,1,0
2933,0.2,3,0,0
2934,1.0,0,1,1
2935,0.2,3,0,0
2936,2.2,2,1,1
2937,0.2,3,0,0
2938,0.2,1,1,1
2939,0.2,1,1,1
2940,1.0,0,1,1
2941,1.0,1,1,1
2942,0.2,1,1,1
2943,0.2,3,0,1
2944,0.2,3,0,0
2945,0.2,1,1,1
2946,0.2,1,1,1
2947,0.2,1,1,1
2948,0.2,3,0,0
2949,0.2,0,1,1
2950,0.2,3,0,0
2951,0.2,0,1,1
2952,0.2,2,1,1
2953,0.2,3,1,0
2954,1.0,3,0,0
2955,0.2,3,0,0
2956,1.0,2,1,1
2957,0.2,1,1,1
2958,0.2,3,0,0
2959,1.0,1,1,1
2960,0.2,2,1,1
2961,0.2,1,1,1
2962,0.2,0,1,1
2963,0.2,1,1,1
2964,0.2,3,0,0
2965,0.2,1,1,1
2966,0.2,0,1,1
2967,0.2,3,0,0
2968,0.2,2,1,1
2969,1.0,1,1,1
2970,2.2,3,0,0
2971,0.2,3,0,0
2972,0.2,3,0,0
2973,0.2,3,1,0
2974,0.2,2,1,1
2975,2.2,1,1,1
2976,0.2,0,1,1
2977,0.2,1,1,1
2978,0.2,3,0,0
2979,1.0,3,1,0
2980,0.2,2,1,1
2981,0.2,3,0,0
2982,1.0,1,1,1
2983,0.2,3,0,0
2984,0.2,2,1,0
2985,1.0,2,1,1
2986,0.2,1,1,1
2987,0.2,2,1,0
2988,0.2,3,1,0
2989,0.2,3,0,0
2990,0.2,1,1,1
2991,0.2,3,0,0
2992,0.2,3,0,0
2993,0.2,1,1,1
2994,1.0,3,0,1
2995,0.2,3,0,0
2996,1.0,3,0,0
2997,0.2,1,1,1
2998,0.2,1,1,1
2999,1.0,3,0,1
3000,1.0,3,1,0
3001,1.0,1,1,1
3002,0.2,3,0,0
3003,0.2,2,1,1
3004,0.2,3,0,0
3005,0.2,3,0,0
3006,0.2,3,0,0
3007,0.2,2,1,1
3008,1.0,3,0,0
3009,0.2,2,1,1
3010,0.2,0,1,1
3011,0.2,3,0,0
3012,0.2,2,1,0
3013,1.0,3,0,0
3014,0.2,3,0,0
3015,0.2,3,0,0
3016,0.2,3,0,0
3017,0.2,1,1,1
3018,0.2,3,0,0
3019,0.2,1,1,1
3020,2.2,2,1,1
3021,0.2,1,1,1
3022,0.2,2,1,1
3023,0.2,3,0,0
3024,0.2,1,1,1
3025,0.2,3,0,0
3026,0.2,3,1,0
3027,0.2,2,1,0
3028,1.0,1,1,1
3029,0.2,3,0,0
3030,1.0,1,1,1
3031,0.2,1,1,1
3032,0.2,3,0,0
3033,2.2,2,1,1
3034,0.2,3,0,0
3035,0.2,3,0,0
3036,0.2,3,1,0
3037,1.0,2,1,1
3038,0.2,2,1,0
3039,0.2,1,1,1
3040,1.0,3,0,0
3041,0.2,3,0,0
3042,0.2,3,0,0
3043,0.2,3,0,0
3044,0.2,1,1,1
3045,0.2,3,0,0
3046,0.2,1,1,1
3047,0.2,1,1,1
3048,1.0,3,0,0
3049,0.2,3,0,0
3050,0.2,2,1,1
3051,0.2,3,0,0
3052,0.2,3,0,0
3053,0.2,3,0,0
3054,0.2,3,0,0
3055,0.2,3,0,0
3056,0.2,3,0,0
3057,0.2,1,1,1
3058,0.2,3,0,0
3059,0.2,3,0,0
3060,0.2,3,1,0
3061,0.2,3,0,0
3062,0.2,3,0,0
3063,0.2,3,0,0
3064,0.2,3,0,0
3065,0.2,3,0,0
3066,2.2,3,0,1
3067,1.0,0,1,1
3068,0.2,0,1,1
3069,1.0,3,0,0
3070,0.2,3,1,0
3071,1.8,3,0,0
3072,0.2,3,0,0
3073,0.2,1,1,1
3074,0.2,3,0,0
3075,0.2,1,1,1
3076,0.2,2,1,1
3077,0.2,3,0,0
3078,1.0,3,0,0
3079,0.2,2,1,0
3080,0.2,3,0,0
3081,0.2,2,1,1
3082,0.2,3,0,0
3083,0.2,3,0,0
3084,0.2,2,1,1
3085,1.0,3,0,1
3086,1.0,3,0,1
3087,0.2,3,0,0
3088,1.0,3,0,1
3089,0.2,1,1,1
3090,0.2,1,1,1
3091,0.2,3,1,1
3092,1.0,1,1,1
3093,1.0,1,1,1
3094,0.2,3,0,1
3095,0.2,3,0,0
3096,0.2,1,1,1
3097,0.2,3,0,0
3098,0.2,3,0,0
3099,0.2,2,1,0
3100,1.0,3,0,1
3101,0.2,3,0,0
3102,0.2,3,1,0
3103,1.0,3,0,1
3104,0.2,3,0,0
3105,0.2,2,1,0
3106,0.2,3,0,0
3107,0.2,1,1,1
3108,0.2,2,1,0
3109,1.0,1,1,1
3110,0.2,3,1,0
3111,0.2,3,0,0
3112,0.2,2,1,1
3113,1.0,3,0,0
3114,1.0,2,1,1
3115,0.2,3,0,0
3116,0.2,3,0,0
3117,0.2,3,0,0
3118,1.0,2,1,1
3119,0.2,3,0,0
3120,0.2,3,0,0
3121,0.2,3,0,0
3122,0.2,0,1,1
3123,0.2,1,1,1
3124,0.2,1,1,1
3125,0.2,3,0,0
3126,0.2,3,0,0
3127,0.2,1,1,1
3128,0.2,3,1,0
3129,0.2,3,0,0
3130,0.2,1,1,1
3131,0.2,2,1,0
3132,0.2,1,1,1
3133,1.0,3,0,0
3134,0.2,3,1,1
3135,0.2,3,0,0
3136,0.2,3,0,0
3137,0.2,1,1,1
3138,0.2,3,0,0
3139,0.2,3,0,0
3140,0.2,3,0,0
3141,0.2,1,1,1
3142,0.2,1,1,1
3143,0.2,3,0,0
3144,2.2,3,0,1
3145,0.2,1,1,1
3146,0.2,3,0,0
3147,0.2,2,1,0
3148,1.0,3,0,0
3149,0.2,1,1,1
3150,0.2,1,1,1
3151,0.2,3,0,0
3152,0.2,1,1,1
3153,0.2,3,0,0
3154,2.2,1,1,1
3155,0.2,1,1,1
3156,0.2,1,1,1
3157,1.0,3,0,1
3158,1.0,3,1,1
3159,2.2,1,1,1
3160,1.0,1,1,1
3161,0.2,0,1,1
3162,0.2,1,1,1
3163,0.2,3,0,0
3164,0.2,2,1,0
3165,0.2,3,0,0
3166,1.0,2,1,1
3167,1.0,3,0,0
3168,1.0,2,1,0
3169,0.2,3,0,0
3170,0.2,3,0,0
3171,0.2,1,1,1
3172,0.2,3,0,0
3173,0.2,3,0,0
3174,0.2,2,1,1
3175,0.2,1,1,1
3176,0.2,1,1,1
3177,0.2,2,1,0
3178,0.2,3,0,0
3179,0.2,2,1,1
3180,1.0,1,1,1
3181,0.2,2,1,1
3182,2.2,0,1,1
3183,0.2,1,1,1
3184,0.2,3,0,0
3185,1.0,3,0,1
3186,0.2,3,0,0
3187,0.2,3,0,0
3188,0.2,2,1,1
3189,0.2,3,0,1
3190,0.2,3,0,0
3191,0.2,3,0,0
3192,0.2,3,0,0
3193,0.2,3,0,0
3194,1.0,3,0,0
3195,0.2,3,0,0
3196,0.2,1,1,1
3197,0.2,3,0,0
3198,1.0,3,0,1
3199,0.2,1,1,1
3200,1.0,2,1,1
3201,0.2,3,0,0
3202,0.2,1,1,1
3203,0.2,3,0,0
3204,0.2,3,0,0
3205,1.0,3,0,0
3206,1.0,3,0,0
3207,0.2,3,0,0
3208,0.2,1,1,1
3209,0.2,3,0,1
3210,0.2,3,0,0
3211,0.2,3,0,1
3212,1.0,3,0,0
3213,1.0,0,1,1
3214,0.2,3,0,0
3215,0.2,1,1,1
3216,1.0,2,1,1
3217,0.2,3,0,0
3218,1.0,3,1,1
3219,0.2,2,1,1
3220,0.2,1,1,1
3221,0.2,2,1,0
3222,0.2,1,1,1
3223,0.2,3,0,0
3224,1.0,3,0,0
3225,0.2,3,0,0
3226,0.2,3,0,0
3227,0.2,3,0,0
3228,0.2,0,1,1
3229,0.2,2,1,1
3230,0.2,3,0,0
3231,1.0,3,0,0
3232,1.0,1,1,1
3233,1.0,3,0,0
3234,2.2,3,0,1
3235,0.2,0,1,1
3236,0.2,3,0,0
3237,0.2,0,1,1
3238,0.2,2,1,1
3239,0.2,3,0,0
3240,0.2,3,0,1
3241,0.2,3,0,0
3242,0.2,0,1,1
3243,1.0,3,0,1
3244,0.2,2,1,0
3245,1.0,1,1,1
3246,1.0,0,1,1
3247,0.2,3,0,0
3248,0.2,3,0,0
3249,0.2,1,1,1
3250,0.2,2,1,1
3251,0.2,3,0,1
3252,0.2,3,0,0
3253,0.2,3,0,0
3254,0.2,1,1,1
3255,0.2,1,1,1
3256,0.2,0,1,1
3257,0.2,3,0,0
3258,1.0,3,0,0
3259,0.2,3,0,0
3260,0.2,2,1,1
3261,0.2,1,1,1
3262,0.2,0,1,1
3263,0.2,3,0,1
3264,0.2,1,1,1
3265,1.0,3,0,1
3266,0.2,3,0,0
3267,0.2,3,0,0
3268,0.2,2,1,1
3269,1.0,3,0,0
3270,0.2,3,1,0
3271,0.2,2,1,1
3272,0.2,3,0,0
3273,1.0,2,1,0
3274,0.2,3,0,0
3275,0.2,2,1,1
3276,0.2,1,1,1
3277,1.0,3,0,0
3278,0.2,3,0,0
3279,0.2,2,1,0
3280,0.2,0,1,1
3281,0.2,3,0,0
3282,2.2,2,1,1
3283,0.2,3,0,0
3284,0.2,2,1,0
3285,1.0,3,0,1
3286,1.0,3,0,0
3287,0.2,3,0,0
3288,0.2,2,1,0
3289,1.0,3,0,0
3290,0.2,1,1,1
3291,0.2,1,1,1
3292,0.2,1,1,1
3293,0.2,1,1,1
3294,0.2,1,1,1
3295,1.0,2,1,1
3296,1.0,3,0,0
3297,1.0,3,0,1
3298,0.2,3,0,0
3299,0.2,1,1,1
3300,0.2,3,0,0
3301,0.2,2,1,1
3302,0.2,2,1,0
3303,0.2,3,0,0
3304,0.2,3,0,0
3305,0.2,0,1,1
3306,0.2,0,1,1
3307,0.2,2,1,1
3308,0.2,3,0,0
3309,0.2,3,1,0
3310,1.0,3,0,0
3311,0.2,3,0,0
3312,0.2,1,1,1
3313,1.0,1,1,1
3314,0.2,2,1,0
3315,0.2,1,1,1
3316,0.2,1,1,1
3317,0.2,3,0,0
3318,0.2,3,0,0
3319,1.0,1,1,1
3320,0.2,3,0,0
3321,0.2,3,0,0
3322,0.2,2,1,0
3323,1.0,2,1,1
3324,0.2,3,0,1
3325,1.0,2,1,1
3326,0.2,3,0,0
3327,0.2,3,0,0
3328,2.2,2,1,1
3329,0.2,3,0,0
3330,0.2,3,0,1
3331,0.2,3,0,0
3332,0.2,1,1,1
3333,2.2,2,1,1
3334,1.0,3,0,1
3335,0.2,1,1,1
3336,0.2,3,0,0
3337,0.2,3,0,0
3338,0.2,3,0,0
3339,0.2,3,0,0
3340,0.2,1,1,1
3341,0.2,1,1,1
3342,0.2,3,0,0
3343,1.0,3,0,0
3344,0.2,3,0,0
3345,0.2,3,0,0
3346,0.2,2,1,1
3347,0.2,2,1,1
3348,1.0,3,0,1
3349,0.2,3,0,0
3350,0.2,1,1,1
3351,0.2,3,0,0
3352,0.2,3,0,0
3353,0.2,3,0,0
3354,1.0,3,0,1
3355,0.2,3,0,0
3356,1.0,3,0,1
3357,0.2,2,1,1
3358,0.2,2,1,1
3359,0.2,0,1,1
3360,0.2,3,0,0
3361,0.2,2,1,0
3362,2.2,1,1,1
3363,0.2,2,1,0
3364,0.2,3,0,0
3365,1.0,3,1,0
3366,0.2,2,1,1
3367,0.2,3,0,0
3368,1.0,3,0,0
3369,1.0,3,0,0
3370,1.0,2,1,1
3371,1.0,3,1,1
3372,1.0,1,1,1
3373,0.2,3,0,0
3374,1.0,1,1,1
3375,0.2,3,0,1
3376,0.2,3,0,0
3377,0.2,2,1,0
3378,1.0,3,1,0
3379,0.2,2,1,1
3380,0.2,2,1,0
3381,0.2,3,1,1
3382,0.2,3,0,0
3383,1.0,3,0,0
3384,0.2,1,1,1
3385,1.0,1,1,1
3386,1.0,3,0,0
3387,0.2,3,0,0
3388,0.2,3,0,0
3389,0.2,1,1,1
3390,0.2,0,1,1
3391,1.0,1,1,1
3392,1.0,1,1,1
3393,0.2,3,0,0
3394,0.2,3,0,0
3395,0.2,1,1,1
3396,0.2,3,0,0
3397,0.2,3,0,0
3398,1.0,3,0,0
3399,0.2,2,1,1
3400,0.2,2,1,1
3401,1.0,3,0,0
3402,0.2,2,1,0
3403,1.0,3,0,1
3404,0.2,3,0,0
3405,0.2,1,1,1
3406,0.2,1,1,1
3407,0.2,1,1,1
3408,0.2,0,1,1
3409,0.2,1,1,1
3410,0.2,3,1,0
3411,0.2,3,0,0
3412,0.2,1,1,1
3413,0.2,3,0,0
3414,0.2,3,0,0
3415,0.2,1,1,1
3416,0.2,0,1,1
3417,0.2,0,1,1
3418,0.2,3,0,0
3419,0.2,1,1,1
3420,0.2,1,1,1
3421,1.0,3,0,1
3422,0.2,3,0,0
3423,0.2,2,1,1
3424,0.2,3,0,0
3425,0.2,2,1,0
3426,0.2,3,0,0
3427,0.2,3,0,0
3428,1.0,1,1,1
3429,0.2,3,1,1
3430,0.2,1,1,1
3431,0.2,3,0,0
3432,0.2,0,1,1
3433,0.2,3,0,0
3434,1.0,0,1,1
3435,2.2,3,0,1
3436,0.2,2,1,1
3437,2.2,0,1,1
3438,0.2,3,0,0
3439,0.2,3,1,0
3440,0.2,0,1,1
3441,0.2,3,0,0
3442,0.2,3,0,0
3443,0.2,3,0,0
3444,1.0,3,0,1
3445,0.2,3,0,0
3446,0.2,3,0,0
3447,0.2,3,0,0
3448,0.2,1,1,1
3449,1.0,2,1,1
3450,2.2,2,1,1
3451,0.2,3,0,0
3452,0.2,3,0,1
3453,0.2,3,0,0
3454,0.2,3,0,0
3455,0.2,3,0,0
3456,1.0,3,0,0
3457,0.2,3,0,0
3458,0.2,3,0,0
3459,0.2,2,1,1
3460,3.4000000000000004,1,1,1
3461,0.2,2,1,0
3462,1.0,3,0,0
3463,1.0,3,0,0
3464,1.0,1,1,1
3465,1.0,3,0,0
3466,0.2,3,0,0
3467,1.0,3,0,0
3468,0.2,1,1,1
3469,0.2,1,1,1
3470,0.2,3,0,0
3471,0.2,3,0,0
3472,0.2,2,1,1
3473,1.0,3,0,1
3474,2.2,2,1,1
3475,1.0,3,0,0
3476,0.2,3,1,0
3477,0.2,3,0,0
3478,1.0,3,0,0
3479,0.2,3,0,0
3480,1.0,3,0,0
3481,0.2,3,0,0
3482,0.2,3,0,0
3483,0.2,2,1,0
3484,1.0,3,0,0
3485,0.2,3,0,0
3486,1.0,3,1,0
3487,0.2,2,1,0
3488,0.2,3,0,0
3489,0.2,2,1,1
3490,0.2,3,0,0
3491,0.2,1,1,1
3492,0.2,0,1,1
3493,0.2,3,0,0
3494,1.0,3,0,1
3495,0.2,3,0,0
3496,0.2,1,1,1
3497,0.2,3,0,0
3498,0.2,1,1,1
3499,0.2,0,1,1
3500,2.2,2,1,1
3501,0.2,3,0,0
3502,0.2,3,0,0
3503,0.2,1,1,1
3504,0.2,2,1,0
3505,0.2,3,0,0
3506,0.2,2,1,0
3507,1.0,2,1,0
3508,0.2,3,0,0
3509,0.2,3,0,0
3510,0.2,1,1,1
3511,0.2,3,0,0
3512,0.2,3,0,0
3513,0.2,3,0,0
3514,0.2,2,1,1
3515,0.2,3,0,0
3516,0.2,1,1,1
3517,0.2,3,0,0
3518,0.2,3,0,0
3519,0.2,3,0,0
3520,0.2,3,0,0
3521,1.0,3,0,1
3522,0.2,0,1,1
3523,0.2,3,0,0
3524,0.2,3,0,0
3525,0.2,2,1,1
3526,0.2,3,0,0
3527,0.2,3,0,0
3528,0.2,1,1,1
3529,0.2,1,1,1
3530,0.2,3,0,0
3531,0.2,3,0,1
3532,1.0,3,0,1
3533,1.0,2,1,1
3534,0.2,3,0,0
3535,0.2,2,1,1
3536,0.2,1,1,1
3537,0.2,2,1,1
3538,0.2,3,0,0
3539,0.2,0,1,1
3540,0.2,3,0,0
3541,0.2,3,0,0
3542,0.2,3,0,1
3543,0.2,2,1,0
3544,0.2,2,1,0
3545,0.2,3,0,0
3546,1.0,3,0,0
3547,0.2,2,1,0
3548,0.2,2,1,1
3549,0.2,3,0,0
3550,0.2,2,1,1
3551,0.2,1,1,1
3552,0.2,3,0,0
3553,0.2,3,0,0
3554,0.2,3,0,0
3555,2.2,3,0,0
3556,0.2,0,1,1
3557,0.2,3,0,0
3558,1.0,0,1,1
3559,0.2,1,1,1
3560,0.2,3,0,0
3561,0.2,3,0,1
3562,0.2,3,0,0
3563,1.0,1,1,1
3564,0.2,2,1,1
3565,0.2,3,0,1
3566,1.0,1,1,1
3567,0.2,1,1,1
3568,0.2,1,1,1
3569,1.0,3,1,0
3570,0.2,3,0,0
3571,2.2,3,0,0
3572,0.2,3,0,0
3573,1.0,1,1,1
3574,0.2,0,1,1
3575,0.2,1,1,1
3576,1.0,3,0,0
3577,0.2,3,0,0
3578,0.2,3,0,0
3579,0.2,3,0,0
3580,0.2,3,0,0
3581,0.2,3,0,1
3582,1.0,3,0,0
3583,1.0,0,1,1
3584,0.2,2,1,0
3585,0.2,3,1,0
3586,1.0,3,0,0
3587,0.2,3,0,0
3588,0.2,3,1,0
3589,0.2,3,0,0
3590,0.2,3,0,0
3591,2.2,3,0,1
3592,1.0,3,0,0
3593,0.2,1,1,1
3594,0.2,3,0,0
3595,1.0,3,1,0
3596,1.0,1,1,1
3597,2.2,3,0,1
3598,0.2,3,0,1
3599,1.0,3,0,0
3600,0.2,2,1,1
3601,0.2,3,0,0
3602,1.0,2,1,1
3603,1.0,2,1,1
3604,0.2,3,0,0
3605,0.2,3,0,0
3606,0.2,3,0,0
3607,0.2,3,0,0
3608,0.2,3,1,0
3609,1.0,2,1,1
3610,0.2,3,0,0
3611,0.2,2,1,1
3612,0.2,3,0,0
3613,0.2,3,0,0
3614,1.0,3,0,1
3615,1.0,1,1,1
3616,0.2,1,1,1
3617,0.2,3,0,0
3618,3.0,1,1,1
3619,0.2,0,1,1
3620,0.2,2,1,1
3621,0.2,1,1,1
3622,0.2,3,0,0
3623,0.2,3,0,0
3624,1.0,2,1,1
3625,1.0,3,0,0
3626,0.2,3,0,0
3627,0.2,2,1,1
3628,0.2,3,0,1
3629,0.2,3,0,0
3630,0.2,3,0,0
3631,0.2,3,0,0
3632,0.2,3,0,0
3633,1.0,3,0,0
3634,0.2,1,1,1
3635,0.2,3,0,0
3636,0.2,1,1,1
3637,0.2,3,0,0
3638,0.2,3,0,0
3639,1.0,3,0,0
3640,1.0,3,0,1
3641,0.2,3,0,0
3642,0.2,1,1,1
3643,0.2,2,1,1
3644,0.2,2,1,1
3645,1.0,3,0,0
3646,0.2,2,1,1
3647,0.2,3,0,0
3648,2.2,2,1,1
3649,1.0,1,1,1
3650,0.2,1,1,1
3651,0.2,1,1,1
3652,0.2,3,0,0
3653,0.2,1,1,1
3654,0.2,1,1,1
3655,0.2,3,0,0
3656,0.2,2,1,0
3657,0.2,3,0,0
3658,0.2,3,0,0
3659,1.0,2,1,1
3660,1.0,2,1,1
3661,0.2,3,0,0
3662,0.2,2,1,1
3663,0.2,3,0,0
3664,0.2,3,0,0
3665,1.0,1,1,1
3666,0.2,3,0,0
3667,0.2,2,1,1
3668,0.2,3,0,0
3669,0.2,3,0,0
3670,0.2,3,0,0
3671,0.2,2,1,1
3672,0.2,0,1,1
3673,0.2,0,1,1
3674,1.0,1,1,1
3675,0.2,2,1,0
3676,0.2,3,0,0
3677,0.2,1,1,1
3678,0.2,3,0,0
3679,1.0,2,1,1
3680,0.2,1,1,1
3681,3.8,1,1,1
3682,0.2,2,1,1
3683,0.2,2,1,0
3684,0.2,1,1,1
3685,2.2,1,1,1
3686,2.2,3,0,0
3687,1.0,3,0,0
3688,0.2,3,0,0
3689,0.2,3,0,0
3690,1.0,3,0,0
3691,0.2,3,0,0
3692,0.2,2,1,1
3693,1.0,3,0,0
3694,1.0,3,0,1
3695,0.2,2,1,1
3696,1.0,3,0,0
3697,1.0,3,0,0
3698,0.2,3,0,0
3699,0.2,3,0,0
3700,0.2,2,1,1
3701,1.0,3,1,1
3702,1.0,1,1,1
3703,0.2,1,1,1
3704,0.2,2,1,1
3705,0.2,2,1,1
3706,1.0,1,1,1
3707,0.2,3,0,0
3708,1.0,1,1,1
3709,1.0,3,0,1
3710,0.2,3,0,0
3711,0.2,3,0,0
3712,0.2,0,1,1
3713,0.2,3,0,0
3714,0.2,3,0,0
3715,0.2,3,0,0
3716,0.2,3,0,0
3717,0.2,1,1,1
3718,1.0,3,0,0
3719,1.0,2,1,1
3720,0.2,0,1,1
3721,0.2,3,0,0
3722,0.2,1,1,1
3723,0.2,2,1,0
3724,0.2,0,1,1
3725,1.0,3,0,1
3726,0.2,3,0,0
3727,0.2,1,1,1
3728,0.2,2,1,0
3729,0.2,3,0,0
3730,0.2,3,0,0
3731,0.2,3,0,0
3732,0.2,3,0,0
3733,1.0,1,1,1
3734,1.0,3,0,0
3735,0.2,3,1,0
3736,0.2,3,0,0
3737,0.2,3,0,1
3738,0.2,3,0,0
3739,0.2,3,0,1
3740,0.2,2,1,0
3741,2.2,1,1,1
3742,0.2,3,0,0
3743,0.2,2,1,0
3744,0.2,3,0,0
3745,0.2,3,0,0
3746,0.2,3,1,0
3747,0.2,2,1,0
3748,0.2,3,1,1
3749,1.0,0,1,1
3750,2.2,2,1,1
3751,1.0,3,0,1
3752,0.2,2,1,1
3753,0.2,3,0,0
3754,2.2,1,1,1
3755,0.2,1,1,1
3756,0.2,2,1,1
3757,0.2,2,1,1
3758,0.2,2,1,1
3759,0.2,3,0,0
3760,0.2,3,0,0
3761,0.2,1,1,1
3762,0.2,3,0,0
3763,1.0,3,1,0
3764,1.0,3,0,0
3765,0.2,3,1,0
3766,0.2,3,0,0
3767,0.2,0,1,1
3768,3.4000000000000004,1,1,1
3769,0.2,2,1,1
3770,0.2,1,1,1
3771,0.2,2,1,0
3772,0.2,3,0,0
3773,0.2,2,1,1
3774,1.0,3,0,1
3775,1.0,3,0,1
3776,0.2,3,0,0
3777,0.2,3,0,0
3778,1.0,3,0,0
3779,0.2,3,0,0
3780,0.2,1,1,1
3781,0.2,2,1,1
3782,1.0,3,0,0
3783,1.0,2,1,1
3784,0.2,0,1,1
3785,0.2,2,1,0
3786,0.2,3,0,0
3787,0.2,1,1,1
3788,0.2,0,1,1
3789,0.2,3,0,0
3790,0.2,1,1,1
3791,1.0,3,0,1
3792,1.0,3,0,1
3793,1.0,2,1,1
3794,1.0,2,1,1
3795,0.2,1,1,1
3796,1.0,3,0,0
3797,0.2,1,1,1
3798,1.0,3,0,1
3799,1.8,3,0,0
3800,0.2,3,0,0
3801,1.0,3,0,0
3802,0.2,2,1,0
3803,0.2,2,1,0
3804,1.0,1,1,1
3805,0.2,2,1,1
3806,1.0,2,1,0
3807,2.2,2,1,1
3808,0.2,3,0,0
3809,1.0,2,1,1
3810,0.2,3,0,0
3811,0.2,2,1,0
3812,0.2,1,1,1
3813,0.2,2,1,1
3814,0.2,1,1,1
3815,0.2,3,0,0
3816,1.0,2,1,1
3817,0.2,0,1,1
3818,0.2,3,0,1
3819,0.2,2,1,0
3820,0.2,3,0,0
3821,0.2,3,0,0
3822,0.2,1,1,1
3823,0.2,3,0,0
3824,0.2,3,0,0
3825,1.0,3,0,0
3826,0.2,3,0,0
3827,0.2,3,0,0
3828,0.2,0,1,1
3829,0.2,3,0,0
3830,0.2,3,0,0
3831,0.2,1,1,1
3832,0.2,1,1,1
3833,0.2,3,0,0
3834,1.0,3,0,0
3835,0.2,0,1,1
3836,1.0,3,1,0
3837,0.2,1,1,1
3838,0.2,3,0,0
3839,0.2,2,1,1
3840,0.2,1,1,1
3841,0.2,2,1,0
3842,1.0,2,1,1
3843,2.2,3,0,1
3844,0.2,3,0,0
3845,0.2,1,1,1
3846,0.2,3,0,0
3847,0.2,1,1,1
3848,0.2,3,0,0
3849,0.2,2,1,0
3850,0.2,3,0,0
3851,1.0,3,1,0
3852,1.0,3,0,0
3853,1.0,3,0,0
3854,0.2,3,1,0
3855,0.2,3,0,0
3856,0.2,1,1,1
3857,0.2,2,1,0
3858,0.2,0,1,1
3859,1.0,3,1,0
3860,0.2,2,1,1
3861,0.2,0,1,1
3862,0.2,3,1,0
3863,0.2,3,0,0
3864,0.2,1,1,1
3865,0.2,3,0,0
3866,0.2,1,1,1
3867,1.0,2,1,1
3868,1.0,2,1,1
3869,0.2,3,0,0
3870,0.2,1,1,1
3871,1.0,1,1,1
3872,0.2,2,1,1
3873,0.2,3,0,0
3874,1.0,0,1,1
3875,0.2,2,1,1
3876,3.0,1,1,1
3877,0.2,3,0,0
3878,0.2,2,1,1
3879,0.2,3,0,0
3880,2.2,3,0,1
3881,0.2,0,1,1
3882,0.2,3,0,0
3883,0.2,3,0,0
3884,0.2,2,1,0
3885,0.2,3,0,0
3886,0.2,3,0,0
3887,1.0,3,0,0
3888,1.0,1,1,1
3889,0.2,3,0,0
3890,0.2,3,1,0
3891,0.2,2,1,1
3892,0.2,3,1,0
3893,0.2,3,0,0
3894,0.2,3,0,0
3895,1.0,3,1,0
3896,0.2,1,1,1
3897,1.0,1,1,1
3898,1.0,3,0,0
3899,0.2,3,0,0
3900,2.2,3,0,0
3901,0.2,2,1,1
3902,1.0,3,0,0
3903,0.2,2,1,0
3904,1.0,2,1,1
3905,0.2,3,0,0
3906,0.2,3,0,0
3907,0.2,3,0,0
3908,0.2,3,0,0
3909,0.2,3,0,1
3910,0.2,1,1,1
3911,0.2,3,0,0
3912,1.0,2,1,1
3913,0.2,3,0,0
3914,1.0,3,1,0
3915,1.0,3,0,1
3916,0.2,1,1,1
3917,0.2,3,0,0
3918,0.2,3,0,0
3919,0.2,3,0,0
3920,0.2,2,1,1
3921,0.2,2,1,1
3922,0.2,3,1,0
3923,1.0,0,1,1
3924,0.2,2,1,1
3925,0.2,3,0,0
3926,1.0,3,0,0
3927,1.0,3,0,0
3928,0.2,2,1,1
3929,1.0,3,0,1
3930,1.0,1,1,1
3931,0.2,1,1,1
3932,0.2,2,1,0
3933,1.0,1,1,1
3934,0.2,2,1,1
3935,0.2,0,1,1
3936,1.0,3,1,1
3937,0.2,1,1,1
3938,0.2,2,1,0
3939,0.2,3,1,0
3940,1.0,2,1,1
3941,0.2,3,0,0
3942,0.2,3,0,0
3943,0.2,2,1,1
3944,0.2,0,1,1
3945,1.0,1,1,1
3946,0.2,2,1,1
3947,0.2,3,0,0
3948,0.2,3,1,1
3949,0.2,3,0,0
3950,0.2,2,1,1
3951,1.0,3,0,0
3952,0.2,3,0,0
3953,0.2,3,0,0
3954,0.2,3,0,0
3955,0.2,3,1,0
3956,1.0,2,1,1
3957,0.2,2,1,1
3958,0.2,3,0,0
3959,0.2,2,1,1
3960,0.2,3,0,0
3961,0.2,3,0,0
3962,0.2,3,0,0
3963,2.2,3,0,1
3964,0.2,1,1,1
3965,0.2,0,1,1
3966,0.2,2,1,1
3967,0.2,2,1,0
3968,0.2,3,0,0
3969,0.2,1,1,1
3970,0.2,3,0,0
3971,0.2,1,1,1
3972,0.2,3,0,0
3973,0.2,2,1,1
3974,0.2,3,1,0
3975,1.0,3,0,0
3976,0.2,1,1,1
3977,0.2,3,1,0
3978,0.2,2,1,1
3979,0.2,3,0,0
3980,0.2,3,1,0
3981,0.2,3,0,0
3982,0.2,2,1,0
3983,0.2,3,0,1
3984,0.2,1,1,1
3985,1.0,3,1,1
3986,0.2,1,1,1
3987,0.2,2,1,0
3988,0.2,1,1,1
3989,2.2,3,0,1
3990,0.2,2,1,1
3991,0.2,3,0,0
3992,0.2,2,1,0
3993,2.2,3,0,0
3994,0.2,2,1,1
3995,0.2,3,0,0
3996,1.0,0,1,1
3997,0.2,3,0,0
3998,0.2,3,0,0
3999,1.0,3,0,0
4000,0.2,2,1,1
4001,0.2,3,1,0
4002,0.2,2,1,1
4003,0.2,3,0,0
4004,1.0,0,1,1
4005,0.2,3,0,0
4006,3.4000000000000004,1,1,1
4007,0.2,3,1,0
4008,0.2,3,0,0
4009,1.0,3,0,1
4010,1.0,3,0,1
4011,0.2,3,1,0
4012,0.2,0,1,1
4013,0.2,1,1,1
4014,0.2,2,1,0
4015,1.0,1,1,1
4016,0.2,2,1,1
4017,0.2,3,0,0
4018,0.2,1,1,1
4019,0.2,3,0,0
4020,0.2,3,0,0
4021,0.2,3,0,0
4022,0.2,3,0,0
4023,0.2,3,0,0
4024,1.0,3,0,1
4025,0.2,1,1,1
4026,0.2,2,1,1
4027,1.0,2,1,1
4028,1.0,3,0,0
4029,0.2,3,0,0
4030,0.2,3,0,0
4031,0.2,0,1,1
4032,0.2,3,0,0
4033,0.2,3,0,0
4034,1.0,3,0,1
4035,0.2,3,0,0
4036,0.2,3,0,0
4037,0.2,3,0,0
4038,0.2,2,1,0
4039,1.0,3,0,0
4040,0.2,3,0,0
4041,0.2,3,1,0
4042,0.2,3,0,1
4043,1.0,3,1,0
4044,0.2,3,0,0
4045,0.2,3,0,0
4046,2.2,1,1,1
4047,0.2,3,0,0
4048,0.2,1,1,1
4049,2.2,2,1,1
4050,0.2,2,1,0
4051,0.2,3,0,0
4052,1.0,3,1,1
4053,0.2,3,0,0
4054,0.2,3,0,0
4055,0.2,3,0,0
4056,1.0,3,1,0
4057,3.8,1,1,0
4058,0.2,3,0,0
4059,1.0,2,1,1
4060,1.0,1,1,1
4061,0.2,3,0,0
4062,0.2,1,1,1
4063,0.2,0,1,1
4064,0.2,3,0,1
4065,0.2,3,0,0
4066,0.2,3,0,0
4067,0.2,3,0,0
4068,0.2,3,0,0
4069,0.2,2,1,0
4070,0.2,2,1,1
4071,0.2,3,0,0
4072,0.2,3,0,0
4073,0.2,3,0,0
4074,1.0,3,1,0
4075,1.0,3,0,1
4076,0.2,3,0,0
4077,0.2,1,1,1
4078,0.2,1,1,1
4079,0.2,1,1,1
4080,0.2,2,1,1
4081,1.0,0,1,1
4082,0.2,3,0,0
4083,0.2,3,0,0
4084,0.2,2,1,1
4085,0.2,1,1,1
4086,0.2,1,1,1
4087,0.2,3,0,0
4088,0.2,3,0,0
4089,0.2,3,0,0
4090,0.2,3,0,0
4091,2.2,1,1,1
4092,0.2,2,1,1
4093,1.0,1,1,1
4094,0.2,3,0,0
4095,2.2,0,1,1
4096,0.2,3,0,0
4097,0.2,0,1,1
4098,0.2,2,1,0
4099,0.2,3,0,0
4100,1.0,3,0,1
4101,0.2,1,1,1
4102,1.0,3,0,0
4103,0.2,3,0,0
4104,0.2,3,0,0
4105,0.2,2,1,1
4106,0.2,1,1,1
4107,0.2,1,1,1
4108,0.2,2,1,0
4109,1.0,3,0,1
4110,0.2,3,0,0
4111,0.2,2,1,1
4112,0.2,3,1,0
4113,1.0,1,1,1
4114,0.2,3,1,0
4115,0.2,3,0,0
4116,0.2,3,0,0
4117,0.2,3,0,0
4118,0.2,2,1,0
4119,0.2,3,0,0
4120,0.2,1,1,1
4121,1.0,3,0,0
4122,0.2,3,0,0
4123,0.2,1,1,1
4124,0.2,2,1,1
4125,1.0,3,0,1
4126,0.2,2,1,1
4127,0.2,3,0,0
4128,1.0,1,1,1
4129,0.2,3,0,0
4130,2.2,3,0,1
4131,1.0,1,1,1
4132,0.2,0,1,1
4133,0.2,2,1,1
4134,0.2,3,0,0
4135,0.2,3,0,0
4136,0.2,3,0,0
4137,0.2,1,1,1
4138,0.2,3,0,0
4139,0.2,3,0,0
4140,0.2,3,0,0
4141,0.2,3,0,0
4142,0.2,1,1,1
4143,0.2,0,1,1
4144,0.2,3,0,0
4145,1.0,3,0,1
4146,0.2,1,1,1
4147,1.0,3,0,0
4148,0.2,0,1,1
4149,0.2,3,0,0
4150,1.0,3,0,1
4151,0.2,3,0,0
4152,1.0,2,1,1
4153,0.2,3,0,0
4154,1.0,2,1,1
4155,0.2,2,1,1
4156,0.2,3,0,0
4157,1.0,3,0,0
4158,0.2,1,1,1
4159,0.2,3,0,0
4160,0.2,3,0,0
4161,0.2,3,1,0
4162,0.2,3,0,0
4163,0.2,1,1,1
4164,0.2,1,1,1
4165,0.2,3,0,0
4166,0.2,3,1,0
4167,0.2,3,0,0
4168,0.2,3,0,0
4169,0.2,3,0,0
4170,0.2,1,1,1
4171,1.0,3,0,0
4172,1.0,3,1,0
4173,1.0,3,0,0
4174,0.2,1,1,1
4175,0.2,3,0,0
4176,0.2,1,1,1
4177,0.2,2,1,1
4178,0.2,3,0,0
4179,0.2,1,1,1
4180,0.2,3,0,0
4181,0.2,3,0,0
4182,0.2,2,1,1
4183,0.2,2,1,1
4184,1.0,2,1,1
4185,1.0,3,0,1
4186,0.2,3,0,0
4187,1.0,3,0,0
4188,0.2,3,0,0
4189,0.2,2,1,1
4190,0.2,3,0,0
4191,0.2,3,0,0
4192,0.2,2,1,1
4193,0.2,3,0,0
4194,0.2,3,0,0
4195,0.2,1,1,1
4196,1.0,3,0,0
4197,0.2,0,1,1
4198,0.2,3,0,0
4199,0.2,2,1,0
4200,0.2,3,0,0
4201,0.2,3,0,0
4202,0.2,3,1,0
4203,0.2,3,0,0
4204,0.2,2,1,1
4205,1.0,1,1,1
4206,0.2,0,1,1
4207,0.2,0,1,1
4208,0.2,3,0,0
4209,0.2,1,1,1
4210,0.2,3,0,0
4211,0.2,2,1,1
4212,0.2,1,1,1
4213,1.0,0,1,1
4214,0.2,1,1,1
4215,0.2,3,0,0
4216,0.2,2,1,1
4217,0.2,1,1,1
4218,0.2,2,1,1
4219,0.2,2,1,1
4220,0.2,3,0,0
4221,0.2,3,0,0
4222,0.2,2,1,0
4223,0.2,3,0,0
4224,1.0,2,1,1
4225,1.0,3,1,1
4226,0.2,3,0,0
4227,0.2,3,0,0
4228,1.0,0,1,1
4229,1.0,2,1,1
4230,0.2,3,0,0
4231,0.2,1,1,1
4232,0.2,2,1,0
4233,0.2,1,1,1
4234,0.2,3,0,0
4235,0.2,1,1,1
4236,0.2,3,1,0
4237,0.2,3,0,0
4238,1.0,3,0,0
4239,0.2,3,0,0
4240,0.2,1,1,1
4241,0.2,1,1,1
4242,0.2,1,1,1
4243,1.0,3,0,1
4244,1.0,3,0,1
4245,0.2,2,1,0
4246,0.2,3,0,0
4247,0.2,3,0,0
4248,0.2,3,0,0
4249,0.2,3,0,1
4250,0.2,3,0,0
4251,0.2,2,1,1
4252,0.2,3,0,0
4253,0.2,3,0,0
4254,0.2,2,1,1
4255,1.0,1,1,1
4256,0.2,3,0,0
4257,0.2,2,1,1
4258,0.2,3,0,0
4259,0.2,1,1,1
4260,0.2,3,0,1
4261,0.2,2,1,1
4262,0.2,0,1,1
4263,0.2,3,1,0
4264,0.2,3,0,0
4265,0.2,3,1,0
4266,0.2,3,0,0
4267,0.2,2,1,0
4268,0.2,2,1,0
4269,1.0,0,1,1
4270,0.2,2,1,0
4271,0.2,3,0,1
4272,0.2,3,0,0
4273,0.2,3,0,0
4274,0.2,0,1,1
4275,0.2,2,1,1
4276,0.2,3,0,0
4277,0.2,2,1,1
4278,0.2,3,0,0
4279,1.0,3,0,1
4280,0.2,3,1,0
4281,0.2,2,1,1
4282,0.2,3,0,0
4283,1.0,2,1,1
4284,0.2,1,1,1
4285,0.2,3,0,0
4286,0.2,2,1,0
4287,1.0,1,1,1
4288,0.2,1,1,1
4289,0.2,3,0,0
4290,0.2,3,0,0
4291,0.2,1,1,1
4292,1.0,3,0,1
4293,0.2,0,1,1
4294,0.2,3,0,0
4295,0.2,3,0,0
4296,0.2,2,1,1
4297,0.2,3,0,0
4298,0.2,1,1,1
4299,0.2,3,0,0
4300,1.0,2,1,1
4301,0.2,3,0,0
4302,0.2,2,1,1
4303,0.2,0,1,1
4304,0.2,3,0,0
4305,0.2,3,0,0
4306,0.2,3,0,0
4307,0.2,1,1,1
4308,0.2,3,0,0
4309,0.2,1,1,1
4310,0.2,3,0,0
4311,1.0,3,0,0
4312,0.2,0,1,1
4313,0.2,3,0,0
4314,0.2,3,0,0
4315,0.2,1,1,1
4316,0.2,3,0,0
4317,0.2,3,0,0
4318,0.2,1,1,1
4319,0.2,3,0,0
4320,1.0,0,1,1
4321,0.2,3,0,0
4322,1.0,3,1,1
4323,1.0,3,1,1
4324,1.0,3,1,0
4325,1.0,3,0,1
4326,0.2,3,0,0
4327,1.0,1,1,1
4328,1.0,3,0,1
4329,0.2,0,1,1
4330,0.2,3,1,0
4331,0.2,3,0,0
4332,0.2,3,1,0
4333,0.2,2,1,0
4334,0.2,1,1,1
4335,0.2,3,0,0
4336,0.2,3,1,0
4337,0.2,3,0,0
4338,0.2,3,0,0
4339,0.2,1,1,1
4340,0.2,3,0,0
4341,0.2,0,1,1
4342,1.0,1,1,1
4343,1.0,3,0,0
4344,1.0,3,1,0
4345,2.2,2,1,1
4346,0.2,1,1,1
4347,0.2,1,1,1
4348,0.2,1,1,1
4349,0.2,3,0,0
4350,0.2,2,1,1
4351,0.2,2,1,1
4352,0.2,1,1,1
4353,0.2,0,1,1
4354,0.2,3,0,0
4355,0.2,1,1,1
4356,0.2,3,0,0
4357,0.2,2,1,0
4358,3.0,3,0,0
4359,0.2,3,0,0
4360,0.2,3,0,0
4361,0.2,3,0,0
4362,0.2,2,1,1
4363,0.2,3,0,0
4364,0.2,1,1,1
4365,0.2,3,0,0
4366,0.2,3,0,0
4367,0.2,1,1,1
4368,3.0,3,0,0
4369,0.2,3,0,0
4370,0.2,3,0,0
4371,1.0,3,0,0
4372,0.2,3,0,0
4373,0.2,2,1,1
4374,0.2,3,0,0
4375,0.2,3,0,0
4376,0.2,2,1,0
4377,0.2,2,1,1
4378,0.2,3,0,1
4379,0.2,1,1,1
4380,0.2,3,0,0
4381,1.0,3,0,0
4382,0.2,3,0,0
4383,1.0,2,1,0
4384,0.2,3,0,0
4385,0.2,3,1,0
4386,0.2,3,0,1
4387,0.2,2,1,1
4388,0.2,2,1,1
4389,1.0,3,0,0
4390,0.2,1,1,1
4391,0.2,3,1,0
4392,0.2,1,1,1
4393,1.0,3,0,1
4394,0.2,3,0,0
4395,2.2,1,1,1
4396,0.2,3,0,0
4397,0.2,2,1,0
4398,1.0,2,1,1
4399,0.2,3,0,0
4400,0.2,2,1,1
4401,1.0,0,1,1
4402,0.2,1,1,1
4403,0.2,3,1,0
4404,1.0,2,1,1
4405,1.0,2,1,1
4406,0.2,3,0,0
4407,1.0,1,1,1
4408,1.0,3,0,1
4409,1.0,3,0,1
4410,1.0,0,1,1
4411,0.2,2,1,0
4412,0.2,3,0,0
4413,2.2,3,0,1
4414,0.2,3,1,0
4415,0.2,1,1,1
4416,0.2,3,1,1
4417,1.0,3,0,0
4418,0.2,2,1,1
4419,0.2,2,1,1
4420,2.2,2,1,1
4421,1.0,3,0,0
4422,0.2,3,0,0
4423,0.2,2,1,0
4424,0.2,3,0,0
4425,0.2,3,0,0
4426,0.2,1,1,1
4427,0.2,3,0,0
4428,0.2,2,1,0
4429,0.2,0,1,1
4430,0.2,2,1,1
4431,0.2,3,0,0
4432,1.0,3,0,0
4433,1.0,3,0,0
4434,0.2,3,0,0
4435,0.2,3,0,0
4436,0.2,3,0,0
4437,1.0,2,1,1
4438,3.0,1,0,1
4439,0.2,2,1,1
4440,1.0,2,1,1
4441,0.2,3,0,0
4442,1.0,3,0,1
4443,0.2,3,0,0
4444,0.2,3,0,0
4445,0.2,1,1,1
4446,0.2,2,1,0
4447,1.0,2,1,1
4448,0.2,3,0,0
4449,0.2,3,0,0
4450,0.2,3,0,0
4451,0.2,3,0,0
4452,2.2,1,1,1
4453,0.2,3,0,1
4454,1.0,2,1,1
4455,1.0,2,1,1
4456,0.2,3,0,0
4457,0.2,3,0,0
4458,1.0,3,0,0
4459,1.0,3,0,0
4460,0.2,3,0,0
4461,0.2,1,1,1
4462,0.2,0,1,1
4463,0.2,3,0,0
4464,0.2,3,1,0
4465,1.0,1,1,1
4466,0.2,3,1,0
4467,0.2,3,1,0
4468,0.2,3,0,0
4469,1.0,1,1,1
4470,0.2,0,1,1
4471,0.2,3,0,0
4472,0.2,3,0,0
4473,0.2,3,0,0
4474,0.2,3,0,0
4475,0.2,3,0,0
4476,0.2,3,0,0
4477,0.2,2,1,1
4478,1.0,3,0,0
4479,0.2,0,1,1
4480,0.2,3,0,0
4481,0.2,1,1,1
4482,1.0,3,1,1
4483,1.0,3,0,0
4484,0.2,3,0,0
4485,0.2,3,0,0
4486,0.2,3,1,0
4487,0.2,1,1,1
4488,0.2,1,1,1
4489,0.2,2,1,1
4490,0.2,1,1,1
4491,1.0,1,1,1
4492,0.2,2,1,0
4493,0.2,2,1,1
4494,0.2,2,1,1
4495,1.0,1,1,1
4496,0.2,1,1,1
4497,0.2,3,0,0
4498,1.0,0,1,1
4499,0.2,3,0,0
4500,0.2,3,0,0
4501,0.2,1,1,1
4502,0.2,1,1,1
4503,0.2,3,0,0
4504,0.2,3,0,0
4505,0.2,2,1,1
4506,2.2,3,0,0
4507,0.2,3,0,0
4508,1.0,3,0,0
4509,0.2,3,1,0
4510,0.2,3,0,0
4511,0.2,1,1,1
4512,1.0,2,1,1
4513,0.2,2,1,0
4514,0.2,2,1,1
4515,1.0,2,1,1
4516,0.2,3,0,0
4517,0.2,2,1,1
4518,1.0,2,1,1
4519,0.2,3,0,1
4520,1.0,1,1,1
4521,0.2,3,0,0
4522,0.2,1,1,1
4523,0.2,2,1,1
4524,0.2,3,0,0
4525,0.2,3,0,0
4526,0.2,3,0,0
4527,0.2,2,1,0
4528,0.2,3,0,0
4529,0.2,3,1,0
4530,0.2,3,0,0
4531,0.2,2,1,0
4532,1.0,2,1,1
4533,0.2,3,0,0
4534,0.2,2,1,1
4535,1.0,3,0,1
4536,0.2,2,1,0
4537,2.2,1,1,1
4538,0.2,0,1,1
4539,0.2,3,0,0
4540,0.2,3,0,0
4541,0.2,3,0,0
4542,0.2,3,0,0
4543,0.2,3,0,0
4544,0.2,1,1,1
4545,1.0,3,0,0
4546,0.2,3,0,0
4547,0.2,3,0,0
4548,0.2,2,1,0
4549,1.0,1,1,1
4550,1.0,3,0,0
4551,1.0,3,0,1
4552,0.2,3,0,0
4553,0.2,3,0,0
4554,0.2,3,0,0
4555,0.2,3,1,0
4556,0.2,1,1,1
4557,1.0,3,0,1
4558,1.0,1,1,1
4559,0.2,2,1,1
4560,0.2,2,1,1
4561,0.2,1,1,1
4562,0.2,2,1,1
4563,0.2,3,0,0
4564,0.2,3,0,0
4565,0.2,3,0,0
4566,0.2,3,0,0
4567,1.0,0,1,1
4568,0.2,3,1,0
4569,0.2,3,1,0
4570,0.2,1,1,1
4571,0.2,3,0,0
4572,0.2,3,1,1
4573,1.0,3,0,0
4574,0.2,1,1,1
4575,2.2,1,1,1
4576,0.2,1,1,1
4577,0.2,1,1,1
4578,0.2,0,1,1
4579,0.2,1,1,1
4580,1.0,3,0,0
4581,0.2,2,1,0
4582,2.2,3,0,1
4583,1.0,3,0,1
4584,0.2,3,0,0
4585,0.2,3,0,0
4586,0.2,0,1,1
4587,0.2,3,0,0
4588,0.2,3,0,0
4589,0.2,3,0,0
4590,0.2,2,1,0
4591,0.2,1,1,1
4592,2.2,2,1,1
4593,1.0,2,1,1
4594,0.2,0,1,1
4595,0.2,1,1,1
4596,1.0,3,0,0
4597,1.0,2,1,1
4598,0.2,3,0,0
4599,2.2,3,0,0
4600,1.0,3,0,1
4601,0.2,3,1,0
4602,0.2,3,0,0
4603,0.2,3,0,0
4604,0.2,3,0,0
4605,0.2,1,1,1
4606,0.2,1,1,1
4607,0.2,3,0,0
4608,0.2,3,0,0
4609,0.2,3,0,0
4610,0.2,3,0,0
4611,0.2,3,1,0
4612,0.2,2,1,0
4613,0.2,2,1,0
4614,1.0,3,0,0
4615,0.2,2,1,0
4616,0.2,1,1,1
4617,0.2,3,0,0
4618,0.2,1,1,1
4619,0.2,1,1,1
4620,0.2,3,0,1
4621,0.2,3,1,0
4622,1.0,3,0,0
4623,0.2,3,0,0
4624,0.2,2,1,0
4625,0.2,3,0,0
4626,0.2,3,0,0
4627,0.2,3,0,0
4628,0.2,3,0,0
4629,0.2,1,1,1
4630,0.2,1,1,1
4631,0.2,3,0,0
4632,1.0,3,1,0
4633,1.0,3,0,0
4634,1.0,3,0,1
4635,1.0,3,0,0
4636,0.2,1,1,1
4637,0.2,2,1,1
4638,0.2,3,0,0
4639,0.2,1,1,1
4640,1.0,3,0,1
4641,0.2,3,0,0
4642,0.2,3,1,0
4643,0.2,3,0,0
4644,0.2,3,0,0
4645,0.2,3,0,0
4646,0.2,3,0,0
4647,0.2,0,1,1
4648,0.2,1,1,1
4649,0.2,1,1,1
4650,0.2,3,0,0
4651,0.2,3,0,0
4652,0.2,3,1,0
4653,3.0,3,0,0
4654,0.2,3,0,0
4655,0.2,3,0,0
4656,1.0,3,0,0
4657,0.2,3,0,0
4658,0.2,3,0,0
4659,1.0,1,1,1
4660,1.0,3,0,0
4661,0.2,3,0,0
4662,0.2,2,1,0
4663,1.0,3,0,0
4664,0.2,3,0,0
4665,1.0,3,0,0
4666,0.2,3,0,0
4667,0.2,3,0,0
4668,1.0,3,0,1
4669,0.2,3,0,0
4670,1.0,2,1,0
4671,0.2,2,1,1
4672,0.2,3,0,0
4673,0.2,2,1,1
4674,0.2,1,1,1
4675,0.2,3,1,0
4676,0.2,3,0,0
4677,1.0,3,0,0
4678,0.2,1,1,1
4679,0.2,1,1,1
4680,0.2,3,0,0
4681,0.2,3,1,0
4682,0.2,3,0,0
4683,1.0,3,1,1
4684,0.2,1,1,1
4685,1.0,1,1,1
4686,1.0,3,0,0
4687,0.2,3,0,1
4688,0.6000000000000001,0,1,1
4689,0.2,1,1,1
4690,0.2,1,1,1
4691,0.2,1,1,1
4692,0.2,3,0,0
4693,0.2,3,0,0
4694,0.2,2,1,1
4695,0.2,2,1,0
4696,0.2,1,1,1
4697,0.2,3,0,0
4698,0.2,1,1,1
4699,0.2,3,0,0
4700,1.0,3,0,0
4701,1.0,3,1,1
4702,0.2,2,1,0
4703,1.0,3,0,0
4704,0.2,3,0,0
4705,1.0,3,0,0
4706,0.2,3,1,0
4707,1.0,0,1,1
4708,1.0,3,0,1
4709,0.2,3,0,0
4710,0.2,3,1,0
4711,0.2,3,0,0
4712,0.2,2,1,1
4713,0.2,1,1,1
4714,0.2,3,0,0
4715,1.0,3,0,1
4716,0.2,3,1,0
4717,0.2,2,1,0
4718,0.2,1,1,1
4719,0.2,2,1,1
4720,0.2,3,0,0
4721,0.2,3,0,0
4722,0.2,3,0,0
4723,1.0,1,1,1
4724,0.2,1,1,1
4725,0.2,1,1,1
4726,0.2,3,0,0
4727,0.2,2,1,1
4728,0.2,2,1,1
4729,0.2,2,1,1
4730,1.0,3,0,0
4731,0.2,3,0,0
4732,0.2,3,0,0
4733,0.2,2,1,1
4734,0.2,3,0,0
4735,0.2,2,1,1
4736,0.2,1,1,1
4737,0.2,3,0,0
4738,0.2,1,1,1
4739,0.2,1,1,1
4740,0.2,1,1,1
4741,0.2,1,1,1
4742,0.2,2,1,1
4743,0.2,3,0,0
4744,0.2,1,1,1
4745,0.2,3,0,0
4746,1.0,2,1,1
4747,0.2,3,0,0
4748,0.2,3,0,0
4749,0.2,3,0,1
4750,0.2,3,0,0
4751,1.0,3,0,1
4752,1.0,3,0,0
4753,1.0,3,0,0
4754,0.2,3,0,0
4755,0.2,0,1,1
4756,0.2,2,1,1
4757,0.2,1,1,1
4758,0.2,3,0,0
4759,0.2,1,1,1
4760,0.2,3,0,0
4761,0.2,0,1,1
4762,0.2,3,0,0
4763,1.0,3,0,1
4764,1.0,2,1,1
4765,0.2,0,1,1
4766,0.2,3,0,0
4767,1.0,3,0,0
4768,0.2,1,1,1
4769,1.0,3,0,0
4770,0.2,1,1,1
4771,0.2,3,0,0
4772,0.2,1,1,1
4773,1.0,2,1,1
4774,0.2,2,1,0
4775,1.4,1,1,1
4776,0.2,3,0,0
4777,1.0,0,1,1
4778,0.2,1,1,1
4779,1.0,2,1,1
4780,0.2,2,1,0
4781,0.2,3,0,0
4782,0.2,3,0,0
4783,0.2,3,0,0
4784,0.2,2,1,1
4785,0.2,3,0,0
4786,0.2,3,0,1
4787,0.2,2,1,1
4788,0.2,3,0,0
4789,0.2,3,0,0
4790,0.2,3,0,0
4791,2.2,3,0,1
4792,0.2,3,0,0
4793,1.0,1,1,1
4794,0.2,3,0,0
4795,0.2,1,1,1
4796,0.2,0,1,1
4797,2.2,1,1,1
4798,0.2,3,0,0
4799,0.2,3,0,0
4800,0.2,3,0,0
4801,1.0,3,0,0
4802,0.2,3,0,0
4803,0.2,3,0,0
4804,0.2,3,0,0
4805,0.2,3,1,0
4806,0.2,2,1,0
4807,0.2,3,0,0
4808,0.2,3,0,0
4809,0.2,3,0,0
4810,0.2,3,1,0
4811,0.2,1,1,1
4812,0.2,0,1,1
4813,0.2,3,0,0
4814,0.2,1,1,1
4815,1.0,2,1,0
4816,0.2,2,1,0
4817,0.2,2,1,1
4818,0.2,3,0,0
4819,0.2,3,0,0
4820,0.2,3,0,0
4821,0.2,1,1,1
4822,0.2,3,0,0
4823,0.2,1,1,1
4824,2.2,3,0,1
4825,0.2,3,0,0
4826,2.2,2,1,1
4827,0.2,3,0,0
4828,0.2,3,0,0
4829,1.0,2,1,1
4830,0.2,3,1,0
4831,0.2,3,0,0
4832,1.0,3,0,0
4833,0.2,3,0,0
4834,0.2,3,0,0
4835,0.2,3,0,0
4836,0.2,1,1,1
4837,0.2,0,1,1
4838,0.2,2,1,0
4839,0.2,1,1,1
4840,0.2,2,1,1
4841,0.2,3,1,0
4842,0.2,3,0,0
4843,0.2,2,1,0
4844,0.2,3,1,0
4845,0.2,3,0,0
4846,1.0,2,1,1
4847,0.2,1,1,1
4848,0.2,3,1,0
4849,0.2,3,0,0
4850,0.2,1,1,1
4851,1.0,1,1,1
4852,1.0,3,0,1
4853,0.2,3,0,0
4854,0.2,3,0,0
4855,0.2,2,1,1
4856,2.2,3,0,1
4857,0.2,3,0,0
4858,3.8,2,1,0
4859,0.2,3,0,0
4860,0.2,3,0,0
4861,0.2,2,1,1
4862,0.2,2,1,0
4863,1.0,1,1,1
4864,0.2,1,1,1
4865,0.2,2,1,0
4866,1.0,1,1,1
4867,0.2,1,1,1
4868,0.2,1,1,1
4869,1.0,3,0,0
4870,0.2,2,1,1
4871,0.2,1,1,1
4872,0.2,3,0,0
4873,0.2,3,0,0
4874,0.2,1,1,1
4875,1.0,1,1,1
4876,0.2,3,0,0
4877,1.0,2,1,1
4878,0.2,3,0,0
4879,1.0,3,1,0
4880,0.2,1,1,1
4881,0.2,3,0,0
4882,1.0,3,0,0
4883,1.0,3,0,0
4884,1.0,1,1,1
4885,0.2,3,0,0
4886,1.0,3,0,0
4887,0.2,3,0,0
4888,1.0,3,1,0
4889,1.0,2,1,1
4890,0.2,3,0,0
4891,0.2,3,0,0
4892,0.2,1,1,1
4893,0.2,3,0,0
4894,0.2,3,0,0
4895,0.2,3,0,0
4896,0.2,3,0,0
4897,1.0,3,0,1
4898,0.2,2,1,0
4899,0.2,3,0,0
4900,0.2,3,1,0
4901,0.2,3,1,0
4902,1.0,3,0,0
4903,0.2,2,1,0
4904,0.2,3,0,0
4905,0.2,1,1,1
4906,1.0,3,0,1
4907,0.2,3,0,0
4908,0.2,2,1,1
4909,1.0,0,1,1
4910,2.2,2,1,1
4911,0.2,2,1,0
4912,0.2,3,0,0
4913,1.0,3,0,0
4914,0.2,3,1,0
4915,0.2,3,1,0
4916,1.0,3,1,0
4917,1.0,0,1,1
4918,0.2,1,1,1
4919,0.6000000000000001,0,1,1
4920,0.2,3,0,0
4921,0.2,3,0,0
4922,0.2,3,0,0
4923,1.0,2,1,1
4924,0.2,3,0,0
4925,1.0,1,1,1
4926,0.2,3,0,0
4927,0.2,1,1,1
4928,0.2,1,1,1
4929,1.0,3,0,0
4930,0.2,3,0,0
4931,0.2,3,0,0
4932,0.2,3,0,0
4933,1.0,3,0,1
4934,0.2,3,0,0
4935,0.2,3,0,1
4936,0.2,2,1,0
4937,0.2,1,1,1
4938,0.2,2,1,1
4939,0.2,3,0,0
4940,2.2,2,1,1
4941,0.2,3,0,0
4942,1.0,2,1,1
4943,0.2,3,0,0
4944,0.2,1,1,1
4945,0.2,1,1,1
4946,0.2,2,1,1
4947,0.2,3,0,0
4948,0.2,3,0,0
4949,0.2,3,0,0
4950,0.2,3,0,0
4951,1.0,1,1,1
4952,1.0,2,1,1
4953,0.2,3,0,0
4954,0.2,1,1,1
4955,0.2,3,1,0
4956,0.2,0,1,1
4957,0.2,3,0,0
4958,0.2,3,0,0
4959,0.2,3,0,0
4960,0.2,3,0,0
4961,0.2,0,1,1
4962,0.2,3,1,0
4963,0.2,1,1,1
4964,0.2,3,0,0
4965,0.2,3,0,0
4966,0.2,3,0,0
4967,0.2,3,1,0
4968,0.2,3,0,0
4969,0.2,3,0,0
4970,0.2,3,0,0
4971,0.2,3,1,0
4972,1.0,1,1,1
4973,1.0,1,1,1
4974,0.2,0,1,1
4975,0.2,3,0,0
4976,0.2,3,0,0
4977,1.0,1,1,1
4978,0.2,3,0,0
4979,1.0,2,1,1
4980,2.2,3,0,0
4981,2.2,3,0,1
4982,1.0,0,1,1
4983,1.0,1,1,1
4984,0.2,3,0,1
4985,0.2,3,0,0
4986,0.2,2,1,1
4987,0.2,0,1,1
4988,0.2,1,1,1
4989,0.2,3,0,0
4990,0.2,3,0,0
4991,0.2,3,0,0
4992,0.2,3,0,0
4993,0.2,3,1,0
4994,0.2,3,0,0
4995,0.2,2,1,1
4996,1.0,2,1,1
4997,1.0,3,0,1
4998,0.2,3,0,0
4999,0.2,3,0,0
5000,2.2,3,0,1
5001,0.2,2,1,0
5002,0.2,1,1,1
5003,1.0,3,0,0
5004,0.2,2,1,0
5005,0.2,2,1,1
5006,0.2,2,1,0
5007,0.2,3,1,0
5008,1.0,2,1,1
5009,0.2,3,0,0
5010,0.2,3,0,0
5011,0.2,2,1,0
5012,0.2,3,0,0
5013,0.2,3,0,0
5014,1.0,1,1,1
5015,0.2,1,1,1
5016,0.2,3,1,0
5017,0.2,3,0,0
5018,0.2,1,1,1
5019,0.2,1,1,1
5020,0.2,3,1,0
5021,0.2,3,0,0
5022,0.2,3,0,0
5023,0.2,3,0,0
5024,1.0,3,0,1
5025,0.2,3,0,0
5026,0.2,2,1,1
5027,0.2,3,0,0
5028,1.0,2,1,1
5029,0.2,3,0,0
5030,1.0,0,1,1
5031,0.2,3,0,0
5032,1.0,3,0,1
5033,1.0,3,1,0
5034,0.2,1,1,1
5035,0.2,2,1,1
5036,1.0,3,0,1
5037,0.2,3,0,0
5038,0.2,2,1,1
5039,1.0,1,1,1
5040,0.2,3,0,0
5041,0.2,1,1,1
5042,0.2,3,0,0
5043,0.2,1,1,1
5044,0.2,2,1,1
5045,0.2,1,1,1
5046,0.2,3,1,0
5047,0.2,1,1,1
5048,0.2,3,0,0
5049,1.0,3,0,0
5050,0.2,1,1,1
5051,0.2,3,0,0
5052,0.2,1,1,1
5053,0.2,1,1,1
5054,1.0,2,1,1
5055,1.0,1,1,0
5056,0.2,0,1,1
5057,0.2,3,0,0
5058,0.2,1,1,1
5059,0.2,3,0,0
5060,0.2,3,0,0
5061,0.2,2,1,1
5062,0.2,3,0,0
5063,1.0,3,0,0
5064,0.2,3,0,0
5065,0.2,1,1,1
5066,0.2,1,1,1
5067,0.2,2,1,0
5068,0.2,1,1,1
5069,0.2,3,1,0
5070,1.0,3,0,0
5071,0.2,1,1,1
5072,0.2,3,0,0
5073,0.2,0,1,1
5074,1.0,3,0,1
5075,0.2,3,0,0
5076,0.2,2,1,1
5077,0.2,3,0,0
5078,1.0,0,1,1
5079,0.2,1,1,1
5080,0.2,3,0,0
5081,0.2,3,1,0
5082,1.0,3,0,0
5083,1.0,1,1,1
5084,0.2,3,0,0
5085,0.2,1,1,1
5086,1.0,2,1,1
5087,0.2,3,0,0
5088,1.0,3,1,0
5089,0.2,1,1,1
5090,0.2,2,1,0
5091,0.2,2,1,0
5092,0.2,2,1,1
5093,0.2,3,0,0
5094,1.0,2,1,0
5095,0.2,2,1,1
5096,1.0,3,0,0
5097,0.2,3,0,0
5098,0.2,2,1,1
5099,1.0,3,0,0
5100,0.2,3,0,0
5101,0.2,0,1,1
5102,1.0,3,0,0
5103,0.2,3,1,0
5104,0.2,2,1,1
5105,0.2,3,1,0
5106,0.2,3,0,0
5107,1.0,3,0,0
5108,0.2,3,0,0
5109,0.2,3,1,0
5110,1.0,3,1,0
5111,0.2,0,1,1
5112,1.0,2,1,1
5113,0.2,1,1,1
5114,0.2,1,1,1
5115,0.2,2,1,0
5116,1.0,3,0,0
5117,1.0,2,1,1
5118,0.2,3,1,0
5119,0.2,3,0,0
5120,0.2,2,1,1
5121,0.2,3,0,0
5122,0.2,3,0,0
5123,0.2,2,1,1
5124,2.2,2,1,1
5125,1.0,3,0,0
5126,0.2,3,0,0
5127,0.2,3,0,0
5128,0.2,2,1,1
5129,1.0,3,0,0
5130,0.2,1,1,1
5131,1.0,3,1,0
5132,0.2,1,1,1
5133,1.0,3,0,0
5134,0.2,3,0,0
5135,1.0,3,1,1
5136,1.0,1,1,1
5137,0.2,2,1,1
5138,0.2,3,0,0
5139,1.0,3,0,0
5140,0.2,3,0,0
5141,0.2,1,1,1
5142,0.2,0,1,1
5143,0.2,2,1,0
5144,0.2,3,0,0
5145,0.2,1,1,1
5146,0.2,3,0,0
5147,0.2,1,1,1
5148,1.0,3,0,0
5149,1.0,3,0,1
5150,0.2,2,1,1
5151,1.0,2,1,1
5152,0.2,3,0,0
5153,0.2,2,1,1
5154,0.2,3,1,0
5155,0.2,2,1,0
5156,0.2,1,1,1
5157,0.2,3,0,0
5158,0.2,1,1,1
5159,0.2,2,1,0
5160,0.2,2,1,0
5161,3.8,2,1,0
5162,1.0,3,0,1
5163,0.2,2,1,1
5164,0.2,3,0,0
5165,0.2,2,1,0
5166,0.2,0,1,1
5167,0.2,3,0,0
5168,0.2,1,1,1
5169,0.2,3,0,0
5170,0.2,3,0,0
5171,0.2,1,1,1
5172,0.2,2,1,1
5173,0.2,3,0,0
5174,0.2,1,1,1
5175,0.2,3,0,0
5176,0.2,2,1,0
5177,0.2,3,0,0
5178,0.2,3,0,0
5179,1.0,3,0,0
5180,0.2,1,1,1
5181,0.2,3,0,0
5182,0.2,3,0,0
5183,1.0,2,1,1
5184,0.2,2,1,1
5185,0.2,3,0,0
5186,0.2,1,1,1
5187,0.2,1,1,1
5188,0.2,3,0,0
5189,1.0,3,0,1
5190,0.2,2,1,1
5191,1.0,2,1,1
5192,0.2,3,0,0
5193,0.2,1,1,1
5194,0.2,3,0,0
5195,0.2,3,0,0
5196,1.0,3,0,0
5197,0.2,3,0,0
5198,0.2,2,1,1
5199,0.2,3,1,0
5200,0.2,3,0,0
5201,0.2,3,0,0
5202,0.2,2,1,0
5203,0.2,3,0,0
5204,1.0,3,0,0
5205,0.2,0,1,1
5206,1.0,2,1,1
5207,1.0,2,1,1
5208,1.0,3,1,1
5209,1.0,1,1,1
5210,0.2,2,1,1
5211,1.0,3,1,1
5212,0.2,3,0,0
5213,0.2,1,1,1
5214,0.2,3,0,0
5215,0.2,3,0,0
5216,0.2,3,0,0
5217,0.2,2,1,1
5218,0.2,3,0,0
5219,0.2,2,1,1
5220,0.2,3,0,0
5221,0.2,1,1,1
5222,0.2,2,1,0
5223,0.2,1,1,1
5224,0.2,3,0,0
5225,0.2,3,0,0
5226,0.2,1,1,1
5227,1.0,3,0,0
5228,1.0,1,1,1
5229,0.2,1,1,1
5230,0.2,2,1,0
5231,1.0,3,1,0
5232,0.2,2,1,1
5233,0.2,3,0,0
5234,0.2,1,1,1
5235,0.2,1,1,1
5236,0.2,2,1,0
5237,2.2,1,1,1
5238,0.2,1,1,1
5239,0.2,1,1,1
5240,0.2,0,1,1
5241,0.2,3,0,0
5242,0.2,2,1,0
5243,0.2,3,0,0
5244,0.2,2,1,0
5245,0.2,3,0,0
5246,1.0,3,0,1
5247,1.0,3,0,1
5248,0.2,3,0,0
5249,0.2,1,1,1
5250,0.2,1,1,1
5251,0.2,3,0,0
5252,0.6000000000000001,0,1,1
5253,0.2,3,0,1
5254,2.2,3,0,1
5255,0.2,1,1,1
5256,0.2,2,1,0
5257,0.2,3,0,0
5258,0.2,3,0,0
5259,0.2,3,0,0
5260,0.2,2,1,1
5261,0.2,2,1,0
5262,1.0,3,0,1
5263,0.2,3,0,0
5264,0.2,0,1,1
5265,0.2,0,1,1
5266,0.2,3,1,0
5267,0.2,2,1,1
5268,0.2,1,1,1
5269,0.2,3,0,0
5270,1.0,2,1,0
5271,0.2,3,0,0
5272,0.2,3,1,0
5273,1.0,3,0,0
5274,0.2,2,1,0
5275,0.2,1,1,1
5276,0.2,2,1,0
5277,0.2,1,1,1
5278,0.2,3,0,0
5279,1.0,3,0,1
5280,1.0,3,0,0
5281,0.2,3,0,0
5282,0.2,3,0,0
5283,0.2,3,0,0
5284,1.0,2,1,1
5285,0.2,3,0,0
5286,1.0,1,1,1
5287,0.2,2,1,1
5288,0.2,3,0,1
5289,0.2,2,1,1
5290,0.2,1,1,1
5291,1.0,1,1,1
5292,0.2,3,0,0
5293,0.2,2,1,1
5294,0.2,3,0,0
5295,1.0,3,0,0
5296,0.2,1,1,1
5297,0.2,3,0,0
5298,0.2,3,0,0
5299,0.2,3,0,0
5300,1.0,2,1,1
5301,0.2,1,1,1
5302,0.2,3,0,0
5303,0.2,3,0,0
5304,2.2,3,0,1
5305,0.2,3,0,0
5306,0.2,3,0,0
5307,0.2,1,1,1
5308,0.2,1,1,1
5309,0.2,1,1,1
5310,0.2,2,1,0
5311,1.0,2,1,1
5312,0.2,3,0,0
5313,0.2,3,0,0
5314,0.2,1,1,1
5315,0.2,3,0,0
5316,0.2,1,1,1
5317,0.2,1,1,1
5318,2.2,1,1,1
5319,1.0,1,1,1
5320,0.2,3,0,0
5321,0.2,1,1,1
5322,0.2,2,1,1
5323,0.2,0,1,1
5324,0.2,3,0,0
5325,1.0,3,0,1
5326,0.2,3,0,0
5327,0.2,3,0,0
5328,0.2,2,1,0
5329,0.2,1,1,1
5330,0.2,3,0,0
5331,0.2,3,0,0
5332,1.0,3,0,0
5333,0.2,2,1,1
5334,0.2,3,0,0
5335,0.2,1,1,1
5336,0.2,2,1,0
5337,0.2,1,1,1
5338,1.0,3,1,1
5339,0.2,3,0,0
5340,2.2,1,1,1
5341,0.2,3,1,0
5342,1.0,0,1,1
5343,1.0,3,0,0
5344,0.2,1,1,1
5345,0.2,1,1,1
5346,0.2,3,0,0
5347,1.0,3,0,0
5348,1.0,3,0,1
5349,1.0,3,0,1
5350,1.0,1,1,1
5351,0.2,3,0,0
5352,0.2,2,1,0
5353,0.2,3,0,0
5354,0.2,3,0,0
5355,2.2,3,0,0
5356,0.2,3,1,0
5357,1.0,3,0,0
5358,0.2,3,0,0
5359,0.2,3,0,0
5360,0.2,1,1,1
5361,0.2,3,0,0
5362,1.0,2,1,1
5363,0.2,1,1,1
5364,0.2,2,1,0
5365,0.2,3,0,0
5366,0.2,3,0,0
5367,0.2,2,1,1
5368,1.0,3,0,1
5369,1.0,1,1,1
5370,1.0,3,0,0
5371,0.2,3,0,0
5372,0.2,1,1,1
5373,0.2,3,1,0
5374,0.2,2,1,1
5375,0.2,2,1,1
5376,0.2,0,1,1
5377,2.2,1,1,1
5378,0.2,3,0,0
5379,0.2,3,0,0
5380,0.2,2,1,1
5381,0.2,3,0,0
5382,0.2,3,0,0
5383,0.2,3,0,0
5384,0.2,3,0,0
5385,0.2,0,1,0
5386,0.2,3,0,0
5387,0.2,0,1,1
5388,1.0,2,1,1
5389,0.2,3,1,0
5390,0.2,3,0,0
5391,0.2,3,0,0
5392,0.2,1,1,1
5393,0.2,1,1,1
5394,0.2,3,0,0
5395,1.0,1,1,1
5396,1.0,3,0,0
5397,0.2,3,0,0
5398,1.0,3,0,1
5399,0.2,3,0,0
5400,0.2,0,1,1
5401,1.0,2,1,1
5402,1.0,2,1,1
5403,0.2,2,1,1
5404,0.2,3,0,0
5405,1.0,3,0,0
5406,0.2,2,1,0
5407,1.0,0,1,1
5408,0.2,3,0,0
5409,0.2,3,0,0
5410,0.2,2,1,1
5411,0.2,1,1,0
5412,0.2,3,0,0
5413,2.2,1,1,1
5414,0.2,3,0,0
5415,0.2,3,0,0
5416,1.0,3,0,1
5417,3.4000000000000004,1,1,1
5418,0.2,1,1,1
5419,0.2,0,1,1
5420,0.2,2,1,1
5421,0.2,2,1,1
5422,0.2,1,1,1
5423,0.2,2,1,1
5424,0.2,3,0,0
5425,0.2,3,0,0
5426,1.0,2,1,1
5427,0.2,3,0,0
5428,0.2,3,0,0
5429,0.2,3,0,0
5430,0.2,2,1,1
5431,0.2,2,1,1
5432,0.2,2,1,1
5433,2.2,3,0,1
5434,2.2,2,1,1
5435,0.2,2,1,1
5436,0.2,3,0,0
5437,0.2,1,1,1
5438,0.2,2,1,1
5439,3.0,3,0,0
5440,0.2,2,1,0
5441,0.2,1,1,1
5442,1.0,2,1,1
5443,0.2,1,1,1
5444,1.0,3,0,0
5445,0.2,3,0,0
5446,0.2,3,0,0
5447,0.2,2,1,0
5448,0.2,3,0,0
5449,0.2,3,0,0
5450,0.2,3,0,0
5451,0.2,3,0,0
5452,0.2,2,1,1
5453,0.2,3,0,0
5454,3.4000000000000004,3,0,0
5455,0.2,3,0,0
5456,1.0,3,0,1
5457,1.0,3,0,1
5458,0.2,3,0,0
5459,0.2,3,0,0
5460,1.0,1,1,1
5461,0.2,1,1,1
5462,0.2,1,1,1
5463,0.2,2,1,1
5464,0.2,0,1,1
5465,1.0,3,0,0
5466,0.2,3,0,0
5467,0.2,1,1,1
5468,0.2,1,1,1
5469,1.0,3,0,1
5470,1.0,1,1,1
5471,0.2,3,0,0
5472,1.0,0,1,1
5473,0.2,3,0,0
5474,0.2,1,1,1
5475,0.2,3,0,0
5476,2.2,2,1,1
5477,0.2,3,0,0
5478,1.0,3,0,1
5479,1.0,3,0,1
5480,0.2,3,1,0
5481,0.2,1,1,1
5482,0.2,1,1,1
5483,0.2,1,1,1
5484,0.2,2,1,0
5485,0.2,3,0,0
5486,0.2,2,1,0
5487,0.2,3,0,0
5488,0.2,1,1,1
5489,0.2,3,0,0
5490,0.2,3,0,0
5491,0.2,3,0,1
5492,0.2,3,0,0
5493,0.2,3,0,0
5494,0.2,1,1,1
5495,0.2,3,0,0
5496,0.2,3,0,0
5497,0.2,3,0,0
5498,1.0,3,0,0
5499,1.0,2,1,1
5500,0.2,2,1,0
5501,0.2,0,1,1
5502,0.2,2,1,0
5503,0.2,1,1,1
5504,0.2,3,0,0
5505,0.2,3,0,0
5506,1.0,3,0,0
5507,0.2,3,0,0
5508,1.0,3,0,1
5509,0.2,2,1,1
5510,0.2,3,0,0
5511,0.2,0,1,1
5512,0.2,1,1,1
5513,0.2,3,0,0
5514,0.2,2,1,1
5515,0.2,1,1,1
5516,0.2,2,1,1
5517,1.0,3,0,0
5518,0.2,0,1,1
5519,1.0,3,0,0
5520,0.2,1,1,1
5521,0.2,3,0,0
5522,0.2,1,1,1
5523,1.0,2,1,1
5524,0.2,2,1,1
5525,1.0,3,0,0
5526,0.2,1,1,1
5527,1.0,3,0,0
5528,0.2,2,1,1
5529,0.2,2,1,0
5530,0.2,1,1,1
5531,1.0,2,1,1
5532,0.2,2,1,1
5533,0.2,2,1,0
5534,0.2,2,1,1
5535,0.2,1,1,1
5536,0.2,3,0,0
5537,0.2,3,0,0
5538,0.2,0,1,1
5539,0.2,1,1,1
5540,0.2,3,0,0
5541,0.2,3,0,0
5542,0.2,1,1,1
5543,2.2,1,1,1
5544,0.2,1,1,1
5545,0.2,3,1,0
5546,0.2,3,0,0
5547,0.2,2,1,0
5548,0.2,1,1,1
5549,0.2,3,0,0
5550,0.2,3,0,0
5551,0.2,1,1,1
5552,0.2,1,1,1
5553,0.2,3,0,0
5554,0.2,2,1,0
5555,1.0,3,0,0
5556,0.2,3,0,0
5557,0.2,3,0,0
5558,0.2,3,0,0
5559,0.2,3,0,0
5560,0.2,3,0,0
5561,0.2,3,0,0
5562,0.2,3,0,0
5563,0.2,1,1,1
5564,0.2,0,1,1
5565,0.2,3,0,1
5566,1.0,0,1,1
5567,1.0,1,1,1
5568,0.2,1,1,1
5569,0.2,3,0,0
5570,0.2,3,0,0
5571,1.0,3,0,1
5572,0.2,1,1,1
5573,0.2,3,0,0
5574,0.2,3,0,1
5575,0.2,3,0,0
5576,0.2,3,0,0
5577,0.2,3,0,0
5578,0.2,3,1,0
5579,1.0,1,1,1
5580,0.2,3,0,0
5581,0.2,2,1,0
5582,0.2,3,0,0
5583,0.2,1,1,1
5584,0.2,2,1,1
5585,0.2,3,0,0
5586,0.2,3,0,0
5587,1.0,3,0,0
5588,0.2,3,0,0
5589,0.2,2,1,1
5590,0.2,2,1,0
5591,1.0,3,0,1
5592,0.2,0,1,1
5593,0.2,3,1,0
5594,0.2,3,0,0
5595,0.2,1,1,1
5596,0.2,3,0,0
5597,0.2,0,1,1
5598,0.2,3,0,0
5599,0.2,1,1,1
5600,0.2,3,1,0
5601,0.2,3,0,0
5602,0.2,3,0,0
5603,1.0,3,0,0
5604,1.0,3,0,0
5605,0.2,3,0,0
5606,1.0,3,1,0
5607,0.2,2,1,1
5608,0.2,1,1,1
5609,0.2,3,0,0
5610,1.0,3,1,0
5611,1.0,2,1,1
5612,0.2,3,0,0
5613,0.2,0,1,1
5614,0.2,3,0,1
5615,0.2,3,0,0
5616,0.2,3,1,0
5617,0.2,3,1,0
5618,1.0,1,1,1
5619,0.2,3,0,0
5620,1.0,3,0,0
5621,0.2,3,0,0
5622,0.2,3,0,0
5623,0.2,3,1,0
5624,0.2,3,0,0
5625,0.2,0,1,1
5626,0.2,3,0,0
5627,0.2,3,0,1
5628,1.0,3,0,0
5629,0.2,3,0,0
5630,0.2,3,0,0
5631,1.0,2,1,0
5632,0.2,1,1,1
5633,0.2,2,1,0
5634,0.2,3,0,0
5635,0.2,3,0,0
5636,1.0,3,0,1
5637,0.2,3,0,0
5638,1.0,0,1,1
5639,0.2,3,0,0
5640,0.2,3,0,0
5641,0.2,3,0,1
5642,0.2,3,0,0
5643,0.2,3,0,0
5644,0.2,1,1,1
5645,1.0,3,0,0
5646,0.2,3,0,0
5647,0.2,3,0,0
5648,0.2,2,1,0
5649,0.2,3,0,0
5650,0.2,3,0,0
5651,0.2,3,0,0
5652,0.2,1,1,1
5653,1.0,3,0,1
5654,0.2,3,1,0
5655,0.2,1,1,1
5656,0.2,2,1,0
5657,0.2,3,0,0
5658,0.2,3,0,0
5659,0.2,3,0,0
5660,0.2,3,0,0
5661,0.2,2,1,0
5662,1.0,3,0,1
5663,0.2,3,1,0
5664,0.2,3,1,1
5665,0.2,3,0,0
5666,1.0,0,1,1
5667,0.2,3,1,0
5668,3.4000000000000004,1,1,1
5669,1.0,3,0,0
5670,1.0,1,1,1
5671,0.2,2,1,1
5672,1.0,0,1,1
5673,1.0,1,1,1
5674,3.0,3,0,0
5675,1.0,2,1,1
5676,0.2,2,1,1
5677,0.2,1,1,1
5678,0.2,1,1,1
5679,0.2,3,0,0
5680,0.2,3,0,0
5681,0.2,3,0,0
5682,1.0,3,1,1
5683,1.0,1,1,1
5684,0.2,3,0,0
5685,0.2,3,0,0
5686,0.2,3,0,0
5687,0.2,3,0,0
5688,0.2,3,0,0
5689,0.2,1,1,1
5690,0.2,3,0,0
5691,0.2,2,1,1
5692,0.2,0,1,1
5693,1.0,3,0,0
5694,0.2,3,1,0
5695,1.0,3,0,1
5696,0.2,1,1,1
5697,1.0,0,1,1
5698,1.0,3,0,0
5699,0.2,2,1,1
5700,0.2,0,1,1
5701,0.2,1,1,1
5702,0.2,3,0,0
5703,0.2,0,1,0
5704,0.2,2,1,1
5705,0.2,3,0,0
5706,0.2,3,0,0
5707,0.2,3,0,0
5708,0.2,3,1,0
5709,1.0,1,1,1
5710,0.2,1,1,1
5711,0.2,3,0,0
5712,0.2,1,1,1
5713,0.2,3,0,0
5714,1.0,3,0,0
5715,0.2,3,0,0
5716,0.2,3,0,0
5717,0.2,1,1,1
5718,0.2,3,0,0
5719,0.6000000000000001,0,1,1
5720,0.2,2,1,0
5721,0.2,1,1,1
5722,0.2,1,1,1
5723,0.2,3,0,0
5724,0.2,2,1,1
5725,0.2,3,0,1
5726,0.2,3,0,0
5727,0.2,3,0,0
5728,0.2,3,0,0
5729,0.2,1,1,1
5730,0.2,2,1,0
5731,0.2,1,1,1
5732,0.2,2,1,1
5733,0.2,3,0,0
5734,1.0,3,0,0
5735,0.2,1,1,1
5736,0.2,3,0,0
5737,1.0,3,1,0
5738,0.2,1,1,1
5739,0.2,0,1,1
5740,1.0,3,0,0
5741,1.0,2,1,1
5742,0.2,3,0,0
5743,1.0,2,1,1
5744,2.2,3,0,1
5745,0.2,3,0,0
5746,0.2,2,1,1
5747,3.4000000000000004,1,1,1
5748,0.2,3,0,0
5749,0.2,3,0,0
5750,0.2,2,1,1
5751,0.2,3,0,0
5752,0.2,2,1,1
5753,0.2,0,1,1
5754,0.2,3,0,0
5755,0.2,1,1,1
5756,1.0,3,0,0
5757,0.2,3,0,0
5758,0.2,3,0,0
5759,0.2,3,0,0
5760,0.2,2,1,0
5761,0.2,2,1,1
5762,0.2,3,0,0
5763,0.2,1,1,1
5764,1.0,2,1,1
5765,0.2,0,1,1
5766,0.2,3,0,0
5767,0.2,2,1,1
5768,0.2,1,1,1
5769,0.2,3,0,0
5770,0.2,1,1,1
5771,1.0,3,0,1
5772,1.0,1,1,1
5773,0.2,1,1,1
5774,0.2,3,0,0
5775,0.2,0,1,1
5776,1.0,2,1,1
5777,0.2,1,1,1
5778,0.2,2,1,1
5779,0.2,2,1,1
5780,0.6000000000000001,0,1,1
5781,0.2,0,1,1
5782,1.0,3,0,1
5783,1.0,0,1,1
5784,0.2,1,1,1
5785,0.2,3,0,0
5786,0.2,1,1,1
5787,1.0,2,1,1
5788,0.2,3,0,0
5789,0.2,2,1,1
5790,1.0,3,0,1
5791,0.2,3,0,0
5792,0.2,1,1,1
5793,0.2,1,1,1
5794,0.2,2,1,1
5795,0.2,1,1,1
5796,0.2,3,0,0
5797,0.2,3,0,0
5798,0.2,3,0,0
5799,1.0,3,0,0
5800,0.2,3,0,0
5801,0.2,3,0,0
5802,0.2,2,1,0
5803,0.2,3,0,0
5804,0.2,2,1,1
5805,0.2,3,0,0
5806,1.0,3,0,0
5807,0.2,3,0,0
5808,1.0,2,1,1
5809,0.2,1,1,1
5810,1.0,3,0,1
5811,1.0,3,1,0
5812,0.2,2,1,0
5813,0.2,1,1,1
5814,0.2,3,0,0
5815,1.0,3,0,1
5816,0.2,1,1,1
5817,0.2,3,0,0
5818,0.2,3,0,0
5819,1.0,3,0,1
5820,0.2,3,1,0
5821,0.2,3,0,0
5822,1.0,2,1,1
5823,0.2,2,1,1
5824,0.2,3,0,0
5825,0.2,1,1,1
5826,1.0,3,0,0
5827,1.0,3,0,0
5828,2.2,2,1,1
5829,0.2,3,0,0
5830,0.2,3,0,0
5831,0.2,1,1,1
5832,0.2,3,0,0
5833,0.2,3,0,0
5834,0.2,3,0,0
5835,0.2,1,1,1
5836,1.0,3,0,0
5837,0.2,3,0,0
5838,0.2,3,0,0
5839,1.0,3,0,1
5840,1.0,3,0,0
5841,1.0,3,0,0
5842,0.2,1,1,1
5843,0.2,3,0,0
5844,0.2,3,0,0
5845,0.2,3,0,0
5846,0.2,3,0,0
5847,0.2,2,1,0
5848,0.2,3,0,0
5849,0.2,1,1,1
5850,0.2,3,1,0
5851,0.2,3,0,0
5852,0.2,1,1,1
5853,0.2,3,0,1
5854,0.2,3,0,0
5855,0.2,1,1,1
5856,1.0,3,0,1
5857,1.0,3,0,1
5858,1.0,3,0,1
5859,0.2,2,1,0
5860,0.2,1,1,1
5861,0.2,3,0,0
5862,2.2,3,0,0
5863,1.0,2,1,1
5864,0.2,3,0,0
5865,0.2,3,0,0
5866,0.2,3,0,0
5867,0.2,3,0,0
5868,0.2,3,0,0
5869,1.0,3,0,1
5870,0.2,2,1,1
5871,0.2,1,1,1
5872,0.2,3,1,0
5873,0.2,1,1,1
5874,1.0,3,0,0
5875,0.2,3,0,0
5876,0.2,2,1,0
5877,0.2,3,0,0
5878,1.0,3,0,0
5879,1.0,2,1,1
5880,0.2,1,1,1
5881,0.2,1,1,1
5882,1.0,3,1,0
5883,0.2,3,0,0
5884,0.2,3,0,0
5885,0.2,3,0,0
5886,0.2,3,0,0
5887,0.2,0,1,1
5888,0.2,3,0,1
5889,0.2,3,0,0
5890,0.2,2,1,1
5891,0.2,3,0,0
5892,1.0,1,1,1
5893,0.2,3,0,0
5894,0.2,3,0,0
5895,0.2,3,0,0
5896,1.0,3,0,0
5897,1.0,3,0,0
5898,0.2,3,1,0
5899,0.2,1,1,1
5900,0.2,3,0,0
5901,0.2,3,0,0
5902,0.2,3,0,0
5903,0.2,1,1,1
5904,0.2,1,1,1
5905,1.0,3,0,0
5906,1.0,3,0,1
5907,1.0,1,1,1
5908,0.2,3,0,0
5909,0.2,1,1,1
5910,0.2,1,1,1
5911,1.0,3,0,0
5912,0.2,2,1,0
5913,0.2,3,0,0
5914,0.2,1,1,1
5915,0.2,2,1,1
5916,0.2,1,1,1
5917,0.2,3,0,0
5918,0.2,3,0,0
5919,0.2,3,0,0
5920,0.2,1,1,1
5921,0.2,1,1,1
5922,0.2,2,1,0
5923,1.0,3,0,0
5924,0.2,3,0,0
5925,0.2,3,0,0
5926,0.2,1,1,0
5927,1.0,1,1,1
5928,0.2,3,0,0
5929,0.2,3,0,0
5930,1.0,1,1,1
5931,1.0,0,1,1
5932,0.2,2,1,1
5933,0.2,3,0,0
5934,0.2,0,1,1
5935,0.2,3,0,1
5936,2.2,2,1,1
5937,0.2,3,0,0
5938,0.2,3,0,0
5939,0.2,0,1,1
5940,0.2,2,1,0
5941,0.2,2,1,0
5942,1.0,2,1,1
5943,1.0,2,1,1
5944,1.0,1,1,1
5945,0.2,3,1,0
5946,1.0,2,1,1
5947,0.2,3,0,0
5948,0.2,1,1,1
5949,0.2,1,1,1
5950,0.2,2,1,0
5951,0.2,1,1,1
5952,0.2,2,1,1
5953,0.2,3,0,0
5954,0.2,1,1,1
5955,1.0,2,1,1
5956,0.2,3,0,0
5957,0.2,2,1,0
5958,0.2,3,0,0
5959,0.2,3,0,0
5960,1.0,3,0,0
5961,1.0,3,0,1
5962,1.0,3,1,1
5963,0.2,3,0,0
5964,0.2,0,1,1
5965,0.2,3,0,0
5966,1.0,2,1,1
5967,0.2,3,1,0
5968,0.2,2,1,0
5969,1.0,1,1,1
5970,0.2,3,0,0
5971,0.2,1,1,1
5972,0.2,3,0,0
5973,0.2,0,1,1
5974,0.2,2,1,0
5975,1.0,2,1,1
5976,1.0,3,0,1
5977,2.2,3,0,1
5978,0.2,3,0,0
5979,1.0,1,1,1
5980,0.2,3,0,0
5981,0.2,3,0,0
5982,0.2,3,0,0
5983,0.2,3,0,0
5984,0.2,2,1,0
5985,0.2,3,1,0
5986,0.2,3,0,0
5987,1.0,3,0,0
5988,0.2,3,0,0
5989,0.2,3,0,0
5990,2.2,2,1,1
5991,0.2,3,0,0
5992,0.2,2,1,0
5993,1.0,1,1,1
5994,0.2,3,0,1
5995,0.2,1,1,1
5996,0.2,3,0,0
5997,1.0,1,1,1
5998,0.2,0,1,1
5999,0.2,3,0,0
6000,1.0,3,0,0
6001,0.2,2,1,1
6002,1.0,3,0,0
6003,0.2,3,0,0
6004,0.2,3,0,0
6005,1.0,3,0,0
6006,0.2,3,0,0
6007,1.0,3,0,0
6008,0.2,1,1,1
6009,0.2,2,1,0
6010,1.0,3,0,1
6011,0.2,1,1,1
6012,0.2,3,0,0
6013,0.2,3,1,0
6014,0.2,3,0,0
6015,0.2,1,1,1
6016,0.2,3,0,0
6017,1.0,3,0,0
6018,1.0,3,0,0
6019,0.2,3,1,0
6020,0.2,3,0,0
6021,0.2,3,0,0
6022,0.2,3,0,0
6023,1.0,3,0,1
6024,0.2,1,1,1
6025,1.0,1,1,1
6026,0.2,3,1,0
6027,0.2,3,0,0
6028,0.2,1,1,1
6029,0.2,3,0,0
6030,0.2,3,1,0
6031,1.0,3,0,1
6032,0.2,0,1,1
6033,0.2,3,0,0
6034,0.2,3,0,0
6035,0.2,3,0,0
6036,0.2,2,1,1
6037,2.2,3,0,1
6038,0.2,1,1,1
6039,0.2,3,0,0
6040,0.2,3,0,0
6041,0.2,3,0,0
6042,0.2,3,0,0
6043,0.2,3,0,0
6044,0.2,1,1,1
6045,0.2,2,1,0
6046,1.0,3,0,0
6047,0.2,3,0,1
6048,0.2,3,0,0
6049,0.2,3,0,0
6050,0.2,1,1,1
6051,0.2,3,0,0
6052,2.2,1,1,1
6053,1.0,3,0,0
6054,0.2,0,1,1
6055,1.0,0,1,1
6056,0.2,3,0,0
6057,0.2,3,0,0
6058,0.2,3,0,0
6059,0.2,2,1,1
6060,0.2,3,0,0
6061,0.2,0,1,1
6062,1.0,3,0,0
6063,1.0,3,0,0
6064,0.2,2,1,1
6065,0.2,3,0,0
6066,0.2,3,0,0
6067,1.0,0,1,1
6068,1.0,2,1,1
6069,0.2,3,0,0
6070,0.2,3,0,0
6071,0.2,1,1,1
6072,0.2,3,0,0
6073,0.2,3,0,0
6074,0.2,3,0,0
6075,0.2,3,0,0
6076,0.2,1,1,1
6077,0.2,3,0,0
6078,0.2,3,0,0
6079,0.2,3,0,0
6080,0.2,3,0,0
6081,1.0,3,0,0
6082,1.0,3,0,0
6083,0.2,3,0,0
6084,3.8,2,1,0
6085,0.2,3,0,0
6086,0.2,0,1,1
6087,1.0,3,0,1
6088,1.0,0,1,1
6089,0.2,0,1,1
6090,1.0,2,1,1
6091,0.2,3,0,0
6092,0.2,3,0,0
6093,1.0,1,1,1
6094,0.2,1,1,1
6095,0.2,3,1,0
6096,0.2,3,0,0
6097,0.2,3,0,0
6098,0.2,3,1,0
6099,3.8,0,1,0
6100,0.2,3,0,0
6101,0.2,3,0,0
6102,1.0,3,0,0
6103,0.2,1,1,1
6104,1.0,1,1,1
6105,0.2,3,0,0
6106,0.2,2,1,0
6107,0.2,2,1,1
6108,0.2,3,0,0
6109,0.2,3,1,0
6110,0.2,2,1,1
6111,0.2,3,0,0
6112,0.2,3,0,0
6113,0.2,2,1,0
6114,0.2,0,1,1
6115,0.2,3,0,0
6116,0.2,3,0,0
6117,1.0,2,1,1
6118,0.2,3,0,0
6119,0.2,2,1,1
6120,0.2,3,0,0
6121,0.2,3,0,0
6122,1.0,3,0,1
6123,2.2,1,1,1
6124,0.2,3,1,0
6125,0.2,3,1,0
6126,1.0,3,0,1
6127,0.2,1,1,1
6128,0.2,0,1,1
6129,0.2,3,0,0
6130,0.2,2,1,1
6131,0.2,0,1,1
6132,1.0,3,1,0
6133,1.0,3,0,0
6134,0.6000000000000001,0,1,1
6135,0.2,1,1,1
6136,0.2,3,0,0
6137,0.2,0,1,1
6138,0.2,3,0,0
6139,0.2,3,0,0
6140,1.0,3,0,0
6141,0.2,2,1,0
6142,0.2,2,1,1
6143,0.2,3,0,0
6144,0.2,0,1,1
6145,0.2,2,1,0
6146,0.2,0,1,1
6147,0.2,2,1,1
6148,3.4000000000000004,1,1,1
6149,0.2,3,0,0
6150,0.2,3,0,0
6151,1.0,0,1,1
6152,0.2,2,1,1
6153,0.2,0,1,1
6154,0.2,0,1,1
6155,3.8,1,1,0
6156,0.2,3,1,0
6157,0.2,3,0,0
6158,0.2,3,0,0
6159,0.2,0,1,1
6160,0.2,1,1,1
6161,0.2,3,0,0
6162,0.2,3,0,0
6163,0.2,3,0,0
6164,0.2,2,1,0
6165,1.0,2,1,1
6166,0.2,3,0,0
6167,0.2,0,1,1
6168,0.2,3,0,0
6169,0.2,1,1,1
6170,3.0,3,0,0
6171,0.2,3,0,0
6172,0.2,3,0,0
6173,0.2,1,1,1
6174,0.2,1,1,1
6175,0.2,1,1,1
6176,1.0,3,0,0
6177,0.2,2,1,1
6178,0.2,3,0,0
6179,1.0,2,1,1
6180,0.2,1,1,1
6181,0.2,3,0,0
6182,0.2,3,0,0
6183,1.0,3,0,0
6184,0.2,1,1,1
6185,0.2,3,0,0
6186,0.2,3,0,0
6187,0.2,3,0,0
6188,0.2,0,1,1
6189,0.2,1,1,1
6190,0.2,1,1,1
6191,0.2,2,1,0
6192,1.0,0,1,1
6193,0.2,3,0,0
6194,0.2,3,0,0
6195,0.2,3,0,0
6196,0.2,1,1,1
6197,0.2,0,1,0
6198,0.2,0,1,1
6199,0.2,2,1,0
6200,0.2,3,0,0
6201,0.2,3,0,0
6202,0.2,3,0,0
6203,0.2,3,0,0
6204,0.2,2,1,1
6205,0.2,1,1,1
6206,1.0,3,0,1
6207,0.2,3,0,0
6208,0.2,3,0,0
6209,0.2,1,1,1
6210,0.2,0,1,1
6211,1.0,0,1,1
6212,0.2,3,0,0
6213,0.2,3,0,0
6214,0.2,3,0,0
6215,0.2,3,0,0
6216,0.2,3,0,0
6217,1.0,3,0,0
6218,0.2,3,0,1
6219,0.2,3,0,0
6220,0.2,0,1,1
6221,1.0,3,0,0
6222,1.0,1,1,1
6223,0.2,1,1,1
6224,0.2,3,1,0
6225,0.2,2,1,0
6226,0.2,1,1,1
6227,0.2,3,0,0
6228,1.0,1,1,1
6229,1.0,2,1,1
6230,0.2,2,1,1
6231,0.2,3,0,0
6232,0.2,3,0,0
6233,1.0,3,0,1
6234,0.2,3,0,0
6235,0.2,3,0,0
6236,0.2,2,1,0
6237,2.2,3,0,0
6238,1.0,3,0,0
6239,0.2,1,1,1
6240,1.0,3,0,1
6241,0.2,3,0,1
6242,2.2,2,1,1
6243,0.2,2,1,0
6244,0.2,3,1,0
6245,0.2,2,1,1
6246,0.2,2,1,1
6247,0.2,2,1,1
6248,1.0,3,1,0
6249,0.2,2,1,1
6250,0.2,3,0,0
6251,0.2,3,0,0
6252,0.2,2,1,0
6253,0.2,3,0,0
6254,0.2,1,1,1
6255,1.0,3,0,0
6256,1.0,3,0,0
6257,0.2,3,0,0
6258,1.0,1,1,1
6259,0.2,1,1,1
6260,0.2,1,1,1
6261,1.0,3,0,0
6262,0.2,3,1,0
6263,1.0,3,1,1
6264,0.2,1,1,1
6265,0.2,2,1,1
6266,0.2,3,0,0
6267,0.2,0,1,1
6268,1.0,3,0,0
6269,0.2,3,0,0
6270,0.2,2,1,0
6271,0.2,3,0,0
6272,1.0,3,0,1
6273,0.2,2,1,1
6274,0.2,1,1,1
6275,0.2,3,0,0
6276,0.2,0,1,1
6277,0.2,3,0,0
6278,1.0,0,1,1
6279,0.2,3,0,0
6280,0.2,3,0,0
6281,0.2,1,1,1
6282,1.0,3,0,0
6283,0.2,3,0,0
6284,0.2,1,1,1
6285,0.2,1,1,1
6286,0.2,3,0,0
6287,0.2,3,0,1
6288,1.0,2,1,1
6289,0.2,0,1,1
6290,0.2,0,1,1
6291,0.2,1,1,1
6292,0.2,2,1,1
6293,0.2,3,0,0
6294,0.2,3,0,0
6295,0.2,3,0,0
6296,0.2,0,1,1
6297,1.0,3,1,0
6298,1.0,2,1,1
6299,0.2,2,1,0
6300,1.0,1,1,1
6301,1.0,2,1,1
6302,0.2,3,0,0
6303,0.2,2,1,1
6304,0.2,2,1,1
6305,0.2,2,1,1
6306,0.2,2,1,0
6307,0.2,3,0,0
6308,0.2,3,0,0
6309,0.2,3,0,0
6310,1.0,3,0,0
6311,0.2,2,1,1
6312,0.2,3,0,0
6313,0.2,1,1,1
6314,1.0,3,0,1
6315,0.2,3,0,0
6316,0.2,3,0,0
6317,0.2,3,0,0
6318,0.2,3,0,0
6319,1.0,3,0,0
6320,0.2,3,0,0
6321,0.2,3,0,0
6322,0.2,3,1,0
6323,1.0,1,1,1
6324,0.2,3,0,0
6325,0.2,1,1,1
6326,0.2,1,1,1
6327,0.2,3,0,0
6328,0.2,3,0,1
6329,0.2,3,0,0
6330,0.2,1,1,1
6331,1.0,1,1,1
6332,1.0,0,1,1
6333,0.2,3,0,0
6334,0.2,3,0,0
6335,0.2,3,0,0
6336,0.2,1,1,1
6337,0.2,3,0,0
6338,0.2,1,1,1
6339,0.2,1,1,1
6340,1.0,3,0,0
6341,0.2,1,1,1
6342,0.2,1,1,1
6343,1.0,3,0,0
6344,0.2,3,1,0
6345,0.2,1,1,1
6346,0.2,3,0,0
6347,2.2,1,1,1
6348,1.0,1,1,1
6349,0.2,3,0,0
6350,0.2,3,0,0
6351,0.2,3,0,0
6352,1.0,3,1,0
6353,1.0,1,1,1
6354,1.0,2,1,1
6355,0.2,3,1,0
6356,1.0,3,0,0
6357,0.2,0,1,0
6358,0.2,3,0,0
6359,0.2,3,1,0
6360,1.0,2,1,1
6361,0.2,2,1,1
6362,0.2,3,0,0
6363,0.2,1,1,1
6364,0.2,2,1,1
6365,1.0,0,1,1
6366,0.2,2,1,0
6367,1.4,0,1,1
6368,0.2,3,0,0
6369,0.2,2,1,0
6370,0.2,1,1,1
6371,0.2,3,0,0
6372,0.2,1,1,1
6373,0.2,1,1,1
6374,0.2,3,0,0
6375,0.2,1,1,1
6376,0.2,1,1,1
6377,0.2,2,1,1
6378,0.2,3,0,0
6379,0.2,1,1,1
6380,0.2,3,0,0
6381,0.2,3,0,0
6382,0.2,3,0,1
6383,0.2,1,1,1
6384,0.2,3,0,0
6385,0.2,3,1,0
6386,1.0,3,1,1
6387,0.2,2,1,0
6388,0.2,2,1,0
6389,1.0,3,0,0
6390,0.2,3,0,0
6391,0.2,0,1,1
6392,0.2,2,1,0
6393,0.2,3,0,0
6394,0.2,3,0,0
6395,1.0,3,0,0
6396,0.2,3,1,1
6397,1.0,3,0,0
6398,0.2,3,1,0
6399,3.8,2,1,0
6400,0.2,3,0,0
6401,1.0,3,0,1
6402,1.0,3,0,0
6403,1.0,3,0,0
6404,0.2,3,0,0
6405,0.2,3,0,0
6406,0.2,3,1,0
6407,1.0,3,0,1
6408,1.0,0,1,1
6409,0.2,1,1,1
6410,0.2,3,0,0
6411,1.0,0,1,1
6412,0.2,0,1,1
6413,3.0,3,0,0
6414,0.2,2,1,0
6415,0.2,3,0,0
6416,0.2,3,0,0
6417,0.2,3,0,0
6418,0.2,3,0,0
6419,0.2,2,1,1
6420,0.2,3,0,0
6421,0.2,3,0,0
6422,0.2,3,0,0
6423,0.2,3,0,0
6424,1.0,1,1,1
6425,0.2,3,0,0
6426,0.2,3,0,0
6427,0.2,3,0,0
6428,0.2,3,0,0
6429,1.0,3,0,0
6430,1.0,3,1,1
6431,0.2,1,1,1
6432,1.0,0,1,1
6433,2.2,2,1,1
6434,1.0,3,0,0
6435,0.2,3,0,0
6436,0.2,3,0,0
6437,1.0,3,0,0
6438,0.2,3,0,0
6439,0.2,2,1,1
6440,0.2,3,0,0
6441,0.2,2,1,0
6442,0.2,3,1,0
6443,0.2,3,0,0
6444,0.2,1,1,1
6445,0.2,3,0,0
6446,0.2,3,0,0
6447,0.2,3,0,0
6448,0.2,2,1,1
6449,0.2,2,1,0
6450,0.2,1,1,1
6451,0.2,3,0,0
6452,0.2,1,1,1
6453,0.2,3,0,1
6454,0.2,3,0,1
6455,0.2,1,1,1
6456,0.2,3,1,0
6457,0.2,3,0,1
6458,0.2,3,0,0
6459,0.2,3,0,0
6460,1.0,3,0,0
6461,0.2,3,0,0
6462,1.0,3,0,0
6463,0.2,3,1,0
6464,0.2,2,1,1
6465,0.2,3,0,0
6466,0.2,3,1,0
6467,1.0,3,0,1
6468,0.2,3,0,0
6469,0.2,1,1,1
6470,0.2,3,0,0
6471,1.0,2,1,1
6472,1.0,1,1,1
6473,0.2,3,0,0
6474,0.2,1,1,1
6475,1.0,3,0,1
6476,0.2,2,1,1
6477,0.2,3,0,0
6478,0.2,0,1,1
6479,0.2,2,1,1
6480,0.2,3,0,0
6481,0.2,3,1,0
6482,0.2,0,1,1
6483,1.0,3,0,0
6484,0.2,0,1,1
6485,0.2,3,1,0
6486,0.2,2,1,1
6487,0.2,3,0,0
6488,0.2,3,0,0
6489,0.2,2,1,1
6490,0.2,2,1,0
6491,0.2,3,0,0
6492,0.2,2,1,0
6493,0.2,3,0,0
6494,0.2,2,1,1
6495,1.0,3,0,0
6496,0.2,3,0,0
6497,0.2,0,1,1
6498,0.2,3,0,0
6499,0.2,2,1,0
6500,0.2,3,0,0
6501,0.2,3,0,0
6502,1.0,3,0,0
6503,0.2,3,0,1
6504,1.0,1,1,1
6505,0.2,3,1,0
6506,0.6000000000000001,0,1,1
6507,0.2,1,1,1
6508,2.2,1,1,1
6509,0.2,1,1,1
6510,1.0,3,0,0
6511,0.2,2,1,0
6512,0.2,3,0,0
6513,0.2,0,1,0
6514,0.2,3,0,0
6515,0.2,1,1,1
6516,0.2,2,1,0
6517,0.2,3,0,1
6518,0.2,2,1,0
6519,0.2,3,0,0
6520,0.2,3,0,0
6521,0.2,3,0,0
6522,0.2,1,1,1
6523,0.2,3,0,0
6524,0.2,1,1,1
6525,0.2,0,1,1
6526,1.0,1,1,1
6527,0.2,3,0,0
6528,0.2,0,1,1
6529,0.2,1,1,1
6530,0.2,3,1,0
6531,0.2,2,1,0
6532,0.2,3,0,0
6533,0.2,3,0,0
6534,0.2,3,0,0
6535,0.2,3,0,0
6536,0.2,3,0,0
6537,0.2,2,1,1
6538,0.2,1,1,1
6539,0.2,3,0,0
6540,1.0,3,0,0
6541,0.2,3,1,0
6542,0.2,1,1,1
6543,0.2,2,1,0
6544,0.2,2,1,0
6545,0.2,3,0,0
6546,0.2,3,0,0
6547,0.2,3,0,0
6548,0.2,3,0,0
6549,0.2,3,0,0
6550,0.2,2,1,0
6551,0.2,3,0,0
6552,0.2,3,0,0
6553,0.2,1,1,1
6554,0.2,1,1,1
6555,0.2,3,0,0
6556,0.2,3,0,1
6557,0.2,3,0,0
6558,0.2,3,0,0
6559,0.2,3,0,0
6560,1.0,2,1,1
6561,0.2,3,0,0
6562,0.2,2,1,1
6563,0.2,2,1,0
6564,0.2,2,1,0
6565,0.2,3,0,0
6566,0.2,2,1,0
6567,0.2,0,1,1
6568,1.0,1,1,1
6569,0.2,3,0,0
6570,1.0,1,1,1
6571,1.0,1,1,1
6572,0.2,3,0,0
6573,0.2,2,1,1
6574,0.2,0,1,1
6575,0.2,3,1,0
6576,0.2,3,0,0
6577,2.2,1,1,1
6578,0.2,1,1,1
6579,0.2,1,1,1
6580,1.0,3,0,1
6581,1.0,3,0,0
6582,0.2,2,1,1
6583,0.2,1,1,1
6584,0.2,3,1,0
6585,0.2,3,0,0
6586,0.2,3,0,0
6587,1.0,3,0,1
6588,1.0,3,1,0
6589,0.2,1,1,1
6590,2.2,2,1,1
6591,0.2,1,1,1
6592,1.0,2,1,1
6593,0.2,1,1,1
6594,0.2,3,0,0
6595,0.2,2,1,0
6596,0.2,1,1,1
6597,0.2,3,0,0
6598,0.2,3,1,0
6599,0.2,1,1,1
6600,0.2,0,1,1
6601,1.0,1,1,1
6602,0.2,1,1,1
6603,0.2,3,0,0
6604,1.0,2,1,1
6605,0.2,3,1,0
6606,0.2,1,1,1
6607,0.2,3,0,1
6608,0.2,2,1,1
6609,0.2,3,0,0
6610,0.2,3,0,0
6611,0.2,3,0,0
6612,0.2,0,1,1
6613,1.0,3,0,0
6614,0.2,3,0,0
6615,0.2,1,1,1
6616,0.2,3,0,0
6617,0.2,3,0,0
6618,1.0,2,1,1
6619,0.2,3,0,0
6620,0.2,3,0,0
6621,0.2,2,1,0
6622,0.2,0,1,1
6623,0.2,3,0,0
6624,0.2,3,0,0
6625,0.2,1,1,1
6626,0.2,1,1,1
6627,1.0,2,1,1
6628,0.2,2,1,1
6629,1.0,2,1,1
6630,1.0,3,0,0
6631,1.0,3,0,0
6632,0.2,3,1,0
6633,0.2,1,1,1
6634,0.2,3,0,0
6635,1.0,3,0,1
6636,0.2,2,1,1
6637,0.2,3,0,0
6638,0.2,3,0,0
6639,0.2,3,0,0
6640,0.2,1,1,1
6641,0.2,3,0,0
6642,0.2,0,1,1
6643,1.8,3,0,0
6644,0.2,3,0,0
6645,0.2,3,0,0
6646,2.2,3,0,1
6647,0.2,3,0,0
6648,0.2,1,1,1
6649,0.2,0,1,1
6650,0.2,0,1,1
6651,1.0,3,0,1
6652,1.0,3,0,1
6653,0.2,1,1,1
6654,1.0,1,1,1
6655,0.2,3,0,0
6656,0.2,0,1,1
6657,0.2,3,0,0
6658,0.2,3,0,0
6659,0.2,0,1,1
6660,1.0,3,0,0
6661,0.2,1,1,1
6662,0.2,2,1,1
6663,0.2,3,0,0
6664,0.2,1,1,1
6665,0.2,1,1,1
6666,1.0,3,1,0
6667,1.0,3,0,1
6668,0.2,1,1,1
6669,2.2,2,1,1
6670,0.2,3,0,0
6671,0.2,0,1,1
6672,2.2,3,0,0
6673,3.8,1,1,0
6674,0.2,2,1,1
6675,0.2,3,0,0
6676,0.2,3,0,0
6677,1.0,1,1,1
6678,1.0,3,0,0
6679,1.0,1,1,1
6680,0.2,0,1,1
6681,0.2,3,0,0
6682,0.2,3,0,0
6683,0.2,2,1,1
6684,0.2,3,0,0
6685,2.2,1,1,1
6686,0.2,3,0,0
6687,0.2,3,0,0
6688,0.2,3,0,0
6689,0.2,3,0,0
6690,1.0,3,0,1
6691,0.2,3,0,0
6692,0.2,1,1,1
6693,1.0,3,1,1
6694,1.0,3,0,0
6695,0.2,3,0,0
6696,0.2,3,0,0
6697,0.2,3,0,0
6698,0.2,3,0,0
6699,0.2,3,0,0
6700,0.2,3,1,0
6701,0.2,2,1,0
6702,1.0,1,1,1
6703,0.2,3,0,0
6704,0.2,2,1,1
6705,0.2,3,0,0
6706,2.2,2,1,1
6707,1.0,3,1,0
6708,1.0,3,0,0
6709,1.0,1,1,1
6710,1.0,3,0,0
6711,0.2,2,1,0
6712,0.2,2,1,0
6713,0.2,3,0,0
6714,0.2,2,1,1
6715,0.2,0,1,1
6716,0.2,0,1,1
6717,0.2,2,1,0
6718,0.2,3,0,0
6719,0.2,2,1,1
6720,0.2,1,1,1
6721,0.2,3,0,0
6722,1.0,1,1,1
6723,0.2,1,1,1
6724,0.2,3,1,0
6725,0.2,3,0,1
6726,0.2,3,0,0
6727,0.2,3,0,0
6728,1.0,3,0,0
6729,0.2,2,1,1
6730,0.2,3,0,0
6731,0.2,2,1,1
6732,0.2,3,0,0
6733,0.2,3,0,0
6734,0.2,3,0,0
6735,0.2,3,0,0
6736,1.0,3,0,0
6737,0.2,2,1,0
6738,0.2,3,0,0
6739,1.0,3,0,1
6740,0.2,3,0,1
6741,0.2,3,0,0
6742,0.2,2,1,1
6743,0.2,3,0,0
6744,0.2,3,0,0
6745,0.2,3,0,0
6746,0.2,3,0,1
6747,0.2,3,0,0
6748,0.2,3,0,0
6749,0.2,3,0,0
6750,0.2,2,1,0
6751,0.2,2,1,0
6752,0.2,2,1,1
6753,0.2,3,0,0
6754,0.2,3,1,0
6755,1.0,3,0,1
6756,0.2,2,1,0
6757,0.2,3,0,0
6758,1.0,1,1,1
6759,0.2,3,0,0
6760,1.0,3,0,1
6761,1.0,1,1,1
6762,0.2,0,1,1
6763,1.0,2,1,1
6764,0.2,3,0,0
6765,3.8,1,1,0
6766,0.2,3,0,0
6767,1.0,3,0,0
6768,0.2,3,1,0
6769,0.2,3,0,0
6770,1.0,3,0,0
6771,0.2,0,1,1
6772,0.2,2,1,0
6773,0.2,0,1,1
6774,0.2,3,0,0
6775,0.2,1,1,0
6776,0.2,2,1,1
6777,0.2,3,0,0
6778,0.2,0,1,1
6779,0.2,2,1,1
6780,0.2,3,0,0
6781,1.0,3,0,1
6782,0.2,3,0,0
6783,0.2,3,0,0
6784,1.0,1,1,1
6785,0.2,3,0,0
6786,0.2,1,1,1
6787,0.2,0,1,1
6788,0.2,3,1,0
6789,1.0,2,1,1
6790,0.2,2,1,0
6791,1.0,0,1,1
6792,0.2,3,1,0
6793,1.0,1,1,1
6794,0.2,3,0,0
6795,0.2,3,0,0
6796,1.0,1,1,1
6797,1.0,3,0,1
6798,2.2,3,0,0
6799,0.2,3,1,0
6800,0.2,2,1,0
6801,0.2,3,0,0
6802,1.0,2,1,1
6803,0.2,3,0,0
6804,0.2,3,0,0
6805,0.2,3,0,0
6806,1.0,2,1,1
6807,1.0,3,1,0
6808,0.2,3,0,0
6809,0.2,2,1,1
6810,0.2,2,1,1
6811,0.2,3,0,0
6812,0.2,3,0,0
6813,0.2,1,1,1
6814,0.2,1,1,1
6815,1.0,3,0,0
6816,0.2,3,0,0
6817,0.2,0,1,1
6818,0.2,3,0,0
6819,0.2,1,1,1
6820,0.2,3,0,0
6821,0.2,2,1,0
6822,0.2,3,1,0
6823,0.2,1,1,1
6824,0.2,3,0,0
6825,0.2,3,0,0
6826,0.2,3,0,0
6827,1.0,2,1,1
6828,0.2,1,1,1
6829,0.2,1,1,1
6830,0.2,3,0,0
6831,1.0,3,0,0
6832,0.2,3,0,0
6833,0.2,2,1,0
6834,0.2,1,1,1
6835,0.2,1,1,1
6836,0.2,2,1,1
6837,0.2,3,1,0
6838,0.2,2,1,1
6839,0.2,1,1,1
6840,0.2,1,1,1
6841,0.2,2,1,1
6842,0.2,2,1,1
6843,0.2,3,1,0
6844,1.0,3,0,0
6845,0.2,1,1,0
6846,0.2,2,1,0
6847,0.2,2,1,0
6848,0.2,2,1,1
6849,1.0,3,0,0
6850,0.2,3,0,0
6851,1.0,3,0,0
6852,1.0,2,1,1
6853,3.0,2,0,0
6854,1.0,3,0,1
6855,0.2,3,1,0
6856,0.2,3,0,0
6857,1.0,3,1,1
6858,0.2,3,0,0
6859,0.2,3,0,0
6860,0.2,2,1,1
6861,0.2,3,0,0
6862,0.2,2,1,0
6863,0.2,2,1,1
6864,0.2,3,0,0
6865,0.2,1,1,1
6866,0.2,3,0,0
6867,0.2,0,1,1
6868,0.2,2,1,0
6869,1.0,3,0,1
6870,0.2,1,1,1
6871,0.2,0,1,1
6872,0.2,1,1,1
6873,3.8,2,1,0
6874,0.2,3,0,1
6875,0.2,3,0,0
6876,1.0,0,1,1
6877,0.2,3,0,1
6878,0.2,3,0,0
6879,0.2,1,1,1
6880,0.2,3,0,0
6881,0.2,1,1,1
6882,0.2,3,0,0
6883,0.2,1,1,1
6884,0.2,3,0,1
6885,0.2,1,1,1
6886,0.2,3,0,0
6887,0.2,3,0,0
6888,0.2,3,0,0
6889,0.2,3,0,0
6890,1.0,2,1,0
6891,0.2,2,1,0
6892,0.2,3,0,0
6893,1.0,3,0,1
6894,0.2,3,0,0
6895,1.0,3,0,0
6896,1.0,0,1,1
6897,1.0,2,1,1
6898,1.0,3,0,0
6899,0.2,3,0,0
6900,0.2,0,1,1
6901,0.2,3,0,0
6902,0.2,3,0,0
6903,2.2,3,0,0
6904,0.2,3,0,0
6905,0.2,3,0,0
6906,0.2,2,1,1
6907,0.2,3,0,0
6908,0.2,3,0,0
6909,0.2,3,0,0
6910,1.0,3,0,0
6911,0.2,2,1,0
6912,1.0,0,1,1
6913,1.0,3,1,0
6914,0.2,3,1,0
6915,2.2,1,1,1
6916,1.0,1,1,1
6917,0.2,3,0,1
6918,1.0,2,1,1
6919,0.2,3,0,0
6920,0.2,3,0,0
6921,1.0,3,0,1
6922,0.2,2,1,0
6923,1.0,3,0,1
6924,1.0,2,1,1
6925,0.2,2,1,0
6926,0.2,3,0,0
6927,1.0,0,1,1
6928,0.2,3,0,0
6929,0.2,1,1,1
6930,1.0,1,1,1
6931,0.2,3,0,0
6932,0.2,2,1,1
6933,0.2,2,1,1
6934,0.2,1,1,1
6935,2.2,1,1,1
6936,2.2,3,0,1
6937,1.0,1,1,1
6938,0.2,2,1,0
6939,0.2,3,0,0
6940,0.2,3,0,0
6941,0.2,3,0,0
6942,0.2,3,0,0
6943,2.2,3,0,0
6944,1.8,3,0,0
6945,1.0,3,0,0
6946,0.2,3,0,0
6947,0.2,2,1,0
6948,1.0,2,1,1
6949,0.2,3,0,0
6950,1.0,3,0,0
6951,0.2,3,0,0
6952,1.0,3,0,1
6953,0.2,3,1,0
6954,1.0,3,0,1
6955,0.2,3,0,0
6956,0.2,2,1,0
6957,1.0,3,0,0
6958,2.2,3,0,1
6959,1.8,3,0,0
6960,0.2,3,0,0
6961,1.0,1,1,1
6962,1.0,3,1,0
6963,0.2,2,1,1
6964,0.2,1,1,1
6965,1.0,3,0,0
6966,0.2,3,0,0
6967,0.2,2,1,1
6968,0.2,2,1,0
6969,0.2,2,1,1
6970,0.2,3,0,0
6971,0.2,3,0,0
6972,1.0,3,0,1
6973,0.2,1,1,1
6974,0.2,2,1,0
6975,0.2,3,0,0
6976,1.0,3,0,1
6977,0.2,3,0,0
6978,0.2,3,0,0
6979,0.2,3,0,0
6980,0.2,1,1,1
6981,0.2,3,0,0
6982,1.0,3,1,0
6983,0.2,3,0,0
6984,1.0,3,0,1
6985,0.2,1,1,1
6986,0.2,2,1,1
6987,1.0,0,1,1
6988,1.0,1,1,1
6989,0.2,3,0,0
6990,0.2,2,1,1
6991,0.2,2,1,0
6992,0.2,3,0,0
6993,1.0,1,1,1
6994,0.2,3,0,0
6995,0.2,2,1,0
6996,0.2,3,1,0
6997,0.2,3,1,0
6998,0.2,0,1,0
6999,0.2,3,0,0
7000,0.2,0,1,1
7001,0.2,3,1,0
7002,0.2,3,0,0
7003,0.2,3,0,0
7004,0.2,3,0,0
7005,0.2,3,1,0
7006,0.2,3,0,0
7007,0.2,3,0,0
7008,1.0,0,1,1
7009,0.2,3,0,0
7010,0.2,1,1,1
7011,0.2,3,0,0
7012,2.2,3,0,1
7013,0.2,3,0,0
7014,0.2,2,1,1
7015,0.2,3,1,0
7016,0.2,3,0,0
7017,0.2,3,0,0
7018,0.2,2,1,0
7019,3.0,3,0,0
7020,0.2,1,1,1
7021,0.2,3,0,0
7022,0.2,3,0,0
7023,2.2,2,1,1
7024,0.2,2,1,1
7025,1.0,2,1,1
7026,0.2,3,0,0
7027,0.2,3,0,0
7028,1.0,3,0,0
7029,0.2,3,0,0
7030,1.0,3,0,0
7031,0.2,3,0,0
7032,0.2,1,1,1
7033,1.0,3,0,0
7034,1.0,3,0,0
7035,0.2,2,1,0
7036,0.2,1,1,1
7037,0.2,0,1,1
7038,0.2,3,0,0
7039,1.0,3,1,0
7040,0.2,3,0,1
7041,0.2,2,1,0
7042,0.2,2,1,1
7043,0.2,1,1,1
7044,0.2,3,0,0
7045,1.0,3,1,0
7046,0.2,3,0,0
7047,0.2,1,1,1
7048,0.2,3,0,0
7049,1.0,3,0,0
7050,0.2,2,1,0
7051,0.2,3,0,0
7052,0.2,3,1,0
7053,1.0,3,0,0
7054,0.2,2,1,0
7055,0.2,1,1,1
7056,0.2,3,1,0
7057,0.2,0,1,1
7058,0.2,1,1,1
7059,0.2,3,0,0
7060,1.0,2,1,1
7061,0.2,3,0,0
7062,0.2,3,0,0
7063,2.2,3,0,0
7064,0.2,2,1,0
7065,0.2,3,0,0
7066,0.2,3,0,0
7067,0.2,1,1,1
7068,1.0,2,1,1
7069,0.2,2,1,0
7070,1.0,0,1,1
7071,0.2,3,0,0
7072,0.2,1,1,1
7073,0.2,1,1,1
7074,1.0,3,0,1
7075,0.2,1,1,1
7076,0.2,0,1,1
7077,0.2,0,1,1
7078,0.2,3,0,0
7079,0.2,1,1,1
7080,0.2,3,0,0
7081,0.2,2,1,0
7082,0.2,1,1,1
7083,0.2,3,0,0
7084,0.2,3,1,0
7085,0.2,3,0,0
7086,0.2,3,1,0
7087,0.2,3,0,0
7088,0.2,3,0,0
7089,0.2,3,0,0
7090,0.2,1,1,1
7091,0.2,3,0,0
7092,1.0,2,1,1
7093,0.2,2,1,1
7094,0.2,1,1,0
7095,0.2,3,1,1
7096,0.2,1,1,1
7097,0.2,0,1,1
7098,0.2,2,1,1
7099,0.2,2,1,1
7100,0.2,1,1,1
7101,0.2,1,1,1
7102,0.2,0,1,1
7103,0.2,3,0,0
7104,1.0,3,0,1
7105,0.2,2,1,1
7106,0.2,3,0,0
7107,0.2,3,0,0
7108,0.2,3,0,0
7109,0.2,3,0,0
7110,1.0,3,0,0
7111,0.2,0,1,1
7112,0.2,0,1,1
7113,1.0,1,1,1
7114,2.2,1,1,1
7115,0.2,3,0,0
7116,0.2,3,0,0
7117,0.6000000000000001,0,1,1
7118,0.2,3,0,0
7119,0.2,3,0,0
7120,0.2,1,1,1
7121,0.2,3,0,0
7122,0.2,3,0,0
7123,1.0,3,0,1
7124,0.2,3,1,0
7125,1.0,3,0,0
7126,0.2,3,0,0
7127,1.0,2,1,1
7128,0.2,1,1,0
7129,0.2,3,0,0
7130,1.0,3,0,1
7131,0.2,1,1,1
7132,1.0,3,0,1
7133,0.2,2,1,1
7134,0.2,3,0,0
7135,0.2,2,1,1
7136,0.2,3,0,0
7137,0.2,1,1,1
7138,0.2,3,0,0
7139,0.2,3,0,0
7140,0.2,0,1,1
7141,0.2,3,0,0
7142,0.2,3,1,0
7143,0.2,3,0,0
7144,0.2,1,1,1
7145,0.2,1,1,0
7146,1.0,3,0,0
7147,0.2,3,0,0
7148,0.2,2,1,1
7149,1.0,3,0,1
7150,1.0,2,1,1
7151,0.2,1,1,1
7152,0.2,2,1,0
7153,0.2,3,0,0
7154,0.2,1,1,1
7155,0.2,2,1,1
7156,0.2,3,0,0
7157,2.2,1,1,1
7158,1.8,3,0,0
7159,0.2,3,0,0
7160,0.2,3,0,0
7161,0.2,3,1,0
7162,0.2,3,0,0
7163,0.2,3,0,0
7164,0.2,2,1,0
7165,0.2,3,0,0
7166,0.2,3,1,0
7167,0.2,1,1,1
7168,0.2,3,0,0
7169,3.0,2,0,0
7170,0.2,3,0,0
7171,1.0,3,1,0
7172,0.2,2,1,0
7173,1.0,2,1,1
7174,0.2,3,0,0
7175,0.2,2,1,1
7176,1.0,2,1,0
7177,0.2,0,1,1
7178,0.2,1,1,1
7179,0.2,1,1,1
7180,0.2,3,0,0
7181,0.2,3,0,0
7182,0.2,3,0,0
7183,0.2,3,0,0
7184,0.2,3,0,0
7185,0.2,0,1,1
7186,1.0,1,1,1
7187,1.0,3,0,0
7188,0.2,3,0,0
7189,3.4000000000000004,1,1,1
7190,0.2,2,1,0
7191,0.2,3,0,0
7192,0.2,3,1,0
7193,0.2,2,1,0
7194,0.2,1,1,1
7195,0.2,0,1,1
7196,0.2,3,0,0
7197,0.2,1,1,1
7198,0.2,2,1,1
7199,0.2,1,1,1
7200,0.2,3,0,0
7201,0.2,2,1,1
7202,0.2,3,1,0
7203,0.2,1,1,1
7204,1.0,3,0,0
7205,0.2,3,0,0
7206,0.2,3,0,0
7207,1.0,2,1,1
7208,0.2,3,0,0
7209,0.2,3,0,0
7210,0.2,3,0,0
7211,0.2,1,1,1
7212,0.2,3,0,0
7213,0.2,3,0,0
7214,0.2,1,1,1
7215,0.2,2,1,0
7216,0.2,3,1,0
7217,1.0,3,0,0
7218,0.2,1,1,1
7219,0.2,3,0,0
7220,0.2,3,0,0
7221,0.2,3,0,0
7222,0.2,3,0,0
7223,0.2,2,1,0
7224,1.0,3,1,1
7225,0.2,3,0,0
7226,1.0,2,1,1
7227,0.2,3,0,0
7228,1.0,1,1,1
7229,0.2,2,1,0
7230,0.2,2,1,1
7231,0.2,1,1,1
7232,0.2,2,1,1
7233,1.0,3,0,1
7234,0.2,2,1,1
7235,0.2,3,0,0
7236,0.2,3,0,0
7237,2.2,2,1,1
7238,0.2,1,1,1
7239,1.0,3,0,1
7240,0.2,3,0,0
7241,0.2,3,1,0
7242,0.2,3,0,0
7243,2.2,1,1,1
7244,0.2,2,1,1
7245,0.2,3,0,0
7246,0.2,3,0,0
7247,1.0,3,0,0
7248,1.0,2,1,0
7249,0.2,3,0,0
7250,0.2,1,1,1
7251,0.2,0,1,1
7252,0.2,3,0,0
7253,0.2,3,0,0
7254,0.2,2,1,0
7255,0.2,3,1,1
7256,0.2,2,1,0
7257,0.2,3,0,0
7258,0.2,1,1,1
7259,0.2,3,1,0
7260,0.2,3,0,0
7261,0.2,2,1,0
7262,0.2,3,0,0
7263,0.2,3,0,0
7264,1.0,3,0,0
7265,0.2,3,0,1
7266,0.2,3,0,1
7267,0.2,3,0,0
7268,1.0,0,1,1
7269,1.0,3,0,1
7270,0.2,2,1,0
7271,1.0,1,1,1
7272,1.0,3,1,0
7273,0.2,2,1,1
7274,1.0,0,1,1
7275,1.0,3,0,1
7276,0.2,3,0,0
7277,0.2,3,0,0
7278,0.2,3,0,0
7279,1.0,1,1,1
7280,0.2,1,1,1
7281,0.2,3,0,0
7282,1.0,3,1,1
7283,1.8,3,0,0
7284,1.0,3,0,0
7285,0.2,3,0,0
7286,0.2,1,1,1
7287,0.2,3,0,0
7288,1.0,3,0,0
7289,1.0,1,1,1
7290,0.2,3,0,0
7291,0.2,3,0,0
7292,0.2,3,0,0
7293,0.2,3,0,0
7294,0.2,1,1,1
7295,0.2,3,1,0
7296,0.2,3,0,0
7297,0.2,2,1,0
7298,0.2,3,0,0
7299,1.0,1,1,1
7300,0.2,2,1,0
7301,0.2,3,0,0
7302,0.2,2,1,1
7303,1.0,3,1,0
7304,0.2,2,1,0
7305,0.2,2,1,0
7306,2.2,3,0,1
7307,0.2,2,1,1
7308,1.0,3,0,0
7309,0.2,3,0,0
7310,0.2,3,0,0
7311,0.2,3,0,0
7312,0.2,3,0,0
7313,0.2,2,1,1
7314,0.2,0,1,1
7315,0.2,3,0,0
7316,0.2,3,1,0
7317,0.2,3,0,0
7318,0.2,1,1,1
7319,1.0,2,1,1
7320,0.2,1,1,1
7321,0.2,2,1,0
7322,0.2,3,0,0
7323,1.0,1,1,1
7324,1.0,3,0,1
7325,0.2,3,0,0
7326,0.2,3,0,0
7327,0.2,2,1,0
7328,0.2,3,0,0
7329,0.2,2,1,1
7330,0.2,3,0,0
7331,0.2,3,0,0
7332,1.0,3,0,1
7333,0.2,3,0,0
7334,0.2,2,1,1
7335,0.2,3,0,0
7336,0.2,3,0,0
7337,0.2,3,0,0
7338,0.2,3,0,0
7339,1.0,3,0,1
7340,0.2,3,1,0
7341,1.0,1,1,1
7342,0.2,3,0,0
7343,1.0,3,0,0
7344,1.0,3,0,0
7345,2.2,2,1,1
7346,0.2,2,1,0
7347,0.2,3,0,0
7348,0.2,3,0,0
7349,0.2,3,0,0
7350,0.2,3,0,0
7351,0.2,2,1,1
7352,0.2,3,0,0
7353,0.2,1,1,1
7354,0.2,3,0,1
7355,0.2,3,0,0
7356,1.0,3,1,1
7357,0.2,3,0,0
7358,0.2,3,1,0
7359,0.2,3,0,0
7360,0.2,3,0,0
7361,0.2,2,1,0
7362,0.2,3,0,0
7363,1.0,1,1,1
7364,0.2,3,0,0
7365,0.2,2,1,0
7366,0.2,3,1,0
7367,0.2,3,0,0
7368,0.2,3,0,0
7369,0.2,2,1,1
7370,0.2,3,0,0
7371,0.2,3,0,0
7372,0.2,2,1,1
7373,0.2,1,1,1
7374,0.2,3,0,0
7375,0.2,1,1,1
7376,0.2,1,1,1
7377,0.2,3,0,0
7378,0.2,3,0,0
7379,0.2,2,1,1
7380,1.0,3,0,0
7381,0.2,3,0,0
7382,0.2,3,0,0
7383,0.2,3,0,0
7384,1.0,1,1,1
7385,0.2,2,1,1
7386,1.0,2,1,1
7387,0.2,3,0,0
7388,0.2,3,0,0
7389,0.2,2,1,0
7390,1.0,3,0,0
7391,0.2,3,0,0
7392,0.2,3,0,1
7393,1.0,2,1,1
7394,0.2,3,0,0
7395,1.0,0,1,1
7396,0.2,2,1,1
7397,1.0,3,0,0
7398,1.0,3,1,0
7399,0.2,2,1,1
7400,1.0,3,0,0
7401,1.0,1,1,1
7402,1.0,3,0,0
7403,0.2,2,1,1
7404,0.2,3,0,0
7405,0.2,3,0,0
7406,0.2,2,1,0
7407,0.2,2,1,1
7408,0.2,2,1,0
7409,0.2,2,1,0
7410,0.2,3,0,0
7411,0.2,3,0,0
7412,0.2,2,1,0
7413,1.0,3,0,0
7414,0.2,3,0,0
7415,0.2,2,1,1
7416,0.2,3,0,0
7417,0.2,3,0,0
7418,1.0,3,1,0
7419,1.0,1,1,1
7420,0.2,3,0,0
7421,0.2,2,1,0
7422,0.2,2,1,0
7423,0.2,3,0,0
7424,0.2,3,1,0
7425,0.2,1,1,1
7426,0.2,3,0,0
7427,0.2,1,1,1
7428,0.2,3,0,0
7429,0.2,2,1,1
7430,1.0,2,1,1
7431,1.0,2,1,1
7432,0.2,3,0,0
7433,0.2,1,1,1
7434,0.2,2,1,1
7435,2.2,3,0,1
7436,0.2,3,0,0
7437,0.2,2,1,1
7438,0.2,3,0,0
7439,0.2,2,1,1
7440,0.2,2,1,1
7441,1.0,3,0,1
7442,0.2,2,1,0
7443,0.2,2,1,0
7444,0.2,1,1,1
7445,0.2,2,1,1
7446,0.2,3,0,0
7447,0.2,3,0,0
7448,1.0,3,1,1
7449,0.2,3,0,0
7450,0.2,3,0,0
7451,0.2,1,1,1
7452,0.2,3,0,0
7453,0.2,0,1,1
7454,0.2,3,0,0
7455,0.2,2,1,0
7456,0.2,3,0,0
7457,0.2,3,0,0
7458,0.2,3,0,1
7459,0.2,3,1,0
7460,1.0,3,0,0
7461,0.2,2,1,0
7462,1.0,3,0,0
7463,0.2,3,0,0
7464,0.2,2,1,0
7465,0.2,3,0,0
7466,0.2,3,0,0
7467,0.2,1,1,1
7468,0.2,2,1,0
7469,1.0,3,0,1
7470,0.2,2,1,0
7471,0.2,2,1,0
7472,0.2,3,0,0
7473,0.2,3,0,0
7474,0.2,1,1,1
7475,0.2,3,0,1
7476,0.2,3,0,0
7477,0.2,0,1,1
7478,0.2,3,0,0
7479,0.2,3,0,0
7480,0.2,3,1,0
7481,0.2,3,0,0
7482,0.2,3,0,0
7483,0.2,3,0,0
7484,1.0,2,1,1
7485,0.2,3,0,0
7486,0.2,3,0,0
7487,1.0,3,0,1
7488,0.2,3,1,0
7489,0.2,3,0,0
7490,0.2,1,1,1
7491,0.2,2,1,1
7492,0.2,3,0,0
7493,0.2,3,0,0
7494,1.0,2,1,1
7495,1.0,3,0,0
7496,0.2,3,0,0
7497,0.2,3,1,0
7498,0.2,3,0,0
7499,0.2,3,0,0
7500,0.2,3,0,0
7501,0.2,1,1,1
7502,0.2,0,1,1
7503,1.0,3,0,0
7504,0.2,1,1,1
7505,2.2,1,1,1
7506,0.2,0,1,1
7507,1.0,3,0,0
7508,0.2,3,0,1
7509,0.2,3,0,0
7510,0.2,1,1,1
7511,0.2,3,0,0
7512,0.2,1,1,1
7513,0.2,3,0,0
7514,0.2,1,1,1
7515,0.2,2,1,1
7516,0.2,3,1,0
7517,0.2,1,1,1
7518,0.2,1,1,1
7519,2.2,1,1,1
7520,0.2,3,0,0
7521,0.2,1,1,1
7522,0.2,2,1,0
7523,1.0,3,0,0
7524,0.2,3,0,0
7525,0.2,1,1,1
7526,1.0,3,0,0
7527,1.0,1,1,1
7528,1.0,3,0,1
7529,0.2,3,0,0
7530,0.2,0,1,1
7531,0.2,3,0,0
7532,0.2,3,0,0
7533,0.2,3,0,0
7534,0.2,3,0,0
7535,1.0,3,0,0
7536,0.2,1,1,1
7537,0.2,1,1,1
7538,0.2,1,1,1
7539,1.0,1,1,1
7540,2.2,2,1,1
7541,1.0,2,1,0
7542,0.2,3,0,0
7543,0.2,3,0,0
7544,0.2,3,1,0
7545,0.2,3,0,0
7546,0.2,3,0,0
7547,0.2,3,0,0
7548,0.2,3,0,0
7549,0.2,3,0,0
7550,0.2,3,0,0
7551,1.0,2,1,1
7552,0.2,3,0,0
7553,0.2,3,0,0
7554,0.2,2,1,0
7555,0.2,2,1,1
7556,0.2,3,0,1
7557,0.2,3,0,0
7558,1.0,3,0,0
7559,0.2,2,1,1
7560,2.2,1,1,1
7561,0.2,3,0,0
7562,0.2,3,0,0
7563,0.2,2,1,1
7564,0.2,2,1,1
7565,0.2,1,1,1
7566,0.2,3,0,0
7567,0.2,3,1,0
7568,1.0,3,0,1
7569,0.2,3,0,0
7570,1.0,3,0,0
7571,1.0,0,1,1
7572,1.0,3,0,1
7573,0.2,1,1,1
7574,0.2,3,0,0
7575,0.2,2,1,1
7576,0.2,2,1,0
7577,0.2,0,1,1
7578,0.2,3,0,0
7579,0.2,1,1,1
7580,0.2,3,0,0
7581,0.2,1,1,1
7582,0.2,3,0,0
7583,0.2,3,0,0
7584,0.2,0,1,1
7585,0.2,1,1,1
7586,0.2,3,0,0
7587,1.0,1,1,1
7588,0.2,2,1,1
7589,0.2,0,1,0
7590,1.0,3,0,0
7591,0.2,3,0,0
7592,0.2,0,1,1
7593,0.2,3,0,0
7594,1.0,1,1,1
7595,0.2,3,0,1
7596,1.0,1,1,1
7597,1.0,3,0,0
7598,0.2,3,0,0
7599,0.2,3,0,0
7600,0.2,3,0,0
7601,0.2,3,0,0
7602,0.2,3,0,0
7603,0.2,3,0,0
7604,0.2,3,0,0
7605,1.0,3,0,0
7606,0.2,2,1,1
7607,0.2,2,1,0
7608,0.2,0,1,1
7609,1.0,3,0,0
7610,1.0,3,0,0
7611,1.0,1,1,1
7612,1.0,2,1,1
7613,0.2,2,1,0
7614,0.2,3,0,0
7615,1.0,1,1,1
7616,0.2,3,0,0
7617,0.2,2,1,1
7618,0.2,1,1,1
7619,0.2,2,1,1
7620,0.2,1,1,1
7621,2.2,1,1,1
7622,0.2,1,1,1
7623,0.2,1,1,1
7624,0.2,3,0,1
7625,0.2,1,1,1
7626,2.2,0,1,1
7627,0.2,1,1,1
7628,0.2,3,0,0
7629,0.2,2,1,0
7630,0.2,3,1,0
7631,0.2,2,1,1
7632,0.2,1,1,1
7633,0.2,1,1,1
7634,0.2,3,1,0
7635,0.2,1,1,1
7636,0.2,1,1,0
7637,0.2,0,1,1
7638,3.8,1,1,1
7639,0.2,3,0,0
7640,0.2,3,0,0
7641,0.2,2,1,1
7642,0.2,1,1,1
7643,0.2,3,0,0
7644,0.2,3,0,0
7645,0.2,3,0,0
7646,0.2,0,1,1
7647,0.2,2,1,1
7648,0.2,0,1,1
7649,0.2,1,1,1
7650,0.2,3,0,0
7651,0.2,2,1,1
7652,0.2,0,1,0
7653,1.0,2,1,1
7654,0.2,2,1,1
7655,0.2,3,0,0
7656,0.2,1,1,1
7657,0.2,1,1,1
7658,0.2,3,0,0
7659,1.0,3,0,0
7660,0.2,0,1,1
7661,0.2,3,0,0
7662,0.2,3,0,0
7663,0.2,3,0,0
7664,0.2,1,1,1
7665,0.2,2,1,1
7666,0.2,0,1,1
7667,1.0,3,0,1
7668,1.0,2,1,1
7669,0.2,3,0,0
7670,0.2,3,0,0
7671,1.0,3,0,1
7672,0.2,0,1,1
7673,1.0,2,1,1
7674,0.2,2,1,1
7675,0.2,1,1,1
7676,0.2,3,0,0
7677,0.2,3,0,0
7678,0.2,3,0,0
7679,1.0,1,1,1
7680,0.2,1,1,1
7681,0.2,3,0,0
7682,0.2,3,0,0
7683,0.2,2,1,0
7684,0.2,3,0,0
7685,0.2,3,0,0
7686,0.2,3,0,0
7687,1.0,3,0,0
7688,0.2,3,0,0
7689,2.2,2,1,1
7690,1.0,3,1,0
7691,0.2,1,1,1
7692,0.2,3,0,0
7693,0.2,3,0,1
7694,0.2,3,0,0
7695,1.0,3,1,1
7696,0.2,3,0,0
7697,1.0,3,1,1
7698,2.2,2,1,1
7699,1.0,3,0,1
7700,0.2,3,0,0
7701,0.2,3,0,1
7702,0.2,3,0,0
7703,1.0,3,0,0
7704,1.0,3,0,0
7705,0.2,2,1,0
7706,0.2,3,0,0
7707,1.0,3,1,0
7708,0.2,1,1,1
7709,0.2,3,0,0
7710,0.2,3,0,0
7711,0.2,3,1,0
7712,0.2,1,1,1
7713,1.0,2,1,1
7714,1.0,2,1,1
7715,0.2,3,0,0
7716,0.2,2,1,0
7717,0.2,3,0,0
7718,0.2,3,0,0
7719,0.2,0,1,1
7720,0.2,2,1,1
7721,0.2,3,1,0
7722,0.2,0,1,1
7723,0.2,3,0,0
7724,1.0,3,0,1
7725,0.2,3,0,0
7726,0.2,3,0,0
7727,0.2,3,1,0
7728,0.2,3,0,0
7729,0.2,3,0,0
7730,0.2,1,1,1
7731,0.2,1,1,1
7732,0.2,3,0,0
7733,0.2,2,1,0
7734,1.0,3,0,0
7735,1.0,2,1,1
7736,0.2,3,1,0
7737,0.2,3,1,0
7738,1.0,3,0,0
7739,0.2,2,1,1
7740,0.2,3,0,0
7741,0.2,3,0,0
7742,0.2,3,0,0
7743,0.2,3,0,0
7744,0.2,2,1,1
7745,0.2,1,1,1
7746,0.2,3,1,0
7747,0.2,3,0,0
7748,0.2,3,0,0
7749,0.2,3,0,0
7750,0.2,3,1,0
7751,2.2,3,0,0
7752,0.2,3,0,0
7753,0.2,0,1,1
7754,0.2,3,0,0
7755,0.2,3,0,0
7756,0.2,3,0,0
7757,0.2,1,1,1
7758,0.2,3,0,0
7759,0.2,3,0,0
7760,0.2,2,1,1
7761,2.2,3,0,0
7762,0.2,2,1,1
7763,0.2,3,0,0
7764,0.2,1,1,1
7765,0.2,3,1,0
7766,1.0,1,1,1
7767,0.2,2,1,1
7768,0.2,0,1,1
7769,0.2,3,0,0
7770,1.0,3,0,0
7771,0.2,3,0,0
7772,0.2,2,1,0
7773,0.2,3,0,0
7774,0.2,3,1,0
7775,1.0,1,1,1
7776,0.2,0,1,1
7777,0.2,1,1,1
7778,0.2,3,0,0
7779,0.2,3,0,0
7780,0.2,2,1,1
7781,0.2,1,1,1
7782,1.0,3,0,0
7783,0.2,3,1,0
7784,0.2,3,0,0
7785,1.0,1,1,1
7786,1.0,3,0,0
7787,1.0,0,1,1
7788,1.0,3,0,0
7789,1.0,0,1,1
7790,0.2,3,0,0
7791,0.2,3,0,0
7792,0.2,3,0,0
7793,0.2,3,1,0
7794,0.2,2,1,1
7795,0.2,3,0,0
7796,0.2,3,0,0
7797,0.2,3,0,0
7798,0.2,3,0,0
7799,0.2,3,0,0
7800,0.2,3,0,0
7801,0.2,2,1,0
7802,0.2,3,0,0
7803,1.0,0,1,1
7804,0.2,3,0,0
7805,0.2,3,0,0
7806,0.2,3,0,0
7807,0.2,3,0,0
7808,0.2,2,1,1
7809,0.2,3,0,0
7810,0.2,3,0,0
7811,0.2,3,0,0
7812,0.2,3,0,0
7813,0.2,3,0,0
7814,0.2,3,0,0
7815,1.0,3,0,0
7816,0.2,3,0,0
7817,0.2,1,1,1
7818,0.2,2,1,0
7819,0.2,3,0,0
7820,0.2,2,1,1
7821,0.2,1,1,1
7822,0.2,2,1,1
7823,0.2,2,1,0
7824,0.2,3,0,0
7825,0.2,3,1,0
7826,1.0,2,1,1
7827,0.2,1,1,1
7828,0.2,2,1,1
7829,0.2,3,1,0
7830,2.2,3,0,1
7831,1.0,3,0,1
7832,0.2,1,1,1
7833,0.2,1,1,1
7834,0.2,3,0,0
7835,0.2,2,1,0
7836,0.2,1,1,1
7837,1.0,0,1,1
7838,0.2,3,0,0
7839,2.2,3,0,1
7840,0.2,3,1,0
7841,1.0,3,0,1
7842,0.2,3,1,0
7843,0.2,2,1,0
7844,0.2,1,1,1
7845,0.2,1,1,1
7846,0.2,2,1,0
7847,1.0,1,1,1
7848,0.2,3,0,0
7849,0.2,2,1,0
7850,0.2,3,1,0
7851,0.2,2,1,1
7852,0.2,3,0,0
7853,2.2,1,1,1
7854,0.2,3,1,0
7855,0.2,3,1,0
7856,0.2,3,1,0
7857,0.2,3,0,0
7858,0.2,3,0,0
7859,0.2,3,0,0
7860,0.2,3,0,0
7861,0.2,3,0,0
7862,0.2,3,0,0
7863,0.2,3,0,0
7864,1.0,3,0,0
7865,3.0,3,0,0
7866,1.0,3,1,1
7867,0.2,3,0,0
7868,0.2,2,1,0
7869,1.0,2,1,1
7870,1.0,2,1,1
7871,0.2,3,0,0
7872,0.2,2,1,1
7873,0.2,1,1,1
7874,0.2,3,1,0
7875,0.2,3,0,0
7876,0.2,3,1,0
7877,0.2,0,1,1
7878,0.2,2,1,0
7879,0.2,3,0,0
7880,1.0,2,1,1
7881,0.2,2,1,1
7882,1.0,3,0,0
7883,0.2,3,0,0
7884,0.2,3,0,0
7885,1.0,3,0,0
7886,0.2,3,0,0
7887,1.0,3,0,0
7888,0.2,3,0,0
7889,0.2,3,0,0
7890,0.2,2,1,0
7891,0.2,3,1,0
7892,0.2,1,1,1
7893,0.2,1,1,1
7894,0.2,2,1,0
7895,0.2,3,0,0
7896,1.0,2,1,1
7897,0.2,3,0,0
7898,0.2,3,0,0
7899,0.2,3,0,0
7900,0.2,3,1,0
7901,0.2,1,1,1
7902,1.0,3,0,0
7903,0.2,3,0,0
7904,1.0,3,0,1
7905,0.2,3,0,0
7906,0.2,3,0,0
7907,1.0,3,0,0
7908,0.2,3,0,0
7909,0.2,2,1,0
7910,0.2,3,0,0
7911,0.2,2,1,1
7912,0.2,2,1,0
7913,0.2,1,1,1
7914,0.2,3,0,0
7915,0.2,0,1,1
7916,0.2,3,0,0
7917,0.2,3,0,0
7918,0.2,1,1,1
7919,0.2,2,1,1
7920,0.2,3,0,0
7921,0.2,3,0,0
7922,0.2,1,1,1
7923,0.2,2,1,1
7924,0.2,3,0,0
7925,1.0,3,0,1
7926,0.2,0,1,1
7927,0.2,3,0,0
7928,0.2,0,1,1
7929,0.2,2,1,0
7930,0.2,3,0,0
7931,0.2,3,0,0
7932,0.2,3,0,0
7933,0.2,3,0,0
7934,1.0,2,1,1
7935,1.0,3,0,0
7936,0.2,3,0,0
7937,0.2,3,0,1
7938,1.0,2,1,1
7939,1.0,2,1,1
7940,0.2,2,1,1
7941,0.2,3,0,0
7942,1.0,3,1,1
7943,1.0,2,1,1
7944,1.0,2,1,1
7945,0.2,2,1,1
7946,1.0,3,1,1
7947,0.2,1,1,1
7948,0.2,3,0,0
7949,0.2,3,0,0
7950,0.2,1,1,1
7951,0.2,1,1,1
7952,0.2,1,1,1
7953,0.2,3,0,0
7954,1.0,1,1,1
7955,2.2,3,0,1
7956,0.2,1,1,1
7957,0.2,0,1,1
7958,1.0,0,1,1
7959,0.2,3,0,0
7960,0.2,3,0,0
7961,1.0,3,0,0
7962,1.0,0,1,1
7963,0.2,3,0,0
7964,0.2,3,0,0
7965,0.2,3,0,0
7966,0.2,3,0,0
7967,0.2,3,0,0
7968,0.2,1,1,1
7969,1.0,0,1,1
7970,0.2,3,1,0
7971,0.2,3,0,0
7972,1.0,3,0,1
7973,0.2,3,0,1
7974,1.0,3,1,0
7975,1.0,3,0,0
7976,0.2,3,0,0
7977,0.2,0,1,1
7978,0.2,3,0,0
7979,1.0,0,1,1
7980,0.2,0,1,1
7981,0.2,3,0,0
7982,0.2,3,0,0
7983,1.0,3,0,0
7984,0.2,2,1,1
7985,0.2,3,0,0
7986,0.2,1,1,1
7987,0.2,3,0,0
7988,0.2,2,1,0
7989,0.2,2,1,0
7990,0.2,2,1,1
7991,2.2,3,0,1
7992,0.2,2,1,1
7993,0.2,3,1,0
7994,0.2,3,0,0
7995,0.2,3,0,1
7996,0.2,0,1,1
7997,0.2,3,0,0
7998,1.0,3,0,1
7999,0.2,1,1,1
8000,0.2,2,1,0
8001,0.2,2,1,1
8002,0.2,3,0,0
8003,1.0,1,1,1
8004,0.2,2,1,1
8005,0.2,3,1,0
8006,0.2,1,1,1
8007,2.2,1,1,1
8008,0.2,3,0,0
8009,1.0,3,0,0
8010,0.6000000000000001,0,1,1
8011,0.2,2,1,1
8012,0.2,3,0,0
8013,1.0,3,0,0
8014,2.2,3,0,1
8015,0.2,2,1,1
8016,0.2,1,1,1
8017,1.0,3,0,0
8018,0.2,0,1,1
8019,0.2,3,0,0
8020,0.2,3,0,0
8021,0.2,2,1,0
8022,0.2,2,1,1
8023,0.2,3,0,0
8024,0.2,2,1,1
8025,0.2,3,0,0
8026,0.2,3,0,0
8027,0.2,1,1,1
8028,0.2,3,0,0
8029,0.2,3,0,0
8030,0.2,0,1,1
8031,0.2,2,1,0
8032,0.2,3,0,0
8033,1.0,1,1,1
8034,0.2,3,0,0
8035,1.0,3,0,0
8036,1.0,3,0,0
8037,1.0,1,1,1
8038,0.2,0,1,1
8039,0.2,3,0,0
8040,0.2,0,1,1
8041,0.2,3,0,0
8042,0.2,1,1,1
8043,0.2,3,0,0
8044,0.2,1,1,1
8045,0.2,2,1,0
8046,0.2,3,0,0
8047,0.2,3,0,1
8048,0.2,3,0,0
8049,0.2,2,1,1
8050,0.2,3,0,0
8051,1.0,1,1,1
8052,0.2,3,0,0
8053,0.2,3,0,0
8054,0.2,1,1,1
8055,0.2,1,1,1
8056,1.0,3,0,0
8057,1.0,1,1,1
8058,2.2,3,0,1
8059,0.2,3,0,0
8060,0.2,2,1,0
8061,1.0,3,0,0
8062,0.2,3,0,0
8063,0.2,3,0,0
8064,0.2,1,1,1
8065,0.2,3,0,0
8066,0.2,2,1,1
8067,0.2,3,0,0
8068,0.2,3,0,0
8069,0.2,3,0,0
8070,0.2,3,0,0
8071,0.2,2,1,1
8072,0.2,3,0,0
8073,0.2,1,1,1
8074,0.2,3,0,0
8075,0.2,3,1,0
8076,0.2,0,1,1
8077,1.0,3,0,0
8078,0.2,3,0,0
8079,0.2,3,0,0
8080,0.2,1,1,1
8081,0.2,3,1,0
8082,0.2,0,1,1
8083,0.2,0,1,1
8084,0.2,0,1,1
8085,0.2,3,0,0
8086,1.0,3,0,0
8087,1.0,3,0,1
8088,0.2,1,1,1
8089,0.2,3,0,0
8090,0.2,3,0,0
8091,2.2,2,1,1
8092,0.2,3,0,0
8093,0.2,3,1,0
8094,0.2,3,0,0
8095,0.2,2,1,1
8096,0.2,2,1,0
8097,1.0,3,0,1
8098,0.2,3,0,0
8099,0.2,1,1,1
8100,3.0,3,0,0
8101,0.2,0,1,1
8102,0.2,3,0,0
8103,0.2,2,1,1
8104,1.0,3,0,0
8105,0.2,3,1,0
8106,0.2,3,1,0
8107,1.0,3,0,1
8108,0.2,2,1,1
8109,0.2,3,0,0
8110,0.2,0,1,1
8111,0.2,3,0,0
8112,1.0,3,0,0
8113,0.2,1,1,1
8114,1.0,2,1,1
8115,0.2,3,0,0
8116,0.2,3,0,0
8117,0.2,3,0,0
8118,2.2,2,1,1
8119,0.2,3,1,1
8120,0.2,1,1,1
8121,0.2,3,0,0
8122,0.2,3,0,0
8123,0.2,2,1,1
8124,0.2,3,0,0
8125,0.2,2,1,0
8126,1.0,3,0,0
8127,0.2,1,1,1
8128,0.2,2,1,0
8129,0.2,3,1,0
8130,0.2,3,0,0
8131,0.2,1,1,1
8132,0.2,0,1,1
8133,2.2,0,1,1
8134,0.2,0,1,1
8135,0.2,3,0,0
8136,0.2,1,1,1
8137,1.0,1,1,1
8138,0.2,3,0,0
8139,0.2,3,0,0
8140,0.2,3,0,1
8141,0.2,1,1,1
8142,1.0,3,0,1
8143,0.2,3,0,0
8144,0.2,3,0,0
8145,0.2,1,1,1
8146,0.2,1,1,1
8147,0.2,3,0,0
8148,1.0,3,1,0
8149,0.2,3,0,1
8150,1.0,3,1,0
8151,0.2,3,1,0
8152,1.0,3,0,0
8153,0.2,1,1,1
8154,0.2,3,0,0
8155,0.2,3,0,0
8156,1.0,3,1,1
8157,0.2,3,0,0
8158,0.2,2,1,1
8159,0.2,2,1,1
8160,0.2,3,0,0
8161,0.2,3,0,0
8162,0.2,3,0,0
8163,0.2,1,1,1
8164,0.2,1,1,1
8165,1.0,3,0,0
8166,0.2,3,1,0
8167,0.2,3,0,0
8168,0.2,0,1,1
8169,0.2,2,1,0
8170,1.0,1,1,1
8171,0.2,3,0,0
8172,0.2,0,1,1
8173,0.2,0,1,1
8174,0.2,3,0,0
8175,0.2,3,0,0
8176,0.2,1,1,1
8177,1.0,1,1,1
8178,0.2,3,1,0
8179,1.0,3,0,1
8180,1.8,3,0,0
8181,0.2,0,1,1
8182,1.0,3,1,0
8183,0.2,3,0,0
8184,0.2,3,0,0
8185,1.0,3,1,1
8186,0.2,1,1,1
8187,0.2,1,1,1
8188,0.2,3,0,0
8189,0.2,3,0,0
8190,0.2,3,0,0
8191,0.2,3,0,0
8192,1.0,3,0,0
8193,0.2,0,1,1
8194,0.2,2,1,0
8195,0.2,3,0,0
8196,1.0,1,1,1
8197,0.2,3,1,0
8198,1.0,0,1,1
8199,0.2,1,1,1
8200,0.2,3,0,0
8201,0.2,1,1,1
8202,0.2,3,0,0
8203,0.2,3,0,0
8204,1.0,3,1,0
8205,0.2,3,0,0
8206,0.2,3,0,0
8207,0.2,3,1,0
8208,0.2,3,0,0
8209,0.2,1,1,1
8210,0.2,3,0,1
8211,0.2,3,0,0
8212,1.0,1,1,1
8213,0.2,3,1,0
8214,0.2,3,0,0
8215,0.2,2,1,1
8216,1.0,3,0,0
8217,0.2,3,0,0
8218,0.2,3,1,0
8219,0.2,2,1,1
8220,0.2,1,1,1
8221,0.2,2,1,0
8222,1.0,3,0,0
8223,0.2,3,0,0
8224,0.2,3,0,0
8225,0.2,2,1,1
8226,0.2,3,0,0
8227,1.0,3,0,1
8228,0.2,1,1,1
8229,2.2,3,0,1
8230,0.2,2,1,0
8231,0.2,3,0,0
8232,1.0,3,0,0
8233,1.0,3,0,1
8234,1.0,3,0,0
8235,0.2,3,1,0
8236,0.2,3,0,0
8237,0.2,3,0,1
8238,0.2,1,1,1
8239,1.0,3,0,0
8240,1.0,3,0,1
8241,0.2,2,1,1
8242,1.0,1,1,1
8243,0.2,1,1,1
8244,0.2,3,0,0
8245,0.2,2,1,1
8246,0.2,3,0,0
8247,0.2,3,0,0
8248,0.2,1,1,1
8249,0.2,1,1,1
8250,0.2,3,0,0
8251,0.2,3,0,0
8252,0.2,3,0,0
8253,0.2,0,1,1
8254,0.2,2,1,1
8255,0.2,3,0,0
8256,0.2,3,0,0
8257,0.2,3,0,0
8258,0.2,2,1,1
8259,0.2,0,1,1
8260,0.2,3,0,0
8261,0.2,3,1,0
8262,0.2,2,1,1
8263,0.2,1,1,1
8264,0.2,3,1,0
8265,0.2,3,0,0
8266,1.0,3,0,0
8267,0.2,3,0,0
8268,0.2,2,1,1
8269,0.2,1,1,1
8270,1.0,3,1,0
8271,0.2,1,1,1
8272,0.2,3,0,0
8273,0.2,3,0,0
8274,1.0,3,0,0
8275,1.0,3,0,1
8276,0.2,3,0,0
8277,0.2,3,0,0
8278,0.2,3,0,0
8279,1.0,2,1,1
8280,0.2,3,0,0
8281,0.2,3,1,0
8282,1.0,1,1,1
8283,1.0,1,1,1
8284,0.2,3,0,0
8285,0.2,1,1,1
8286,1.0,3,1,1
8287,0.2,3,0,0
8288,0.2,1,1,1
8289,1.0,3,0,0
8290,0.2,3,0,0
8291,0.2,3,0,0
8292,0.2,3,0,0
8293,0.2,3,0,0
8294,0.2,3,1,0
8295,0.2,3,1,0
8296,0.2,2,1,1
8297,1.0,3,0,0
8298,0.2,3,0,0
8299,1.0,3,0,0
8300,0.2,2,1,0
8301,0.2,3,1,0
8302,1.0,1,1,1
8303,1.0,3,0,0
8304,0.2,3,0,0
8305,0.2,3,1,0
8306,0.2,3,0,0
8307,0.2,3,0,0
8308,0.2,3,0,0
8309,0.2,2,1,0
8310,0.2,2,1,1
8311,0.2,3,0,0
8312,0.2,3,0,0
8313,0.2,1,1,1
8314,0.2,2,1,1
8315,0.2,2,1,1
8316,0.2,3,0,0
8317,1.0,2,1,1
8318,1.0,1,1,1
8319,0.2,1,1,1
8320,1.0,3,0,0
8321,0.2,1,1,1
8322,0.2,2,1,1
8323,1.0,3,0,1
8324,1.0,2,1,1
8325,0.2,3,0,0
8326,0.2,3,0,0
8327,0.2,3,0,0
8328,1.0,3,0,0
8329,0.2,2,1,1
8330,0.2,1,1,1
8331,1.0,3,0,0
8332,0.2,2,1,0
8333,0.2,2,1,0
8334,1.0,3,0,0
8335,0.2,1,1,1
8336,0.2,3,0,0
8337,0.2,1,1,1
8338,0.2,3,0,0
8339,0.2,1,1,1
8340,2.2,3,0,1
8341,0.2,2,1,0
8342,0.2,1,1,1
8343,1.0,3,0,0
8344,0.2,3,1,0
8345,0.2,0,1,1
8346,0.2,3,1,0
8347,0.2,1,1,1
8348,0.2,1,1,1
8349,0.2,2,1,1
8350,1.0,3,0,0
8351,1.0,2,1,1
8352,1.0,3,0,1
8353,0.2,1,1,1
8354,0.2,1,1,1
8355,0.2,2,1,0
8356,0.2,3,0,0
8357,0.2,2,1,0
8358,1.0,2,1,1
8359,0.2,2,1,0
8360,0.2,3,0,0
8361,0.2,0,1,1
8362,0.2,2,1,0
8363,0.2,3,0,1
8364,0.2,1,1,1
8365,1.0,1,1,1
8366,0.2,0,1,1
8367,1.0,3,0,0
8368,0.2,3,0,1
8369,0.2,1,1,1
8370,0.2,3,0,0
8371,0.2,3,0,0
8372,0.2,2,1,1
8373,1.0,1,1,1
8374,0.2,3,0,0
8375,3.0,3,0,0
8376,0.2,3,0,0
8377,1.0,1,1,1
8378,2.2,2,1,1
8379,0.2,1,1,1
8380,0.2,3,0,0
8381,0.2,0,1,1
8382,0.2,1,1,1
8383,0.2,3,0,0
8384,0.2,3,0,0
8385,0.2,3,0,0
8386,0.2,2,1,1
8387,0.2,3,0,0
8388,0.2,3,0,0
8389,1.0,3,1,0
8390,0.2,3,0,0
8391,1.0,1,1,1
8392,0.2,3,0,0
8393,0.2,3,0,0
8394,0.2,3,0,0
8395,2.2,1,1,1
8396,0.2,3,0,0
8397,1.0,2,1,1
8398,1.0,3,0,1
8399,0.2,3,0,1
8400,1.0,3,0,0
8401,0.2,3,0,0
8402,0.2,2,1,1
8403,1.0,2,1,1
8404,0.2,3,0,0
8405,1.0,3,0,0
8406,0.2,1,1,1
8407,0.2,3,0,0
8408,1.0,2,1,1
8409,0.2,3,0,0
8410,0.2,2,1,1
8411,0.2,3,0,1
8412,2.2,1,1,1
8413,3.0,3,0,0
8414,1.0,3,0,0
8415,0.2,3,0,0
8416,0.2,3,0,0
8417,0.2,3,0,0
8418,1.0,1,1,1
8419,2.2,3,0,1
8420,0.2,3,1,0
8421,2.2,3,0,1
8422,1.0,3,1,0
8423,1.0,1,1,1
8424,1.0,3,0,0
8425,0.2,0,1,1
8426,0.2,3,0,0
8427,0.2,3,0,0
8428,1.0,0,1,1
8429,0.2,2,1,1
8430,0.2,3,0,0
8431,0.2,3,0,0
8432,0.2,1,1,1
8433,0.2,3,0,0
8434,0.2,0,1,1
8435,0.2,1,1,1
8436,0.2,3,0,0
8437,0.2,0,1,1
8438,0.2,3,0,0
8439,1.0,3,0,1
8440,0.2,3,0,0
8441,0.2,0,1,1
8442,1.0,3,0,1
8443,0.2,2,1,0
8444,0.2,3,0,0
8445,0.2,3,1,0
8446,0.2,3,0,0
8447,1.0,3,0,1
8448,0.2,1,1,1
8449,0.2,3,0,0
8450,0.2,3,0,0
8451,0.2,3,0,0
8452,0.2,3,0,0
8453,0.2,0,1,1
8454,0.2,3,0,0
8455,0.2,3,0,0
8456,1.0,0,1,1
8457,0.6000000000000001,0,1,1
8458,0.2,0,1,1
8459,0.2,3,0,0
8460,0.2,3,1,0
8461,2.2,1,1,1
8462,1.0,3,0,1
8463,1.0,3,0,0
8464,0.2,3,0,0
8465,0.2,3,0,0
8466,1.0,3,0,1
8467,0.2,1,1,1
8468,1.0,3,0,1
8469,0.2,2,1,1
8470,1.0,3,0,1
8471,0.2,3,0,0
8472,0.2,3,0,0
8473,0.2,3,1,0
8474,0.2,3,1,0
8475,0.2,1,1,1
8476,0.2,2,1,0
8477,0.2,1,1,1
8478,0.2,3,0,0
8479,1.0,3,0,0
8480,1.0,3,0,0
8481,0.2,2,1,0
8482,0.2,3,1,0
8483,0.2,1,1,1
8484,1.0,2,1,1
8485,0.2,2,1,1
8486,0.2,3,0,0
8487,0.2,2,1,0
8488,0.2,3,0,0
8489,0.2,3,0,0
8490,0.2,1,1,1
8491,0.2,1,1,1
8492,0.2,0,1,1
8493,0.2,3,0,0
8494,0.2,3,0,0
8495,0.2,1,1,1
8496,1.0,0,1,1
8497,0.2,3,0,0
8498,0.2,3,0,0
8499,0.2,2,1,1
8500,0.2,1,1,1
8501,0.2,1,1,1
8502,0.2,1,1,1
8503,1.0,2,1,1
8504,0.2,0,1,1
8505,0.2,3,1,0
8506,0.2,2,1,1
8507,0.2,1,1,1
8508,0.2,2,1,1
8509,0.2,3,0,0
8510,2.2,1,1,1
8511,0.2,3,0,0
8512,0.2,3,0,0
8513,0.2,3,0,0
8514,0.2,3,0,0
8515,0.2,2,1,1
8516,1.0,3,0,1
8517,0.2,3,0,0
8518,0.2,3,0,0
8519,0.2,3,0,0
8520,1.0,3,0,1
8521,0.2,3,0,0
8522,0.2,2,1,0
8523,0.2,2,1,1
8524,1.0,3,0,0
8525,1.0,3,0,0
8526,0.2,2,1,0
8527,0.2,3,0,1
8528,0.2,2,1,0
8529,0.2,3,0,0
8530,0.2,2,1,0
8531,0.2,3,0,0
8532,0.2,3,0,0
8533,0.2,3,0,0
8534,0.2,3,0,0
8535,0.2,0,1,1
8536,1.0,1,1,1
8537,1.0,1,1,1
8538,0.2,1,1,1
8539,0.2,3,0,0
8540,0.2,3,0,0
8541,1.0,3,0,1
8542,1.0,3,1,1
8543,0.2,3,0,0
8544,0.2,3,0,0
8545,0.2,3,0,0
8546,0.2,0,1,1
8547,0.2,0,1,1
8548,1.0,1,1,1
8549,0.2,0,1,1
8550,1.0,1,1,1
8551,0.2,3,0,0
8552,0.2,3,0,0
8553,0.2,1,1,1
8554,0.2,3,1,0
8555,0.2,1,1,1
8556,0.2,1,1,1
8557,0.2,1,1,1
8558,0.2,3,0,0
8559,0.2,3,0,0
8560,1.0,1,1,1
8561,0.2,0,1,1
8562,0.2,3,1,0
8563,0.2,3,0,0
8564,0.2,1,1,1
8565,0.2,3,0,0
8566,0.2,3,0,0
8567,0.2,3,0,0
8568,0.2,3,0,0
8569,0.2,2,1,0
8570,1.0,2,1,1
8571,0.2,3,0,0
8572,1.0,3,0,1
8573,0.2,3,0,0
8574,0.2,2,1,0
8575,0.2,3,0,0
8576,0.2,3,0,0
8577,0.2,2,1,0
8578,0.2,2,1,0
8579,0.2,3,1,0
8580,0.2,2,1,0
8581,0.2,3,0,0
8582,0.2,3,0,0
8583,0.2,3,0,1
8584,0.2,3,0,0
8585,0.2,3,1,0
8586,0.2,0,1,1
8587,0.2,3,0,0
8588,0.2,1,1,1
8589,0.2,2,1,1
8590,0.2,2,1,0
8591,0.2,1,1,1
8592,0.2,1,1,1
8593,1.0,3,0,0
8594,0.2,1,1,1
8595,0.2,3,0,1
8596,0.2,1,1,1
8597,1.0,0,1,1
8598,0.2,3,0,0
8599,1.0,3,0,0
8600,0.2,3,0,0
8601,0.2,3,0,0
8602,2.2,2,1,1
8603,0.2,3,0,1
8604,0.2,3,0,0
8605,0.2,0,1,1
8606,1.0,2,1,1
8607,0.2,3,0,0
8608,2.2,3,0,1
8609,0.2,2,1,0
8610,0.2,2,1,0
8611,0.2,3,1,0
8612,0.2,1,1,1
8613,0.2,2,1,1
8614,1.0,3,0,0
8615,1.0,0,1,1
8616,0.2,1,1,1
8617,0.2,3,0,0
8618,0.2,3,1,0
8619,0.2,3,0,0
8620,0.2,0,1,1
8621,0.2,3,0,0
8622,0.2,1,1,1
8623,0.2,2,1,0
8624,0.2,0,1,1
8625,0.2,1,1,1
8626,1.0,3,0,1
8627,0.2,2,1,0
8628,0.2,3,1,0
8629,0.2,3,1,0
8630,0.2,3,0,0
8631,0.2,2,1,0
8632,0.2,2,1,1
8633,0.2,0,1,1
8634,0.2,1,1,1
8635,0.2,3,0,0
8636,0.2,3,0,0
8637,0.2,2,1,1
8638,0.2,3,0,0
8639,2.2,3,0,1
8640,0.2,1,1,1
8641,0.2,3,0,0
8642,0.2,3,0,0
8643,0.2,0,1,1
8644,0.2,2,1,0
8645,0.2,0,1,1
8646,1.0,2,1,1
8647,1.0,3,0,0
8648,0.2,3,0,1
8649,0.2,1,1,1
8650,0.2,3,0,0
8651,0.2,3,0,0
8652,2.2,1,1,1
8653,0.2,2,1,1
8654,0.2,3,0,0
8655,0.2,1,1,1
8656,1.0,3,0,0
8657,0.2,3,0,0
8658,0.2,1,1,1
8659,1.0,3,0,0
8660,0.2,1,1,1
8661,0.2,0,1,1
8662,0.2,3,0,0
8663,0.2,3,0,0
8664,0.2,3,1,0
8665,1.0,1,1,1
8666,0.2,3,1,0
8667,1.0,3,0,0
8668,0.2,1,1,1
8669,1.0,3,0,0
8670,1.0,3,0,1
8671,0.2,3,1,0
8672,0.2,3,0,0
8673,0.2,2,1,1
8674,0.2,3,0,0
8675,1.0,3,1,0
8676,1.0,2,1,1
8677,0.2,2,1,0
8678,0.2,3,0,0
8679,0.2,3,0,0
8680,1.0,3,0,0
8681,0.2,3,0,0
8682,0.2,3,0,0
8683,1.0,2,1,1
8684,0.2,3,0,0
8685,2.2,1,1,1
8686,0.2,1,1,1
8687,0.2,2,1,1
8688,0.2,3,0,0
8689,1.0,3,0,1
8690,1.0,3,0,0
8691,0.2,0,1,1
8692,0.2,3,0,0
8693,0.2,1,1,1
8694,0.2,1,1,1
8695,2.2,3,0,0
8696,0.2,2,1,1
8697,0.2,0,1,1
8698,0.2,2,1,0
8699,1.0,1,1,1
8700,0.2,3,0,0
8701,0.2,3,0,0
8702,1.0,3,0,0
8703,0.2,3,0,1
8704,0.2,3,0,0
8705,0.2,3,0,0
8706,0.2,3,0,0
8707,0.2,1,1,1
8708,0.2,3,0,0
8709,2.2,0,1,1
8710,0.2,3,0,0
8711,1.0,3,0,0
8712,0.2,1,1,1
8713,1.0,3,0,0
8714,0.2,3,0,0
8715,1.0,2,1,1
8716,0.2,1,1,1
8717,1.0,3,0,1
8718,0.2,2,1,0
8719,0.2,2,1,1
8720,0.2,3,0,0
8721,0.2,3,0,0
8722,0.2,1,1,1
8723,0.2,3,0,0
8724,0.2,2,1,0
8725,0.2,3,0,0
8726,0.2,3,0,0
8727,0.2,3,0,0
8728,0.2,2,1,0
8729,1.0,3,0,0
8730,0.2,2,1,1
8731,0.2,3,0,0
8732,0.2,3,1,0
8733,0.2,2,1,0
8734,0.2,3,0,0
8735,1.0,3,0,0
8736,1.0,3,0,0
8737,0.2,3,0,0
8738,0.2,3,0,0
8739,0.2,3,0,0
8740,1.0,0,1,1
8741,1.0,3,0,0
8742,0.2,2,1,0
8743,0.2,3,0,0
8744,0.2,2,1,0
8745,0.2,0,1,1
8746,0.2,1,1,1
8747,0.2,3,0,0
8748,0.2,1,1,1
8749,1.0,2,1,1
8750,0.2,3,0,0
8751,0.2,0,1,1
8752,0.2,3,0,0
8753,0.2,1,1,1
8754,1.0,3,0,0
8755,0.2,3,0,0
8756,0.2,0,1,1
8757,1.0,3,0,1
8758,0.2,1,1,1
8759,1.0,2,1,1
8760,2.2,0,1,1
8761,1.0,3,0,0
8762,0.2,2,1,1
8763,1.0,2,1,1
8764,0.2,3,0,0
8765,0.2,1,1,1
8766,0.2,3,1,0
8767,0.2,3,0,0
8768,0.2,3,0,0
8769,0.2,3,0,0
8770,0.2,2,1,1
8771,0.2,3,0,0
8772,0.2,1,1,1
8773,0.2,3,0,0
8774,0.2,3,0,0
8775,0.2,1,1,1
8776,0.2,2,1,0
8777,0.2,0,1,1
8778,0.2,0,1,1
8779,0.2,3,0,0
8780,0.2,3,0,0
8781,1.0,2,1,1
8782,0.2,3,0,0
8783,0.2,3,0,0
8784,0.2,3,0,0
8785,0.2,3,0,0
8786,0.2,2,1,1
8787,0.2,3,0,0
8788,0.2,2,1,1
8789,0.2,1,1,1
8790,0.2,3,0,0
8791,0.2,3,0,0
8792,0.2,3,0,1
8793,0.2,1,1,1
8794,0.2,2,1,0
8795,0.2,0,1,0
8796,0.2,2,1,1
8797,0.2,3,0,0
8798,1.0,1,1,1
8799,0.2,1,1,1
8800,0.2,3,0,0
8801,1.0,3,0,0
8802,0.2,1,1,1
8803,0.2,3,1,0
8804,0.2,1,1,0
8805,0.2,1,1,1
8806,0.2,3,0,0
8807,0.2,3,0,0
8808,0.2,2,1,0
8809,1.0,1,1,1
8810,0.2,3,0,0
8811,0.2,1,1,0
8812,0.2,1,1,1
8813,0.2,3,0,0
8814,1.0,1,1,1
8815,1.0,1,1,1
8816,1.0,3,0,0
8817,0.2,3,0,0
8818,0.2,3,0,0
8819,0.2,2,1,1
8820,0.2,2,1,0
8821,0.2,3,0,0
8822,2.2,3,0,1
8823,0.2,0,1,1
8824,0.2,2,1,0
8825,0.2,1,1,1
8826,0.2,3,0,0
8827,0.2,3,0,0
8828,0.2,3,0,0
8829,0.2,3,0,0
8830,0.2,2,1,0
8831,0.2,3,0,0
8832,0.2,3,0,0
8833,0.2,3,0,0
8834,1.0,3,0,1
8835,0.2,3,0,0
8836,0.2,2,1,0
8837,0.2,2,1,0
8838,0.2,3,0,0
8839,0.2,3,0,0
8840,0.2,3,0,0
8841,0.2,3,0,0
8842,0.2,1,1,1
8843,0.2,3,0,0
8844,0.2,3,0,0
8845,0.2,3,1,0
8846,0.2,3,0,0
8847,0.2,3,0,0
8848,0.2,3,0,0
8849,0.2,3,0,0
8850,0.2,3,0,0
8851,0.2,3,0,0
8852,0.2,3,0,0
8853,0.2,2,1,1
8854,1.0,3,0,0
8855,0.2,3,0,0
8856,0.2,1,1,1
8857,1.0,2,1,1
8858,0.2,1,1,1
8859,0.2,3,0,0
8860,1.0,3,1,1
8861,0.2,3,0,0
8862,0.2,3,0,0
8863,0.2,3,0,0
8864,0.2,3,0,0
8865,1.0,0,1,1
8866,0.2,2,1,1
8867,0.2,1,1,1
8868,1.0,3,0,1
8869,0.2,2,1,0
8870,1.0,3,0,0
8871,0.2,3,0,0
8872,0.2,2,1,0
8873,0.2,3,0,0
8874,0.2,1,1,1
8875,0.2,3,1,0
8876,0.2,3,0,0
8877,0.2,3,0,0
8878,2.2,3,0,1
8879,0.2,3,0,0
8880,0.2,3,0,1
8881,0.2,1,1,1
8882,0.2,2,1,1
8883,1.0,2,1,1
8884,0.2,3,0,0
8885,1.0,2,1,1
8886,0.2,3,0,0
8887,2.2,3,0,1
8888,1.0,3,0,0
8889,0.2,2,1,1
8890,0.2,1,1,1
8891,0.2,3,1,0
8892,0.2,3,0,0
8893,0.2,3,0,0
8894,0.2,3,1,0
8895,0.2,3,0,0
8896,0.2,3,0,0
8897,1.0,3,1,0
8898,1.0,3,0,0
8899,0.2,1,1,1
8900,0.2,0,1,1
8901,0.2,1,1,1
8902,0.2,2,1,1
8903,0.2,3,0,0
8904,2.2,3,0,1
8905,1.0,1,1,1
8906,1.0,3,0,0
8907,0.2,2,1,0
8908,0.2,3,0,0
8909,0.2,1,1,1
8910,1.0,3,0,0
8911,0.2,3,0,0
8912,0.2,3,0,0
8913,0.2,3,1,0
8914,0.2,0,1,1
8915,0.2,2,1,1
8916,0.2,3,0,0
8917,0.2,1,1,1
8918,2.2,1,1,1
8919,0.2,1,1,1
8920,0.2,1,1,1
8921,1.0,3,1,0
8922,0.2,3,0,0
8923,1.0,2,1,1
8924,0.2,1,1,1
8925,1.0,3,0,1
8926,0.2,3,0,0
8927,0.2,1,1,1
8928,1.0,3,0,0
8929,0.2,2,1,1
8930,0.2,3,1,0
8931,2.2,2,1,1
8932,0.2,3,0,0
8933,0.2,3,0,0
8934,0.2,3,0,0
8935,1.0,3,0,0
8936,0.2,3,0,0
8937,1.0,3,0,0
8938,0.2,2,1,1
8939,0.2,3,0,0
8940,1.0,0,1,1
8941,0.2,3,0,0
8942,0.2,3,1,0
8943,0.2,3,0,0
8944,1.0,1,1,1
8945,0.2,3,0,0
8946,0.2,1,1,1
8947,0.2,3,0,0
8948,0.2,2,1,1
8949,1.0,3,0,0
8950,0.2,1,1,1
8951,0.2,3,0,0
8952,0.2,0,1,1
8953,0.2,1,1,1
8954,0.2,1,1,1
8955,0.2,3,0,0
8956,0.2,3,1,0
8957,0.2,3,0,0
8958,2.2,3,0,1
8959,0.2,3,0,0
8960,0.2,3,0,0
8961,0.2,2,1,0
8962,0.2,1,1,1
8963,0.2,2,1,0
8964,0.2,3,0,0
8965,1.0,1,1,1
8966,0.2,0,1,1
8967,1.0,1,1,1
8968,1.0,3,0,0
8969,0.2,0,1,1
8970,1.0,3,0,0
8971,0.2,3,0,0
8972,0.2,3,0,0
8973,1.0,2,1,1
8974,0.2,3,0,0
8975,0.2,1,1,1
8976,0.2,2,1,1
8977,0.2,3,0,0
8978,0.2,2,1,1
8979,1.0,1,1,1
8980,0.2,3,1,1
8981,0.2,2,1,1
8982,0.2,3,0,0
8983,0.2,3,0,0
8984,0.2,1,1,1
8985,0.2,3,0,0
8986,0.2,1,1,1
8987,0.2,2,1,1
8988,0.2,3,0,0
8989,1.0,3,0,0
8990,1.0,3,0,0
8991,1.0,3,0,1
8992,0.2,3,0,0
8993,0.2,2,1,1
8994,0.2,3,0,0
8995,0.2,1,1,1
8996,0.2,1,1,1
8997,0.2,2,1,1
8998,0.2,1,1,1
8999,1.0,2,1,1
9000,1.0,3,0,0
9001,1.0,2,1,1
9002,0.2,3,0,0
9003,1.0,1,1,1
9004,0.2,1,1,1
9005,0.2,1,1,1
9006,0.2,3,0,0
9007,1.0,3,0,1
9008,0.2,1,1,1
9009,1.0,0,1,1
9010,0.2,3,0,0
9011,0.2,0,1,1
9012,0.2,3,0,0
9013,1.0,2,1,1
9014,1.0,3,0,0
9015,0.2,3,0,0
9016,0.2,3,0,0
9017,0.2,3,0,0
9018,0.2,3,0,0
9019,1.0,2,1,1
9020,0.2,0,1,1
9021,0.2,1,1,1
9022,0.2,3,0,1
9023,0.2,3,0,0
9024,0.2,3,0,0
9025,1.0,3,0,0
9026,0.2,3,0,0
9027,0.2,3,0,0
9028,0.2,3,0,0
9029,1.0,3,0,1
9030,1.0,2,1,1
9031,0.2,3,1,0
9032,0.2,1,1,1
9033,0.2,3,0,0
9034,0.2,3,0,0
9035,0.2,1,1,1
9036,0.2,1,1,1
9037,0.2,3,0,0
9038,0.2,3,0,1
9039,0.2,3,0,0
9040,0.2,3,0,0
9041,0.2,3,0,0
9042,0.2,3,0,0
9043,1.0,2,1,1
9044,0.2,3,0,0
9045,1.0,3,1,0
9046,1.0,3,0,0
9047,1.0,3,0,0
9048,0.2,0,1,1
9049,0.2,0,1,1
9050,0.2,2,1,0
9051,0.2,1,1,1
9052,0.2,2,1,1
9053,0.2,3,0,0
9054,0.2,1,1,1
9055,0.2,3,0,0
9056,0.2,2,1,1
9057,1.0,3,0,1
9058,0.2,3,0,0
9059,0.2,3,1,0
9060,1.0,1,1,1
9061,0.2,0,1,1
9062,1.0,1,1,1
9063,0.2,3,0,0
9064,0.2,0,1,1
9065,1.0,3,0,0
9066,0.2,2,1,1
9067,0.2,2,1,1
9068,1.0,3,0,0
9069,1.0,2,1,1
9070,0.2,2,1,1
9071,0.2,3,0,0
9072,0.2,3,0,0
9073,0.2,1,1,1
9074,0.2,2,1,0
9075,1.0,3,0,1
9076,0.2,3,0,0
9077,0.2,3,0,0
9078,0.2,3,0,0
9079,0.2,1,1,1
9080,1.0,3,0,0
9081,0.2,3,0,0
9082,0.2,2,1,1
9083,0.2,2,1,0
9084,2.2,3,0,1
9085,0.2,3,0,0
9086,0.2,0,1,1
9087,0.2,0,1,1
9088,1.0,1,1,1
9089,0.2,3,0,0
9090,0.2,3,0,0
9091,0.2,2,1,0
9092,0.2,3,0,0
9093,0.2,1,1,1
9094,0.2,3,0,0
9095,1.0,2,1,1
9096,1.0,3,0,0
9097,0.2,1,1,1
9098,0.2,3,1,0
9099,0.2,3,0,0
9100,0.2,3,0,0
9101,0.2,3,0,0
9102,0.2,3,0,0
9103,0.2,1,1,1
9104,0.2,1,1,0
9105,0.2,3,0,0
9106,0.2,3,0,1
9107,0.2,3,0,0
9108,0.2,1,1,1
9109,1.0,2,1,1
9110,0.2,3,0,0
9111,0.2,3,0,0
9112,0.2,1,1,1
9113,0.2,3,0,0
9114,0.2,3,0,0
9115,0.2,1,1,1
9116,0.2,0,1,1
9117,0.2,3,0,0
9118,0.2,0,1,1
9119,0.2,2,1,0
9120,1.0,3,0,0
9121,0.2,2,1,1
9122,1.0,3,0,0
9123,1.0,2,1,1
9124,0.2,3,1,0
9125,0.2,0,1,1
9126,0.2,0,1,1
9127,2.2,3,0,1
9128,0.2,3,0,0
9129,0.2,2,1,1
9130,1.0,3,0,1
9131,0.2,3,0,0
9132,1.0,1,1,1
9133,0.2,3,0,0
9134,0.2,2,1,0
9135,1.0,2,1,1
9136,0.2,3,1,0
9137,2.2,1,1,1
9138,0.2,0,1,1
9139,0.2,2,1,0
9140,0.2,3,0,0
9141,0.2,2,1,0
9142,0.2,3,0,0
9143,0.2,3,0,0
9144,2.2,1,1,1
9145,1.0,2,1,1
9146,0.2,3,1,0
9147,0.2,3,0,0
9148,0.2,1,1,1
9149,1.0,2,1,1
9150,0.2,1,1,1
9151,1.0,0,1,1
9152,0.2,3,0,0
9153,0.2,3,0,0
9154,0.2,1,1,1
9155,0.2,3,0,0
9156,0.2,3,0,0
9157,0.2,2,1,1
9158,0.2,3,0,0
9159,0.2,3,0,0
9160,0.2,3,0,0
9161,0.2,3,0,0
9162,0.2,2,1,0
9163,0.2,0,1,1
9164,0.2,1,1,1
9165,1.0,3,0,0
9166,0.2,3,1,1
9167,0.2,3,0,0
9168,0.2,0,1,1
9169,1.0,1,1,1
9170,0.2,3,0,0
9171,0.2,2,1,0
9172,0.2,3,1,0
9173,1.0,2,1,1
9174,0.2,1,1,1
9175,0.2,2,1,1
9176,0.2,3,0,0
9177,0.2,2,1,1
9178,0.2,2,1,0
9179,0.2,3,0,1
9180,0.2,3,0,0
9181,0.2,2,1,0
9182,1.0,2,1,1
9183,0.2,3,1,0
9184,0.2,1,1,1
9185,0.2,2,1,1
9186,0.2,3,0,0
9187,0.2,3,0,0
9188,0.2,2,1,0
9189,0.2,3,0,0
9190,2.2,3,0,0
9191,1.0,1,1,1
9192,1.0,3,0,0
9193,0.2,3,0,0
9194,0.2,3,0,0
9195,0.2,2,1,1
9196,1.0,0,1,1
9197,0.2,3,0,0
9198,0.2,1,1,1
9199,0.2,3,0,0
9200,2.2,0,1,1
9201,0.2,2,1,1
9202,0.2,2,1,1
9203,1.0,0,1,1
9204,1.0,1,1,1
9205,1.0,3,0,0
9206,0.2,3,0,0
9207,0.2,2,1,0
9208,0.2,2,1,1
9209,1.0,0,1,1
9210,0.2,2,1,1
9211,1.0,2,1,1
9212,0.2,1,1,1
9213,0.2,2,1,1
9214,0.2,3,0,0
9215,1.0,0,1,1
9216,0.2,3,0,0
9217,0.2,2,1,1
9218,0.2,3,0,0
9219,0.2,3,0,0
9220,0.2,3,0,0
9221,1.0,3,0,1
9222,0.2,3,0,0
9223,0.2,3,0,0
9224,0.2,3,0,0
9225,0.2,3,0,0
9226,0.2,1,1,1
9227,0.2,1,1,1
9228,0.2,3,0,0
9229,0.2,3,0,0
9230,0.2,3,0,0
9231,0.2,2,1,1
9232,0.2,3,0,0
9233,0.2,1,1,1
9234,0.2,3,0,0
9235,0.2,0,1,1
9236,0.2,0,1,1
9237,0.2,0,1,1
9238,0.2,3,1,0
9239,0.2,3,1,0
9240,0.2,3,0,0
9241,0.2,1,1,1
9242,0.2,3,0,0
9243,0.2,1,1,1
9244,0.2,3,1,0
9245,0.2,3,0,1
9246,0.2,1,1,1
9247,0.2,3,0,0
9248,0.2,2,1,0
9249,0.2,2,1,1
9250,0.2,3,0,0
9251,0.2,2,1,0
9252,1.0,3,0,0
9253,0.2,1,1,1
9254,0.2,1,1,1
9255,0.2,3,0,0
9256,0.2,3,0,0
9257,1.0,2,1,0
9258,0.2,3,0,0
9259,1.0,3,0,1
9260,0.2,2,1,1
9261,0.2,1,1,1
9262,0.2,1,1,1
9263,0.2,0,1,1
9264,1.0,2,1,1
9265,2.2,2,1,1
9266,0.2,3,0,0
9267,0.2,3,0,0
9268,0.2,1,1,1
9269,0.2,3,0,0
9270,0.2,0,1,1
9271,0.2,3,0,0
9272,0.2,2,1,1
9273,0.2,0,1,1
9274,0.2,3,0,1
9275,1.0,3,0,0
9276,1.0,3,0,1
9277,0.2,1,1,1
9278,0.2,3,1,0
9279,0.2,2,1,1
9280,0.2,3,0,0
9281,0.2,3,0,0
9282,0.2,3,0,0
9283,0.2,3,0,0
9284,0.2,0,1,1
9285,0.2,1,1,1
9286,1.0,1,1,1
9287,1.0,3,0,0
9288,1.0,1,1,1
9289,0.2,3,0,0
9290,0.2,3,1,0
9291,0.2,1,1,1
9292,0.2,3,0,0
9293,1.0,1,1,1
9294,1.0,1,1,1
9295,0.2,2,1,0
9296,1.0,3,0,0
9297,0.2,3,0,0
9298,0.2,1,1,1
9299,0.2,2,1,0
9300,0.2,2,1,1
9301,0.2,2,1,1
9302,3.8,2,1,0
9303,1.0,2,1,1
9304,0.2,3,0,0
9305,0.2,1,1,1
9306,0.2,1,1,1
9307,1.0,3,0,0
9308,0.2,3,0,0
9309,0.2,3,0,0
9310,1.0,3,0,0
9311,0.2,0,1,1
9312,0.2,3,0,0
9313,0.2,1,1,1
9314,0.2,1,1,1
9315,0.2,3,0,0
9316,0.2,3,0,0
9317,0.2,3,0,0
9318,0.2,3,0,0
9319,0.2,3,0,0
9320,0.2,0,1,1
9321,0.2,3,0,0
9322,0.2,2,1,0
9323,0.2,1,1,1
9324,1.0,1,1,1
9325,1.0,3,0,0
9326,0.2,1,1,1
9327,0.2,3,1,1
9328,0.2,1,1,1
9329,0.2,3,0,0
9330,0.2,3,0,0
9331,0.2,3,0,0
9332,0.2,3,0,0
9333,0.2,2,1,0
9334,0.2,3,0,0
9335,0.2,3,0,0
9336,0.2,0,1,1
9337,0.2,3,0,0
9338,1.0,3,0,0
9339,0.2,3,0,0
9340,0.2,3,0,0
9341,0.2,1,1,1
9342,0.2,3,0,0
9343,0.2,3,0,0
9344,0.2,3,0,0
9345,0.2,1,1,1
9346,2.2,3,0,0
9347,0.2,3,0,0
9348,0.2,2,1,0
9349,0.2,3,0,0
9350,0.2,1,1,1
9351,0.2,3,0,0
9352,0.2,3,0,0
9353,1.0,3,0,0
9354,0.2,3,0,0
9355,0.2,2,1,0
9356,1.0,0,1,1
9357,1.0,3,0,1
9358,0.2,3,0,0
9359,0.2,3,1,0
9360,0.2,3,0,0
9361,0.2,3,0,0
9362,0.2,3,0,0
9363,0.2,3,0,0
9364,0.2,3,0,0
9365,0.2,2,1,0
9366,0.2,3,0,0
9367,1.0,1,1,1
9368,0.2,0,1,1
9369,1.0,3,0,0
9370,0.2,3,0,0
9371,1.0,3,0,0
9372,0.2,1,1,1
9373,0.2,3,1,0
9374,0.2,3,0,0
9375,0.2,3,0,0
9376,0.2,2,1,1
9377,1.0,3,1,0
9378,0.2,3,0,0
9379,0.2,0,1,1
9380,1.0,3,0,0
9381,1.0,2,1,1
9382,0.2,2,1,1
9383,1.0,3,0,0
9384,0.2,3,0,0
9385,0.2,3,0,0
9386,1.0,2,1,1
9387,1.0,3,0,0
9388,0.2,0,1,1
9389,0.2,2,1,1
9390,1.0,3,0,1
9391,0.2,3,0,0
9392,1.0,3,0,1
9393,1.0,3,0,1
9394,0.2,3,0,0
9395,0.2,2,1,0
9396,1.0,1,1,1
9397,0.2,3,0,0
9398,0.2,3,1,0
9399,0.2,3,0,0
9400,1.0,3,0,0
9401,0.2,3,0,0
9402,0.2,3,0,0
9403,0.2,1,1,1
9404,0.2,0,1,1
9405,0.2,3,0,0
9406,0.2,3,0,1
9407,0.2,3,0,0
9408,0.2,1,1,1
9409,0.2,3,1,0
9410,1.0,2,1,1
9411,0.2,3,0,0
9412,0.2,1,1,1
9413,0.2,3,0,0
9414,0.2,1,1,1
9415,0.2,3,0,0
9416,0.2,2,1,0
9417,0.2,2,1,1
9418,0.2,2,1,1
9419,0.2,3,0,1
9420,2.2,1,1,1
9421,0.2,2,1,0
9422,0.2,3,0,0
9423,0.2,2,1,0
9424,0.2,3,0,0
9425,0.2,3,0,0
9426,0.2,3,0,0
9427,0.2,1,1,1
9428,0.2,3,0,0
9429,0.2,3,0,0
9430,0.2,3,1,0
9431,0.2,2,1,1
9432,0.2,2,1,1
9433,0.2,3,1,0
9434,0.2,3,0,0
9435,1.0,3,0,0
9436,0.2,2,1,0
9437,0.2,3,0,0
9438,1.0,1,1,1
9439,1.0,3,0,1
9440,1.0,3,1,0
9441,1.0,3,0,0
9442,1.0,1,1,1
9443,0.2,3,0,0
9444,0.2,2,1,1
9445,0.2,3,0,0
9446,1.0,3,0,0
9447,0.2,3,0,0
9448,0.2,3,0,0
9449,0.2,0,1,1
9450,0.2,3,1,0
9451,0.2,3,0,0
9452,0.2,3,0,0
9453,0.2,3,0,0
9454,0.2,2,1,0
9455,0.2,3,0,0
9456,0.2,3,0,0
9457,0.2,3,0,0
9458,0.2,3,0,0
9459,0.2,3,0,0
9460,0.2,1,1,1
9461,0.2,3,1,0
9462,0.2,1,1,1
9463,1.4,1,1,1
9464,1.0,3,0,1
9465,1.0,3,0,1
9466,0.2,3,0,0
9467,0.2,0,1,1
9468,0.2,3,0,0
9469,0.2,3,0,0
9470,0.2,1,1,1
9471,0.2,3,0,0
9472,0.2,3,0,0
9473,1.0,3,0,0
9474,0.2,3,0,0
9475,1.0,3,0,1
9476,0.2,0,1,1
9477,0.2,3,0,0
9478,1.0,3,0,0
9479,0.2,2,1,1
9480,0.2,0,1,1
9481,0.2,3,0,0
9482,1.0,3,0,0
9483,0.2,0,1,1
9484,0.2,3,0,0
9485,0.2,3,0,0
9486,0.2,1,1,1
9487,0.2,2,1,1
9488,0.2,0,1,1
9489,0.2,3,0,0
9490,1.0,3,0,0
9491,1.0,2,1,1
9492,0.2,3,0,0
9493,0.2,0,1,1
9494,0.2,3,0,0
9495,0.2,3,0,0
9496,0.2,1,1,1
9497,0.2,1,1,1
9498,1.0,1,1,1
9499,0.2,1,1,1
9500,0.2,3,0,0
9501,1.0,3,1,0
9502,0.2,3,0,0
9503,0.2,3,0,0
9504,1.0,2,1,0
9505,0.2,3,1,0
9506,0.2,2,1,0
9507,1.0,2,1,1
9508,0.2,0,1,1
9509,0.2,3,0,0
9510,0.2,3,0,0
9511,0.2,1,1,1
9512,0.2,3,1,0
9513,0.2,3,1,0
9514,0.2,3,0,0
9515,1.0,3,0,1
9516,0.2,3,0,0
9517,0.2,0,1,1
9518,0.2,3,0,0
9519,0.2,2,1,1
9520,0.2,3,0,0
9521,0.2,3,0,0
9522,0.2,1,1,1
9523,0.2,3,0,0
9524,0.2,2,1,0
9525,0.2,2,1,1
9526,0.2,2,1,1
9527,0.2,3,0,1
9528,0.2,3,0,0
9529,0.2,0,1,1
9530,1.0,1,1,1
9531,2.2,3,0,1
9532,1.0,3,0,0
9533,0.2,3,0,0
9534,0.2,3,1,0
9535,1.0,2,1,1
9536,0.2,3,0,0
9537,1.0,3,0,0
9538,0.2,3,0,0
9539,0.2,2,1,1
9540,0.2,3,1,0
9541,0.2,3,0,0
9542,0.2,1,1,1
9543,1.0,3,0,1
9544,1.0,3,0,0
9545,0.2,3,0,0
9546,0.2,2,1,1
9547,0.2,3,0,0
9548,0.2,3,0,0
9549,1.0,1,1,1
9550,1.0,2,1,0
9551,1.0,3,0,0
9552,0.2,3,1,0
9553,0.2,2,1,0
9554,0.2,1,1,1
9555,0.2,3,1,0
9556,0.2,1,1,1
9557,0.2,2,1,0
9558,0.2,3,0,0
9559,1.8,3,0,0
9560,0.2,2,1,1
9561,0.2,1,1,1
9562,0.2,3,0,0
9563,0.2,1,1,1
9564,0.2,3,0,0
9565,0.2,3,1,0
9566,0.2,2,1,1
9567,0.2,3,0,0
9568,0.2,3,0,0
9569,0.2,3,0,0
9570,0.2,3,0,0
9571,0.2,3,0,0
9572,0.2,3,0,0
9573,0.2,3,0,0
9574,1.0,2,1,1
9575,0.2,3,0,0
9576,0.2,3,0,0
9577,0.2,3,0,0
9578,0.2,2,1,1
9579,1.0,0,1,1
9580,0.2,3,0,0
9581,0.2,2,1,1
9582,0.2,3,0,0
9583,1.0,3,0,0
9584,0.2,2,1,1
9585,1.0,3,1,0
9586,0.2,3,1,0
9587,0.2,3,0,0
9588,0.2,0,1,1
9589,1.0,3,0,0
9590,1.0,3,0,1
9591,1.0,3,1,1
9592,1.0,1,1,1
9593,1.0,3,0,0
9594,0.2,1,1,1
9595,1.0,1,1,1
9596,1.0,3,0,1
9597,0.2,1,1,1
9598,0.2,3,0,0
9599,0.2,3,0,0
9600,1.0,3,0,0
9601,0.2,1,1,1
9602,0.2,3,0,0
9603,0.2,2,1,1
9604,0.2,3,0,0
9605,0.2,3,0,0
9606,0.2,3,1,0
9607,0.2,1,1,1
9608,0.2,3,0,0
9609,0.2,0,1,1
9610,0.2,3,0,0
9611,0.2,1,1,1
9612,0.2,3,0,0
9613,0.2,3,0,0
9614,0.2,1,1,1
9615,0.2,3,0,0
9616,0.2,3,0,0
9617,0.2,1,1,1
9618,1.0,3,0,0
9619,1.0,1,1,1
9620,0.2,3,0,0
9621,0.2,3,0,0
9622,0.2,3,0,0
9623,0.2,3,0,0
9624,0.2,3,0,0
9625,1.0,3,0,0
9626,0.2,1,1,1
9627,1.0,3,0,1
9628,0.2,3,0,0
9629,0.2,3,0,0
9630,0.2,3,0,0
9631,1.0,1,1,1
9632,0.2,3,0,0
9633,0.2,3,0,1
9634,1.0,1,1,1
9635,1.0,2,1,1
9636,0.2,0,1,1
9637,1.0,2,1,1
9638,0.2,2,1,0
9639,0.2,1,1,1
9640,1.0,3,0,0
9641,0.2,3,1,0
9642,2.2,3,0,1
9643,0.2,3,0,0
9644,0.2,3,0,0
9645,0.2,3,0,0
9646,0.2,0,1,1
9647,0.2,1,1,1
9648,0.2,3,0,0
9649,2.2,1,1,1
9650,2.2,3,0,1
9651,0.2,3,0,0
9652,1.0,0,1,1
9653,1.0,0,1,1
9654,1.0,3,0,1
9655,0.2,2,1,1
9656,1.0,3,1,0
9657,0.2,1,1,1
9658,1.0,1,1,1
9659,1.0,3,0,0
9660,0.2,2,1,0
9661,1.0,1,1,1
9662,0.2,3,0,0
9663,0.2,2,1,0
9664,0.2,2,1,1
9665,0.2,3,0,0
9666,0.2,3,0,0
9667,1.0,1,1,1
9668,0.2,2,1,0
9669,0.2,3,0,0
9670,0.2,2,1,1
9671,0.2,3,0,0
9672,3.4000000000000004,1,1,1
9673,0.2,1,1,1
9674,0.2,3,0,0
9675,0.2,3,0,0
9676,0.2,3,0,0
9677,0.2,2,1,0
9678,0.2,2,1,1
9679,0.2,3,0,0
9680,0.2,3,0,0
9681,0.2,2,1,1
9682,0.2,3,0,0
9683,0.2,2,1,0
9684,0.2,1,1,1
9685,1.0,0,1,1
9686,3.0,2,0,0
9687,1.0,3,0,1
9688,0.2,2,1,1
9689,0.2,2,1,1
9690,0.2,3,0,0
9691,1.0,0,1,1
9692,0.2,2,1,1
9693,2.2,3,0,1
9694,0.2,3,0,0
9695,0.2,3,0,0
9696,0.2,1,1,1
9697,0.2,3,0,0
9698,1.0,3,0,0
9699,0.2,3,0,0
9700,0.2,3,0,0
9701,0.2,2,1,0
9702,0.2,3,0,0
9703,0.2,0,1,1
9704,0.2,1,1,1
9705,0.2,1,1,1
9706,0.2,3,0,0
9707,1.8,3,0,0
9708,0.2,1,1,1
9709,1.0,1,1,1
9710,0.2,1,1,1
9711,0.2,2,1,1
9712,0.2,2,1,1
9713,0.2,3,0,1
9714,0.2,3,0,0
9715,0.2,3,0,1
9716,0.2,1,1,1
9717,0.2,1,1,1
9718,0.2,2,1,0
9719,0.2,2,1,0
9720,0.2,0,1,1
9721,0.2,3,0,0
9722,0.2,3,0,0
9723,1.0,3,0,0
9724,0.2,3,1,0
9725,1.0,3,0,0
9726,0.2,3,0,0
9727,0.2,3,0,0
9728,0.2,3,0,0
9729,0.2,2,1,1
9730,0.2,3,0,0
9731,1.0,3,0,0
9732,0.2,3,0,0
9733,0.2,3,0,0
9734,0.2,1,1,1
9735,0.2,3,0,0
9736,0.2,2,1,1
9737,0.2,3,0,0
9738,0.2,2,1,0
9739,0.2,3,0,0
9740,1.0,3,0,0
9741,1.0,2,1,1
9742,0.2,3,0,0
9743,0.2,2,1,1
9744,0.2,1,1,1
9745,0.2,3,0,0
9746,0.2,3,0,0
9747,1.0,2,1,1
9748,0.2,3,0,0
9749,0.2,0,1,1
9750,0.2,1,1,1
9751,0.2,1,1,1
9752,0.2,2,1,0
9753,0.2,1,1,1
9754,0.2,3,0,0
9755,0.2,1,1,1
9756,0.2,3,1,0
9757,0.2,3,0,0
9758,0.2,2,1,1
9759,1.0,2,1,1
9760,0.2,3,0,0
9761,0.2,2,1,1
9762,0.2,3,0,0
9763,0.2,3,0,0
9764,0.2,0,1,1
9765,0.2,3,0,0
9766,0.2,0,1,1
9767,0.2,3,0,0
9768,0.2,1,1,1
9769,0.2,3,0,0
9770,0.2,3,0,0
9771,0.2,3,1,0
9772,0.2,3,0,0
9773,1.0,2,1,1
9774,0.2,3,0,0
9775,0.2,3,0,0
9776,0.2,1,1,1
9777,0.2,3,0,1
9778,0.2,3,0,0
9779,0.2,3,0,0
9780,1.0,1,1,1
9781,0.2,1,1,1
9782,0.2,3,0,0
9783,0.2,3,0,0
9784,0.2,3,0,0
9785,0.2,3,0,0
9786,0.2,3,0,0
9787,1.0,2,1,1
9788,0.2,2,1,0
9789,0.2,3,0,0
9790,0.2,3,0,0
9791,2.2,3,0,0
9792,3.8,0,1,0
9793,1.0,3,1,1
9794,0.2,3,1,0
9795,0.2,3,0,0
9796,3.0,3,0,0
9797,0.2,3,0,0
9798,0.2,3,0,0
9799,0.2,1,1,1
9800,0.2,3,1,1
9801,0.2,1,1,1
9802,0.2,2,1,1
9803,0.2,1,1,1
9804,3.0,3,0,0
9805,0.2,3,0,0
9806,0.2,3,1,0
9807,0.2,2,1,1
9808,0.2,2,1,1
9809,0.2,0,1,1
9810,0.2,3,0,0
9811,0.2,3,0,0
9812,0.2,2,1,1
9813,1.0,3,0,0
9814,1.0,3,0,0
9815,1.0,3,0,0
9816,0.2,3,0,0
9817,1.0,3,0,1
9818,0.2,3,0,1
9819,0.2,3,0,0
9820,0.2,1,1,1
9821,2.2,1,1,1
9822,0.2,3,0,0
9823,0.2,0,1,0
9824,0.2,2,1,1
9825,0.2,3,0,0
9826,0.2,3,0,0
9827,0.2,3,0,0
9828,0.2,3,0,0
9829,0.2,3,1,0
9830,0.2,3,0,0
9831,1.0,3,0,1
9832,1.0,1,1,1
9833,0.2,3,0,0
9834,0.2,3,0,0
9835,1.0,3,0,0
9836,0.2,3,0,0
9837,1.0,0,1,1
9838,1.0,3,0,0
9839,0.2,3,0,0
9840,0.2,3,0,0
9841,0.2,3,0,0
9842,0.2,2,1,1
9843,1.0,3,1,0
9844,0.2,1,1,1
9845,0.2,3,0,0
9846,0.2,0,1,1
9847,1.0,0,1,1
9848,1.0,2,1,1
9849,0.2,3,0,0
9850,0.2,3,0,0
9851,0.2,3,0,0
9852,0.2,1,1,1
9853,0.2,1,1,1
9854,0.2,2,1,1
9855,0.2,2,1,1
9856,0.2,3,0,0
9857,0.2,3,0,0
9858,1.0,0,1,1
9859,0.2,3,0,0
9860,0.2,2,1,1
9861,0.2,0,1,1
9862,0.2,3,0,0
9863,0.2,3,1,0
9864,0.2,3,0,0
9865,0.2,3,0,0
9866,0.2,3,0,0
9867,0.2,3,0,0
9868,0.2,3,0,0
9869,2.2,1,1,1
9870,2.2,2,1,1
9871,2.2,1,1,1
9872,0.2,3,0,0
9873,1.0,3,0,0
9874,1.0,3,0,1
9875,0.2,2,1,0
9876,0.2,3,0,1
9877,0.2,3,0,0
9878,1.0,3,0,0
9879,1.0,3,1,1
9880,0.2,2,1,1
9881,0.2,3,1,0
9882,1.0,3,0,0
9883,0.2,3,0,0
9884,0.2,3,0,0
9885,0.2,3,0,0
9886,0.2,0,1,1
9887,0.2,3,0,0
9888,0.2,3,0,0
9889,1.0,1,1,1
9890,1.0,1,1,1
9891,0.2,3,0,0
9892,2.2,3,0,1
9893,0.2,2,1,0
9894,0.2,3,0,0
9895,0.2,3,0,0
9896,1.0,3,0,1
9897,0.2,3,1,0
9898,0.2,2,1,1
9899,0.2,3,0,0
9900,0.2,0,1,1
9901,2.2,2,1,1
9902,0.2,3,0,0
9903,0.2,3,0,0
9904,0.2,3,0,0
9905,1.0,1,1,1
9906,0.2,3,0,0
9907,0.2,3,1,0
9908,0.2,2,1,0
9909,1.0,2,1,1
9910,0.2,0,1,1
9911,0.2,2,1,0
9912,0.2,3,0,0
9913,0.2,3,0,0
9914,1.0,3,0,0
9915,3.8,0,1,0
9916,0.2,3,0,0
9917,0.2,2,1,0
9918,0.2,2,1,1
9919,0.2,3,0,0
9920,0.2,3,0,0
9921,1.0,3,0,1
9922,0.2,0,1,1
9923,0.2,2,1,1
9924,0.2,3,0,0
9925,0.2,1,1,1
9926,0.2,3,0,0
9927,0.2,3,0,0
9928,0.2,3,0,0
9929,1.0,1,1,1
9930,0.2,3,0,0
9931,0.2,3,0,0
9932,0.2,1,1,1
9933,1.0,1,1,1
9934,1.0,2,1,1
9935,0.2,1,1,1
9936,0.2,3,0,0
9937,1.0,2,1,1
9938,0.2,3,0,0
9939,0.2,3,1,0
9940,0.2,1,1,1
9941,0.2,1,1,1
9942,0.2,3,0,0
9943,2.2,1,1,1
9944,1.0,0,1,1
9945,0.2,0,1,1
9946,0.2,3,0,0
9947,0.2,3,0,0
9948,0.2,2,1,1
9949,0.2,3,0,0
9950,0.2,2,1,0
9951,0.2,2,1,0
9952,0.2,3,1,0
9953,0.2,3,0,0
9954,0.2,1,1,1
9955,0.2,3,0,0
9956,1.0,1,1,1
9957,0.2,3,0,0
9958,0.2,1,1,1
9959,0.2,1,1,1
9960,0.2,1,1,1
9961,0.2,1,1,1
9962,0.2,3,0,0
9963,0.2,3,0,0
9964,0.2,3,0,0
9965,0.2,1,1,1
9966,0.2,1,1,1
9967,0.2,3,0,0
9968,0.2,3,1,0
9969,0.2,3,0,0
9970,1.0,1,1,1
9971,0.2,0,1,1
9972,0.2,3,0,0
9973,0.2,3,0,0
9974,0.2,3,1,0
9975,0.2,3,0,0
9976,0.2,2,1,0
9977,0.2,3,0,0
9978,0.2,1,1,1
9979,1.0,0,1,1
9980,0.2,3,0,0
9981,0.2,3,0,0
9982,1.0,2,1,1
9983,0.2,1,1,1
9984,0.2,2,1,1
9985,0.2,2,1,0
9986,0.2,3,0,0
9987,0.2,1,1,1
9988,0.2,3,0,0
9989,0.2,3,0,0
9990,0.2,3,0,0
9991,0.2,2,1,0
9992,0.2,2,1,1
9993,1.0,2,1,1
9994,0.2,2,1,1
9995,0.2,3,0,0
9996,0.2,3,0,0
9997,0.2,3,0,0
9998,0.2,0,1,1
9999,0.2,3,0,0
10000,0.2,3,0,0
10001,0.2,3,0,0
10002,0.2,2,1,0
10003,0.2,2,1,0
10004,1.0,3,0,0
10005,0.2,3,0,0
10006,0.2,2,1,1
10007,0.2,1,1,1
10008,0.2,3,0,0
10009,0.2,3,0,0
10010,0.2,3,0,0
10011,0.2,3,0,0
10012,0.2,3,0,0
10013,0.2,3,0,0
10014,0.2,2,1,0
10015,1.0,3,0,1
10016,0.2,3,1,0
10017,0.2,1,1,1
10018,0.2,3,1,0
10019,1.0,3,0,1
10020,0.2,0,1,1
10021,0.2,3,0,0
10022,0.2,3,0,0
10023,0.2,0,1,1
10024,0.2,2,1,1
10025,0.2,2,1,0
10026,0.2,3,0,0
10027,0.2,3,0,0
10028,0.2,3,0,0
10029,0.2,3,0,1
10030,3.8,1,1,0
10031,0.2,2,1,1
10032,0.2,3,0,0
10033,0.2,3,0,0
10034,1.0,3,0,0
10035,0.2,1,1,1
10036,0.2,3,1,0
10037,0.2,0,1,1
10038,0.2,3,0,0
10039,0.2,2,1,0
10040,0.2,1,1,1
10041,0.2,1,1,1
10042,0.2,3,0,0
10043,0.2,1,1,1
10044,0.2,1,1,1
10045,0.2,2,1,0
10046,0.2,3,0,0
10047,0.2,3,0,0
10048,0.2,3,0,0
10049,0.2,0,1,1
10050,0.2,3,0,0
10051,0.2,0,1,1
10052,0.2,3,0,0
10053,0.2,3,0,0
10054,2.2,1,1,1
10055,0.2,3,0,0
10056,0.2,1,1,1
10057,0.2,1,1,1
10058,0.2,3,0,0
10059,0.2,3,0,0
10060,0.2,3,0,0
10061,0.2,3,0,0
10062,0.2,2,1,1
10063,0.2,1,1,1
10064,0.2,3,0,0
10065,0.2,3,0,0
10066,0.2,0,1,1
10067,0.2,3,1,0
10068,0.2,3,0,0
10069,0.2,3,0,0
10070,0.2,3,0,0
10071,0.2,1,1,1
10072,0.2,3,0,0
10073,0.2,3,0,0
10074,1.0,3,0,0
10075,0.2,3,0,0
10076,1.0,0,1,1
10077,0.2,3,0,0
10078,0.2,3,0,0
10079,0.2,1,1,1
10080,1.0,2,1,1
10081,1.0,3,0,0
10082,0.2,3,0,0
10083,0.2,3,0,0
10084,1.0,1,1,1
10085,1.0,3,0,0
10086,0.2,3,0,0
10087,0.2,3,1,0
10088,0.2,2,1,1
10089,0.2,2,1,1
10090,1.0,3,1,0
10091,0.2,2,1,0
10092,1.0,1,1,1
10093,0.2,3,0,0
10094,0.2,3,0,0
10095,1.0,3,1,1
10096,0.2,3,0,0
10097,1.0,3,0,0
10098,0.2,3,1,0
10099,0.2,3,0,0
10100,0.2,3,1,0
10101,1.0,0,1,1
10102,0.2,3,0,0
10103,1.0,2,1,1
10104,0.2,3,0,0
10105,0.2,1,1,1
10106,0.2,2,1,1
10107,0.2,2,1,0
10108,1.0,2,1,0
10109,3.4000000000000004,2,1,1
10110,0.2,1,1,1
10111,0.2,3,0,0
10112,0.2,2,1,1
10113,0.2,3,0,0
10114,2.2,2,1,1
10115,0.2,3,0,0
10116,0.2,1,1,1
10117,0.2,2,1,1
10118,0.2,1,1,1
10119,0.2,3,0,1
10120,0.2,3,0,0
10121,0.2,1,1,1
10122,0.6000000000000001,0,1,1
10123,0.2,3,0,0
10124,0.2,2,1,0
10125,0.2,3,1,0
10126,0.2,2,1,0
10127,0.2,3,0,0
10128,0.2,3,1,0
10129,0.2,1,1,1
10130,1.0,2,1,1
10131,1.0,2,1,1
10132,0.2,2,1,0
10133,0.2,3,1,0
10134,0.2,3,0,0
10135,0.2,3,1,0
10136,0.2,3,0,0
10137,1.0,1,1,1
10138,0.2,3,0,0
10139,0.2,3,0,1
10140,0.2,3,0,0
10141,0.2,3,0,0
10142,0.2,3,1,0
10143,1.0,3,0,1
10144,1.0,3,1,1
10145,0.2,3,1,0
10146,0.2,3,0,0
10147,0.2,2,1,1
10148,0.2,0,1,1
10149,1.0,1,1,1
10150,0.2,3,0,0
10151,0.2,2,1,1
10152,0.2,3,0,0
10153,1.0,3,1,0
10154,0.2,1,1,1
10155,0.2,3,0,0
10156,0.2,3,0,0
10157,1.0,2,1,0
10158,0.2,3,0,0
10159,0.2,2,1,0
10160,0.2,3,0,0
10161,0.2,3,0,0
10162,0.2,3,0,0
10163,0.2,3,0,0
10164,0.2,1,1,1
10165,0.2,2,1,0
10166,0.2,3,0,0
10167,0.2,2,1,1
10168,0.2,3,0,0
10169,2.2,3,0,1
10170,0.2,1,1,1
10171,1.0,3,0,1
10172,0.2,3,0,0
10173,0.2,2,1,0
10174,0.2,1,1,1
10175,0.2,1,1,1
10176,0.2,3,0,0
10177,0.2,2,1,1
10178,0.2,2,1,1
10179,0.2,3,0,0
10180,0.2,1,1,1
10181,0.2,3,0,0
10182,2.2,3,0,1
10183,0.2,2,1,1
10184,0.2,3,0,0
10185,0.2,3,0,0
10186,0.2,3,0,0
10187,0.2,3,0,0
10188,0.2,3,0,0
10189,1.0,2,1,1
10190,0.2,3,1,0
10191,0.2,1,1,1
10192,0.2,2,1,1
10193,0.2,3,0,0
10194,0.2,3,0,0
10195,0.2,1,1,1
10196,0.2,3,0,0
10197,1.0,1,1,1
10198,0.2,2,1,0
10199,0.2,2,1,0
10200,0.2,1,1,1
10201,0.2,3,0,0
10202,0.2,3,0,0
10203,0.2,3,1,0
10204,1.0,1,1,1
10205,1.0,2,1,1
10206,1.0,3,0,0
10207,0.2,0,1,1
10208,0.2,3,0,0
10209,0.2,2,1,1
10210,1.0,3,0,0
10211,0.2,1,1,1
10212,0.2,1,1,1
10213,1.0,3,1,1
10214,0.2,3,0,0
10215,0.2,1,1,1
10216,0.2,1,1,1
10217,0.2,3,1,0
10218,0.2,3,0,0
10219,0.2,3,0,0
10220,1.0,3,1,0
10221,0.2,1,1,1
10222,0.2,3,1,0
10223,0.2,3,0,0
10224,0.2,3,1,0
10225,0.2,1,1,1
10226,0.2,2,1,0
10227,0.2,3,1,0
10228,0.2,1,1,1
10229,0.2,3,0,0
10230,0.2,3,0,0
10231,0.2,1,1,1
10232,0.2,3,0,0
10233,1.0,2,1,1
10234,0.2,3,0,0
10235,0.2,3,0,0
10236,0.2,3,0,0
10237,0.2,1,1,1
10238,1.0,3,0,0
10239,0.2,3,0,0
10240,0.2,2,1,1
10241,1.0,3,0,1
10242,1.0,2,1,1
10243,0.2,3,0,0
10244,1.0,2,1,1
10245,0.2,2,1,0
10246,0.2,3,0,0
10247,0.2,3,0,0
10248,0.2,2,1,1
10249,0.2,3,1,0
10250,0.2,1,1,1
10251,0.2,2,1,0
10252,0.2,3,1,0
10253,0.2,3,0,0
10254,1.0,3,0,1
10255,0.2,3,0,0
10256,1.0,2,1,1
10257,0.2,3,0,0
10258,0.2,3,0,0
10259,1.0,2,1,1
10260,0.2,3,0,0
10261,0.2,2,1,0
10262,1.0,1,1,1
10263,0.2,1,1,1
10264,0.2,3,0,0
10265,0.2,3,0,0
10266,0.2,1,1,1
10267,1.0,3,0,0
10268,0.2,0,1,1
10269,0.2,2,1,1
10270,1.0,3,1,1
10271,0.2,1,1,1
10272,1.0,3,1,0
10273,1.0,3,0,0
10274,1.0,3,0,0
10275,0.2,3,0,0
10276,0.2,2,1,0
10277,1.0,2,1,1
10278,0.2,2,1,0
10279,0.2,3,0,0
10280,0.2,1,1,1
10281,1.0,1,1,1
10282,0.2,3,0,0
10283,1.0,3,0,0
10284,1.0,3,0,0
10285,0.2,3,1,0
10286,0.2,1,1,1
10287,1.0,3,0,0
10288,2.2,3,0,1
10289,0.2,1,1,1
10290,2.2,2,1,1
10291,1.0,3,1,0
10292,0.2,0,1,1
10293,0.2,2,1,0
10294,0.2,3,0,0
10295,0.2,1,1,1
10296,1.0,1,1,1
10297,0.2,3,0,0
10298,1.0,3,1,0
10299,0.2,3,0,0
10300,0.2,1,1,1
10301,0.2,3,0,0
10302,1.0,1,1,1
10303,0.2,3,0,0
10304,0.2,3,0,0
10305,1.0,3,0,0
10306,0.2,3,0,0
10307,0.2,3,0,0
10308,1.0,2,1,1
10309,1.0,3,0,0
10310,1.0,3,1,1
10311,1.0,1,1,1
10312,0.2,2,1,0
10313,1.0,3,0,0
10314,0.2,3,1,0
10315,0.2,2,1,1
10316,1.0,1,1,1
10317,0.2,3,1,0
10318,1.0,3,0,1
10319,0.2,0,1,1
10320,2.2,0,1,1
10321,0.2,3,0,1
10322,0.2,2,1,0
10323,0.2,3,1,0
10324,0.2,3,0,0
10325,1.0,3,0,1
10326,1.0,3,0,0
10327,0.2,2,1,1
10328,1.0,3,0,0
10329,0.2,3,0,0
10330,0.2,2,1,1
10331,0.2,0,1,1
10332,0.2,1,1,1
10333,0.2,2,1,0
10334,0.2,3,0,0
10335,0.2,1,1,1
10336,0.2,3,0,1
10337,0.2,3,0,0
10338,1.0,2,1,1
10339,1.0,1,1,1
10340,0.2,2,1,1
10341,0.2,3,0,0
10342,0.2,3,0,0
10343,0.2,3,0,0
10344,1.0,0,1,1
10345,0.2,1,1,1
10346,0.2,3,0,0
10347,0.2,3,0,0
10348,0.2,2,1,1
10349,1.0,2,1,0
10350,0.2,2,1,1
10351,0.2,3,0,0
10352,0.2,3,0,0
10353,1.0,3,0,0
10354,0.2,3,1,0
10355,0.2,3,0,0
10356,0.2,3,0,0
10357,0.2,3,0,0
10358,0.2,2,1,1
10359,0.2,3,0,0
10360,0.2,2,1,1
10361,1.0,1,1,1
10362,1.0,3,0,0
10363,0.2,3,0,0
10364,0.2,0,1,1
10365,0.2,3,0,0
10366,0.2,3,0,0
10367,0.2,0,1,1
10368,1.0,3,0,1
10369,0.2,3,0,0
10370,0.2,2,1,1
10371,0.2,0,1,1
10372,1.0,3,0,1
10373,0.2,3,0,1
10374,0.2,1,1,1
10375,0.2,1,1,1
10376,1.0,3,1,0
10377,0.2,2,1,0
10378,0.2,0,1,1
10379,1.0,3,0,1
10380,1.0,0,1,1
10381,0.2,3,0,0
10382,0.2,2,1,1
10383,0.2,3,1,0
10384,0.2,2,1,0
10385,0.2,2,1,1
10386,0.2,3,0,0
10387,0.2,3,0,0
10388,1.0,3,0,0
10389,0.2,3,0,0
10390,0.2,3,0,0
10391,2.2,3,0,1
10392,0.2,3,0,0
10393,0.2,3,0,0
10394,0.2,0,1,1
10395,1.0,3,0,1
10396,0.2,2,1,1
10397,0.2,2,1,1
10398,0.2,3,0,0
10399,0.2,2,1,1
10400,0.2,3,0,0
10401,0.2,2,1,0
10402,0.2,3,0,0
10403,0.2,3,1,0
10404,1.0,2,1,1
10405,0.2,3,1,0
10406,0.2,0,1,1
10407,0.2,3,0,0
10408,1.0,3,0,0
10409,0.2,3,0,0
10410,0.2,1,1,1
10411,0.2,3,0,0
10412,0.2,1,1,0
10413,0.2,0,1,1
10414,0.2,3,0,0
10415,0.2,1,1,1
10416,1.0,1,1,1
10417,0.2,3,1,0
10418,0.2,3,0,0
10419,0.2,3,0,0
10420,0.2,3,0,0
10421,0.2,3,0,0
10422,0.2,3,0,0
10423,0.2,2,1,1
10424,0.2,3,0,0
10425,1.0,3,0,0
10426,1.0,2,1,1
10427,1.0,3,0,1
10428,0.2,3,1,0
10429,0.2,2,1,1
10430,0.2,3,1,0
10431,0.2,1,1,1
10432,0.2,3,0,0
10433,0.2,3,0,0
10434,1.0,2,1,1
10435,0.2,1,1,1
10436,0.2,3,1,0
10437,0.2,0,1,1
10438,0.2,3,0,0
10439,0.2,1,1,1
10440,1.0,1,1,1
10441,0.2,3,0,0
10442,0.2,1,1,1
10443,1.0,1,1,1
10444,1.0,1,1,1
10445,1.0,3,0,1
10446,0.2,3,0,0
10447,0.2,3,0,0
10448,0.2,2,1,0
10449,0.2,3,0,0
10450,0.2,3,0,0
10451,1.0,2,1,1
10452,0.2,1,1,1
10453,0.2,3,0,0
10454,0.2,3,0,0
10455,0.2,1,1,1
10456,0.2,0,1,1
10457,0.2,2,1,0
10458,0.2,0,1,1
10459,0.2,2,1,0
10460,0.2,0,1,1
10461,0.2,3,0,0
10462,0.2,3,0,0
10463,1.0,3,0,1
10464,0.2,3,1,0
10465,0.2,3,0,0
10466,0.2,2,1,0
10467,1.0,3,0,0
10468,0.2,3,0,0
10469,0.2,3,0,0
10470,1.0,2,1,1
10471,0.2,1,1,1
10472,0.2,3,0,0
10473,0.2,3,0,0
10474,0.2,3,0,0
10475,0.2,3,0,0
10476,1.0,3,0,1
10477,0.2,3,0,0
10478,0.2,1,1,1
10479,0.2,1,1,1
10480,0.2,3,0,0
10481,0.2,3,0,0
10482,0.2,3,0,0
10483,0.2,0,1,1
10484,0.2,3,0,0
10485,0.2,0,1,1
10486,0.2,3,1,0
10487,1.0,1,1,1
10488,0.2,0,1,1
10489,0.2,3,0,0
10490,0.2,2,1,0
10491,1.0,2,1,1
10492,1.0,1,1,1
10493,0.2,3,0,0
10494,1.0,3,0,1
10495,0.2,1,1,1
10496,0.2,2,1,1
10497,0.2,1,1,1
10498,0.2,3,0,0
10499,0.2,2,1,0
10500,0.2,1,1,1
10501,0.2,2,1,1
10502,0.2,0,1,1
10503,0.2,1,1,1
10504,1.0,3,0,1
10505,0.2,1,1,1
10506,0.2,3,0,0
10507,0.2,3,0,0
10508,0.2,3,0,0
10509,0.2,3,0,0
10510,0.2,1,1,1
10511,0.2,1,1,1
10512,1.0,2,1,1
10513,0.2,3,1,0
10514,0.2,3,0,0
10515,0.2,1,1,1
10516,0.2,3,0,0
10517,0.2,3,0,0
10518,0.2,1,1,1
10519,0.2,3,1,0
10520,0.2,3,0,0
10521,0.2,1,1,1
10522,1.0,3,0,0
10523,0.2,1,1,1
10524,0.2,3,1,0
10525,0.2,3,0,0
10526,0.2,2,1,0
10527,0.2,3,0,0
10528,0.2,1,1,1
10529,0.2,3,0,0
10530,0.2,3,0,1
10531,0.2,3,0,0
10532,0.2,2,1,1
10533,0.2,2,1,1
10534,0.2,3,0,0
10535,0.2,1,1,1
10536,1.0,2,1,1
10537,0.2,3,0,0
10538,1.0,2,1,1
10539,3.0,3,0,0
10540,0.2,1,1,1
10541,0.2,1,1,1
10542,0.2,2,1,1
10543,0.2,1,1,1
10544,0.2,1,1,1
10545,1.0,1,1,1
10546,0.2,1,1,1
10547,0.2,3,0,0
10548,0.2,2,1,0
10549,0.2,1,1,1
10550,0.2,3,0,0
10551,0.2,2,1,0
10552,0.2,1,1,1
10553,0.2,3,0,0
10554,0.2,3,0,0
10555,0.2,3,0,0
10556,0.2,2,1,1
10557,0.2,3,0,0
10558,0.2,2,1,0
10559,2.2,3,0,0
10560,1.0,0,1,1
10561,0.2,2,1,0
10562,0.2,0,1,1
10563,2.2,3,0,0
10564,1.0,1,1,1
10565,0.2,1,1,1
10566,0.2,2,1,1
10567,0.2,3,0,0
10568,0.2,3,0,0
10569,0.2,0,1,1
10570,0.2,2,1,0
10571,1.0,0,1,1
10572,0.2,3,0,0
10573,0.2,2,1,1
10574,0.2,2,1,1
10575,0.2,3,0,0
10576,0.2,0,1,1
10577,1.0,3,0,0
10578,0.2,3,0,0
10579,0.2,3,0,0
10580,1.0,2,1,0
10581,1.0,3,0,0
10582,0.2,3,0,0
10583,0.2,2,1,1
10584,0.2,3,0,0
10585,0.2,3,0,1
10586,0.2,2,1,0
10587,0.2,3,0,0
10588,1.0,1,1,1
10589,0.2,3,0,0
10590,0.2,3,0,0
10591,0.2,1,1,1
10592,1.0,1,1,1
10593,0.2,1,1,1
10594,0.2,3,0,0
10595,1.0,1,1,1
10596,0.2,3,0,0
10597,0.2,2,1,0
10598,0.2,3,0,0
10599,0.2,3,0,0
10600,0.2,1,1,1
10601,0.2,3,0,0
10602,0.2,3,0,0
10603,0.2,2,1,0
10604,0.2,3,1,0
10605,0.2,3,0,0
10606,0.2,0,1,1
10607,0.2,3,1,0
10608,1.0,2,1,1
10609,0.6000000000000001,0,1,1
10610,1.0,2,1,1
10611,0.2,3,0,0
10612,0.2,2,1,1
10613,1.0,2,1,0
10614,1.0,1,1,1
10615,0.2,3,0,0
10616,0.2,3,0,0
10617,1.0,3,1,0
10618,0.2,3,0,0
10619,0.2,1,1,1
10620,0.2,3,0,0
10621,0.2,1,1,1
10622,0.2,3,0,0
10623,0.2,2,1,0
10624,0.2,3,0,0
10625,0.2,0,1,1
10626,1.0,3,0,1
10627,0.2,2,1,0
10628,0.2,3,0,0
10629,0.2,3,0,0
10630,0.2,3,0,0
10631,2.2,3,0,1
10632,0.2,1,1,1
10633,0.2,3,0,0
10634,1.0,3,0,0
10635,0.2,3,0,0
10636,0.2,3,0,0
10637,0.2,2,1,1
10638,0.2,1,1,1
10639,1.0,1,1,1
10640,0.2,2,1,0
10641,0.2,3,0,0
10642,0.2,3,0,0
10643,0.2,1,1,1
10644,0.2,3,0,0
10645,0.2,1,1,1
10646,2.2,3,0,1
10647,0.2,1,1,1
10648,0.2,3,0,0
10649,1.0,3,1,1
10650,0.2,2,1,1
10651,0.2,3,0,0
10652,0.2,0,1,1
10653,0.2,1,1,1
10654,0.2,3,0,0
10655,1.0,2,1,1
10656,1.0,1,1,1
10657,0.2,0,1,1
10658,0.2,3,0,0
10659,0.2,2,1,0
10660,0.2,3,0,1
10661,0.2,0,1,1
10662,0.2,3,1,0
10663,0.2,3,0,0
10664,0.2,3,0,0
10665,1.0,3,0,1
10666,0.2,0,1,1
10667,0.2,1,1,1
10668,1.0,3,1,1
10669,0.2,0,1,1
10670,0.2,3,0,0
10671,0.2,0,1,0
10672,1.0,3,0,0
10673,0.2,3,1,0
10674,0.2,3,0,0
10675,0.2,3,0,0
10676,0.2,3,0,0
10677,0.2,2,1,1
10678,0.2,3,0,0
10679,0.2,3,0,1
10680,2.2,3,0,1
10681,0.2,0,1,1
10682,3.0,3,0,0
10683,0.2,2,1,1
10684,0.2,3,0,0
10685,0.2,2,1,1
10686,0.2,1,1,1
10687,0.2,3,1,0
10688,0.2,3,0,0
10689,0.2,2,1,0
10690,0.2,1,1,1
10691,2.2,2,1,1
10692,0.2,3,0,0
10693,0.2,3,0,0
10694,1.0,3,0,0
10695,0.2,3,0,0
10696,0.2,3,0,0
10697,1.0,1,1,1
10698,0.2,2,1,0
10699,0.2,3,0,0
10700,0.2,0,1,1
10701,0.2,3,1,0
10702,0.2,3,0,0
10703,0.2,3,0,0
10704,0.2,3,0,0
10705,1.0,3,1,1
10706,1.0,0,1,1
10707,0.2,3,0,0
10708,1.0,1,1,1
10709,0.2,3,0,0
10710,0.2,3,0,0
10711,0.2,3,0,0
10712,0.2,0,1,1
10713,0.2,3,0,0
10714,0.2,2,1,0
10715,0.2,3,0,0
10716,1.0,3,0,0
10717,0.2,1,1,1
10718,0.2,3,0,0
10719,0.2,3,0,0
10720,0.2,3,0,0
10721,0.2,2,1,1
10722,0.2,3,0,0
10723,0.2,2,1,0
10724,1.0,3,0,0
10725,0.2,1,1,1
10726,0.2,2,1,1
10727,0.2,3,0,0
10728,0.2,3,0,0
10729,0.2,1,1,1
10730,0.2,3,0,0
10731,0.2,3,0,0
10732,0.2,1,1,1
10733,0.2,2,1,1
10734,0.2,3,0,0
10735,0.2,1,1,1
10736,1.0,3,0,0
10737,1.0,2,1,1
10738,0.2,3,0,0
10739,0.2,3,0,0
10740,0.2,3,0,0
10741,0.2,3,0,1
10742,0.2,2,1,0
10743,0.2,3,0,0
10744,0.2,1,1,1
10745,1.0,3,0,0
10746,0.2,2,1,1
10747,0.2,2,1,0
10748,0.2,3,0,0
10749,0.2,1,1,1
10750,0.2,3,0,0
10751,0.2,0,1,1
10752,0.2,3,0,0
10753,0.2,2,1,1
10754,2.2,2,1,1
10755,0.2,3,0,0
10756,0.2,1,1,1
10757,0.2,3,0,0
10758,2.2,3,0,1
10759,0.2,1,1,1
10760,0.2,3,0,0
10761,0.2,3,0,0
10762,1.0,1,1,1
10763,0.2,3,0,0
10764,0.2,3,0,0
10765,0.2,3,0,0
10766,0.2,3,0,0
10767,0.2,3,0,0
10768,1.0,3,0,0
10769,0.2,3,0,0
10770,1.0,3,0,1
10771,1.0,2,1,1
10772,0.2,3,0,0
10773,0.2,1,1,1
10774,0.2,1,1,1
10775,0.2,3,0,0
10776,0.2,2,1,1
10777,0.2,2,1,1
10778,0.2,3,1,1
10779,1.0,3,0,1
10780,0.2,1,1,1
10781,0.2,3,0,0
10782,0.2,3,1,0
10783,0.2,3,0,0
10784,0.2,3,0,0
10785,1.0,1,1,1
10786,1.0,2,1,1
10787,0.2,3,0,0
10788,0.2,2,1,1
10789,0.2,3,0,0
10790,0.2,1,1,1
10791,0.2,2,1,0
10792,0.2,3,0,0
10793,0.2,1,1,1
10794,1.0,0,1,1
10795,0.2,2,1,0
10796,0.2,3,0,0
10797,0.2,0,1,1
10798,0.2,3,0,0
10799,1.0,3,1,0
10800,0.2,3,0,0
10801,0.2,3,0,0
10802,0.2,1,1,1
10803,0.2,3,0,0
10804,0.2,3,0,0
10805,0.2,2,1,0
10806,1.0,3,0,0
10807,1.0,1,1,1
10808,0.2,2,1,1
10809,0.2,1,1,1
10810,0.2,3,0,0
10811,0.2,1,1,1
10812,0.2,2,1,0
10813,1.0,3,0,0
10814,0.2,0,1,1
10815,0.2,0,1,1
10816,0.2,1,1,1
10817,1.0,3,0,0
10818,0.2,1,1,1
10819,0.2,3,0,0
10820,0.2,0,1,1
10821,1.0,2,1,1
10822,0.2,0,1,1
10823,1.0,3,0,0
10824,0.2,2,1,1
10825,0.2,2,1,1
10826,1.0,3,0,0
10827,0.2,3,0,1
10828,0.2,1,1,1
10829,0.2,2,1,0
10830,1.0,3,0,0
10831,0.2,3,0,0
10832,0.2,3,0,0
10833,0.2,0,1,1
10834,1.0,3,0,1
10835,0.2,3,0,0
10836,0.2,3,0,0
10837,0.2,2,1,1
10838,0.2,3,1,0
10839,0.2,1,1,1
10840,0.2,1,1,1
10841,0.2,3,0,0
10842,1.0,2,1,1
10843,0.2,3,0,0
10844,0.2,3,0,0
10845,0.2,2,1,0
10846,0.2,3,0,0
10847,0.2,2,1,1
10848,2.2,1,1,1
10849,1.0,3,0,0
10850,0.2,1,1,1
10851,1.0,3,0,0
10852,1.0,1,1,1
10853,0.2,2,1,1
10854,0.2,1,1,1
10855,0.2,3,0,0
10856,0.2,3,0,0
10857,1.0,2,1,1
10858,0.2,3,0,0
10859,0.2,2,1,1
10860,0.2,2,1,1
10861,0.2,3,0,0
10862,0.2,2,1,1
10863,0.2,2,1,0
10864,1.0,3,0,1
10865,0.2,2,1,1
10866,0.2,0,1,1
10867,0.2,1,1,1
10868,0.2,3,0,0
10869,0.2,2,1,1
10870,1.0,3,0,0
10871,1.0,2,1,1
10872,0.2,1,1,1
10873,0.2,0,1,1
10874,0.2,3,0,0
10875,0.2,2,1,0
10876,1.0,3,0,0
10877,1.0,2,1,1
10878,2.2,2,1,1
10879,1.0,1,1,1
10880,0.2,3,0,0
10881,0.2,3,0,0
10882,0.2,3,1,0
10883,1.0,3,0,0
10884,0.2,2,1,0
10885,0.2,1,1,1
10886,1.0,1,1,1
10887,0.2,3,0,0
10888,0.2,1,1,1
10889,1.0,2,1,1
10890,0.2,3,0,0
10891,0.2,1,1,1
10892,1.0,3,0,0
10893,0.2,3,0,0
10894,0.2,1,1,1
10895,0.2,3,1,0
10896,0.2,2,1,0
10897,0.2,1,1,1
10898,1.0,1,1,1
10899,0.2,2,1,1
10900,0.2,3,0,0
10901,0.2,3,0,0
10902,0.2,1,1,1
10903,1.0,1,1,1
10904,0.2,2,1,1
10905,1.0,3,0,0
10906,0.2,3,0,0
10907,0.2,2,1,0
10908,1.0,1,1,1
10909,0.2,3,1,0
10910,0.2,3,1,0
10911,0.2,3,1,0
10912,0.2,0,1,1
10913,0.2,2,1,1
10914,2.2,0,1,1
10915,0.2,3,1,0
10916,1.0,2,1,1
10917,0.2,1,1,1
10918,0.2,2,1,0
10919,0.2,3,0,0
10920,0.2,2,1,1
10921,0.2,2,1,1
10922,0.2,0,1,1
10923,2.2,3,0,0
10924,0.2,0,1,1
10925,0.2,1,1,1
10926,1.0,2,1,1
10927,0.2,3,0,0
10928,0.2,3,0,0
10929,0.2,3,0,0
10930,0.2,0,1,1
10931,1.0,3,1,1
10932,1.0,1,1,1
10933,0.2,3,0,1
10934,0.2,3,0,0
10935,0.2,2,1,1
10936,0.2,1,1,1
10937,0.2,3,0,0
10938,0.2,1,1,1
10939,1.0,1,1,1
10940,2.2,1,1,1
10941,0.2,1,1,1
10942,0.2,3,0,0
10943,1.0,3,0,0
10944,0.2,3,0,0
10945,0.2,0,1,1
10946,0.2,0,1,1
10947,0.2,1,1,1
10948,0.2,3,0,0
10949,1.0,3,0,0
10950,1.0,0,1,1
10951,0.2,3,1,0
10952,0.2,3,0,0
10953,0.2,3,0,0
10954,0.2,3,0,0
10955,1.0,3,0,0
10956,1.0,2,1,1
10957,0.2,0,1,1
10958,0.2,1,1,1
10959,0.2,2,1,0
10960,0.2,2,1,1
10961,0.2,1,1,1
10962,0.2,2,1,1
10963,0.2,3,0,0
10964,0.2,3,0,0
10965,0.2,3,0,0
10966,0.2,0,1,1
10967,1.0,3,0,0
10968,0.2,3,0,0
10969,0.2,3,0,0
10970,0.2,2,1,1
10971,0.2,3,1,0
10972,0.2,3,0,0
10973,0.2,1,1,1
10974,0.2,1,1,1
10975,0.2,3,0,0
10976,0.2,3,0,0
10977,0.2,3,0,0
10978,0.2,3,0,0
10979,0.2,3,1,0
10980,0.2,1,1,1
10981,1.0,3,0,1
10982,1.0,3,0,0
10983,1.0,3,0,0
10984,1.0,3,0,1
10985,0.2,3,0,0
10986,0.2,1,1,1
10987,1.0,0,1,1
10988,0.2,2,1,1
10989,1.0,2,1,1
10990,2.2,2,1,1
10991,1.0,3,0,0
10992,1.0,3,0,1
10993,0.2,3,0,0
10994,0.2,3,0,0
10995,0.2,3,0,0
10996,0.2,3,0,0
10997,0.2,3,1,0
10998,1.0,3,0,1
10999,0.2,3,0,0
11000,0.2,3,0,0
11001,0.2,1,1,1
11002,0.2,3,0,0
11003,0.2,3,0,0
11004,0.2,0,1,0
11005,0.2,3,0,0
11006,1.0,3,1,1
11007,1.0,1,1,1
11008,0.2,1,1,1
11009,1.0,1,1,1
11010,0.2,3,0,0
11011,0.2,3,0,0
11012,0.2,3,0,1
11013,0.2,0,1,1
11014,1.0,3,0,1
11015,2.2,1,1,1
11016,1.0,3,0,0
11017,0.2,1,1,1
11018,1.0,3,0,1
11019,0.2,2,1,1
11020,0.2,3,1,0
11021,0.2,2,1,0
11022,0.2,0,1,1
11023,0.2,3,0,0
11024,0.2,3,1,0
11025,0.2,2,1,1
11026,0.2,2,1,0
11027,0.2,3,0,0
11028,0.2,2,1,1
11029,0.2,3,0,0
11030,0.2,3,0,0
11031,0.2,1,1,1
11032,0.2,3,0,0
11033,0.2,3,0,1
11034,1.0,3,1,1
11035,0.2,2,1,1
11036,1.0,3,1,1
11037,0.2,3,0,0
11038,0.2,0,1,1
11039,1.0,0,1,1
11040,0.2,1,1,1
11041,0.2,1,1,1
11042,0.2,3,0,0
11043,1.0,3,0,0
11044,1.0,3,0,1
11045,0.2,3,0,0
11046,0.2,3,1,0
11047,0.2,2,1,0
11048,0.2,3,0,0
11049,1.0,3,0,0
11050,0.2,3,0,0
11051,1.0,3,0,1
11052,1.0,1,1,1
11053,0.2,3,0,0
11054,1.0,1,1,1
11055,0.2,3,1,1
11056,1.0,2,1,1
11057,0.2,3,0,0
11058,0.2,1,1,1
11059,0.2,3,0,0
11060,1.0,3,0,1
11061,1.0,3,0,0
11062,1.0,0,1,1
11063,0.2,3,0,0
11064,0.2,3,0,0
11065,0.2,3,0,0
11066,0.2,3,0,0
11067,0.2,2,1,1
11068,1.0,3,0,0
11069,0.2,3,0,0
11070,1.0,3,0,1
11071,0.2,0,1,1
11072,0.2,3,0,0
11073,0.2,2,1,1
11074,0.2,3,0,0
11075,0.2,2,1,0
11076,0.2,1,1,1
11077,0.2,3,0,0
11078,0.2,1,1,1
11079,1.0,3,0,0
11080,0.2,3,0,0
11081,0.2,3,1,0
11082,0.2,1,1,1
11083,1.0,3,0,0
11084,0.2,3,0,0
11085,0.2,0,1,1
11086,0.2,3,0,0
11087,0.2,3,0,0
11088,0.2,1,1,1
11089,0.2,3,0,0
11090,0.2,3,0,0
11091,0.2,3,0,0
11092,0.2,2,1,1
11093,0.2,2,1,0
11094,0.2,0,1,1
11095,0.2,3,0,0
11096,0.2,3,0,0
11097,1.0,3,0,0
11098,0.2,1,1,1
11099,0.2,3,0,0
11100,0.2,3,0,0
11101,1.0,3,0,0
11102,0.2,3,0,0
11103,0.2,1,1,1
11104,1.0,3,0,0
11105,0.2,3,0,0
11106,1.0,3,0,1
11107,1.0,0,1,1
11108,0.2,2,1,1
11109,0.2,2,1,1
11110,1.0,2,1,1
11111,0.2,2,1,0
11112,0.2,3,0,0
11113,0.2,3,1,0
11114,0.2,3,0,0
11115,0.2,3,0,0
11116,1.0,1,1,1
11117,1.0,3,0,1
11118,0.2,3,0,0
11119,1.0,3,0,0
11120,0.2,3,0,0
11121,0.2,1,1,1
11122,1.0,3,0,0
11123,1.0,3,0,0
11124,0.2,3,0,0
11125,1.0,1,1,1
11126,1.0,3,0,0
11127,1.0,3,0,0
11128,1.0,3,0,0
11129,0.2,1,1,1
11130,0.2,1,1,1
11131,2.2,3,0,1
11132,0.2,1,1,1
11133,0.2,3,0,0
11134,0.2,3,0,0
11135,0.2,2,1,0
11136,1.0,2,1,1
11137,2.2,2,1,0
11138,0.2,3,0,0
11139,3.8,0,1,0
11140,0.2,3,0,0
11141,0.2,3,0,0
11142,0.2,2,1,0
11143,0.2,3,0,0
11144,0.2,1,1,1
11145,0.2,3,0,0
11146,0.2,3,1,0
11147,2.2,3,0,1
11148,0.2,3,0,0
11149,0.2,0,1,1
11150,0.2,2,1,0
11151,0.2,3,0,0
11152,2.2,3,0,0
11153,0.2,2,1,1
11154,0.2,3,0,0
11155,0.2,3,1,0
11156,0.2,1,1,1
11157,1.0,3,1,0
11158,0.2,1,1,1
11159,0.2,3,1,0
11160,0.2,0,1,1
11161,2.2,2,1,1
11162,0.2,2,1,1
11163,0.2,1,1,1
11164,0.2,3,0,0
11165,0.2,3,0,0
11166,0.2,3,1,0
11167,0.2,3,0,0
11168,1.0,1,1,1
11169,0.2,2,1,0
11170,0.2,3,0,0
11171,3.4000000000000004,1,1,1
11172,0.2,3,0,0
11173,1.0,3,0,0
11174,1.0,3,1,0
11175,0.2,1,1,1
11176,0.2,3,0,0
11177,1.0,1,1,1
11178,0.2,2,1,1
11179,0.2,3,0,0
11180,0.2,2,1,1
11181,0.2,2,1,1
11182,0.2,3,0,0
11183,0.2,3,1,0
11184,0.2,3,0,0
11185,1.0,2,1,1
11186,0.2,3,0,0
11187,0.2,3,0,0
11188,0.2,3,0,0
11189,1.0,3,1,1
11190,0.2,3,0,0
11191,1.0,2,1,1
11192,0.2,1,1,1
11193,0.2,3,0,0
11194,0.2,3,0,0
11195,0.2,2,1,1
11196,0.2,3,0,0
11197,0.2,2,1,0
11198,0.2,2,1,1
11199,0.2,2,1,1
11200,1.0,3,0,0
11201,0.2,2,1,1
11202,1.0,3,0,1
11203,0.2,2,1,0
11204,0.2,2,1,1
11205,1.0,1,1,1
11206,0.2,2,1,0
11207,1.0,3,0,0
11208,0.2,1,1,1
11209,0.2,3,0,0
11210,0.2,3,0,0
11211,0.2,1,1,1
11212,0.2,2,1,1
11213,0.2,0,1,1
11214,0.2,3,0,0
11215,1.0,2,1,1
11216,0.2,1,1,1
11217,0.2,3,0,0
11218,0.2,3,0,0
11219,1.0,3,0,0
11220,0.2,3,0,0
11221,0.2,3,1,0
11222,0.2,1,1,1
11223,0.2,3,0,0
11224,0.2,3,1,0
11225,0.2,1,1,1
11226,1.0,3,0,1
11227,0.2,2,1,1
11228,0.2,2,1,1
11229,0.2,3,0,0
11230,0.2,3,0,0
11231,1.0,1,1,1
11232,0.2,3,0,0
11233,0.2,3,0,0
11234,0.2,3,0,0
11235,0.2,2,1,1
11236,0.2,2,1,0
11237,0.2,3,1,0
11238,1.0,3,0,0
11239,0.2,3,0,0
11240,0.2,2,1,1
11241,0.2,1,1,1
11242,0.2,1,1,1
11243,0.2,1,1,1
11244,1.0,1,1,1
11245,0.2,2,1,0
11246,0.2,3,0,0
11247,1.0,3,0,1
11248,0.2,2,1,0
11249,1.0,3,0,0
11250,0.2,2,1,1
11251,0.2,1,1,1
11252,1.0,3,0,0
11253,0.2,3,0,0
11254,0.2,3,0,0
11255,0.2,1,1,1
11256,0.2,3,0,0
11257,1.0,2,1,1
11258,0.2,3,0,0
11259,0.2,3,0,0
11260,1.0,3,0,0
11261,0.2,3,0,0
11262,0.2,3,0,0
11263,0.2,2,1,1
11264,0.2,2,1,1
11265,0.2,3,0,0
11266,0.2,3,0,0
11267,0.2,0,1,1
11268,0.2,1,1,1
11269,0.2,3,1,0
11270,0.2,0,1,1
11271,1.0,2,1,1
11272,0.2,2,1,1
11273,0.2,1,1,1
11274,0.2,3,0,0
11275,0.2,1,1,1
11276,1.0,1,1,1
11277,0.2,2,1,0
11278,0.2,2,1,1
11279,1.0,2,1,1
11280,1.0,3,0,0
11281,0.2,3,0,0
11282,2.2,3,0,1
11283,2.2,2,1,1
11284,1.0,2,1,1
11285,1.0,3,0,0
11286,1.0,1,1,1
11287,1.0,3,0,0
11288,1.0,3,0,0
11289,0.2,3,0,0
11290,0.2,2,1,0
11291,1.0,3,0,1
11292,0.2,3,0,0
11293,0.2,1,1,1
11294,0.2,1,1,1
11295,0.2,3,0,0
11296,0.2,2,1,1
11297,0.2,3,0,1
11298,0.2,2,1,0
11299,0.2,0,1,1
11300,0.2,3,0,0
11301,0.2,1,1,1
11302,0.2,1,1,1
11303,0.2,1,1,1
11304,0.2,3,0,0
11305,0.2,1,1,1
11306,0.2,1,1,1
11307,0.2,3,0,0
11308,0.2,1,1,1
11309,0.2,3,0,0
11310,2.2,2,1,1
11311,0.2,3,0,0
11312,0.2,3,0,0
11313,0.2,3,0,0
11314,0.2,3,0,0
11315,0.2,2,1,1
11316,0.2,3,0,0
11317,0.2,3,0,0
11318,1.0,3,0,1
11319,0.2,1,1,1
11320,1.0,3,0,0
11321,0.2,3,0,0
11322,0.2,3,1,0
11323,0.2,3,0,0
11324,0.2,3,0,0
11325,0.2,1,1,1
11326,0.2,2,1,0
11327,0.2,3,0,0
11328,1.0,3,0,0
11329,0.2,2,1,0
11330,1.0,3,1,0
11331,0.2,3,0,0
11332,1.0,3,0,0
11333,0.2,1,1,1
11334,0.2,3,0,0
11335,1.0,3,0,0
11336,0.2,1,1,1
11337,0.2,2,1,0
11338,1.0,1,1,1
11339,1.0,3,0,0
11340,1.0,1,1,1
11341,0.2,2,1,1
11342,0.2,3,0,0
11343,0.2,1,1,1
11344,0.2,2,1,0
11345,0.2,3,1,0
11346,0.2,1,1,1
11347,1.0,3,0,0
11348,0.2,3,0,0
11349,0.2,3,0,0
11350,0.2,2,1,0
11351,0.2,3,0,0
11352,0.2,3,0,0
11353,0.2,3,0,0
11354,0.2,3,0,0
11355,2.2,3,0,0
11356,0.2,3,0,0
11357,0.2,3,0,0
11358,0.2,3,0,0
11359,1.0,3,0,0
11360,1.0,3,0,0
11361,1.0,3,1,1
11362,1.0,3,0,0
11363,0.2,2,1,0
11364,0.2,2,1,0
11365,0.2,2,1,0
11366,0.2,1,1,1
11367,0.2,3,0,0
11368,0.2,3,0,0
11369,1.0,1,1,1
11370,0.2,2,1,0
11371,0.2,3,0,0
11372,0.2,2,1,1
11373,0.2,3,0,0
11374,1.0,3,0,0
11375,0.2,1,1,1
11376,0.2,3,1,0
11377,0.2,1,1,1
11378,0.2,3,1,0
11379,0.2,3,0,0
11380,0.2,3,0,0
11381,2.2,2,1,1
11382,1.0,2,1,1
11383,0.2,1,1,1
11384,0.2,3,0,0
11385,1.0,0,1,1
11386,0.2,0,1,1
11387,0.2,1,1,1
11388,0.2,3,0,0
11389,0.2,0,1,1
11390,0.2,3,1,0
11391,0.2,3,1,0
11392,0.2,1,1,1
11393,0.2,0,1,1
11394,0.2,3,0,0
11395,2.2,3,0,1
11396,1.0,0,1,1
11397,0.2,1,1,1
11398,0.2,2,1,1
11399,1.0,1,1,1
11400,1.0,2,1,1
11401,0.2,0,1,1
11402,0.2,3,0,0
11403,0.2,2,1,0
11404,1.0,1,1,1
11405,0.2,3,0,0
11406,0.2,3,0,1
11407,1.0,1,1,1
11408,1.0,3,0,0
11409,0.2,3,0,0
11410,1.0,2,1,1
11411,1.0,0,1,1
11412,0.2,1,1,1
11413,0.2,3,0,0
11414,0.2,2,1,1
11415,0.2,1,1,1
11416,0.2,3,0,0
11417,0.2,3,0,0
11418,0.2,2,1,0
11419,0.2,3,0,0
11420,0.2,1,1,1
11421,0.2,3,0,0
11422,1.0,3,0,0
11423,1.0,3,0,1
11424,0.2,3,0,0
11425,0.2,3,0,0
11426,0.2,3,0,0
11427,1.0,1,1,1
11428,0.2,3,0,0
11429,0.2,3,0,0
11430,1.0,1,1,1
11431,0.2,3,0,0
11432,1.0,2,1,1
11433,0.2,3,1,0
11434,1.0,1,1,1
11435,1.0,3,0,0
11436,0.2,2,1,0
11437,0.2,3,0,0
11438,0.2,3,0,0
11439,0.2,2,1,0
11440,0.2,3,0,0
11441,0.2,3,0,0
11442,0.2,1,1,1
11443,0.2,2,1,1
11444,0.2,3,0,0
11445,0.2,2,1,0
11446,0.2,3,0,1
11447,0.2,2,1,1
11448,0.2,1,1,1
11449,0.2,1,1,1
11450,1.0,3,0,0
11451,0.2,3,0,0
11452,0.2,2,1,1
11453,0.2,3,0,0
11454,0.2,3,0,0
11455,0.2,1,1,1
11456,1.0,2,1,1
11457,1.0,3,0,0
11458,1.0,2,1,1
11459,0.2,3,1,0
11460,0.2,3,0,0
11461,0.2,3,0,0
11462,1.0,3,1,0
11463,0.2,1,1,1
11464,0.2,3,1,0
11465,0.2,2,1,1
11466,0.2,3,1,0
11467,0.2,2,1,1
11468,0.2,1,1,1
11469,0.2,1,1,1
11470,0.2,1,1,1
11471,0.2,0,1,1
11472,0.2,1,1,1
11473,0.2,2,1,1
11474,0.2,3,0,0
11475,0.2,3,0,0
11476,0.2,2,1,1
11477,0.2,2,1,1
11478,1.0,2,1,1
11479,0.2,3,0,0
11480,1.0,1,1,1
11481,1.0,2,1,1
11482,0.2,3,0,0
11483,0.2,3,0,0
11484,0.2,3,0,0
11485,0.2,0,1,1
11486,0.2,3,1,0
11487,0.2,3,0,0
11488,0.2,3,0,0
11489,0.2,3,0,0
11490,1.0,1,1,1
11491,1.0,3,0,0
11492,1.0,1,1,1
11493,1.0,2,1,1
11494,0.2,3,0,0
11495,1.0,0,1,1
11496,0.2,0,1,1
11497,0.2,3,0,0
11498,0.2,2,1,1
11499,0.2,3,1,0
11500,0.2,2,1,1
11501,0.2,3,0,0
11502,0.2,3,0,0
11503,0.2,3,0,0
11504,0.2,3,1,0
11505,0.2,0,1,1
11506,0.2,3,0,0
11507,0.2,3,1,0
11508,0.2,1,1,1
11509,0.2,3,0,0
11510,0.2,3,0,0
11511,0.2,1,1,1
11512,1.0,1,1,1
11513,0.2,3,0,0
11514,0.2,2,1,1
11515,0.2,2,1,0
11516,0.2,3,0,0
11517,0.2,3,0,0
11518,1.0,3,0,0
11519,0.2,0,1,1
11520,0.2,2,1,0
11521,0.2,1,1,1
11522,0.2,3,0,0
11523,0.2,1,1,1
11524,0.2,2,1,1
11525,1.0,3,0,0
11526,0.2,2,1,1
11527,0.2,2,1,1
11528,3.0,3,0,0
11529,3.8,1,1,1
11530,0.2,3,0,0
11531,0.2,1,1,1
11532,0.2,3,0,0
11533,1.0,3,1,1
11534,0.2,3,0,0
11535,0.2,3,0,0
11536,0.2,3,0,0
11537,0.2,3,0,0
11538,1.0,3,0,0
11539,0.2,2,1,0
11540,0.2,2,1,1
11541,1.0,3,0,0
11542,1.0,1,1,1
11543,0.2,3,1,0
11544,0.2,3,0,0
11545,0.2,0,1,1
11546,0.2,3,0,0
11547,0.2,2,1,0
11548,0.2,0,1,1
11549,1.0,3,1,1
11550,0.2,2,1,1
11551,0.2,1,1,1
11552,0.2,3,0,0
11553,1.0,1,1,1
11554,1.0,3,0,0
11555,0.2,2,1,0
11556,0.2,3,1,0
11557,0.2,1,1,1
11558,1.0,3,0,0
11559,0.2,3,0,0
11560,1.0,1,1,1
11561,0.2,3,0,0
11562,0.2,3,0,0
11563,1.0,3,0,1
11564,0.2,3,0,0
11565,0.2,3,0,0
11566,1.0,3,0,0
11567,1.0,2,1,1
11568,0.2,3,1,0
11569,1.0,3,0,1
11570,0.2,3,0,0
11571,0.2,3,0,0
11572,0.2,2,1,1
11573,0.2,3,1,0
11574,0.2,3,0,0
11575,0.2,3,0,0
11576,1.0,2,1,1
11577,0.2,2,1,0
11578,1.0,2,1,1
11579,0.2,0,1,1
11580,0.2,1,1,1
11581,0.2,3,0,0
11582,0.2,3,0,0
11583,1.0,3,1,1
11584,0.2,3,0,0
11585,1.0,2,1,1
11586,1.0,3,0,1
11587,0.2,2,1,0
11588,3.0,2,0,1
11589,2.2,2,1,1
11590,0.2,3,0,0
11591,0.2,2,1,1
11592,0.2,1,1,1
11593,0.2,3,0,0
11594,0.2,1,1,1
11595,0.2,3,0,0
11596,1.8,3,0,0
11597,0.2,3,0,0
11598,0.2,2,1,0
11599,0.2,3,0,0
11600,0.2,3,0,0
11601,0.2,3,0,0
11602,1.0,3,0,0
11603,0.2,1,1,1
11604,1.0,1,1,1
11605,0.2,3,0,0
11606,0.2,2,1,1
11607,1.0,3,0,1
11608,0.2,3,0,0
11609,1.0,3,0,0
11610,0.2,3,0,1
11611,1.0,3,0,0
11612,1.0,1,1,1
11613,0.2,1,1,1
11614,1.0,2,1,1
11615,0.2,3,0,0
11616,0.2,1,1,1
11617,0.2,3,0,0
11618,0.2,3,0,0
11619,0.2,1,1,1
11620,0.2,2,1,1
11621,1.0,1,1,1
11622,0.2,1,1,1
11623,0.2,2,1,0
11624,0.2,3,0,0
11625,0.2,3,0,0
11626,0.2,1,1,1
11627,0.2,3,0,0
11628,1.0,1,1,1
11629,0.2,2,1,1
11630,0.2,2,1,1
11631,0.2,2,1,1
11632,0.2,3,0,0
11633,0.2,3,0,0
11634,1.0,1,1,1
11635,0.2,1,1,1
11636,0.2,2,1,1
11637,1.0,2,1,1
11638,1.0,3,0,0
11639,0.2,3,0,0
11640,0.2,3,0,0
11641,0.2,3,0,0
11642,0.2,1,1,1
11643,0.2,3,0,0
11644,1.0,3,0,0
11645,0.2,2,1,0
11646,0.2,2,1,1
11647,0.2,1,1,1
11648,0.2,3,0,0
11649,0.2,1,1,1
11650,0.2,0,1,1
11651,1.0,1,1,1
11652,0.2,3,0,0
11653,1.0,3,0,1
11654,0.2,3,1,0
11655,0.2,0,1,1
11656,0.2,1,1,1
11657,0.2,1,1,1
11658,0.2,2,1,0
11659,0.2,1,1,1
11660,0.2,3,0,0
11661,0.2,3,1,0
11662,0.2,3,0,0
11663,1.0,3,0,0
11664,0.2,3,0,0
11665,1.0,3,0,0
11666,3.4000000000000004,1,1,1
11667,0.2,3,0,1
11668,0.2,2,1,0
11669,1.0,2,1,1
11670,0.2,0,1,1
11671,0.2,3,0,0
11672,0.2,3,0,0
11673,1.0,2,1,1
11674,0.2,1,1,1
11675,0.2,3,0,0
11676,1.0,3,0,0
11677,0.2,3,0,0
11678,0.2,3,0,0
11679,0.2,3,0,0
11680,2.2,1,1,1
11681,1.0,3,0,0
11682,1.0,1,1,1
11683,0.2,3,0,0
11684,3.8,2,1,0
11685,0.2,0,1,1
11686,0.2,3,0,0
11687,0.2,3,1,0
11688,1.0,3,0,1
11689,0.2,2,1,1
11690,0.2,1,1,1
11691,0.2,3,0,0
11692,0.2,1,1,1
11693,0.2,3,0,0
11694,1.0,3,0,0
11695,0.2,3,0,0
11696,0.2,3,0,0
11697,1.0,2,1,1
11698,1.0,3,0,0
11699,0.2,3,0,0
11700,0.2,3,0,0
11701,0.2,3,0,0
11702,0.2,3,0,0
11703,0.2,3,0,0
11704,1.0,3,1,0
11705,1.0,3,0,0
11706,1.0,2,1,1
11707,2.2,3,0,0
11708,0.2,3,0,0
11709,0.2,1,1,1
11710,0.2,3,0,0
11711,0.2,3,0,0
11712,0.2,3,0,1
11713,0.2,3,0,0
11714,0.2,3,0,1
11715,0.2,3,0,0
11716,1.0,0,1,1
11717,0.2,1,1,1
11718,0.2,3,0,0
11719,0.2,2,1,1
11720,0.2,1,1,1
11721,0.2,3,1,0
11722,0.2,3,0,0
11723,1.0,0,1,1
11724,0.2,2,1,0
11725,0.2,3,0,0
11726,0.2,1,1,1
11727,0.2,2,1,1
11728,0.2,3,0,0
11729,0.2,1,1,1
11730,0.2,3,0,0
11731,0.2,1,1,1
11732,0.2,3,0,0
11733,0.2,2,1,1
11734,0.2,3,0,0
11735,0.2,3,0,0
11736,0.2,3,0,0
11737,2.2,2,1,1
11738,0.2,2,1,0
11739,0.2,3,0,0
11740,0.2,3,0,0
11741,0.2,3,0,0
11742,0.2,3,0,0
11743,0.2,3,0,0
11744,0.2,2,1,1
11745,1.0,3,0,0
11746,0.2,3,0,0
11747,1.0,3,1,0
11748,0.2,3,0,0
11749,0.2,3,0,0
11750,0.2,3,0,0
11751,0.2,0,1,1
11752,1.0,3,0,0
11753,0.2,3,0,0
11754,0.2,0,1,1
11755,1.0,3,0,1
11756,1.0,1,1,1
11757,0.2,1,1,1
11758,0.2,3,0,1
11759,0.2,1,1,1
11760,0.2,2,1,0
11761,0.2,1,1,1
11762,0.2,3,1,0
11763,0.2,1,1,1
11764,0.2,3,0,0
11765,0.2,2,1,1
11766,0.2,1,1,1
11767,0.2,3,0,0
11768,0.2,3,0,0
11769,0.2,3,0,0
11770,0.2,1,1,1
11771,1.0,3,1,0
11772,2.2,2,1,1
11773,0.2,0,1,1
11774,0.2,3,0,0
11775,1.0,2,1,1
11776,0.2,3,0,0
11777,0.2,2,1,0
11778,0.2,3,0,0
11779,0.2,3,0,0
11780,1.0,3,0,1
11781,0.2,3,1,0
11782,0.2,3,0,1
11783,0.2,1,1,1
11784,0.2,3,0,0
11785,0.2,3,0,0
11786,0.2,3,0,0
11787,0.2,2,1,0
11788,0.2,3,0,0
11789,1.0,0,1,1
11790,2.2,3,0,0
11791,0.2,3,0,0
11792,0.2,3,0,0
11793,0.2,1,1,1
11794,0.2,3,0,1
11795,1.0,3,0,1
11796,0.2,0,1,1
11797,0.2,3,1,0
11798,0.2,2,1,0
11799,0.2,3,1,0
11800,0.2,3,0,0
11801,1.0,2,1,1
11802,0.2,3,0,0
11803,1.0,0,1,1
11804,0.2,3,0,0
11805,0.2,3,0,0
11806,1.0,2,1,1
11807,0.2,3,0,0
11808,1.0,1,1,1
11809,0.2,2,1,1
11810,0.2,3,0,0
11811,2.2,1,1,1
11812,0.2,1,1,1
11813,0.2,3,1,0
11814,0.2,1,1,1
11815,0.2,2,1,0
11816,0.2,3,0,0
11817,0.2,2,1,1
11818,1.0,1,1,1
11819,0.2,3,0,0
11820,0.2,3,0,0
11821,0.2,2,1,0
11822,0.2,1,1,1
11823,1.0,1,1,1
11824,0.2,3,0,0
11825,0.2,3,0,0
11826,0.2,3,1,0
11827,0.2,1,1,1
11828,0.2,3,0,0
11829,0.2,3,0,0
11830,0.2,2,1,1
11831,0.2,2,1,1
11832,0.2,3,0,0
11833,0.2,1,1,1
11834,0.2,2,1,0
11835,2.2,1,1,1
11836,1.0,1,1,1
11837,0.2,1,1,1
11838,0.2,2,1,1
11839,0.2,2,1,1
11840,0.2,3,0,0
11841,0.2,3,0,0
11842,0.2,3,1,0
11843,0.2,3,0,0
11844,0.2,1,1,1
11845,0.2,3,0,1
11846,1.0,1,1,1
11847,0.2,1,1,1
11848,0.2,0,1,1
11849,0.2,3,0,0
11850,0.2,3,0,0
11851,0.2,1,1,1
11852,1.0,3,0,1
11853,0.2,1,1,1
11854,0.2,3,0,0
11855,0.2,3,0,0
11856,1.0,3,0,0
11857,0.2,2,1,1
11858,0.2,3,0,0
11859,0.2,3,0,0
11860,0.2,2,1,1
11861,1.0,2,1,1
11862,1.0,3,0,0
11863,0.2,1,1,1
11864,1.0,3,1,0
11865,0.2,2,1,1
11866,0.2,3,0,0
11867,0.2,2,1,0
11868,0.2,2,1,0
11869,0.2,1,1,1
11870,0.2,2,1,1
11871,0.2,3,0,0
11872,0.2,3,0,0
11873,1.0,3,0,1
11874,0.2,0,1,1
11875,0.2,3,0,0
11876,0.2,3,0,0
11877,0.2,1,1,1
11878,0.2,3,0,0
11879,0.2,0,1,1
11880,0.2,3,0,0
11881,0.2,3,1,0
11882,1.0,3,0,0
11883,0.2,2,1,0
11884,0.2,1,1,1
11885,0.2,2,1,0
11886,0.2,3,0,0
11887,1.0,3,0,1
11888,0.2,2,1,1
11889,0.2,3,0,0
11890,1.0,3,0,0
11891,0.2,1,1,1
11892,0.2,2,1,0
11893,0.2,1,1,1
11894,0.2,1,1,1
11895,0.2,1,1,1
11896,0.2,3,1,0
11897,1.0,3,0,0
11898,0.2,1,1,1
11899,1.0,3,0,0
11900,0.2,2,1,0
11901,0.2,2,1,1
11902,1.0,1,1,1
11903,0.2,3,0,0
11904,0.2,0,1,1
11905,0.2,2,1,0
11906,0.2,3,0,0
11907,0.2,3,0,0
11908,0.2,3,0,0
11909,1.0,3,0,0
11910,0.2,3,1,0
11911,0.2,3,0,0
11912,0.2,3,0,0
11913,0.2,1,1,1
11914,1.0,3,0,1
11915,0.2,3,0,0
11916,1.0,1,1,1
11917,0.2,2,1,1
11918,1.0,2,1,1
11919,0.2,1,1,1
11920,1.0,3,0,0
11921,0.2,3,0,0
11922,0.2,3,1,0
11923,0.2,3,0,0
11924,0.2,3,0,0
11925,1.0,3,0,1
11926,1.0,3,0,1
11927,0.2,3,0,0
11928,0.2,3,0,0
11929,0.2,3,0,0
11930,0.2,1,1,1
11931,0.2,1,1,1
11932,0.2,3,0,0
11933,0.2,3,0,0
11934,0.2,1,1,1
11935,0.2,1,1,1
11936,0.2,3,0,0
11937,0.2,3,0,0
11938,1.0,2,1,1
11939,0.2,1,1,1
11940,0.2,0,1,1
11941,2.2,3,0,1
11942,0.2,3,0,0
11943,0.2,3,0,0
11944,1.0,2,1,1
11945,0.2,2,1,1
11946,0.2,1,1,1
11947,0.2,3,0,1
11948,1.0,3,0,1
11949,0.2,1,1,1
11950,1.0,3,0,1
11951,1.0,3,0,1
11952,1.0,3,0,0
11953,0.6000000000000001,0,1,1
11954,0.2,1,1,1
11955,0.2,3,0,0
11956,1.0,0,1,1
11957,0.2,2,1,1
11958,0.2,3,0,0
11959,1.0,2,1,1
11960,1.0,1,1,1
11961,0.2,3,0,0
11962,0.2,3,0,0
11963,0.2,2,1,0
11964,0.2,1,1,1
11965,1.0,1,1,1
11966,0.2,3,0,0
11967,0.2,3,0,0
11968,0.2,2,1,0
11969,1.0,3,0,0
11970,0.2,3,0,0
11971,1.0,3,0,0
11972,1.0,3,0,1
11973,1.0,3,0,0
11974,0.2,3,0,1
11975,0.2,1,1,1
11976,0.2,3,0,0
11977,0.2,3,0,0
11978,0.2,3,0,0
11979,0.2,3,0,0
11980,0.2,1,1,1
11981,0.2,1,1,1
11982,0.2,3,1,0
11983,0.2,3,0,0
11984,0.2,0,1,1
11985,0.2,1,1,1
11986,0.2,3,0,0
11987,0.2,2,1,1
11988,3.8,1,1,1
11989,1.0,3,0,0
11990,0.2,3,0,0
11991,0.2,3,0,0
11992,0.2,3,0,0
11993,0.2,0,1,1
11994,1.0,3,0,1
11995,0.2,1,1,1
11996,0.2,3,0,0
11997,0.2,3,0,0
11998,0.2,3,0,0
11999,0.2,3,0,0
12000,0.2,3,0,0
12001,1.0,1,1,1
12002,0.2,0,1,1
12003,1.0,3,0,0
12004,0.2,3,0,1
12005,0.2,2,1,0
12006,0.2,3,0,0
12007,0.2,3,0,0
12008,0.2,3,0,0
12009,0.2,3,0,0
12010,1.0,1,1,1
12011,0.2,3,0,0
12012,1.0,1,1,1
12013,0.2,2,1,1
12014,1.0,2,1,1
12015,0.2,1,1,1
12016,1.0,2,1,1
12017,0.2,3,0,0
12018,0.2,2,1,0
12019,0.2,3,0,0
12020,0.2,3,0,0
12021,0.2,3,1,0
12022,0.2,3,0,0
12023,0.2,3,0,0
12024,0.2,2,1,0
12025,0.2,0,1,1
12026,0.2,3,0,0
12027,2.2,3,0,0
12028,0.2,0,1,1
12029,0.2,3,0,0
12030,1.8,3,0,0
12031,1.0,2,1,1
12032,0.2,3,0,0
12033,0.2,2,1,1
12034,0.2,0,1,1
12035,0.2,3,0,0
12036,0.2,3,0,0
12037,0.2,3,0,0
12038,0.2,3,0,0
12039,0.2,3,0,0
12040,0.2,2,1,0
12041,0.2,3,0,0
12042,0.2,2,1,0
12043,0.2,3,0,0
12044,0.2,3,0,0
12045,0.2,2,1,1
12046,1.0,3,0,1
12047,0.2,2,1,0
12048,0.2,2,1,1
12049,0.2,3,1,0
12050,0.2,1,1,1
12051,0.2,3,0,0
12052,0.2,2,1,0
12053,0.2,3,0,0
12054,0.2,3,0,0
12055,0.2,1,1,1
12056,1.0,1,1,1
12057,1.0,3,0,0
12058,0.2,3,0,0
12059,0.2,3,0,0
12060,1.0,3,0,0
12061,0.2,2,1,1
12062,1.0,3,0,0
12063,0.2,3,0,0
12064,0.2,1,1,1
12065,0.2,3,0,1
12066,0.2,2,1,1
12067,0.2,3,0,0
12068,1.0,1,1,1
12069,3.0,3,0,0
12070,0.2,3,1,0
12071,1.0,3,1,0
12072,1.0,1,1,1
12073,0.2,1,1,1
12074,0.2,3,1,0
12075,0.2,3,0,0
12076,0.2,1,1,1
12077,1.0,3,0,1
12078,0.2,3,0,0
12079,1.0,2,1,1
12080,0.2,2,1,1
12081,0.2,2,1,1
12082,0.2,2,1,1
12083,0.2,3,0,0
12084,0.2,1,1,1
12085,0.2,3,0,0
12086,0.2,3,0,0
12087,0.2,3,1,0
12088,0.2,1,1,1
12089,0.2,1,1,1
12090,0.2,3,0,0
12091,0.2,3,0,0
12092,0.2,3,1,0
12093,0.2,3,0,0
12094,0.2,3,0,0
12095,0.2,3,0,0
12096,0.2,3,0,0
12097,0.2,3,0,0
12098,0.2,3,0,0
12099,0.2,3,0,0
12100,0.2,2,1,1
12101,0.2,3,0,0
12102,1.0,3,0,0
12103,0.2,3,0,0
12104,3.8,2,1,0
12105,0.2,3,0,0
12106,0.2,0,1,1
12107,0.2,2,1,1
12108,1.0,3,0,0
12109,1.0,2,1,1
12110,1.0,3,0,0
12111,0.2,3,0,0
12112,0.2,2,1,0
12113,0.2,3,0,0
12114,0.2,3,0,0
12115,0.2,1,1,1
12116,1.0,3,1,1
12117,0.2,3,0,0
12118,0.2,3,0,0
12119,0.2,3,0,0
12120,1.0,3,1,0
12121,0.2,1,1,1
12122,0.2,2,1,0
12123,1.0,3,1,1
12124,0.2,3,0,0
12125,0.2,3,0,0
12126,0.2,1,1,1
12127,1.0,3,0,0
12128,0.2,1,1,1
12129,0.2,2,1,0
12130,0.2,2,1,0
12131,0.2,3,0,0
12132,1.0,2,1,1
12133,0.2,3,0,0
12134,0.2,3,0,0
12135,1.0,3,0,0
12136,1.0,3,0,0
12137,1.0,3,0,1
12138,0.2,1,1,1
12139,2.2,3,0,1
12140,0.2,1,1,1
12141,0.2,3,0,0
12142,0.2,3,0,0
12143,0.2,3,0,0
12144,1.0,3,0,1
12145,1.0,3,0,1
12146,0.2,2,1,1
12147,1.0,3,0,0
12148,0.2,3,0,0
12149,0.2,3,0,1
12150,2.2,0,1,1
12151,0.2,3,0,0
12152,0.2,3,0,0
12153,0.2,3,1,0
12154,0.2,1,1,1
12155,0.2,0,1,1
12156,0.2,3,0,0
12157,1.0,3,0,0
12158,0.2,1,1,1
12159,0.2,3,0,0
12160,0.2,3,0,0
12161,0.2,3,0,0
12162,0.2,3,0,0
12163,0.2,3,0,0
12164,0.2,3,1,0
12165,1.0,3,1,0
12166,0.2,3,1,0
12167,0.2,2,1,1
12168,0.2,2,1,1
12169,0.2,3,0,0
12170,0.2,2,1,0
12171,0.2,2,1,1
12172,0.2,3,0,0
12173,1.0,0,1,1
12174,1.0,0,1,1
12175,0.2,3,0,0
12176,1.0,3,0,1
12177,0.2,3,0,0
12178,0.2,2,1,0
12179,0.2,3,0,0
12180,0.2,3,0,0
12181,1.0,1,1,1
12182,0.2,3,0,0
12183,1.0,3,0,0
12184,0.2,3,0,0
12185,0.2,3,0,0
12186,0.2,1,1,1
12187,0.2,2,1,1
12188,0.2,3,0,0
12189,0.2,2,1,1
12190,0.2,3,0,0
12191,0.2,3,0,0
12192,1.0,3,1,0
12193,0.2,3,0,0
12194,1.0,1,1,1
12195,0.2,3,0,0
12196,1.0,3,0,0
12197,0.2,3,0,0
12198,0.2,3,0,0
12199,0.2,3,0,0
12200,0.2,3,0,0
12201,1.0,3,1,0
12202,0.2,2,1,0
12203,0.2,3,0,1
12204,0.2,3,0,0
12205,0.2,3,0,0
12206,1.0,3,0,0
12207,0.2,3,0,1
12208,1.0,2,1,1
12209,1.0,3,0,1
12210,0.2,3,0,0
12211,0.2,0,1,1
12212,0.2,3,1,0
12213,0.2,3,0,0
12214,0.2,3,0,0
12215,0.2,3,0,0
12216,0.2,3,0,0
12217,0.2,3,0,0
12218,1.0,1,1,1
12219,1.0,1,1,1
12220,0.2,1,1,1
12221,0.2,1,1,1
12222,0.2,3,0,0
12223,0.2,0,1,1
12224,0.2,3,0,0
12225,0.2,3,0,1
12226,0.2,3,1,0
12227,0.2,3,0,0
12228,0.2,3,0,0
12229,1.0,1,1,1
12230,0.2,3,0,0
12231,0.2,3,0,0
12232,0.2,3,0,0
12233,1.0,2,1,1
12234,0.2,0,1,1
12235,0.2,3,0,0
12236,1.0,2,1,1
12237,0.2,3,0,0
12238,0.2,1,1,1
12239,1.0,3,0,0
12240,0.2,3,0,0
12241,0.2,0,1,1
12242,0.2,3,0,0
12243,0.2,2,1,1
12244,0.2,1,1,1
12245,0.2,3,0,0
12246,0.2,1,1,1
12247,0.2,2,1,0
12248,3.4000000000000004,1,1,1
12249,0.2,3,0,0
12250,0.2,3,1,0
12251,1.0,1,1,1
12252,0.2,1,1,1
12253,0.2,3,0,0
12254,0.2,3,0,0
12255,0.2,3,0,0
12256,0.2,3,0,0
12257,0.2,3,0,0
12258,1.0,3,0,0
12259,0.2,3,0,0
12260,1.0,1,1,1
12261,0.2,1,1,1
12262,1.0,2,1,1
12263,1.0,3,0,1
12264,0.2,3,0,0
12265,0.2,3,1,0
12266,0.2,3,0,0
12267,0.2,3,1,0
12268,0.2,3,0,0
12269,0.2,0,1,1
12270,0.2,1,1,1
12271,0.2,3,0,0
12272,2.2,3,0,1
12273,1.0,2,1,1
12274,0.2,3,0,0
12275,0.2,1,1,1
12276,0.2,3,0,0
12277,2.2,3,0,1
12278,0.2,2,1,1
12279,3.0,3,0,0
12280,0.2,3,0,0
12281,1.0,1,1,1
12282,1.0,2,1,0
12283,0.2,3,0,1
12284,0.2,3,0,0
12285,0.2,1,1,1
12286,0.2,2,1,0
12287,0.2,3,1,0
12288,0.2,3,0,0
12289,1.0,3,0,1
12290,0.2,1,1,1
12291,0.2,3,1,0
12292,0.2,2,1,1
12293,0.2,2,1,1
12294,0.2,0,1,1
12295,0.2,2,1,1
12296,0.2,3,0,0
12297,1.0,1,1,1
12298,1.0,2,1,1
12299,1.0,0,1,1
12300,1.0,3,0,0
12301,0.2,3,0,1
12302,0.2,3,0,0
12303,0.2,3,0,0
12304,0.2,2,1,0
12305,0.2,2,1,1
12306,0.2,3,0,0
12307,0.2,2,1,1
12308,0.2,1,1,1
12309,1.0,1,1,1
12310,0.2,3,0,0
12311,0.2,1,1,1
12312,0.2,3,0,0
12313,0.2,3,0,1
12314,1.0,3,1,1
12315,0.2,3,0,0
12316,0.2,3,0,0
12317,1.0,3,0,1
12318,0.2,3,0,0
12319,1.0,3,1,0
12320,0.2,3,0,0
12321,0.2,3,0,0
12322,0.2,1,1,1
12323,0.2,3,0,0
12324,0.2,0,1,1
12325,0.2,3,0,0
12326,1.0,3,0,1
12327,1.0,1,1,1
12328,0.2,3,0,0
12329,0.2,0,1,1
12330,0.2,0,1,0
12331,0.2,1,1,1
12332,1.0,3,0,0
12333,0.2,2,1,0
12334,0.2,3,1,0
12335,0.2,3,0,0
12336,0.2,2,1,1
12337,0.2,2,1,0
12338,0.2,3,0,0
12339,0.2,3,0,0
12340,0.2,1,1,1
12341,1.0,2,1,1
12342,0.2,3,0,0
12343,1.0,3,0,1
12344,0.2,1,1,1
12345,0.2,3,1,0
12346,0.2,0,1,1
12347,0.2,0,1,1
12348,3.4000000000000004,1,1,1
12349,0.2,1,1,1
12350,0.2,3,0,0
12351,1.0,3,0,1
12352,0.2,3,0,0
12353,0.2,3,0,0
12354,0.2,3,0,0
12355,0.2,0,1,1
12356,0.2,1,1,1
12357,0.2,3,0,0
12358,1.0,1,1,1
12359,0.2,3,1,0
12360,0.2,1,1,1
12361,1.0,1,1,1
12362,0.2,3,0,0
12363,0.2,3,1,0
12364,1.0,1,1,1
12365,1.0,2,1,1
12366,3.0,1,1,1
12367,0.2,3,0,0
12368,1.0,3,0,1
12369,1.0,3,0,0
12370,0.2,3,0,0
12371,0.2,3,0,0
12372,1.0,2,1,1
12373,1.0,3,0,0
12374,0.2,2,1,0
12375,0.2,3,0,0
12376,1.0,3,0,1
12377,0.2,3,0,0
12378,0.2,2,1,1
12379,0.2,3,0,0
12380,1.0,3,0,1
12381,0.2,3,0,0
12382,0.2,2,1,1
12383,0.2,2,1,0
12384,0.2,2,1,0
12385,1.0,1,1,1
12386,0.2,3,0,0
12387,1.0,1,1,1
12388,0.2,3,0,0
12389,1.0,3,0,0
12390,0.2,2,1,0
12391,0.2,3,0,0
12392,0.2,0,1,1
12393,0.2,1,1,1
12394,0.2,3,0,0
12395,0.2,3,0,0
12396,0.2,3,0,0
12397,1.0,3,0,1
12398,0.2,3,0,0
12399,1.8,3,0,0
12400,0.2,1,1,1
12401,0.2,2,1,1
12402,0.2,3,0,0
12403,0.2,1,1,1
12404,0.2,2,1,0
12405,1.0,3,0,0
12406,0.2,3,0,0
12407,0.2,0,1,1
12408,1.0,3,0,0
12409,1.0,3,0,0
12410,0.2,1,1,1
12411,1.0,1,1,1
12412,0.2,1,1,1
12413,1.0,3,0,0
12414,0.2,2,1,0
12415,0.2,1,1,1
12416,0.2,2,1,0
12417,0.2,3,0,0
12418,0.2,2,1,0
12419,1.0,1,1,1
12420,1.0,3,0,1
12421,0.2,3,0,0
12422,0.2,3,0,0
12423,1.0,1,1,1
12424,0.2,1,1,1
12425,0.2,3,0,0
12426,0.2,3,1,0
12427,0.2,3,0,0
12428,1.0,1,1,1
12429,0.2,3,0,0
12430,3.4000000000000004,1,1,1
12431,0.2,3,0,0
12432,0.2,3,0,0
12433,0.2,3,0,0
12434,1.0,1,1,1
12435,1.0,3,0,0
12436,0.2,2,1,0
12437,1.0,2,1,0
12438,0.2,3,0,0
12439,0.2,3,0,0
12440,0.2,1,1,1
12441,1.0,3,0,0
12442,0.2,3,0,0
12443,1.0,2,1,1
12444,0.2,3,0,0
12445,0.2,2,1,0
12446,0.2,1,1,1
12447,0.2,3,0,0
12448,0.2,3,0,0
12449,0.2,3,0,0
12450,0.2,2,1,0
12451,1.0,3,0,1
12452,1.0,3,0,1
12453,0.2,3,0,0
12454,0.2,3,1,0
12455,0.2,3,0,0
12456,0.2,2,1,1
12457,1.0,3,0,0
12458,0.2,2,1,1
12459,0.2,3,0,0
12460,0.2,1,1,1
12461,0.2,3,0,0
12462,0.2,3,0,0
12463,1.0,3,0,0
12464,0.2,3,0,0
12465,1.0,3,0,0
12466,3.0,3,0,0
12467,0.2,1,1,1
12468,0.2,3,1,0
12469,1.0,3,0,0
12470,1.0,3,0,0
12471,0.2,3,0,0
12472,0.2,3,0,0
12473,0.2,1,1,1
12474,0.2,3,0,0
12475,0.2,3,0,0
12476,1.0,1,1,1
12477,1.0,3,0,0
12478,0.2,2,1,0
12479,2.2,0,1,1
12480,0.2,3,0,0
12481,0.2,2,1,1
12482,1.0,3,0,1
12483,0.2,3,0,0
12484,1.0,3,0,1
12485,0.2,3,0,0
12486,1.0,2,1,1
12487,1.0,3,0,0
12488,0.2,3,0,0
12489,0.2,3,0,0
12490,0.2,3,1,0
12491,0.2,2,1,1
12492,0.2,3,0,0
12493,0.2,3,0,0
12494,0.2,2,1,0
12495,0.2,1,1,1
12496,0.2,2,1,1
12497,0.2,3,0,0
12498,0.2,2,1,0
12499,0.2,3,0,0
12500,0.2,3,0,0
12501,0.2,3,0,0
12502,1.0,2,1,1
12503,1.0,3,0,0
12504,0.2,2,1,0
12505,0.2,2,1,1
12506,1.0,3,0,1
12507,0.2,3,0,0
12508,0.2,0,1,1
12509,1.0,2,1,1
12510,0.2,3,0,0
12511,0.2,2,1,0
12512,0.2,3,0,0
12513,2.2,3,0,1
12514,1.0,3,0,0
12515,1.0,3,1,1
12516,0.2,3,0,0
12517,0.2,3,0,0
12518,0.2,2,1,1
12519,0.2,3,0,0
12520,0.2,2,1,1
12521,0.2,3,0,0
12522,0.2,1,1,1
12523,0.2,3,0,0
12524,0.2,2,1,0
12525,0.2,1,1,1
12526,0.2,3,0,0
12527,1.0,3,1,1
12528,2.2,3,0,0
12529,0.2,3,0,0
12530,0.2,3,0,0
12531,1.0,3,0,0
12532,0.2,3,0,0
12533,0.2,1,1,1
12534,1.0,3,0,0
12535,0.2,1,1,1
12536,1.0,3,0,0
12537,0.2,1,1,1
12538,0.2,2,1,1
12539,2.2,1,1,1
12540,0.2,1,1,1
12541,0.2,1,1,1
12542,0.2,1,1,1
12543,0.2,1,1,1
12544,0.2,2,1,1
12545,1.0,1,1,1
12546,0.2,3,0,0
12547,0.2,3,0,0
12548,1.0,1,1,1
12549,0.2,1,1,1
12550,0.2,3,0,0
12551,0.2,1,1,1
12552,0.2,3,1,0
12553,1.0,3,0,1
12554,0.2,2,1,1
12555,0.2,3,0,0
12556,0.2,3,0,0
12557,0.2,2,1,1
12558,0.2,3,0,0
12559,0.2,1,1,1
12560,0.2,1,1,1
12561,1.0,2,1,1
12562,0.2,3,0,0
12563,0.2,2,1,1
12564,1.0,0,1,1
12565,1.0,3,0,0
12566,1.0,2,1,1
12567,0.2,2,1,0
12568,1.0,2,1,1
12569,1.0,0,1,1
12570,0.2,3,0,0
12571,0.2,3,0,0
12572,0.2,3,0,0
12573,0.2,1,1,1
12574,0.2,3,0,0
12575,2.2,3,0,0
12576,0.2,2,1,1
12577,0.2,3,1,0
12578,0.2,0,1,1
12579,0.2,1,1,1
12580,1.0,2,1,1
12581,0.2,3,0,0
12582,1.0,0,1,1
12583,1.0,3,0,0
12584,1.0,3,0,1
12585,0.2,3,0,0
12586,0.2,1,1,1
12587,1.0,1,1,1
12588,0.2,3,0,0
12589,0.2,3,0,0
12590,0.2,3,0,0
12591,1.0,3,0,0
12592,0.2,3,0,0
12593,1.0,3,0,1
12594,0.2,3,0,0
12595,0.2,1,1,1
12596,0.2,3,0,0
12597,0.2,3,0,0
12598,1.0,3,0,1
12599,0.2,3,0,0
12600,1.0,3,0,0
12601,1.0,0,1,1
12602,1.0,3,0,0
12603,0.2,2,1,0
12604,0.2,3,0,0
12605,0.2,3,0,0
12606,0.2,3,0,0
12607,1.0,2,1,1
12608,1.0,2,1,1
12609,0.2,3,0,0
12610,0.2,0,1,1
12611,0.2,3,0,0
12612,0.2,2,1,0
12613,0.2,3,0,0
12614,0.2,1,1,1
12615,0.2,3,0,0
12616,0.2,3,0,0
12617,0.2,1,1,1
12618,0.2,1,1,1
12619,1.0,3,1,1
12620,1.0,0,1,1
12621,1.0,3,0,0
12622,0.2,3,0,0
12623,0.2,0,1,1
12624,0.2,3,1,0
12625,0.2,3,0,0
12626,0.2,3,1,0
12627,0.2,2,1,1
12628,0.2,2,1,1
12629,1.0,1,1,1
12630,0.2,2,1,0
12631,1.0,3,1,1
12632,1.0,2,1,1
12633,0.2,2,1,0
12634,1.0,3,0,1
12635,0.2,1,1,1
12636,0.2,1,1,1
12637,0.2,3,0,0
12638,0.2,2,1,1
12639,1.0,3,1,1
12640,0.2,1,1,1
12641,0.2,0,1,1
12642,2.2,3,0,0
12643,0.2,1,1,1
12644,1.0,3,0,0
12645,1.0,3,1,0
12646,0.2,3,0,0
12647,0.2,2,1,1
12648,0.2,3,0,0
12649,0.2,2,1,1
12650,1.0,0,1,1
12651,0.2,3,0,0
12652,0.2,2,1,0
12653,1.0,3,0,0
12654,0.2,1,1,1
12655,0.2,3,0,0
12656,0.2,2,1,1
12657,0.2,2,1,1
12658,0.2,1,1,1
12659,0.2,3,0,0
12660,0.2,1,1,1
12661,0.2,3,0,0
12662,0.2,3,1,0
12663,1.0,2,1,1
12664,0.2,3,0,0
12665,1.0,3,0,0
12666,0.2,3,0,0
12667,0.2,3,0,0
12668,0.2,3,1,0
12669,0.2,3,0,0
12670,0.2,3,0,0
12671,0.2,3,1,0
12672,0.2,2,1,1
12673,0.2,3,0,0
12674,2.2,1,1,1
12675,0.2,2,1,1
12676,0.2,0,1,1
12677,1.0,3,0,1
12678,0.2,2,1,1
12679,1.0,1,1,1
12680,0.2,1,1,1
12681,0.2,1,1,1
12682,0.2,1,1,1
12683,2.2,2,1,1
12684,0.2,3,0,0
12685,0.2,1,1,1
12686,0.2,3,0,0
12687,0.2,3,0,0
12688,0.2,3,0,0
12689,0.2,3,0,0
12690,0.2,3,0,0
12691,1.0,0,1,1
12692,0.2,2,1,1
12693,2.2,3,0,1
12694,0.2,1,1,1
12695,0.2,1,1,1
12696,1.0,3,1,1
12697,0.2,2,1,0
12698,0.2,3,0,0
12699,0.2,3,0,0
12700,0.2,3,0,0
12701,1.0,0,1,1
12702,0.2,3,0,0
12703,0.2,3,0,0
12704,1.0,1,1,1
12705,1.0,1,1,1
12706,0.2,0,1,1
12707,0.2,3,0,0
12708,1.0,3,0,0
12709,0.2,3,0,1
12710,0.2,3,1,0
12711,0.2,3,0,0
12712,2.2,3,0,1
12713,0.2,0,1,1
12714,0.2,1,1,1
12715,0.2,2,1,1
12716,0.2,1,1,1
12717,1.0,0,1,1
12718,0.2,2,1,1
12719,0.2,3,0,0
12720,0.2,1,1,1
12721,0.2,1,1,1
12722,0.2,0,1,0
12723,0.2,1,1,1
12724,0.2,1,1,1
12725,0.2,2,1,1
12726,1.0,0,1,1
12727,0.2,3,0,0
12728,0.2,2,1,1
12729,0.2,0,1,1
12730,0.2,2,1,1
12731,0.2,3,0,0
12732,1.0,3,0,0
12733,0.2,2,1,1
12734,0.2,3,0,0
12735,0.2,2,1,1
12736,1.0,3,0,0
12737,1.0,3,0,1
12738,0.2,2,1,1
12739,1.0,3,0,0
12740,0.2,0,1,0
12741,0.2,3,0,0
12742,0.2,3,0,0
12743,0.2,3,0,1
12744,0.2,3,0,0
12745,0.2,3,0,0
12746,0.2,2,1,0
12747,1.0,2,1,1
12748,0.2,3,0,0
12749,0.2,2,1,1
12750,1.0,1,1,1
12751,0.2,2,1,1
12752,3.0,1,1,1
12753,0.2,3,0,0
12754,0.2,0,1,1
12755,1.0,3,0,0
12756,0.2,2,1,0
12757,0.2,1,1,1
12758,0.2,3,0,0
12759,0.2,1,1,1
12760,2.2,3,0,1
12761,0.2,3,0,1
12762,0.2,3,0,0
12763,0.2,3,0,0
12764,0.2,1,1,1
12765,0.2,3,0,0
12766,0.2,1,1,1
12767,0.2,3,0,0
12768,1.0,1,1,1
12769,0.2,3,0,0
12770,0.2,3,0,0
12771,3.0,3,0,0
12772,0.2,1,1,1
12773,0.2,3,0,0
12774,0.2,3,0,0
12775,0.2,0,1,1
12776,0.2,1,1,1
12777,0.2,1,1,1
12778,1.0,2,1,1
12779,0.2,3,0,0
12780,0.2,2,1,1
12781,0.2,2,1,1
12782,0.2,1,1,1
12783,0.2,1,1,1
12784,0.2,1,1,1
12785,0.2,1,1,1
12786,0.2,1,1,1
12787,1.0,0,1,1
12788,0.2,2,1,1
12789,0.2,3,0,0
12790,0.2,2,1,0
12791,0.2,3,0,0
12792,2.2,0,1,1
12793,0.2,1,1,1
12794,0.2,3,0,0
12795,0.2,1,1,1
12796,0.2,1,1,1
12797,0.2,1,1,1
12798,0.2,3,0,1
12799,0.2,3,0,0
12800,1.0,1,1,1
12801,0.2,3,0,0
12802,0.2,3,1,0
12803,0.2,3,0,0
12804,0.2,3,0,0
12805,0.2,1,1,1
12806,0.2,1,1,1
12807,1.0,1,1,1
12808,0.2,1,1,1
12809,0.2,3,0,0
12810,0.2,3,0,1
12811,0.2,1,1,1
12812,1.0,3,0,1
12813,0.2,3,0,0
12814,0.2,0,1,1
12815,0.2,3,0,0
12816,0.2,3,0,0
12817,0.2,3,0,0
12818,3.4000000000000004,1,1,1
12819,1.0,1,1,1
12820,0.2,3,0,1
12821,0.2,3,1,0
12822,0.2,3,0,0
12823,0.2,2,1,1
12824,0.2,3,1,0
12825,0.2,3,0,0
12826,0.2,2,1,0
12827,0.2,3,0,0
12828,1.0,0,1,1
12829,0.2,3,0,0
12830,0.2,2,1,1
12831,0.2,3,0,0
12832,1.0,1,1,1
12833,1.0,3,0,0
12834,0.2,3,0,0
12835,1.0,1,1,1
12836,0.2,1,1,1
12837,0.2,3,0,0
12838,0.2,3,0,0
12839,0.2,1,1,1
12840,0.2,3,0,0
12841,0.2,0,1,1
12842,0.2,3,0,0
12843,1.0,3,0,0
12844,0.2,2,1,0
12845,1.0,3,0,1
12846,0.2,3,0,0
12847,0.2,3,0,0
12848,0.2,3,0,0
12849,0.2,1,1,1
12850,0.2,3,0,0
12851,0.2,1,1,1
12852,0.2,3,0,0
12853,0.2,3,0,0
12854,0.2,1,1,1
12855,0.2,3,0,0
12856,0.2,1,1,1
12857,0.2,3,0,0
12858,0.2,3,0,0
12859,0.2,2,1,0
12860,1.0,2,1,1
12861,0.2,3,0,0
12862,3.8,2,1,0
12863,0.2,3,0,0
12864,0.2,2,1,0
12865,0.2,3,0,0
12866,0.2,3,0,0
12867,0.2,3,0,0
12868,0.2,3,0,0
12869,1.0,3,0,0
12870,0.2,2,1,0
12871,0.2,3,0,0
12872,0.2,3,0,0
12873,0.2,1,1,1
12874,0.2,1,1,1
12875,0.2,3,0,0
12876,1.0,3,0,1
12877,0.2,1,1,1
12878,0.2,3,1,0
12879,0.2,3,0,0
12880,1.0,3,0,0
12881,0.2,2,1,1
12882,0.2,1,1,1
12883,0.2,3,0,0
12884,0.2,0,1,1
12885,0.2,3,0,0
12886,0.2,3,0,0
12887,0.2,3,0,0
12888,0.2,3,0,0
12889,0.2,2,1,0
12890,1.0,3,0,0
12891,0.2,1,1,1
12892,3.4000000000000004,3,0,0
12893,0.2,3,0,0
12894,0.2,3,0,0
12895,0.2,2,1,0
12896,0.2,3,0,0
12897,0.2,2,1,0
12898,0.2,3,0,0
12899,0.2,0,1,1
12900,1.0,0,1,1
12901,0.2,3,1,0
12902,0.2,3,0,0
12903,0.2,1,1,1
12904,0.2,2,1,0
12905,0.2,2,1,1
12906,0.2,3,0,0
12907,0.2,0,1,1
12908,0.2,1,1,1
12909,0.2,3,0,0
12910,2.2,1,1,1
12911,0.2,3,0,0
12912,0.2,2,1,1
12913,1.0,3,0,0
12914,0.2,1,1,1
12915,1.0,2,1,1
12916,0.2,1,1,1
12917,0.2,3,0,0
12918,0.2,2,1,1
12919,0.2,3,0,0
12920,0.2,1,1,1
12921,0.2,2,1,0
12922,0.2,3,0,0
12923,0.2,1,1,1
12924,0.2,3,0,0
12925,0.2,2,1,0
12926,0.2,2,1,0
12927,0.2,3,0,0
12928,0.2,3,0,0
12929,0.2,1,1,1
12930,1.0,3,0,0
12931,0.2,2,1,1
12932,1.0,1,1,1
12933,0.2,2,1,0
12934,1.0,3,0,1
12935,0.2,3,0,0
12936,0.2,1,1,1
12937,0.2,3,0,0
12938,1.0,3,0,0
12939,0.2,1,1,1
12940,0.2,3,0,0
12941,0.2,1,1,1
12942,2.2,3,0,1
12943,0.2,3,0,0
12944,0.2,1,1,1
12945,0.2,1,1,1
12946,0.2,1,1,1
12947,1.0,1,1,1
12948,0.2,3,0,0
12949,0.2,2,1,1
12950,1.0,3,0,0
12951,0.2,3,0,0
12952,0.2,0,1,1
12953,0.2,1,1,1
12954,0.2,3,0,0
12955,0.2,3,0,0
12956,0.2,1,1,1
12957,0.2,2,1,1
12958,0.2,1,1,1
12959,0.2,3,0,0
12960,0.2,3,0,0
12961,0.2,3,0,0
12962,0.2,2,1,0
12963,0.2,1,1,1
12964,0.2,1,1,1
12965,1.0,3,0,0
12966,0.2,3,0,0
12967,0.2,2,1,1
12968,0.2,2,1,0
12969,1.0,3,0,0
12970,0.2,3,0,0
12971,0.2,0,1,1
12972,0.2,2,1,0
12973,0.2,3,0,1
12974,1.0,3,0,0
12975,1.0,3,1,1
12976,0.2,3,0,0
12977,0.2,3,0,1
12978,0.2,3,1,0
12979,0.2,0,1,1
12980,0.2,3,0,0
12981,0.2,3,1,0
12982,0.2,3,0,0
12983,0.2,1,1,1
12984,0.2,3,0,0
12985,0.2,0,1,1
12986,0.2,1,1,1
12987,1.0,3,0,1
12988,0.2,1,1,1
12989,0.2,3,0,0
12990,0.2,3,0,0
12991,1.0,2,1,1
12992,0.2,3,0,0
12993,0.2,3,0,0
12994,0.2,3,0,0
12995,0.2,3,0,0
12996,1.0,0,1,1
12997,0.2,2,1,0
12998,0.2,3,0,0
12999,0.2,3,0,0
13000,0.2,1,1,1
13001,1.0,3,0,1
13002,0.2,3,1,0
13003,0.2,2,1,0
13004,0.2,2,1,0
13005,1.0,3,0,1
13006,0.2,3,0,0
13007,0.2,3,1,0
13008,0.2,3,0,0
13009,0.2,1,1,1
13010,0.2,1,1,1
13011,0.2,1,1,1
13012,0.2,1,1,1
13013,0.2,3,0,0
13014,0.2,3,0,0
13015,0.2,0,1,1
13016,0.2,1,1,1
13017,0.2,3,0,0
13018,0.2,3,0,0
13019,0.2,3,1,0
13020,0.2,3,0,0
13021,0.2,3,0,0
13022,0.2,3,0,0
13023,0.2,3,0,0
13024,0.2,3,0,0
13025,1.0,3,0,0
13026,0.2,1,1,1
13027,0.2,3,0,0
13028,0.2,3,1,0
13029,0.2,3,0,0
13030,0.2,1,1,1
13031,1.0,3,0,1
13032,1.0,0,1,1
13033,0.2,1,1,1
13034,0.2,1,1,1
13035,0.2,3,0,0
13036,0.2,3,0,0
13037,0.2,3,0,0
13038,0.2,0,1,1
13039,0.2,3,0,0
13040,1.0,3,1,0
13041,0.2,3,0,1
13042,1.0,3,0,0
13043,0.2,3,0,0
13044,0.2,1,1,1
13045,1.0,3,0,1
13046,0.2,3,0,0
13047,0.2,3,0,1
13048,0.2,3,0,0
13049,0.2,2,1,1
13050,1.0,1,1,1
13051,1.0,3,0,0
13052,0.2,3,0,0
13053,0.2,0,1,1
13054,0.2,3,0,0
13055,0.2,3,0,0
13056,0.2,3,0,0
13057,0.2,3,0,0
13058,1.0,2,1,1
13059,0.2,3,0,0
13060,0.2,3,0,0
13061,0.2,3,0,0
13062,0.2,3,0,0
13063,0.2,2,1,1
13064,0.2,2,1,0
13065,0.2,3,0,0
13066,1.0,2,1,1
13067,0.2,2,1,0
13068,0.2,3,0,0
13069,0.2,3,0,0
13070,0.2,2,1,1
13071,1.0,3,0,1
13072,0.2,1,1,1
13073,0.2,3,0,0
13074,0.2,2,1,1
13075,0.2,3,0,1
13076,0.2,3,0,0
13077,0.2,1,1,1
13078,0.2,3,0,0
13079,0.2,3,1,0
13080,1.0,3,0,0
13081,0.2,3,0,0
13082,0.2,3,0,0
13083,0.2,1,1,1
13084,0.2,3,0,0
13085,1.0,3,0,0
13086,0.2,3,0,0
13087,0.2,3,0,0
13088,0.2,2,1,1
13089,0.2,1,1,1
13090,0.2,2,1,0
13091,0.2,2,1,0
13092,1.0,2,1,1
13093,0.2,3,0,0
13094,0.2,1,1,1
13095,0.2,1,1,1
13096,1.0,3,0,0
13097,1.0,3,0,0
13098,0.2,2,1,0
13099,1.0,2,1,1
13100,1.0,1,1,1
13101,1.0,3,1,1
13102,1.0,3,0,1
13103,0.2,3,1,0
13104,0.2,1,1,1
13105,0.2,0,1,1
13106,0.2,1,1,1
13107,0.2,3,0,0
13108,0.2,3,0,0
13109,1.0,2,1,1
13110,0.2,3,0,0
13111,0.2,3,0,0
13112,0.2,0,1,1
13113,0.2,1,1,1
13114,1.0,1,1,1
13115,0.2,1,1,1
13116,0.2,1,1,1
13117,0.2,3,1,0
13118,0.2,3,0,0
13119,0.2,0,1,0
13120,1.0,1,1,1
13121,0.2,3,0,0
13122,0.2,3,0,0
13123,1.0,3,0,0
13124,0.2,2,1,1
13125,0.2,3,1,0
13126,1.0,3,0,0
13127,0.2,2,1,0
13128,0.2,0,1,1
13129,0.2,3,0,0
13130,0.2,3,0,0
13131,0.2,3,0,0
13132,0.2,1,1,1
13133,0.2,3,0,0
13134,0.2,3,1,0
13135,0.2,2,1,0
13136,1.0,3,0,1
13137,0.2,1,1,1
13138,1.0,2,1,0
13139,1.0,3,0,0
13140,0.2,3,0,0
13141,1.0,3,0,0
13142,0.2,3,0,0
13143,0.2,3,1,0
13144,0.2,3,0,0
13145,1.0,3,0,1
13146,0.2,3,1,0
13147,0.2,3,0,0
13148,0.2,3,0,0
13149,0.2,3,0,0
13150,1.0,3,0,0
13151,1.0,0,1,1
13152,0.2,2,1,0
13153,0.2,2,1,1
13154,0.2,0,1,1
13155,0.2,1,1,1
13156,0.2,2,1,0
13157,0.2,2,1,1
13158,0.2,3,0,0
13159,0.2,1,1,1
13160,0.2,3,0,0
13161,0.2,3,0,0
13162,0.2,3,1,0
13163,0.2,3,0,0
13164,1.0,0,1,1
13165,1.0,3,0,1
13166,0.2,1,1,1
13167,0.2,2,1,1
13168,1.0,2,1,1
13169,1.0,2,1,1
13170,0.2,3,0,0
13171,0.2,3,0,0
13172,0.2,3,0,0
13173,0.2,0,1,1
13174,0.2,3,0,0
13175,0.2,2,1,0
13176,0.2,3,0,0
13177,0.2,3,0,0
13178,0.2,3,0,0
13179,0.2,2,1,0
13180,1.0,3,0,0
13181,0.2,3,0,0
13182,0.2,1,1,1
13183,1.0,3,0,0
13184,1.0,3,0,0
13185,0.2,2,1,1
13186,0.2,1,1,1
13187,0.2,2,1,0
13188,0.2,1,1,1
13189,1.0,2,1,1
13190,0.2,2,1,1
13191,0.2,3,0,0
13192,0.2,1,1,1
13193,0.2,0,1,1
13194,0.2,1,1,1
13195,0.2,2,1,1
13196,0.2,3,0,0
13197,0.2,3,0,0
13198,0.2,2,1,1
13199,2.2,2,1,1
13200,0.2,1,1,1
13201,3.0,2,0,0
13202,0.2,3,0,0
13203,0.2,2,1,0
13204,1.0,3,0,0
13205,0.2,0,1,1
13206,0.2,0,1,1
13207,0.2,3,0,0
13208,0.2,0,1,1
13209,0.2,1,1,1
13210,0.2,3,0,0
13211,0.6000000000000001,0,1,0
13212,0.2,3,0,0
13213,0.2,2,1,0
13214,0.2,3,1,0
13215,0.2,3,0,0
13216,0.2,2,1,1
13217,0.2,3,1,0
13218,0.2,3,0,0
13219,1.0,2,1,1
13220,0.2,3,0,0
13221,0.2,2,1,0
13222,0.2,0,1,1
13223,1.0,3,0,0
13224,0.2,2,1,1
13225,0.2,3,0,0
13226,1.0,3,1,0
13227,0.2,3,0,0
13228,1.0,3,0,0
13229,0.2,3,1,0
13230,0.2,2,1,0
13231,0.2,2,1,0
13232,0.2,1,1,1
13233,1.0,1,1,1
13234,0.2,3,0,0
13235,0.2,0,1,1
13236,0.2,1,1,1
13237,1.0,1,1,1
13238,0.2,3,1,0
13239,0.2,3,0,1
13240,0.2,3,0,0
13241,0.2,3,0,0
13242,1.0,3,0,0
13243,0.2,2,1,1
13244,0.2,1,1,1
13245,1.8,3,0,0
13246,0.2,3,0,0
13247,1.0,1,1,1
13248,0.2,3,0,0
13249,0.2,2,1,0
13250,0.2,3,0,0
13251,0.2,0,1,1
13252,0.2,3,0,0
13253,0.2,2,1,0
13254,1.0,0,1,1
13255,3.8,0,1,0
13256,0.2,3,0,0
13257,0.2,3,0,0
13258,2.2,2,1,1
13259,0.2,0,1,1
13260,0.2,3,0,0
13261,0.2,3,1,0
13262,0.2,3,0,0
13263,0.2,0,1,1
13264,0.2,2,1,0
13265,1.0,3,0,1
13266,0.2,3,1,0
13267,0.2,3,0,0
13268,0.2,3,1,0
13269,0.2,3,0,0
13270,1.0,3,0,0
13271,1.0,3,0,1
13272,1.0,3,0,0
13273,0.2,3,0,0
13274,0.2,3,0,0
13275,1.0,3,0,1
13276,1.0,3,0,0
13277,0.2,1,1,1
13278,0.2,3,0,0
13279,0.2,0,1,1
13280,0.2,1,1,1
13281,0.2,3,0,0
13282,0.2,3,0,0
13283,0.2,2,1,1
13284,0.2,3,0,0
13285,0.2,3,0,0
13286,0.2,2,1,0
13287,0.2,3,0,0
13288,0.2,1,1,1
13289,1.0,3,0,1
13290,0.2,3,0,0
13291,0.2,1,1,1
13292,1.0,0,1,1
13293,0.2,3,1,0
13294,0.2,2,1,0
13295,0.2,3,0,0
13296,0.2,3,0,0
13297,1.0,3,0,1
13298,0.2,3,0,0
13299,0.2,0,1,1
13300,1.0,2,1,1
13301,0.2,3,0,0
13302,0.2,3,0,0
13303,0.2,3,0,0
13304,0.2,3,1,0
13305,0.2,3,0,0
13306,0.2,3,0,1
13307,0.2,3,0,0
13308,1.0,3,0,0
13309,1.0,3,0,1
13310,1.0,3,0,0
13311,0.2,3,1,0
13312,0.2,0,1,1
13313,0.2,3,1,0
13314,0.2,3,0,0
13315,0.2,2,1,0
13316,0.2,3,0,0
13317,0.2,1,1,1
13318,0.2,3,0,0
13319,0.2,3,0,0
13320,0.2,3,0,0
13321,0.2,3,0,0
13322,0.2,3,1,0
13323,0.2,3,1,0
13324,0.2,3,0,0
13325,1.8,3,0,0
13326,0.2,0,1,1
13327,0.2,3,0,0
13328,1.0,3,0,0
13329,0.2,3,0,0
13330,0.2,3,0,0
13331,0.2,2,1,1
13332,0.2,3,0,0
13333,0.2,3,0,0
13334,0.2,3,0,0
13335,0.2,1,1,1
13336,0.2,3,0,0
13337,0.2,1,1,1
13338,0.2,3,0,0
13339,1.0,3,0,0
13340,0.2,3,0,0
13341,0.2,1,1,1
13342,0.2,3,0,0
13343,1.0,2,1,1
13344,0.2,3,0,0
13345,0.2,1,1,1
13346,1.0,0,1,1
13347,0.2,3,0,0
13348,1.0,3,0,1
13349,2.2,1,1,1
13350,0.2,3,1,0
13351,1.0,3,1,0
13352,0.2,1,1,1
13353,0.2,3,0,0
13354,1.0,2,1,1
13355,0.2,0,1,1
13356,1.0,3,0,1
13357,0.2,0,1,1
13358,1.0,3,1,0
13359,0.2,3,0,0
13360,1.0,3,0,0
13361,1.0,3,0,1
13362,0.2,3,1,0
13363,0.2,3,1,0
13364,2.2,3,0,0
13365,0.2,3,1,0
13366,0.2,3,0,0
13367,0.2,3,0,0
13368,1.0,3,0,0
13369,0.2,3,1,0
13370,1.0,1,1,1
13371,1.0,2,1,1
13372,1.0,2,1,1
13373,0.2,0,1,1
13374,0.2,3,0,0
13375,0.2,1,1,1
13376,1.0,2,1,1
13377,0.2,1,1,1
13378,1.0,3,0,0
13379,0.2,0,1,1
13380,0.2,3,0,0
13381,0.2,3,0,0
13382,0.2,1,1,1
13383,1.0,3,0,0
13384,1.0,3,1,1
13385,1.0,3,0,0
13386,1.0,2,1,1
13387,0.2,1,1,1
13388,0.2,0,1,0
13389,0.2,3,0,0
13390,0.2,1,1,1
13391,0.2,0,1,0
13392,0.2,1,1,1
13393,1.0,3,0,0
13394,0.2,1,1,1
13395,0.2,1,1,1
13396,1.0,0,1,1
13397,0.2,3,0,0
13398,0.2,2,1,0
13399,1.0,0,1,1
13400,0.2,3,0,0
13401,0.2,1,1,1
13402,0.2,1,1,1
13403,0.2,3,0,0
13404,1.0,3,0,1
13405,0.2,3,0,0
13406,0.2,3,1,0
13407,1.0,2,1,0
13408,0.2,0,1,1
13409,0.2,3,0,0
13410,0.2,1,1,1
13411,0.2,2,1,0
13412,0.2,3,0,0
13413,0.2,3,0,0
13414,0.2,3,0,1
13415,0.2,1,1,1
13416,1.0,3,0,1
13417,0.2,2,1,0
13418,1.0,2,1,1
13419,0.2,2,1,1
13420,0.2,1,1,1
13421,0.2,2,1,0
13422,1.0,1,1,1
13423,0.2,3,1,0
13424,0.2,3,1,0
13425,1.0,3,0,0
13426,0.2,0,1,1
13427,0.2,2,1,1
13428,0.2,3,0,0
13429,0.2,1,1,1
13430,1.0,0,1,1
13431,0.2,3,0,0
13432,1.0,3,0,0
13433,0.2,1,1,1
13434,0.2,1,1,1
13435,0.2,3,0,0
13436,0.2,3,0,0
13437,0.2,2,1,0
13438,0.2,3,0,0
13439,0.2,3,0,0
13440,0.2,2,1,0
13441,0.2,1,1,1
13442,1.0,3,1,0
13443,1.0,0,1,1
13444,0.2,2,1,1
13445,0.2,3,0,0
13446,1.8,3,0,0
13447,0.2,3,0,0
13448,0.2,3,0,0
13449,2.2,0,1,1
13450,0.2,3,0,0
13451,0.2,3,0,0
13452,1.0,0,1,1
13453,0.2,2,1,1
13454,0.2,3,0,0
13455,0.2,3,0,0
13456,1.0,3,0,0
13457,0.2,1,1,1
13458,0.2,2,1,1
13459,2.2,3,0,1
13460,0.2,3,0,0
13461,0.2,3,0,0
13462,0.2,2,1,1
13463,0.2,3,0,0
13464,1.0,2,1,1
13465,0.2,1,1,1
13466,0.2,2,1,1
13467,1.0,0,1,1
13468,0.2,1,1,1
13469,0.2,3,0,0
13470,0.2,2,1,0
13471,0.2,3,0,0
13472,0.2,3,0,0
13473,1.0,0,1,1
13474,0.2,3,0,0
13475,0.2,0,1,1
13476,0.2,3,0,0
13477,1.0,2,1,1
13478,1.0,3,0,0
13479,0.2,3,0,0
13480,0.2,3,0,0
13481,0.2,1,1,1
13482,1.0,3,0,0
13483,1.0,3,0,0
13484,0.2,3,0,0
13485,0.2,1,1,1
13486,0.2,1,1,1
13487,1.0,3,0,1
13488,0.2,2,1,0
13489,0.2,3,0,0
13490,0.2,3,0,0
13491,0.2,2,1,1
13492,1.0,0,1,1
13493,0.2,3,0,0
13494,0.2,3,0,0
13495,0.2,0,1,1
13496,0.2,3,0,0
13497,0.2,3,0,0
13498,0.2,3,0,0
13499,0.2,3,0,0
13500,1.0,3,0,1
13501,0.2,2,1,0
13502,0.2,3,0,0
13503,0.2,3,0,0
13504,0.2,3,0,0
13505,1.0,3,0,0
13506,1.0,3,1,1
13507,0.2,2,1,0
13508,0.2,1,1,1
13509,0.2,3,0,0
13510,0.2,2,1,0
13511,0.2,3,1,1
13512,0.2,3,0,0
13513,0.2,2,1,1
13514,0.2,3,0,0
13515,2.2,1,1,1
13516,1.0,3,0,0
13517,0.2,3,0,0
13518,0.2,2,1,0
13519,0.2,3,0,0
13520,0.2,3,0,0
13521,1.0,3,1,1
13522,1.0,1,1,1
13523,0.2,2,1,1
13524,1.0,0,1,1
13525,0.2,3,0,0
13526,1.0,3,0,1
13527,0.2,3,0,0
13528,1.0,2,1,1
13529,0.2,1,1,1
13530,0.2,2,1,0
13531,1.0,1,1,1
13532,0.2,3,0,0
13533,0.2,1,1,1
13534,0.2,3,0,0
13535,0.2,3,0,0
13536,0.2,3,1,0
13537,0.2,2,1,0
13538,1.0,2,1,1
13539,0.2,3,0,0
13540,1.0,2,1,1
13541,0.2,3,0,0
13542,0.2,3,0,0
13543,3.8,1,1,1
13544,0.2,2,1,0
13545,0.2,2,1,1
13546,0.2,2,1,1
13547,0.2,1,1,1
13548,1.0,3,0,0
13549,0.2,1,1,1
13550,0.2,0,1,1
13551,0.2,2,1,1
13552,0.2,3,0,0
13553,0.2,1,1,1
13554,0.2,3,0,0
13555,0.2,3,0,0
13556,0.2,3,0,0
13557,0.2,3,1,0
13558,0.2,1,1,1
13559,1.0,2,1,1
13560,0.2,3,0,0
13561,1.0,3,0,0
13562,1.0,3,0,0
13563,0.2,1,1,1
13564,0.2,1,1,1
13565,0.2,3,0,0
13566,0.2,3,0,0
13567,0.2,2,1,1
13568,0.2,3,0,0
13569,0.2,3,0,0
13570,0.2,3,0,0
13571,0.2,3,1,1
13572,0.2,0,1,1
13573,0.2,3,0,0
13574,0.2,2,1,0
13575,0.2,3,0,0
13576,0.2,0,1,1
13577,0.2,3,0,0
13578,0.2,1,1,1
13579,0.2,3,0,0
13580,0.2,1,1,1
13581,0.2,1,1,1
13582,0.2,3,0,0
13583,0.2,1,1,1
13584,0.2,1,1,1
13585,0.2,3,0,0
13586,1.0,3,0,0
13587,0.2,1,1,1
13588,0.2,2,1,0
13589,1.0,3,0,1
13590,0.2,2,1,1
13591,0.2,2,1,0
13592,0.2,3,0,0
13593,1.0,3,0,1
13594,1.0,1,1,1
13595,0.2,2,1,1
13596,0.2,1,1,1
13597,0.2,3,1,0
13598,0.2,3,1,0
13599,1.0,3,0,1
13600,0.2,3,0,0
13601,0.2,3,0,0
13602,0.2,3,0,0
13603,0.2,3,0,0
13604,0.2,3,0,0
13605,1.0,3,0,1
13606,0.2,3,0,0
13607,0.2,3,0,0
13608,1.0,3,1,0
13609,0.2,3,0,0
13610,0.2,3,0,0
13611,0.2,2,1,0
13612,0.2,3,0,0
13613,0.2,3,0,0
13614,0.2,2,1,1
13615,2.2,3,0,0
13616,0.2,3,0,0
13617,0.2,2,1,0
13618,0.2,3,0,0
13619,0.2,3,1,0
13620,0.2,1,1,1
13621,0.2,3,1,1
13622,0.2,3,0,0
13623,0.2,0,1,1
13624,0.2,3,0,0
13625,1.0,3,0,1
13626,0.2,3,0,0
13627,1.0,0,1,1
13628,0.2,0,1,1
13629,0.2,2,1,1
13630,0.2,1,1,1
13631,0.2,1,1,1
13632,0.2,3,0,0
13633,0.2,3,0,0
13634,0.2,3,0,0
13635,0.2,2,1,0
13636,0.2,0,1,1
13637,0.2,0,1,1
13638,0.2,3,0,0
13639,1.0,1,1,1
13640,1.0,3,1,1
13641,0.2,2,1,1
13642,0.2,3,0,0
13643,1.0,3,0,0
13644,0.2,3,0,0
13645,0.2,1,1,1
13646,0.2,3,0,0
13647,1.0,3,1,0
13648,2.2,3,0,0
13649,0.2,2,1,0
13650,0.2,1,1,1
13651,0.2,3,0,0
13652,0.2,3,0,0
13653,0.2,3,0,0
13654,0.2,0,1,1
13655,0.2,3,0,0
13656,0.2,1,1,1
13657,0.2,0,1,1
13658,1.0,2,1,1
13659,3.0,1,1,0
13660,0.2,3,0,0
13661,0.2,3,0,0
13662,1.0,3,0,0
13663,0.2,3,0,0
13664,0.2,3,0,0
13665,0.2,3,0,0
13666,0.2,3,0,0
13667,0.2,1,1,1
13668,0.2,3,0,0
13669,0.2,1,1,1
13670,0.2,0,1,1
13671,1.0,3,0,1
13672,1.0,1,1,1
13673,1.0,3,0,0
13674,0.2,3,0,0
13675,1.0,0,1,1
13676,0.2,3,0,0
13677,0.2,2,1,0
13678,0.2,3,0,0
13679,0.2,1,1,1
13680,0.2,3,0,0
13681,0.2,3,0,0
13682,0.2,3,0,0
13683,0.2,3,0,0
13684,0.2,3,0,0
13685,0.2,1,1,1
13686,0.2,0,1,1
13687,0.2,1,1,1
13688,1.0,3,0,0
13689,0.2,3,0,0
13690,0.2,1,1,1
13691,0.2,2,1,0
13692,1.0,0,1,1
13693,0.2,3,0,0
13694,1.0,3,0,0
13695,0.2,3,0,0
13696,0.2,2,1,0
13697,0.2,3,0,0
13698,1.0,2,1,1
13699,1.0,3,0,0
13700,0.2,3,0,0
13701,0.2,1,1,1
13702,0.2,3,0,0
13703,1.0,2,1,1
13704,0.2,1,1,1
13705,0.2,1,1,1
13706,0.2,2,1,1
13707,0.2,3,1,0
13708,0.2,0,1,1
13709,0.2,3,0,0
13710,0.2,0,1,1
13711,0.2,3,0,0
13712,1.0,2,1,1
13713,1.0,3,0,0
13714,0.2,3,0,0
13715,1.0,3,0,0
13716,0.2,3,0,0
13717,0.2,3,0,0
13718,0.2,3,0,0
13719,0.2,3,0,0
13720,1.0,2,1,1
13721,0.2,3,1,0
13722,0.2,3,0,0
13723,0.2,1,1,1
13724,1.0,3,0,1
13725,0.2,3,0,0
13726,0.2,3,0,0
13727,0.2,2,1,1
13728,0.2,3,1,0
13729,0.2,1,1,1
13730,0.2,2,1,0
13731,1.0,2,1,1
13732,0.2,3,0,0
13733,0.2,1,1,1
13734,0.2,3,0,0
13735,0.2,1,1,1
13736,0.2,0,1,1
13737,0.2,2,1,1
13738,0.2,3,0,0
13739,0.2,3,0,0
13740,1.0,3,1,0
13741,0.2,3,0,0
13742,0.2,2,1,1
13743,0.2,3,0,0
13744,0.2,3,0,0
13745,1.0,3,0,0
13746,0.2,3,0,0
13747,0.2,3,0,0
13748,0.2,0,1,1
13749,0.2,3,0,0
13750,2.2,1,1,1
13751,1.0,3,0,0
13752,0.2,3,0,1
13753,0.2,2,1,1
13754,0.2,3,0,0
13755,0.2,3,0,0
13756,0.2,2,1,0
13757,0.2,3,0,0
13758,0.2,3,0,0
13759,0.2,2,1,0
13760,0.2,1,1,1
13761,0.2,3,0,0
13762,0.2,2,1,1
13763,0.2,3,0,0
13764,1.0,3,0,1
13765,0.2,0,1,1
13766,0.2,1,1,1
13767,0.2,1,1,1
13768,1.0,3,0,0
13769,1.0,3,1,1
13770,1.0,0,1,1
13771,0.2,3,0,0
13772,1.0,3,0,0
13773,0.2,3,1,0
13774,1.0,2,1,1
13775,0.2,3,0,0
13776,0.2,3,0,0
13777,0.2,3,0,0
13778,0.2,2,1,0
13779,1.0,3,0,0
13780,1.0,3,0,1
13781,1.0,3,0,0
13782,0.2,0,1,1
13783,0.2,3,0,0
13784,0.2,3,0,0
13785,1.0,1,1,1
13786,0.2,3,0,0
13787,0.2,3,0,0
13788,0.2,2,1,0
13789,0.2,1,1,1
13790,0.2,3,0,0
13791,1.0,3,0,0
13792,0.2,1,1,1
13793,1.0,3,0,0
13794,0.2,3,0,0
13795,0.2,1,1,1
13796,0.2,1,1,1
13797,1.0,3,0,0
13798,1.0,3,0,1
13799,0.2,2,1,1
13800,0.2,3,0,0
13801,0.2,3,0,0
13802,0.2,0,1,1
13803,0.2,0,1,1
13804,1.0,3,0,0
13805,0.2,1,1,1
13806,0.2,1,1,1
13807,1.0,3,0,0
13808,0.2,3,0,0
13809,0.2,3,0,0
13810,0.2,2,1,1
13811,0.2,1,1,1
13812,2.2,2,1,1
13813,0.2,2,1,1
13814,0.2,3,0,0
13815,0.2,2,1,1
13816,0.2,3,0,0
13817,0.2,2,1,0
13818,0.2,3,0,0
13819,1.0,2,1,1
13820,0.2,1,1,1
13821,0.2,3,0,0
13822,0.2,3,0,0
13823,0.2,3,0,0
13824,1.0,0,1,1
13825,0.2,2,1,1
13826,0.2,3,0,0
13827,0.2,3,0,0
13828,0.2,3,0,0
13829,0.2,1,1,1
13830,0.2,2,1,0
13831,0.2,1,1,1
13832,1.0,3,0,0
13833,0.2,3,0,0
13834,0.2,3,1,0
13835,0.2,3,0,0
13836,0.2,2,1,1
13837,0.2,3,0,0
13838,0.2,3,1,0
13839,1.0,3,0,1
13840,0.2,3,0,0
13841,1.0,1,1,1
13842,0.2,1,1,1
13843,1.0,2,1,1
13844,0.2,3,0,0
13845,0.2,2,1,1
13846,0.2,3,0,1
13847,0.2,3,0,0
13848,0.2,3,0,0
13849,0.2,3,0,0
13850,1.0,2,1,1
13851,0.2,3,1,0
13852,1.0,1,1,1
13853,0.2,2,1,0
13854,0.2,2,1,0
13855,1.0,1,1,1
13856,0.2,2,1,1
13857,0.2,1,1,1
13858,0.2,3,1,0
13859,0.2,3,0,0
13860,1.0,2,1,1
13861,0.2,3,0,0
13862,1.0,3,1,1
13863,1.0,3,1,1
13864,0.2,2,1,0
13865,0.2,3,0,0
13866,0.2,3,0,0
13867,0.2,2,1,0
13868,0.2,3,0,0
13869,0.2,3,0,0
13870,1.0,3,1,0
13871,3.8,1,1,1
13872,0.2,3,1,0
13873,0.2,0,1,1
13874,0.2,3,0,0
13875,0.2,3,0,1
13876,0.2,3,0,0
13877,1.0,1,1,1
13878,0.2,2,1,0
13879,0.2,3,0,0
13880,0.2,1,1,1
13881,0.2,1,1,1
13882,1.0,3,0,0
13883,1.0,2,1,1
13884,0.2,1,1,1
13885,0.2,2,1,0
13886,0.2,1,1,1
13887,0.2,1,1,1
13888,2.2,3,0,1
13889,0.2,0,1,1
13890,0.2,1,1,1
13891,0.2,2,1,1
13892,0.2,3,0,0
13893,0.2,3,0,0
13894,0.2,3,0,0
13895,0.2,3,0,0
13896,0.2,2,1,1
13897,0.2,3,0,0
13898,0.2,1,1,1
13899,0.2,3,0,1
13900,0.2,3,0,0
13901,1.0,2,1,0
13902,0.2,3,0,0
13903,0.2,2,1,1
13904,1.0,3,0,0
13905,1.0,3,0,0
13906,0.2,2,1,1
13907,0.2,3,0,0
13908,0.2,3,0,0
13909,0.2,3,1,0
13910,0.6000000000000001,0,1,1
13911,0.2,3,1,0
13912,0.2,2,1,1
13913,0.2,3,0,0
13914,0.2,3,0,0
13915,0.2,1,1,1
13916,1.0,3,0,1
13917,1.0,1,1,1
13918,0.2,3,1,0
13919,0.2,2,1,0
13920,0.2,3,0,0
13921,0.2,3,1,0
13922,0.2,3,0,0
13923,1.0,1,1,1
13924,0.2,3,0,0
13925,0.2,3,0,0
13926,0.2,2,1,0
13927,0.2,2,1,0
13928,0.2,2,1,0
13929,0.2,3,1,0
13930,0.2,1,1,1
13931,0.2,3,0,0
13932,0.2,1,1,1
13933,0.2,3,0,0
13934,0.2,3,0,0
13935,0.2,2,1,1
13936,0.2,3,0,0
13937,1.0,3,0,1
13938,0.2,3,0,0
13939,0.2,2,1,0
13940,0.2,2,1,0
13941,0.2,1,1,1
13942,0.2,1,1,1
13943,0.2,1,1,1
13944,0.2,1,1,1
13945,0.2,3,1,0
13946,1.0,3,0,0
13947,0.2,2,1,1
13948,0.2,3,0,0
13949,0.2,3,0,0
13950,0.2,3,0,0
13951,1.0,3,0,0
13952,1.0,3,0,0
13953,0.2,3,1,0
13954,0.2,1,1,1
13955,1.0,3,0,1
13956,0.2,3,0,0
13957,0.2,1,1,1
13958,0.2,3,0,0
13959,0.2,3,0,0
13960,0.2,0,1,1
13961,0.2,3,0,0
13962,0.2,3,0,0
13963,0.2,1,1,1
13964,0.2,3,0,0
13965,0.2,3,0,0
13966,0.2,2,1,1
13967,0.2,1,1,1
13968,0.2,3,0,0
13969,0.2,2,1,1
13970,0.2,3,0,0
13971,0.2,2,1,1
13972,0.2,3,0,0
13973,0.6000000000000001,3,0,0
13974,1.0,1,1,1
13975,1.0,1,1,1
13976,0.2,2,1,0
13977,0.2,2,1,0
13978,0.2,3,0,0
13979,2.2,1,1,1
13980,0.2,2,1,0
13981,0.2,1,1,1
13982,0.2,3,0,0
13983,1.0,3,0,0
13984,0.2,0,1,1
13985,0.2,3,0,0
13986,1.0,1,1,1
13987,0.2,3,0,0
13988,0.2,3,1,0
13989,1.0,3,0,1
13990,1.0,3,0,1
13991,1.0,1,1,1
13992,1.0,2,1,1
13993,0.2,3,0,0
13994,0.2,1,1,1
13995,1.0,1,1,1
13996,0.2,1,1,1
13997,0.2,2,1,1
13998,0.2,3,0,0
13999,2.2,2,1,1
14000,0.2,2,1,0
14001,0.2,3,0,0
14002,1.0,2,1,0
14003,0.2,0,1,1
14004,0.2,3,1,0
14005,0.2,1,1,1
14006,0.2,1,1,1
14007,0.2,1,1,1
14008,0.2,1,1,1
14009,1.0,2,1,1
14010,0.2,2,1,0
14011,0.2,3,0,1
14012,0.2,1,1,1
14013,1.0,2,1,1
14014,0.2,1,1,1
14015,0.2,2,1,1
14016,0.2,3,0,0
14017,0.2,1,1,1
14018,2.2,3,0,1
14019,0.2,3,0,0
14020,0.2,0,1,1
14021,0.2,1,1,1
14022,0.2,3,0,0
14023,0.2,3,1,0
14024,0.2,3,0,0
14025,0.2,1,1,1
14026,0.2,3,0,0
14027,0.2,2,1,1
14028,0.2,3,0,0
14029,1.0,2,1,1
14030,0.2,1,1,1
14031,0.2,1,1,1
14032,0.2,1,1,1
14033,0.2,3,0,0
14034,1.0,1,1,1
14035,0.2,1,1,1
14036,1.0,3,0,0
14037,0.2,3,0,0
14038,0.2,3,0,0
14039,2.2,2,1,1
14040,1.0,1,1,1
14041,0.2,3,0,0
14042,0.2,2,1,0
14043,0.2,3,0,0
14044,0.2,3,1,0
14045,0.2,2,1,0
14046,0.2,3,0,0
14047,0.2,3,0,0
14048,0.2,3,0,0
14049,0.2,3,0,0
14050,0.2,0,1,1
14051,0.2,0,1,1
14052,0.2,3,0,0
14053,0.2,0,1,1
14054,1.0,1,1,1
14055,0.2,1,1,1
14056,1.0,3,0,0
14057,0.2,2,1,0
14058,1.0,3,0,1
14059,0.2,0,1,0
14060,1.0,2,1,0
14061,3.0,1,1,1
14062,1.0,3,1,0
14063,0.2,1,1,1
14064,1.0,2,1,1
14065,0.2,2,1,1
14066,0.2,2,1,0
14067,0.2,3,0,0
14068,0.2,3,0,0
14069,0.2,3,0,0
14070,1.0,3,0,0
14071,0.2,3,0,0
14072,0.2,1,1,1
14073,0.2,3,0,0
14074,0.2,2,1,1
14075,0.2,3,1,0
14076,0.2,1,1,1
14077,1.0,1,1,1
14078,0.2,3,0,0
14079,1.0,1,1,1
14080,1.0,3,0,0
14081,0.2,2,1,0
14082,1.0,1,1,1
14083,1.0,1,1,1
14084,1.0,3,0,1
14085,0.2,3,0,0
14086,0.2,3,1,0
14087,0.2,3,0,0
14088,1.0,3,1,1
14089,0.2,2,1,0
14090,1.0,3,0,0
14091,0.2,3,0,0
14092,0.2,3,0,0
14093,0.2,2,1,1
14094,1.0,3,0,0
14095,0.2,3,0,0
14096,0.2,2,1,1
14097,0.2,1,1,1
14098,0.2,3,0,0
14099,0.2,1,1,1
14100,0.2,3,0,0
14101,0.2,3,0,0
14102,0.2,3,0,0
14103,0.2,3,0,0
14104,0.2,1,1,1
14105,0.2,2,1,1
14106,1.0,3,0,0
14107,1.0,2,1,1
14108,0.2,3,0,0
14109,0.2,1,1,1
14110,1.0,1,1,1
14111,0.2,2,1,0
14112,0.2,3,0,0
14113,0.2,3,0,0
14114,1.0,3,0,0
14115,0.2,3,0,0
14116,2.2,3,0,1
14117,0.2,3,0,1
14118,0.2,3,0,0
14119,0.2,3,0,0
14120,1.0,2,1,1
14121,0.2,1,1,1
14122,0.2,3,0,0
14123,0.2,2,1,0
14124,1.0,2,1,1
14125,0.2,1,1,1
14126,0.2,3,1,0
14127,0.2,2,1,0
14128,0.2,3,0,0
14129,0.2,3,0,0
14130,1.0,3,0,0
14131,1.0,2,1,1
14132,0.2,3,0,0
14133,1.0,3,0,0
14134,0.2,1,1,1
14135,1.0,3,0,0
14136,1.0,3,1,1
14137,1.0,3,1,0
14138,0.2,3,0,0
14139,1.0,2,1,1
14140,0.2,3,0,0
14141,1.0,3,0,1
14142,0.2,3,1,0
14143,0.2,3,0,0
14144,0.2,3,0,0
14145,0.2,3,0,0
14146,1.0,3,1,0
14147,0.2,1,1,1
14148,0.2,0,1,1
14149,0.2,1,1,1
14150,0.2,3,0,0
14151,0.2,3,0,0
14152,0.2,3,0,0
14153,0.2,1,1,1
14154,0.2,3,0,0
14155,0.2,3,1,0
14156,0.2,3,0,0
14157,0.2,3,0,0
14158,0.2,2,1,1
14159,0.2,3,0,1
14160,1.0,0,1,1
14161,0.2,3,1,0
14162,0.2,3,0,0
14163,2.2,2,1,1
14164,0.2,2,1,0
14165,0.2,1,1,1
14166,0.2,3,0,0
14167,1.0,3,0,1
14168,0.2,3,0,0
14169,1.0,3,0,1
14170,0.2,3,0,0
14171,0.2,3,0,0
14172,0.2,3,0,0
14173,0.2,2,1,1
14174,0.2,3,0,0
14175,0.2,3,0,0
14176,0.2,2,1,1
14177,0.2,2,1,1
14178,0.2,3,0,0
14179,0.2,1,1,1
14180,0.2,1,1,1
14181,0.2,3,0,0
14182,1.0,3,0,1
14183,0.2,3,1,0
14184,0.2,3,0,0
14185,0.2,1,1,1
14186,0.2,2,1,1
14187,0.2,0,1,1
14188,0.2,3,0,0
14189,0.2,2,1,0
14190,0.2,3,0,0
14191,0.2,3,0,1
14192,0.2,3,0,0
14193,0.2,1,1,1
14194,2.2,3,0,1
14195,0.2,2,1,0
14196,0.2,1,1,1
14197,1.0,3,0,1
14198,0.2,3,0,0
14199,0.2,1,1,1
14200,0.2,3,0,0
14201,1.0,1,1,1
14202,0.2,1,1,1
14203,0.2,1,1,1
14204,1.0,3,0,1
14205,0.2,2,1,0
14206,1.0,1,1,1
14207,0.2,3,0,0
14208,0.2,1,1,1
14209,0.2,2,1,1
14210,0.2,1,1,1
14211,1.0,3,0,1
14212,0.2,1,1,1
14213,1.0,3,0,0
14214,0.2,0,1,1
14215,1.0,3,0,0
14216,0.2,2,1,0
14217,0.2,3,0,0
14218,0.2,3,0,0
14219,0.2,2,1,0
14220,0.2,1,1,1
14221,1.0,3,0,1
14222,0.2,0,1,1
14223,0.2,0,1,1
14224,0.2,2,1,0
14225,0.2,3,0,0
14226,0.2,3,0,0
14227,1.0,3,0,1
14228,0.2,3,0,0
14229,0.2,3,0,0
14230,0.2,1,1,1
14231,0.2,3,0,0
14232,1.0,3,1,1
14233,0.2,2,1,1
14234,1.0,2,1,1
14235,0.2,2,1,1
14236,1.0,2,1,1
14237,0.2,0,1,1
14238,0.2,3,0,0
14239,0.2,2,1,1
14240,1.0,1,1,1
14241,0.2,2,1,0
14242,0.2,1,1,1
14243,1.0,3,0,1
14244,0.2,3,0,0
14245,0.2,0,1,1
14246,0.2,3,0,0
14247,0.2,3,0,0
14248,0.2,3,0,0
14249,0.2,3,0,0
14250,0.2,3,0,0
14251,0.2,0,1,1
14252,1.0,3,0,0
14253,1.0,3,0,0
14254,0.2,3,0,0
14255,0.2,1,1,1
14256,0.2,3,0,0
14257,0.2,3,0,0
14258,0.2,1,1,1
14259,0.2,3,1,0
14260,1.0,3,1,0
14261,0.2,3,0,0
14262,0.2,3,0,0
14263,1.0,0,1,1
14264,0.2,3,0,0
14265,0.2,3,0,0
14266,0.2,3,0,0
14267,0.2,3,0,0
14268,0.2,3,0,0
14269,0.2,3,0,0
14270,0.2,1,1,1
14271,0.2,3,0,0
14272,0.2,1,1,1
14273,0.2,3,0,0
14274,0.2,1,1,1
14275,0.2,3,0,1
14276,0.2,2,1,1
14277,1.0,1,1,1
14278,0.2,2,1,0
14279,0.2,0,1,1
14280,0.2,3,0,0
14281,0.2,0,1,1
14282,0.2,3,0,0
14283,0.2,3,0,0
14284,1.0,3,0,0
14285,0.2,0,1,1
14286,1.0,1,1,1
14287,0.2,3,0,1
14288,0.2,3,0,1
14289,0.2,3,0,0
14290,0.2,3,0,0
14291,0.2,2,1,0
14292,0.2,3,0,0
14293,1.0,3,0,0
14294,0.2,3,1,0
14295,1.0,1,1,1
14296,0.2,2,1,1
14297,0.2,3,1,0
14298,1.0,3,0,1
14299,1.0,3,1,0
14300,0.2,3,1,0
14301,0.2,3,0,0
14302,0.2,3,0,0
14303,0.2,1,1,1
14304,0.2,3,0,0
14305,1.0,1,1,1
14306,0.2,2,1,0
14307,0.2,2,1,1
14308,0.2,1,1,1
14309,0.2,2,1,1
14310,0.2,3,0,0
14311,0.2,1,1,1
14312,0.2,3,0,0
14313,1.0,1,1,1
14314,0.2,3,0,0
14315,0.2,3,0,0
14316,1.0,3,0,1
14317,0.2,3,0,0
14318,0.2,3,0,0
14319,0.2,3,0,0
14320,2.2,3,0,1
14321,0.2,1,1,1
14322,1.0,2,1,1
14323,0.2,3,0,0
14324,0.2,2,1,1
14325,1.0,2,1,1
14326,0.2,3,0,0
14327,0.2,3,0,0
14328,0.2,3,0,0
14329,0.2,2,1,0
14330,0.2,3,0,0
14331,0.2,0,1,1
14332,0.2,3,0,0
14333,1.0,3,0,0
14334,0.2,2,1,0
14335,0.2,3,0,0
14336,0.2,3,0,0
14337,0.2,3,0,0
14338,1.0,3,0,0
14339,1.0,1,1,1
14340,0.2,3,0,0
14341,0.2,0,1,1
14342,0.2,3,0,0
14343,0.2,3,0,0
14344,0.2,3,0,0
14345,0.2,3,0,0
14346,0.2,3,0,0
14347,0.2,2,1,1
14348,0.2,3,0,0
14349,0.2,1,1,1
14350,0.2,2,1,0
14351,0.2,3,0,0
14352,0.2,3,0,0
14353,0.2,1,1,1
14354,0.2,2,1,1
14355,0.2,2,1,0
14356,0.2,0,1,1
14357,1.0,3,0,1
14358,1.0,3,0,0
14359,0.2,2,1,1
14360,0.2,0,1,1
14361,1.0,3,0,0
14362,0.2,1,1,1
14363,0.2,2,1,0
14364,0.2,1,1,1
14365,0.2,3,0,0
14366,0.2,3,0,0
14367,0.2,1,1,1
14368,0.2,3,1,0
14369,0.2,2,1,1
14370,0.2,3,0,0
14371,2.2,0,1,1
14372,0.2,3,0,0
14373,1.8,3,0,0
14374,1.0,1,1,1
14375,0.2,3,0,0
14376,0.2,1,1,1
14377,1.0,3,0,0
14378,0.2,1,1,0
14379,0.2,3,0,0
14380,0.2,3,1,0
14381,1.0,3,0,0
14382,0.2,1,1,1
14383,0.2,3,0,0
14384,0.2,2,1,0
14385,0.2,2,1,0
14386,0.2,3,0,0
14387,2.2,3,0,1
14388,0.2,0,1,1
14389,0.2,3,0,0
14390,0.2,3,0,0
14391,0.2,3,1,0
14392,1.0,1,1,1
14393,0.2,2,1,1
14394,0.2,3,0,0
14395,2.2,1,1,1
14396,1.0,0,1,1
14397,0.2,3,0,1
14398,0.2,1,1,1
14399,0.2,3,1,1
14400,0.2,3,0,0
14401,0.2,3,0,0
14402,1.0,2,1,0
14403,0.2,3,1,0
14404,0.2,0,1,1
14405,0.2,2,1,1
14406,1.0,1,1,1
14407,0.2,3,0,0
14408,0.2,3,0,0
14409,1.0,2,1,1
14410,0.2,1,1,1
14411,0.2,3,0,0
14412,0.2,1,1,1
14413,0.2,3,0,0
14414,0.2,2,1,0
14415,1.0,0,1,1
14416,0.2,0,1,1
14417,0.2,3,0,0
14418,0.2,1,1,1
14419,0.2,3,0,0
14420,0.2,3,0,0
14421,0.2,2,1,1
14422,0.2,1,1,1
14423,0.2,3,1,0
14424,1.0,3,0,0
14425,1.0,3,1,0
14426,0.2,3,1,0
14427,0.2,3,0,0
14428,0.2,3,0,0
14429,0.2,3,0,0
14430,0.2,2,1,0
14431,0.2,3,0,0
14432,0.2,3,0,0
14433,0.2,1,1,1
14434,1.0,3,0,1
14435,0.2,3,0,0
14436,0.2,3,1,0
14437,0.2,3,1,0
14438,1.0,3,0,1
14439,1.0,3,1,0
14440,0.2,2,1,1
14441,1.0,1,1,1
14442,0.2,1,1,1
14443,0.2,3,0,0
14444,0.2,1,1,1
14445,0.2,2,1,0
14446,0.2,1,1,1
14447,0.2,1,1,1
14448,0.2,3,0,0
14449,0.2,2,1,1
14450,0.2,1,1,1
14451,0.2,3,0,0
14452,0.2,1,1,1
14453,0.2,0,1,1
14454,0.2,1,1,1
14455,0.2,2,1,0
14456,0.2,3,0,0
14457,0.2,1,1,1
14458,0.2,3,0,0
14459,1.0,2,1,1
14460,0.2,2,1,1
14461,0.2,3,0,0
14462,0.2,1,1,1
14463,0.2,3,0,0
14464,0.2,2,1,0
14465,0.2,3,0,1
14466,0.2,2,1,1
14467,0.2,3,0,0
14468,0.2,3,0,0
14469,1.0,3,0,0
14470,0.2,3,0,0
14471,0.2,3,0,0
14472,0.2,3,0,1
14473,0.2,3,0,0
14474,0.2,3,0,0
14475,0.2,2,1,0
14476,0.2,3,0,0
14477,0.2,3,0,0
14478,1.0,1,1,1
14479,1.0,3,0,0
14480,0.2,3,0,0
14481,1.0,3,0,0
14482,0.2,2,1,0
14483,0.2,1,1,1
14484,1.0,1,1,1
14485,0.2,0,1,1
14486,0.2,2,1,0
14487,0.2,3,0,0
14488,0.2,3,0,0
14489,0.2,1,1,1
14490,0.2,1,1,1
14491,1.0,3,1,1
14492,1.0,1,1,1
14493,1.0,3,0,0
14494,0.2,3,0,0
14495,0.2,3,0,0
14496,0.2,3,0,0
14497,0.2,3,0,0
14498,0.2,3,0,0
14499,0.2,2,1,0
14500,1.0,3,0,1
14501,0.2,2,1,1
14502,0.2,2,1,0
14503,0.2,2,1,0
14504,1.0,1,1,1
14505,0.2,3,1,0
14506,0.2,2,1,1
14507,0.2,2,1,1
14508,0.2,3,1,0
14509,0.2,1,1,1
14510,0.2,1,1,1
14511,0.2,1,1,1
14512,0.2,3,0,0
14513,0.2,3,0,0
14514,0.2,2,1,0
14515,0.2,3,0,0
14516,0.2,3,0,0
14517,0.2,3,0,0
14518,0.2,3,0,0
14519,1.0,2,1,1
14520,0.2,3,0,0
14521,1.0,3,0,1
14522,0.2,2,1,0
14523,3.0,2,0,0
14524,0.2,1,1,1
14525,0.2,3,0,0
14526,0.2,3,0,0
14527,0.2,1,1,1
14528,0.2,3,1,0
14529,0.2,1,1,1
14530,0.2,2,1,1
14531,0.2,3,0,0
14532,0.2,2,1,1
14533,0.2,1,1,1
14534,0.2,3,0,0
14535,1.0,2,1,1
14536,0.2,3,0,0
14537,0.2,2,1,0
14538,0.2,2,1,1
14539,0.2,3,0,0
14540,0.2,3,0,1
14541,0.2,1,1,1
14542,0.2,0,1,1
14543,0.2,1,1,1
14544,0.2,3,1,0
14545,1.0,2,1,1
14546,0.2,3,0,1
14547,0.2,1,1,1
14548,0.2,3,0,0
14549,0.2,3,0,0
14550,2.2,3,0,1
14551,0.2,3,0,0
14552,0.2,3,1,0
14553,1.0,0,1,1
14554,0.2,2,1,1
14555,0.2,1,1,1
14556,1.0,1,1,1
14557,2.2,1,1,1
14558,0.2,3,0,1
14559,0.2,1,1,1
14560,1.0,3,0,0
14561,0.2,2,1,1
14562,1.0,2,1,1
14563,2.2,1,1,1
14564,0.2,3,0,0
14565,0.2,3,0,0
14566,1.0,3,0,0
14567,0.2,3,0,0
14568,1.0,1,1,1
14569,0.2,2,1,1
14570,0.2,3,1,0
14571,0.2,3,0,0
14572,0.2,3,0,0
14573,0.2,3,0,0
14574,1.0,3,0,1
14575,0.2,0,1,1
14576,1.0,1,1,1
14577,0.2,1,1,1
14578,1.0,1,1,1
14579,1.0,3,0,1
14580,0.2,2,1,0
14581,0.2,0,1,1
14582,0.2,2,1,0
14583,0.2,3,0,0
14584,0.2,3,0,0
14585,1.0,1,1,1
14586,1.0,1,1,1
14587,0.2,3,0,0
14588,0.2,3,0,1
14589,0.2,3,0,0
14590,0.2,3,0,0
14591,2.2,1,1,1
14592,0.2,2,1,1
14593,0.2,3,0,0
14594,0.2,3,0,0
14595,0.2,1,1,1
14596,0.2,2,1,1
14597,1.0,3,0,0
14598,0.2,3,0,1
14599,0.2,3,0,0
14600,0.2,3,1,0
14601,1.0,3,0,1
14602,1.0,2,1,1
14603,0.2,3,1,0
14604,1.0,2,1,1
14605,1.0,1,1,1
14606,1.0,1,1,1
14607,2.2,2,1,1
14608,0.2,0,1,1
14609,0.2,3,0,0
14610,0.2,3,0,0
14611,0.2,3,1,0
14612,0.2,3,1,0
14613,0.2,1,1,1
14614,1.0,2,1,0
14615,0.2,3,1,0
14616,1.0,3,0,1
14617,0.2,3,0,0
14618,3.0,2,0,0
14619,0.2,3,0,0
14620,1.0,3,0,0
14621,1.0,2,1,1
14622,0.2,1,1,0
14623,0.2,1,1,1
14624,0.2,3,0,0
14625,0.2,3,0,0
14626,0.2,3,0,0
14627,0.2,2,1,1
14628,0.2,1,1,1
14629,0.2,3,0,0
14630,2.2,3,0,1
14631,0.2,1,1,1
14632,1.0,3,0,0
14633,0.2,0,1,1
14634,0.2,1,1,1
14635,1.0,1,1,1
14636,0.2,3,0,0
14637,1.0,3,0,0
14638,0.2,0,1,1
14639,1.0,3,1,0
14640,0.2,3,1,0
14641,0.2,1,1,1
14642,0.2,3,0,0
14643,1.0,1,1,1
14644,0.2,3,0,0
14645,0.2,2,1,1
14646,1.0,3,0,1
14647,1.0,2,1,1
14648,1.0,3,0,0
14649,0.2,3,0,0
14650,0.2,0,1,1
14651,0.2,2,1,1
14652,0.2,3,0,0
14653,1.0,2,1,1
14654,0.2,1,1,1
14655,0.2,3,0,0
14656,0.2,0,1,1
14657,0.2,2,1,0
14658,0.2,1,1,1
14659,0.2,3,0,0
14660,0.2,3,0,0
14661,0.2,3,0,0
14662,0.2,2,1,1
14663,0.2,3,0,0
14664,0.2,1,1,1
14665,0.2,3,0,0
14666,0.2,2,1,1
14667,0.2,3,0,0
14668,0.2,3,1,0
14669,0.2,3,0,0
14670,0.2,3,0,0
14671,0.2,2,1,1
14672,0.2,1,1,1
14673,0.2,2,1,1
14674,0.2,1,1,1
14675,0.2,3,0,0
14676,0.2,3,0,0
14677,1.0,3,0,0
14678,0.2,3,0,0
14679,0.2,3,0,0
14680,0.2,3,0,0
14681,0.2,1,1,1
14682,0.2,2,1,1
14683,0.2,3,0,0
14684,0.2,3,0,0
14685,0.2,3,0,0
14686,1.0,1,1,1
14687,0.2,3,0,0
14688,0.2,3,0,0
14689,0.2,3,0,0
14690,1.0,3,0,1
14691,0.2,3,0,0
14692,0.2,1,1,1
14693,1.0,2,1,1
14694,1.0,1,1,1
14695,0.2,1,1,1
14696,0.2,3,0,0
14697,0.2,3,0,0
14698,0.2,1,1,1
14699,0.2,3,0,0
14700,0.2,3,0,0
14701,0.2,3,0,0
14702,1.0,2,1,1
14703,1.0,1,1,1
14704,0.2,3,0,0
14705,1.0,3,0,0
14706,0.2,3,0,0
14707,1.0,3,0,0
14708,1.0,1,1,1
14709,1.0,1,1,1
14710,1.0,3,0,0
14711,0.2,2,1,0
14712,0.2,3,0,0
14713,0.2,3,0,0
14714,0.2,3,0,1
14715,0.2,2,1,1
14716,0.2,1,1,1
14717,0.2,2,1,1
14718,0.2,3,0,0
14719,0.2,3,0,0
14720,1.0,3,0,0
14721,0.2,0,1,1
14722,0.2,3,0,0
14723,1.0,0,1,1
14724,0.2,3,0,0
14725,1.0,3,0,1
14726,0.2,3,0,0
14727,1.0,3,0,0
14728,1.0,3,0,1
14729,1.0,1,1,1
14730,0.2,3,0,0
14731,1.0,1,1,1
14732,0.2,2,1,1
14733,0.2,0,1,1
14734,1.0,3,0,0
14735,0.2,3,0,0
14736,0.2,0,1,1
14737,0.2,1,1,1
14738,0.2,2,1,0
14739,0.2,3,0,0
14740,0.2,3,0,0
14741,0.2,1,1,1
14742,0.2,3,1,0
14743,0.2,3,0,0
14744,0.2,3,0,0
14745,1.0,2,1,1
14746,0.2,3,0,0
14747,0.2,0,1,1
14748,0.2,1,1,1
14749,0.2,2,1,1
14750,0.2,3,0,0
14751,0.2,1,1,1
14752,0.2,1,1,1
14753,0.2,2,1,0
14754,1.0,3,1,0
14755,0.2,3,0,0
14756,1.0,3,1,0
14757,0.2,1,1,1
14758,0.2,1,1,1
14759,0.2,3,0,0
14760,0.2,2,1,1
14761,0.2,3,0,0
14762,0.2,1,1,1
14763,0.2,3,0,0
14764,0.2,3,0,0
14765,1.0,1,1,1
14766,1.0,0,1,1
14767,0.2,1,1,1
14768,0.2,3,1,0
14769,1.0,3,1,0
14770,0.2,1,1,1
14771,0.2,0,1,1
14772,1.0,3,0,0
14773,1.0,0,1,1
14774,0.2,3,0,0
14775,0.2,1,1,1
14776,0.2,1,1,1
14777,1.0,3,0,1
14778,0.2,3,0,1
14779,1.0,3,0,0
14780,0.2,3,0,0
14781,0.2,2,1,1
14782,0.2,1,1,1
14783,0.2,1,1,1
14784,0.2,3,0,0
14785,0.2,1,1,1
14786,0.2,3,0,0
14787,1.0,3,0,0
14788,0.2,3,0,0
14789,2.2,3,0,0
14790,0.2,3,0,0
14791,0.2,3,0,0
14792,0.2,1,1,1
14793,1.0,1,1,1
14794,0.2,3,0,0
14795,0.2,3,0,0
14796,0.2,3,1,0
14797,1.0,3,0,0
14798,1.0,1,1,1
14799,0.2,2,1,1
14800,0.2,1,1,1
14801,1.0,1,1,1
14802,1.0,3,0,0
14803,0.2,1,1,1
14804,0.2,2,1,1
14805,0.2,1,1,1
14806,0.2,2,1,1
14807,0.2,1,1,1
14808,1.0,1,1,1
14809,0.2,1,1,1
14810,0.2,2,1,0
14811,0.2,3,0,0
14812,0.2,3,0,0
14813,1.8,3,0,0
14814,0.2,3,1,0
14815,0.2,3,0,0
14816,1.0,2,1,1
14817,0.2,3,0,0
14818,0.2,3,0,0
14819,0.2,0,1,1
14820,0.2,0,1,1
14821,0.2,0,1,1
14822,0.2,3,0,0
14823,0.2,1,1,1
14824,0.2,3,0,0
14825,0.2,1,1,1
14826,1.0,2,1,1
14827,2.2,2,1,1
14828,3.8,2,1,0
14829,0.2,2,1,0
14830,1.0,3,0,1
14831,0.2,3,0,0
14832,0.2,3,0,0
14833,0.2,3,0,0
14834,0.2,1,1,1
14835,1.0,3,1,1
14836,1.0,3,0,0
14837,0.2,1,1,1
14838,0.2,3,0,0
14839,0.2,1,1,1
14840,0.2,3,0,0
14841,0.2,2,1,0
14842,0.2,3,0,1
14843,0.2,1,1,1
14844,0.2,2,1,1
14845,1.0,3,0,0
14846,0.2,3,0,0
14847,0.2,0,1,1
14848,0.2,3,0,0
14849,0.2,0,1,1
14850,1.0,2,1,1
14851,0.2,3,0,0
14852,0.2,3,0,0
14853,1.0,3,0,0
14854,0.2,3,1,0
14855,0.2,3,0,1
14856,1.0,3,0,0
14857,0.2,2,1,0
14858,0.2,3,0,0
14859,0.2,1,1,1
14860,0.2,3,0,0
14861,0.2,3,0,0
14862,0.2,3,0,0
14863,0.2,3,0,0
14864,1.0,3,0,0
14865,0.2,3,0,0
14866,1.0,1,1,1
14867,1.0,3,0,1
14868,0.2,0,1,1
14869,1.0,2,1,0
14870,0.2,3,1,0
14871,0.2,3,0,0
14872,0.2,3,0,0
14873,0.2,1,1,1
14874,0.2,3,0,0
14875,0.2,3,0,0
14876,1.0,1,1,1
14877,0.2,0,1,1
14878,0.2,3,1,0
14879,0.2,3,0,0
14880,2.2,3,0,1
14881,0.2,2,1,1
14882,0.2,3,0,0
14883,0.2,1,1,1
14884,0.2,0,1,1
14885,0.2,3,0,0
14886,0.2,1,1,1
14887,1.0,3,0,0
14888,0.2,2,1,0
14889,0.2,2,1,0
14890,1.0,1,1,1
14891,1.0,3,0,0
14892,0.2,3,0,0
14893,0.2,3,0,0
14894,1.0,3,0,0
14895,0.2,2,1,0
14896,1.0,3,0,0
14897,0.2,1,1,1
14898,0.2,3,0,0
14899,0.2,3,0,1
14900,0.2,3,0,0
14901,0.2,2,1,0
14902,0.2,3,0,0
14903,0.2,1,1,1
14904,0.2,0,1,1
14905,1.0,1,1,1
14906,1.0,1,1,1
14907,0.2,1,1,1
14908,0.2,3,0,0
14909,0.2,1,1,1
14910,0.2,3,0,0
14911,2.2,1,1,1
14912,0.2,2,1,1
14913,0.2,3,0,1
14914,0.2,1,1,1
14915,0.2,3,0,0
14916,0.2,3,0,0
14917,1.0,3,0,1
14918,1.0,1,1,1
14919,0.2,3,0,0
14920,0.2,3,0,0
14921,0.2,3,0,0
14922,0.2,3,0,0
14923,0.2,3,0,0
14924,0.2,0,1,1
14925,0.2,3,1,0
14926,0.2,3,0,0
14927,0.2,3,0,0
14928,1.0,0,1,1
14929,0.2,3,0,0
14930,0.2,3,0,0
14931,0.2,2,1,1
14932,0.2,3,0,0
14933,0.2,3,0,0
14934,1.0,2,1,1
14935,1.0,1,1,1
14936,1.0,3,0,1
14937,0.2,3,0,0
14938,1.0,3,0,1
14939,0.2,3,1,0
14940,1.0,2,1,0
14941,0.2,1,1,1
14942,0.2,3,0,1
14943,1.0,1,1,1
14944,1.0,2,1,1
14945,0.2,2,1,1
14946,2.2,3,0,0
14947,0.2,0,1,1
14948,0.2,2,1,1
14949,0.2,3,0,0
14950,0.2,2,1,1
14951,0.2,2,1,0
14952,0.2,1,1,1
14953,0.2,3,0,0
14954,1.0,1,1,1
14955,0.2,3,0,0
14956,1.0,0,1,1
14957,0.2,3,0,0
14958,1.0,3,0,0
14959,0.2,1,1,1
14960,0.2,3,0,0
14961,0.2,3,0,0
14962,1.0,0,1,1
14963,1.8,3,0,0
14964,0.2,1,1,1
14965,1.0,1,1,1
14966,0.2,3,0,0
14967,0.2,1,1,1
14968,0.2,3,0,0
14969,1.0,1,1,1
14970,0.2,2,1,1
14971,0.2,1,1,1
14972,0.2,3,0,1
14973,0.2,3,0,0
14974,1.0,1,1,1
14975,0.2,0,1,1
14976,0.2,3,0,0
14977,0.2,0,1,1
14978,0.2,3,0,0
14979,0.2,3,0,0
14980,0.2,3,0,0
14981,1.0,2,1,1
14982,0.2,2,1,1
14983,0.2,3,0,0
14984,0.2,3,0,0
14985,0.2,1,1,1
14986,0.2,3,0,0
14987,0.2,3,0,0
14988,0.2,3,1,0
14989,0.2,2,1,0
14990,0.2,1,1,1
14991,0.2,2,1,0
14992,0.2,3,0,0
14993,1.0,3,0,0
14994,0.2,1,1,1
14995,0.2,3,0,0
14996,1.0,3,0,0
14997,0.2,1,1,1
14998,0.2,3,0,0
14999,0.2,2,1,0
15000,0.2,3,0,0
15001,1.0,3,0,0
15002,0.2,3,0,0
15003,1.0,3,0,0
15004,0.2,3,0,0
15005,1.0,3,0,0
15006,0.2,3,0,0
15007,0.2,3,0,0
15008,1.0,3,0,1
15009,1.0,3,0,0
15010,0.2,2,1,0
15011,0.2,1,1,1
15012,0.2,3,0,1
15013,1.0,3,1,0
15014,0.2,3,0,0
15015,0.2,3,0,0
15016,0.2,1,1,1
15017,0.2,3,0,0
15018,0.2,1,1,1
15019,0.2,3,0,0
15020,0.2,3,0,0
15021,0.2,2,1,1
15022,1.0,1,1,1
15023,0.2,3,0,0
15024,2.2,2,1,1
15025,0.2,3,1,0
15026,0.2,1,1,1
15027,0.2,3,0,0
15028,0.2,0,1,1
15029,0.2,3,0,0
15030,0.2,2,1,0
15031,0.2,2,1,1
15032,0.2,3,0,1
15033,1.0,3,0,0
15034,0.2,1,1,1
15035,1.0,3,0,1
15036,1.0,3,0,1
15037,0.2,3,0,0
15038,1.0,0,1,1
15039,0.2,2,1,1
15040,0.2,0,1,1
15041,0.2,3,0,0
15042,1.0,3,0,1
15043,0.2,1,1,1
15044,0.2,1,1,1
15045,0.2,3,0,0
15046,0.2,1,1,1
15047,1.0,0,1,1
15048,0.2,1,1,1
15049,0.2,3,0,0
15050,0.2,2,1,1
15051,0.2,1,1,1
15052,0.2,0,1,1
15053,0.2,1,1,1
15054,0.2,3,0,0
15055,0.2,3,0,0
15056,0.2,3,0,0
15057,1.0,1,1,1
15058,1.0,3,0,1
15059,0.2,3,0,0
15060,0.2,3,1,0
15061,0.2,1,1,1
15062,0.2,2,1,1
15063,0.2,3,0,0
15064,0.2,1,1,1
15065,0.2,2,1,0
15066,2.2,3,0,1
15067,0.2,3,0,0
15068,0.2,3,0,0
15069,1.0,3,0,1
15070,0.2,3,0,0
15071,0.2,3,0,0
15072,0.2,2,1,1
15073,0.2,3,0,0
15074,1.0,3,0,1
15075,0.2,3,0,0
15076,0.2,3,0,0
15077,0.2,3,0,0
15078,0.2,3,0,0
15079,0.2,2,1,0
15080,0.2,3,0,0
15081,0.2,2,1,1
15082,0.2,3,0,0
15083,0.2,3,0,0
15084,0.2,3,0,0
15085,0.2,3,0,0
15086,1.0,3,0,1
15087,1.0,3,0,0
15088,0.2,2,1,1
15089,1.0,3,0,0
15090,0.2,3,0,0
15091,1.0,3,0,1
15092,0.2,1,1,1
15093,0.2,2,1,0
15094,0.2,0,1,1
15095,0.2,2,1,1
15096,0.2,3,1,0
15097,0.2,3,0,0
15098,0.2,3,0,0
15099,1.0,3,0,1
15100,0.2,3,0,0
15101,0.2,3,0,0
15102,0.2,3,1,0
15103,1.0,3,0,1
15104,0.2,0,1,1
15105,3.0,3,0,0
15106,0.2,0,1,1
15107,0.2,1,1,1
15108,0.2,3,0,0
15109,0.2,3,0,0
15110,0.2,3,0,0
15111,0.2,3,0,0
15112,0.2,2,1,0
15113,0.2,3,0,0
15114,0.2,3,0,0
15115,0.2,3,0,0
15116,0.2,3,0,0
15117,0.2,3,0,0
15118,2.2,3,0,0
15119,1.0,1,1,1
15120,0.2,3,0,0
15121,0.2,1,1,1
15122,0.2,1,1,1
15123,0.2,2,1,0
15124,1.0,2,1,1
15125,0.2,0,1,1
15126,0.2,3,0,0
15127,0.2,2,1,0
15128,0.2,3,0,0
15129,0.2,1,1,1
15130,0.2,3,0,0
15131,0.2,3,0,0
15132,0.2,1,1,1
15133,1.0,3,0,0
15134,0.2,3,0,0
15135,0.2,3,0,0
15136,0.2,3,0,0
15137,1.0,3,1,1
15138,0.2,0,1,1
15139,1.0,3,0,0
15140,0.2,3,0,0
15141,0.2,0,1,1
15142,0.2,3,0,0
15143,0.2,3,0,0
15144,0.2,2,1,0
15145,0.2,3,0,0
15146,1.0,3,0,1
15147,0.2,3,0,0
15148,0.2,0,1,1
15149,0.2,0,1,1
15150,0.2,1,1,1
15151,0.2,3,0,0
15152,1.0,3,0,0
15153,0.2,2,1,1
15154,0.2,3,0,0
15155,0.2,2,1,1
15156,0.2,1,1,1
15157,0.2,3,0,0
15158,0.2,3,0,0
15159,0.2,3,0,0
15160,0.2,3,0,0
15161,0.2,3,0,0
15162,1.0,3,0,0
15163,0.2,3,1,0
15164,0.2,1,1,1
15165,1.0,3,0,1
15166,1.0,3,1,0
15167,0.2,1,1,1
15168,0.2,1,1,1
15169,1.0,0,1,1
15170,1.0,3,0,1
15171,0.2,1,1,1
15172,0.2,3,1,0
15173,0.2,2,1,0
15174,1.0,3,1,1
15175,1.0,3,0,0
15176,0.2,3,0,0
15177,0.2,3,1,0
15178,0.2,3,0,0
15179,1.0,3,0,0
15180,0.2,1,1,1
15181,0.2,2,1,1
15182,0.2,1,1,1
15183,0.2,3,0,0
15184,0.2,1,1,1
15185,0.2,3,0,0
15186,1.0,1,1,1
15187,0.2,3,0,1
15188,1.0,3,0,0
15189,1.0,3,0,0
15190,0.2,3,0,0
15191,0.2,3,1,0
15192,1.0,3,0,0
15193,2.2,3,0,1
15194,0.2,3,0,0
15195,0.2,2,1,1
15196,2.2,2,1,1
15197,0.2,2,1,0
15198,0.2,3,0,0
15199,0.2,1,1,1
15200,1.0,2,1,1
15201,0.2,1,1,1
15202,2.2,2,1,1
15203,0.2,3,0,0
15204,0.2,0,1,0
15205,1.0,3,0,0
15206,0.2,1,1,1
15207,0.2,3,1,0
15208,0.2,3,1,0
15209,0.2,3,0,0
15210,0.2,2,1,0
15211,0.2,3,0,0
15212,0.2,3,0,0
15213,1.0,3,0,0
15214,0.2,3,0,0
15215,0.2,3,1,0
15216,0.2,3,0,0
15217,0.2,0,1,1
15218,0.2,3,0,0
15219,0.2,2,1,1
15220,0.2,1,1,1
15221,0.2,3,0,0
15222,1.0,3,0,0
15223,0.2,2,1,0
15224,0.2,1,1,1
15225,0.2,1,1,1
15226,0.2,3,0,0
15227,0.2,3,0,0
15228,0.2,3,0,0
15229,0.2,3,1,0
15230,1.0,1,1,1
15231,0.2,0,1,1
15232,0.2,2,1,0
15233,0.2,3,0,0
15234,1.0,3,0,0
15235,0.2,3,0,0
15236,1.0,3,0,0
15237,1.0,3,0,1
15238,1.0,3,0,0
15239,0.2,3,0,0
15240,0.2,3,1,0
15241,0.2,2,1,0
15242,0.2,1,1,1
15243,0.2,1,1,1
15244,0.2,3,0,0
15245,1.0,1,1,1
15246,0.2,1,1,1
15247,1.0,3,0,1
15248,0.2,2,1,1
15249,0.2,3,0,1
15250,1.0,1,1,1
15251,0.2,2,1,0
15252,0.2,3,0,0
15253,1.0,3,0,0
15254,0.2,3,0,0
15255,0.2,2,1,0
15256,1.0,1,1,1
15257,0.2,3,0,0
15258,0.2,3,0,0
15259,0.2,3,0,0
15260,0.2,3,0,0
15261,0.2,1,1,1
15262,0.2,3,0,0
15263,0.2,3,0,0
15264,0.2,3,0,0
15265,0.2,2,1,0
15266,0.2,2,1,1
15267,0.2,3,0,0
15268,0.2,3,0,0
15269,1.0,1,1,1
15270,0.2,0,1,1
15271,1.8,3,0,0
15272,0.2,3,0,0
15273,0.2,1,1,1
15274,0.2,2,1,1
15275,2.2,2,1,1
15276,0.2,2,1,1
15277,1.0,2,1,1
15278,1.0,2,1,1
15279,0.2,2,1,1
15280,0.2,2,1,0
15281,0.2,0,1,0
15282,0.2,1,1,1
15283,1.0,3,0,1
15284,1.0,2,1,1
15285,0.2,3,0,0
15286,1.0,1,1,1
15287,0.2,1,1,1
15288,0.2,3,0,0
15289,0.2,1,1,1
15290,0.2,3,0,0
15291,0.2,3,0,0
15292,0.2,0,1,1
15293,0.2,3,0,0
15294,1.0,3,0,0
15295,0.2,1,1,1
15296,0.2,3,0,0
15297,0.2,3,0,0
15298,0.2,3,0,0
15299,0.2,3,1,0
15300,0.2,3,1,0
15301,0.2,2,1,1
15302,0.2,0,1,1
15303,0.2,2,1,1
15304,1.0,3,0,0
15305,0.2,1,1,0
15306,1.0,1,1,1
15307,0.2,3,0,0
15308,0.2,3,0,0
15309,0.2,3,1,0
15310,1.0,3,0,0
15311,1.0,0,1,1
15312,0.2,3,0,0
15313,1.8,3,0,0
15314,0.2,2,1,1
15315,0.2,2,1,0
15316,3.8,2,1,0
15317,0.2,3,0,0
15318,1.0,3,0,1
15319,0.2,3,0,0
15320,0.2,3,0,0
15321,1.0,3,0,0
15322,0.2,3,1,0
15323,0.2,3,0,0
15324,0.2,3,0,0
15325,0.2,3,0,0
15326,0.2,2,1,0
15327,2.2,3,0,0
15328,0.2,2,1,1
15329,0.2,2,1,0
15330,0.2,0,1,1
15331,0.2,3,0,0
15332,0.2,3,0,0
15333,1.0,3,0,1
15334,0.2,2,1,0
15335,0.2,3,1,0
15336,0.2,3,0,0
15337,0.2,3,0,0
15338,0.2,2,1,0
15339,2.2,3,0,1
15340,1.0,2,1,1
15341,0.2,1,1,1
15342,0.2,3,0,0
15343,1.0,3,1,1
15344,1.0,1,1,1
15345,0.2,3,0,0
15346,0.2,3,0,0
15347,0.2,3,0,1
15348,0.2,2,1,1
15349,0.2,2,1,0
15350,1.0,3,0,1
15351,0.2,2,1,1
15352,0.2,3,0,0
15353,0.2,3,0,0
15354,0.2,3,0,0
15355,0.2,0,1,1
15356,0.2,1,1,1
15357,0.2,2,1,1
15358,0.2,3,0,0
15359,0.2,3,0,0
15360,1.0,2,1,1
15361,0.2,3,0,0
15362,1.0,0,1,1
15363,0.2,0,1,1
15364,0.2,0,1,1
15365,1.0,1,1,1
15366,0.2,3,0,0
15367,1.0,3,1,0
15368,2.2,2,1,0
15369,1.0,3,1,0
15370,0.2,3,0,0
15371,0.2,2,1,0
15372,0.2,3,0,1
15373,0.2,3,0,0
15374,3.0,1,1,0
15375,0.2,3,0,0
15376,0.2,3,0,0
15377,2.2,3,0,1
15378,0.2,2,1,1
15379,0.2,2,1,0
15380,0.2,3,0,0
15381,1.0,3,0,1
15382,1.0,3,0,1
15383,0.2,3,0,0
15384,0.2,2,1,1
15385,0.2,3,0,0
15386,0.2,3,0,0
15387,1.0,3,0,1
15388,0.2,3,0,0
15389,0.2,3,0,0
15390,0.2,3,0,0
15391,0.2,3,0,0
15392,1.0,1,1,1
15393,0.2,3,0,0
15394,0.2,2,1,0
15395,1.0,3,0,1
15396,1.0,2,1,1
15397,1.0,3,0,1
15398,1.0,3,0,0
15399,1.0,3,0,0
15400,0.2,1,1,1
15401,0.2,3,0,0
15402,0.2,1,1,1
15403,1.0,3,0,1
15404,0.2,2,1,1
15405,1.0,3,0,0
15406,1.0,3,0,0
15407,0.2,3,0,0
15408,0.2,3,0,0
15409,0.2,3,0,0
15410,0.2,3,0,0
15411,0.2,2,1,0
15412,0.2,0,1,1
15413,1.0,3,0,0
15414,0.2,3,0,0
15415,0.2,1,1,1
15416,1.0,3,0,1
15417,0.2,3,0,0
15418,1.0,3,0,0
15419,1.0,3,0,0
15420,0.2,3,0,0
15421,0.2,3,0,0
15422,1.0,3,0,0
15423,0.2,3,0,0
15424,0.2,3,0,0
15425,0.2,3,0,0
15426,1.0,3,0,0
15427,1.0,3,0,0
15428,0.2,3,0,0
15429,0.2,0,1,1
15430,0.2,3,0,0
15431,1.0,2,1,1
15432,0.2,3,0,0
15433,0.2,3,0,0
15434,0.2,1,1,1
15435,0.2,3,0,0
15436,0.2,3,0,0
15437,0.2,1,1,1
15438,1.0,1,1,1
15439,0.2,3,0,0
15440,0.2,3,0,0
15441,0.2,3,0,0
15442,0.2,2,1,1
15443,1.0,2,1,0
15444,0.2,3,0,0
15445,0.2,3,0,0
15446,1.0,2,1,1
15447,0.2,3,0,0
15448,0.2,3,0,1
15449,0.2,1,1,1
15450,0.2,3,0,0
15451,1.0,3,0,0
15452,0.2,2,1,0
15453,0.2,3,0,0
15454,0.2,1,1,1
15455,0.2,3,0,0
15456,0.2,0,1,1
15457,0.2,3,0,0
15458,0.2,2,1,1
15459,0.2,1,1,1
15460,0.2,2,1,0
15461,1.0,3,1,0
15462,0.2,3,0,0
15463,0.2,3,0,0
15464,0.2,3,0,0
15465,0.2,0,1,1
15466,1.0,1,1,1
15467,0.2,1,1,1
15468,0.2,2,1,0
15469,0.2,3,0,0
15470,0.2,3,1,0
15471,0.2,1,1,1
15472,0.2,3,0,0
15473,0.2,1,1,1
15474,0.2,2,1,1
15475,1.0,3,0,0
15476,1.0,1,1,1
15477,0.2,1,1,1
15478,0.2,2,1,0
15479,2.2,3,0,1
15480,0.2,3,0,0
15481,0.2,3,0,0
15482,0.2,3,0,0
15483,3.0,1,1,1
15484,0.2,2,1,0
15485,0.2,3,0,0
15486,0.2,2,1,0
15487,0.2,3,1,0
15488,0.2,3,0,0
15489,0.2,2,1,1
15490,0.2,3,1,0
15491,0.2,0,1,1
15492,0.2,3,0,0
15493,0.2,3,0,0
15494,0.2,1,1,1
15495,0.2,3,0,0
15496,0.2,2,1,0
15497,0.2,3,1,0
15498,0.2,2,1,0
15499,0.2,1,1,1
15500,0.2,1,1,1
15501,0.2,1,1,1
15502,0.2,3,0,0
15503,0.2,3,1,0
15504,0.2,3,0,1
15505,0.2,1,1,1
15506,0.2,3,0,0
15507,0.2,3,0,0
15508,0.2,2,1,1
15509,0.2,3,0,0
15510,0.2,3,0,0
15511,2.2,1,1,1
15512,0.2,3,0,0
15513,0.2,1,1,1
15514,1.8,3,0,0
15515,0.2,3,0,0
15516,1.0,3,0,0
15517,0.2,3,0,0
15518,2.2,2,1,1
15519,0.2,0,1,1
15520,0.2,3,0,0
15521,1.0,1,1,1
15522,0.2,3,0,0
15523,0.2,3,0,0
15524,0.2,3,0,0
15525,0.2,3,0,0
15526,0.2,3,0,0
15527,1.0,2,1,1
15528,0.2,2,1,0
15529,0.2,3,0,0
15530,0.2,1,1,1
15531,0.2,3,0,0
15532,0.2,0,1,1
15533,0.2,3,0,0
15534,0.2,3,0,0
15535,0.2,3,0,0
15536,0.2,2,1,0
15537,0.2,2,1,1
15538,0.2,3,0,0
15539,0.2,1,1,1
15540,0.2,3,0,0
15541,0.2,3,0,0
15542,2.2,3,0,1
15543,0.2,2,1,0
15544,0.2,3,0,0
15545,0.2,1,1,1
15546,0.2,1,1,1
15547,0.2,3,0,0
15548,0.2,1,1,1
15549,1.0,2,1,1
15550,0.2,3,0,0
15551,0.2,1,1,1
15552,0.2,3,0,0
15553,1.0,0,1,1
15554,1.0,3,1,0
15555,0.2,1,1,1
15556,1.0,3,0,0
15557,1.0,0,1,1
15558,1.0,1,1,1
15559,0.2,3,1,0
15560,0.2,3,0,0
15561,0.2,3,0,0
15562,0.2,1,1,1
15563,0.2,3,1,0
15564,1.0,1,1,1
15565,0.2,3,0,0
15566,0.2,3,0,0
15567,0.2,3,0,0
15568,1.0,3,0,0
15569,0.2,1,1,1
15570,0.2,1,1,1
15571,0.2,3,0,0
15572,0.2,3,0,0
15573,1.0,2,1,1
15574,0.2,3,0,0
15575,0.2,1,1,1
15576,0.2,1,1,1
15577,0.2,3,0,0
15578,0.2,3,0,0
15579,0.2,0,1,1
15580,1.0,3,0,0
15581,0.2,0,1,1
15582,0.2,1,1,1
15583,0.2,3,0,1
15584,0.2,3,0,1
15585,1.0,1,1,1
15586,1.0,3,1,0
15587,0.2,2,1,1
15588,0.2,3,0,0
15589,1.0,3,0,0
15590,0.2,3,0,0
15591,1.0,3,0,0
15592,0.2,2,1,1
15593,1.0,1,1,1
15594,0.2,3,0,0
15595,0.2,3,0,0
15596,0.2,1,1,1
15597,0.2,2,1,0
15598,0.2,1,1,1
15599,1.0,1,1,1
15600,0.2,2,1,0
15601,0.2,2,1,1
15602,0.2,3,0,0
15603,0.2,3,0,0
15604,0.2,3,0,0
15605,0.2,1,1,1
15606,1.0,3,0,1
15607,0.2,1,1,1
15608,0.2,0,1,1
15609,0.2,3,0,0
15610,0.2,2,1,1
15611,0.2,1,1,1
15612,0.2,3,0,0
15613,0.2,2,1,1
15614,1.0,3,0,0
15615,0.2,3,0,0
15616,0.2,1,1,1
15617,0.2,1,1,1
15618,0.2,3,0,0
15619,0.2,1,1,1
15620,0.2,3,0,0
15621,0.2,2,1,1
15622,1.0,3,0,1
15623,0.2,1,1,1
15624,0.2,3,0,0
15625,0.2,2,1,1
15626,1.0,3,0,1
15627,1.0,3,0,1
15628,0.2,3,0,0
15629,1.0,2,1,1
15630,0.2,3,1,0
15631,0.2,3,0,0
15632,0.2,3,0,0
15633,0.2,3,0,0
15634,0.2,3,0,0
15635,0.2,2,1,0
15636,0.2,2,1,1
15637,1.0,3,0,0
15638,0.2,2,1,1
15639,0.2,0,1,1
15640,0.2,1,1,1
15641,0.2,3,0,0
15642,0.2,2,1,1
15643,0.2,3,0,0
15644,0.2,3,0,0
15645,0.2,0,1,1
15646,1.0,3,0,1
15647,0.2,1,1,1
15648,0.2,3,1,0
15649,0.2,3,0,0
15650,1.0,2,1,1
15651,1.0,3,0,0
15652,0.2,3,0,0
15653,0.2,0,1,1
15654,0.2,1,1,1
15655,0.2,3,0,0
15656,0.2,3,0,0
15657,0.2,3,0,0
15658,0.2,3,0,0
15659,0.2,0,1,1
15660,1.0,3,0,0
15661,0.2,3,1,0
15662,0.2,3,1,0
15663,1.0,3,1,1
15664,0.2,2,1,0
15665,0.2,3,1,0
15666,0.2,3,0,0
15667,0.2,3,0,0
15668,0.2,1,1,1
15669,0.2,1,1,1
15670,1.0,3,0,0
15671,0.2,3,0,0
15672,0.2,3,0,0
15673,0.2,1,1,1
15674,0.2,1,1,1
15675,1.0,2,1,1
15676,1.0,3,0,1
15677,0.2,2,1,1
15678,0.2,0,1,1
15679,1.0,3,0,0
15680,0.2,3,1,0
15681,0.2,3,0,0
15682,0.2,2,1,1
15683,0.2,1,1,1
15684,0.2,3,0,0
15685,0.2,3,0,0
15686,0.2,0,1,1
15687,0.2,3,0,0
15688,1.0,3,1,0
15689,0.2,3,0,0
15690,0.2,0,1,1
15691,0.2,2,1,1
15692,0.2,3,0,0
15693,0.2,3,0,0
15694,0.2,3,0,0
15695,0.2,0,1,1
15696,0.2,1,1,1
15697,0.2,3,0,0
15698,0.2,3,0,0
15699,0.2,3,0,0
15700,0.2,3,0,0
15701,0.2,3,0,0
15702,0.2,3,0,1
15703,1.0,3,0,1
15704,3.0,3,0,0
15705,0.2,1,1,1
15706,0.2,3,0,0
15707,0.2,2,1,1
15708,1.0,1,1,1
15709,1.0,3,0,0
15710,0.2,3,0,0
15711,0.2,3,0,0
15712,0.2,2,1,0
15713,0.2,3,1,0
15714,0.2,1,1,1
15715,1.0,3,0,1
15716,1.0,1,1,1
15717,0.2,1,1,1
15718,0.2,3,0,0
15719,0.2,3,0,0
15720,0.6000000000000001,0,1,1
15721,0.2,2,1,1
15722,2.2,1,1,1
15723,0.2,2,1,1
15724,0.2,3,0,0
15725,0.2,3,0,0
15726,0.2,2,1,0
15727,0.2,1,1,1
15728,0.2,3,0,0
15729,0.2,3,1,0
15730,1.0,3,0,1
15731,0.2,3,0,0
15732,0.2,1,1,1
15733,0.2,1,1,1
15734,0.2,3,0,0
15735,0.2,1,1,1
15736,0.2,1,1,1
15737,0.2,3,0,0
15738,1.0,0,1,1
15739,0.2,3,0,0
15740,0.2,1,1,1
15741,0.2,3,0,0
15742,2.2,0,1,1
15743,0.2,3,0,0
15744,0.2,0,1,1
15745,0.2,3,0,0
15746,0.2,2,1,1
15747,0.2,3,0,0
15748,0.2,3,0,0
15749,0.2,3,0,0
15750,0.2,3,0,0
15751,1.0,3,0,1
15752,1.0,3,0,0
15753,1.0,1,1,1
15754,2.2,3,0,0
15755,1.0,3,0,1
15756,1.0,3,0,0
15757,1.0,1,1,1
15758,0.2,3,0,0
15759,1.0,3,0,1
15760,0.2,2,1,0
15761,0.2,3,0,0
15762,2.2,1,1,1
15763,0.2,3,0,0
15764,0.2,1,1,1
15765,0.2,3,1,0
15766,0.2,3,0,0
15767,0.2,1,1,1
15768,1.0,2,1,1
15769,0.2,3,0,0
15770,0.2,2,1,1
15771,1.0,3,0,1
15772,0.2,3,1,0
15773,0.2,2,1,1
15774,0.2,2,1,0
15775,0.2,3,0,0
15776,0.2,3,0,0
15777,0.2,2,1,1
15778,0.2,1,1,1
15779,0.2,1,1,1
15780,0.2,3,0,0
15781,0.2,3,0,0
15782,0.2,1,1,1
15783,0.2,3,0,0
15784,0.2,2,1,1
15785,0.2,2,1,0
15786,0.2,3,0,0
15787,1.0,2,1,1
15788,0.2,3,0,0
15789,0.2,2,1,0
15790,1.0,3,0,1
15791,0.2,2,1,0
15792,1.0,3,0,1
15793,0.2,3,0,0
15794,0.2,0,1,1
15795,0.2,3,0,0
15796,1.0,2,1,1
15797,0.2,2,1,0
15798,1.0,3,1,1
15799,1.0,0,1,1
15800,2.2,3,0,1
15801,0.2,1,1,1
15802,1.0,3,0,0
15803,0.2,1,1,1
15804,1.0,3,0,0
15805,3.0,3,0,0
15806,0.2,3,0,0
15807,0.2,3,0,0
15808,0.2,2,1,1
15809,0.2,3,0,0
15810,0.2,2,1,1
15811,0.2,1,1,1
15812,0.2,3,0,0
15813,0.2,3,0,0
15814,0.2,3,0,0
15815,1.0,2,1,1
15816,0.2,1,1,1
15817,0.2,3,0,0
15818,1.0,0,1,1
15819,0.2,1,1,1
15820,0.2,3,0,0
15821,0.2,1,1,1
15822,1.0,3,0,1
15823,0.2,0,1,1
15824,0.2,2,1,1
15825,1.0,0,1,1
15826,0.2,3,0,0
15827,0.2,1,1,1
15828,0.2,3,0,0
15829,0.2,2,1,0
15830,0.2,2,1,1
15831,0.2,3,0,1
15832,0.2,2,1,0
15833,0.2,3,0,0
15834,0.2,2,1,1
15835,0.2,3,0,1
15836,0.2,3,0,0
15837,1.0,3,0,0
15838,0.2,2,1,0
15839,1.0,1,1,1
15840,1.0,1,1,1
15841,0.2,3,0,0
15842,1.0,3,0,1
15843,1.0,3,0,0
15844,0.2,1,1,1
15845,0.2,3,1,0
15846,3.4000000000000004,1,1,1
15847,0.2,3,0,0
15848,0.2,1,1,1
15849,0.2,3,0,0
15850,0.2,3,1,0
15851,0.2,3,0,0
15852,1.0,1,1,1
15853,0.2,3,0,0
15854,1.0,3,1,0
15855,0.2,2,1,1
15856,0.2,2,1,1
15857,0.2,3,0,0
15858,0.2,1,1,1
15859,0.2,3,1,0
15860,0.2,2,1,0
15861,0.2,2,1,0
15862,1.0,3,0,1
15863,0.2,2,1,0
15864,0.2,1,1,1
15865,1.0,3,0,0
15866,1.0,3,0,1
15867,0.2,3,0,0
15868,2.2,3,0,1
15869,0.2,3,0,0
15870,1.0,1,1,1
15871,0.2,3,0,0
15872,1.0,1,1,1
15873,0.2,2,1,1
15874,0.2,2,1,1
15875,1.0,3,0,0
15876,0.2,3,0,0
15877,0.2,3,0,0
15878,0.2,3,0,0
15879,0.2,1,1,1
15880,0.2,3,0,0
15881,0.2,3,0,0
15882,0.2,3,0,0
15883,0.2,3,0,0
15884,0.2,3,0,0
15885,0.2,3,1,0
15886,0.2,0,1,1
15887,0.2,1,1,1
15888,0.2,3,0,0
15889,0.2,0,1,1
15890,0.2,3,1,0
15891,1.0,0,1,1
15892,2.2,3,0,1
15893,0.6000000000000001,0,1,1
15894,0.2,1,1,1
15895,0.2,3,0,0
15896,1.0,1,1,1
15897,1.0,1,1,1
15898,0.2,3,0,0
15899,1.0,2,1,1
15900,0.2,2,1,0
15901,0.2,2,1,0
15902,1.0,2,1,1
15903,0.2,3,0,0
15904,0.2,2,1,1
15905,0.2,3,0,0
15906,0.2,3,0,0
15907,0.2,1,1,1
15908,2.2,3,0,1
15909,0.2,3,0,0
15910,0.2,1,1,1
15911,0.2,3,0,0
15912,0.2,3,0,0
15913,1.0,0,1,1
15914,0.2,3,0,0
15915,1.0,3,0,1
15916,0.2,3,0,0
15917,0.2,2,1,0
15918,0.2,2,1,1
15919,0.2,3,0,0
15920,0.2,3,0,0
15921,0.2,3,0,0
15922,0.2,1,1,1
15923,1.0,3,0,1
15924,0.2,3,0,0
15925,0.2,1,1,1
15926,0.2,1,1,1
15927,0.2,1,1,1
15928,1.0,1,1,1
15929,0.2,3,0,0
15930,0.2,3,0,0
15931,0.2,3,0,0
15932,0.2,3,0,0
15933,0.2,2,1,0
15934,0.2,3,0,0
15935,0.2,2,1,0
15936,0.2,3,0,0
15937,0.2,3,0,0
15938,1.0,3,0,0
15939,1.0,0,1,1
15940,0.2,3,0,0
15941,0.2,2,1,0
15942,0.2,2,1,1
15943,0.2,3,0,0
15944,0.2,3,0,0
15945,0.2,3,0,0
15946,0.2,2,1,1
15947,0.2,3,0,0
15948,1.0,3,0,0
15949,0.2,3,0,0
15950,1.0,0,1,1
15951,0.2,3,0,0
15952,1.0,3,0,1
15953,0.2,3,0,0
15954,0.2,3,1,0
15955,0.2,3,0,0
15956,0.2,3,0,0
15957,0.2,1,1,1
15958,0.2,1,1,1
15959,0.2,3,1,0
15960,0.2,3,0,0
15961,0.2,3,1,1
15962,0.2,2,1,1
15963,0.2,2,1,0
15964,0.2,3,0,0
15965,0.2,2,1,0
15966,3.4000000000000004,1,1,1
15967,0.2,2,1,1
15968,1.0,3,0,0
15969,1.0,3,0,0
15970,0.2,2,1,1
15971,1.0,2,1,1
15972,0.2,3,0,0
15973,0.2,3,0,0
15974,0.2,2,1,1
15975,0.2,1,1,1
15976,1.0,2,1,1
15977,0.2,3,0,0
15978,0.2,3,0,0
15979,1.0,2,1,1
15980,1.0,3,0,0
15981,0.2,2,1,0
15982,0.2,1,1,1
15983,1.0,3,0,0
15984,1.0,3,0,0
15985,1.0,3,0,0
15986,1.0,3,1,1
15987,1.0,3,0,0
15988,0.2,3,0,1
15989,0.2,2,1,0
15990,0.2,0,1,1
15991,1.0,3,0,0
15992,1.0,3,0,0
15993,0.2,3,0,0
15994,0.2,2,1,1
15995,1.0,2,1,1
15996,2.2,1,1,1
15997,1.0,3,0,0
15998,0.2,3,0,0
15999,0.2,1,1,1
16000,0.2,3,1,0
16001,0.2,0,1,1
16002,1.0,3,0,0
16003,0.2,1,1,1
16004,0.2,1,1,1
16005,0.2,3,0,0
16006,0.2,3,0,0
16007,1.0,1,1,1
16008,2.2,2,1,1
16009,0.2,3,0,0
16010,0.2,2,1,1
16011,0.2,1,1,1
16012,0.2,1,1,1
16013,0.6000000000000001,3,0,0
16014,0.2,2,1,1
16015,1.0,3,0,0
16016,0.2,2,1,0
16017,0.2,3,0,0
16018,0.2,3,0,0
16019,0.2,3,0,0
16020,0.2,2,1,0
16021,0.2,2,1,1
16022,0.2,3,0,0
16023,1.0,0,1,1
16024,0.2,3,0,1
16025,0.2,2,1,1
16026,0.2,3,0,0
16027,0.2,2,1,0
16028,0.2,3,0,0
16029,0.2,2,1,0
16030,1.0,1,1,1
16031,0.2,2,1,1
16032,0.2,1,1,1
16033,1.0,3,0,1
16034,1.0,3,0,0
16035,0.2,2,1,1
16036,0.2,3,0,0
16037,0.2,2,1,0
16038,0.2,2,1,0
16039,0.2,1,1,1
16040,0.2,3,0,0
16041,1.0,1,1,1
16042,0.2,3,0,0
16043,1.0,0,1,1
16044,0.2,1,1,1
16045,0.2,3,0,0
16046,1.0,3,0,0
16047,0.2,3,0,0
16048,1.0,1,1,1
16049,0.2,1,1,1
16050,0.2,3,0,0
16051,0.2,3,0,0
16052,1.0,1,1,1
16053,0.2,2,1,1
16054,1.0,3,0,1
16055,0.2,3,0,0
16056,0.2,3,0,1
16057,0.2,1,1,1
16058,0.2,3,0,0
16059,1.0,2,1,1
16060,0.2,3,0,0
16061,0.2,3,0,0
16062,0.2,3,0,0
16063,1.0,3,0,1
16064,0.2,3,0,0
16065,1.0,1,1,1
16066,0.2,0,1,1
16067,2.2,1,1,1
16068,1.0,3,0,1
16069,0.2,3,1,0
16070,0.2,3,0,0
16071,1.0,3,0,1
16072,0.2,3,0,0
16073,0.2,3,0,0
16074,1.0,1,1,1
16075,0.2,3,0,0
16076,0.2,1,1,1
16077,0.2,3,0,1
16078,0.2,3,0,0
16079,1.0,3,0,1
16080,0.2,3,0,0
16081,0.2,3,0,0
16082,0.2,3,0,0
16083,0.2,2,1,1
16084,2.2,2,1,1
16085,0.2,3,0,0
16086,1.0,3,0,0
16087,1.0,0,1,1
16088,0.2,3,0,0
16089,0.2,3,0,0
16090,0.2,1,1,1
16091,1.0,3,0,1
16092,1.0,3,0,1
16093,1.0,3,0,0
16094,0.2,3,0,0
16095,1.0,3,0,0
16096,0.2,3,0,0
16097,0.2,3,0,0
16098,0.2,3,0,0
16099,0.2,1,1,1
16100,1.0,3,1,1
16101,1.0,2,1,1
16102,0.2,3,0,0
16103,1.0,3,0,0
16104,0.2,1,1,1
16105,0.2,2,1,1
16106,0.2,3,0,0
16107,1.0,2,1,1
16108,0.2,1,1,1
16109,1.0,1,1,1
16110,0.2,3,0,1
16111,1.0,1,1,1
16112,1.0,2,1,1
16113,0.2,3,0,0
16114,0.2,3,1,0
16115,0.2,3,0,0
16116,0.2,3,0,0
16117,0.2,2,1,0
16118,2.2,3,0,1
16119,0.2,2,1,0
16120,0.2,1,1,1
16121,0.2,3,0,0
16122,0.2,3,0,0
16123,0.2,1,1,1
16124,0.2,3,0,0
16125,0.2,3,1,1
16126,0.2,1,1,1
16127,0.2,3,1,0
16128,1.0,1,1,1
16129,0.2,3,0,0
16130,0.2,2,1,1
16131,1.0,3,0,0
16132,0.2,3,0,0
16133,0.2,3,0,0
16134,1.0,1,1,1
16135,0.2,2,1,1
16136,0.2,3,0,0
16137,0.2,0,1,1
16138,0.2,3,1,1
16139,0.2,1,1,1
16140,0.2,3,0,0
16141,1.0,3,0,1
16142,0.2,3,0,0
16143,0.2,3,0,0
16144,0.2,0,1,1
16145,0.2,2,1,1
16146,0.2,3,0,0
16147,0.2,3,0,0
16148,2.2,3,0,1
16149,0.2,3,0,0
16150,0.2,2,1,1
16151,1.0,1,1,1
16152,0.2,3,0,0
16153,0.2,3,0,0
16154,0.2,2,1,0
16155,1.0,3,0,1
16156,0.2,3,0,0
16157,0.2,2,1,0
16158,0.2,3,0,0
16159,0.2,3,0,0
16160,3.0,1,0,1
16161,1.0,2,1,1
16162,0.2,1,1,1
16163,0.2,3,0,0
16164,1.0,3,1,0
16165,0.2,0,1,1
16166,1.0,3,1,1
16167,0.2,3,0,0
16168,0.2,3,0,0
16169,0.2,3,1,0
16170,0.2,1,1,1
16171,0.2,1,1,1
16172,0.2,3,0,0
16173,0.2,3,0,0
16174,1.0,3,1,1
16175,1.0,3,0,0
16176,0.2,3,0,0
16177,0.2,0,1,1
16178,0.2,3,0,0
16179,1.0,2,1,1
16180,0.2,1,1,1
16181,0.2,3,0,0
16182,0.2,2,1,0
16183,1.0,1,1,1
16184,0.2,1,1,1
16185,2.2,2,1,1
16186,1.0,2,1,1
16187,0.2,2,1,0
16188,0.2,3,0,0
16189,0.2,1,1,1
16190,1.0,1,1,1
16191,0.2,1,1,0
16192,0.2,2,1,0
16193,0.2,2,1,0
16194,0.2,3,0,0
16195,1.0,2,1,1
16196,1.0,3,0,0
16197,0.2,0,1,1
16198,1.0,3,1,1
16199,0.2,3,0,0
16200,1.0,2,1,1
16201,0.2,3,0,0
16202,0.2,3,0,0
16203,0.2,1,1,1
16204,1.0,3,0,0
16205,1.0,1,1,1
16206,1.0,2,1,1
16207,0.2,3,0,0
16208,0.2,1,1,1
16209,0.2,3,0,0
16210,0.2,1,1,1
16211,0.2,3,0,0
16212,0.2,2,1,1
16213,0.2,2,1,1
16214,1.0,3,0,1
16215,0.2,1,1,1
16216,0.2,3,0,0
16217,1.0,3,0,0
16218,0.2,3,0,0
16219,1.0,0,1,1
16220,0.2,1,1,1
16221,0.2,3,0,0
16222,0.2,2,1,0
16223,0.2,3,0,0
16224,1.0,2,1,1
16225,0.2,3,0,0
16226,1.0,2,1,1
16227,1.0,3,0,1
16228,1.0,2,1,1
16229,0.2,3,0,0
16230,0.2,3,0,0
16231,0.2,3,0,0
16232,0.2,1,1,1
16233,1.0,3,0,1
16234,0.2,3,0,0
16235,0.2,3,0,0
16236,0.2,3,0,0
16237,1.0,2,1,1
16238,0.2,3,0,0
16239,1.0,1,1,1
16240,0.2,3,0,0
16241,0.2,3,0,0
16242,1.0,3,0,0
16243,0.2,3,1,0
16244,0.2,0,1,1
16245,0.2,3,0,0
16246,1.0,2,1,1
16247,0.2,3,0,1
16248,0.2,3,0,0
16249,0.2,2,1,1
16250,0.2,3,0,0
16251,1.0,1,1,1
16252,0.2,3,0,0
16253,0.2,1,1,1
16254,1.0,3,0,0
16255,0.2,1,1,1
16256,1.0,3,1,0
16257,1.0,1,1,1
16258,0.2,2,1,1
16259,0.2,2,1,1
16260,0.2,1,1,1
16261,0.2,3,0,0
16262,0.2,3,0,0
16263,3.8,0,1,1
16264,2.2,1,1,1
16265,1.0,3,0,1
16266,0.2,1,1,1
16267,0.2,3,0,0
16268,1.0,3,0,0
16269,1.0,3,0,1
16270,0.2,2,1,0
16271,0.2,3,1,0
16272,0.2,3,0,0
16273,0.2,2,1,1
16274,0.2,1,1,1
16275,0.2,1,1,1
16276,0.2,3,0,0
16277,0.2,1,1,1
16278,0.2,3,1,0
16279,1.0,3,0,0
16280,1.0,3,0,0
16281,0.2,1,1,1
16282,0.2,3,0,0
16283,0.2,2,1,0
16284,1.0,1,1,1
16285,0.2,3,1,0
16286,0.2,3,0,0
16287,1.0,0,1,1
16288,0.2,3,0,0
16289,0.2,3,0,0
16290,0.2,0,1,1
16291,0.2,0,1,1
16292,0.2,1,1,1
16293,0.2,1,1,1
16294,0.2,3,1,0
16295,0.2,0,1,1
16296,0.2,1,1,1
16297,0.2,3,0,0
16298,1.0,2,1,1
16299,0.2,1,1,1
16300,3.0,1,1,1
16301,0.2,1,1,1
16302,0.2,3,0,0
16303,0.2,2,1,0
16304,0.2,3,0,0
16305,1.0,3,0,0
16306,0.2,2,1,1
16307,1.0,3,0,0
16308,0.2,2,1,1
16309,0.2,2,1,1
16310,0.2,3,0,0
16311,0.2,3,0,0
16312,1.0,3,0,1
16313,0.2,1,1,1
16314,0.2,2,1,0
16315,1.0,3,0,0
16316,1.0,2,1,1
16317,1.0,3,0,0
16318,0.2,2,1,0
16319,0.2,3,0,0
16320,0.2,2,1,0
16321,1.0,3,0,0
16322,0.2,2,1,0
16323,0.2,1,1,1
16324,1.0,2,1,1
16325,0.2,1,1,1
16326,0.2,3,0,0
16327,1.0,3,0,1
16328,0.2,2,1,1
16329,0.2,3,0,0
16330,3.8,2,1,0
16331,0.2,1,1,1
16332,0.2,1,1,1
16333,0.2,3,0,0
16334,0.2,2,1,0
16335,1.0,3,0,0
16336,0.2,2,1,1
16337,0.2,1,1,1
16338,0.2,3,0,0
16339,0.2,2,1,0
16340,0.2,2,1,0
16341,0.2,3,0,0
16342,0.2,3,0,0
16343,0.2,2,1,0
16344,0.2,3,0,0
16345,2.2,3,0,0
16346,0.2,3,0,0
16347,0.2,3,0,0
16348,1.0,3,0,0
16349,0.2,3,0,0
16350,1.0,3,1,0
16351,0.2,3,0,0
16352,1.0,3,0,0
16353,0.2,3,0,0
16354,1.8,3,0,0
16355,0.2,3,0,1
16356,0.2,3,0,0
16357,2.2,3,0,1
16358,1.0,2,1,1
16359,0.2,2,1,0
16360,1.0,1,1,1
16361,0.2,3,0,0
16362,0.2,3,0,0
16363,1.0,3,0,1
16364,0.2,3,1,0
16365,0.2,2,1,1
16366,0.2,2,1,1
16367,0.2,2,1,1
16368,0.2,3,0,0
16369,0.2,3,1,0
16370,1.0,1,1,1
16371,0.2,3,0,0
16372,0.2,3,0,0
16373,0.2,3,0,0
16374,1.0,3,0,1
16375,0.2,3,0,0
16376,0.2,0,1,1
16377,0.2,1,1,1
16378,0.2,3,0,0
16379,3.8,1,1,0
16380,0.2,3,0,0
16381,0.2,3,0,0
16382,0.2,2,1,0
16383,1.0,3,0,0
16384,1.0,3,0,0
16385,1.0,3,0,1
16386,0.2,3,0,0
16387,0.2,2,1,0
16388,0.2,2,1,0
16389,0.2,3,0,0
16390,0.2,3,0,0
16391,0.2,3,1,1
16392,0.2,3,0,0
16393,0.2,3,0,0
16394,0.2,3,1,0
16395,0.2,3,0,0
16396,1.0,3,0,1
16397,0.2,3,0,0
16398,0.2,0,1,1
16399,0.2,3,0,0
16400,0.2,3,0,0
16401,0.2,3,0,0
16402,1.0,1,1,1
16403,0.2,1,1,1
16404,0.2,2,1,1
16405,0.2,3,0,0
16406,0.2,2,1,1
16407,0.2,1,1,1
16408,1.0,3,1,0
16409,0.2,1,1,1
16410,1.0,0,1,1
16411,0.2,1,1,1
16412,1.0,3,0,1
16413,0.2,3,0,0
16414,1.0,3,0,0
16415,1.0,3,0,0
16416,1.0,3,0,1
16417,1.0,3,0,1
16418,0.2,3,0,0
16419,1.0,3,0,1
16420,0.2,3,0,0
16421,0.2,3,0,0
16422,0.2,3,0,0
16423,1.0,3,0,0
16424,0.2,1,1,1
16425,0.2,3,0,0
16426,0.2,2,1,1
16427,1.0,3,1,0
16428,0.2,2,1,0
16429,0.2,1,1,1
16430,2.2,1,1,1
16431,0.2,2,1,1
16432,0.2,3,0,1
16433,0.2,1,1,0
16434,0.2,3,0,0
16435,1.0,1,1,1
16436,0.2,2,1,1
16437,0.2,3,0,0
16438,0.2,3,0,0
16439,0.2,3,1,0
16440,1.0,3,0,0
16441,1.0,2,1,1
16442,0.2,3,0,0
16443,2.2,3,0,1
16444,0.2,3,0,0
16445,1.0,3,0,0
16446,0.2,2,1,1
16447,2.2,1,1,1
16448,0.2,1,1,1
16449,0.2,3,0,0
16450,0.2,3,0,0
16451,1.0,3,0,1
16452,0.2,2,1,1
16453,1.0,3,0,0
16454,0.2,3,0,0
16455,0.2,3,0,0
16456,1.0,3,0,0
16457,0.2,3,0,0
16458,0.2,3,0,0
16459,0.2,3,0,0
16460,1.0,0,1,1
16461,0.2,3,0,0
16462,1.0,1,1,1
16463,0.2,3,0,0
16464,0.2,3,0,0
16465,0.2,1,1,1
16466,1.0,3,0,1
16467,0.2,3,0,0
16468,0.2,3,0,0
16469,0.2,1,1,1
16470,0.2,3,0,0
16471,1.0,3,0,1
16472,0.2,3,1,0
16473,1.0,2,1,1
16474,1.0,1,1,1
16475,0.2,3,0,0
16476,0.2,1,1,1
16477,0.2,2,1,1
16478,0.2,1,1,1
16479,0.2,2,1,0
16480,0.2,3,0,0
16481,0.2,3,0,1
16482,0.2,2,1,1
16483,1.0,1,1,1
16484,1.0,3,0,1
16485,0.2,3,0,0
16486,1.0,3,0,0
16487,1.0,2,1,1
16488,0.2,3,0,0
16489,0.2,3,0,0
16490,1.0,1,1,1
16491,0.2,3,0,1
16492,1.0,2,1,1
16493,1.0,3,0,0
16494,0.2,3,1,0
16495,0.2,3,0,0
16496,0.2,3,0,0
16497,0.2,2,1,1
16498,0.2,1,1,1
16499,0.2,3,0,0
16500,1.0,3,0,0
16501,0.2,3,1,0
16502,0.2,2,1,1
16503,1.0,1,1,1
16504,0.2,2,1,1
16505,0.2,2,1,0
16506,0.2,3,0,0
16507,3.4000000000000004,3,0,1
16508,0.2,2,1,1
16509,1.0,1,1,1
16510,0.2,3,0,0
16511,0.2,3,0,0
16512,1.0,3,0,1
16513,1.0,1,1,1
16514,1.0,3,0,1
16515,0.2,3,0,0
16516,1.0,3,0,0
16517,1.0,3,0,1
16518,0.2,3,0,0
16519,0.2,2,1,0
16520,0.2,1,1,1
16521,0.2,3,0,0
16522,0.2,3,0,0
16523,0.2,3,0,0
16524,0.2,3,0,0
16525,0.2,2,1,0
16526,0.2,3,0,0
16527,0.2,2,1,1
16528,0.2,2,1,0
16529,0.2,2,1,1
16530,1.0,3,0,1
16531,1.0,1,1,1
16532,0.2,2,1,0
16533,0.2,3,0,0
16534,0.2,3,0,0
16535,0.2,1,1,1
16536,0.2,3,0,0
16537,0.2,1,1,1
16538,0.2,2,1,1
16539,0.2,1,1,1
16540,0.2,3,0,0
16541,0.2,2,1,0
16542,0.2,1,1,0
16543,0.2,1,1,1
16544,0.2,1,1,1
16545,0.2,3,0,0
16546,0.2,1,1,1
16547,0.2,3,0,0
16548,0.2,3,0,0
16549,0.2,0,1,1
16550,1.0,3,1,1
16551,0.2,1,1,1
16552,0.2,2,1,0
16553,0.2,2,1,0
16554,0.2,3,0,0
16555,0.2,3,0,0
16556,1.0,2,1,1
16557,0.2,3,1,0
16558,0.2,3,0,0
16559,1.0,1,1,1
16560,0.2,0,1,1
16561,1.0,3,0,0
16562,0.2,2,1,0
16563,0.2,3,1,1
16564,0.2,3,0,0
16565,0.2,2,1,0
16566,0.2,3,0,0
16567,0.2,1,1,1
16568,1.0,3,0,0
16569,0.2,0,1,1
16570,0.2,1,1,1
16571,1.0,3,0,0
16572,0.2,3,0,0
16573,0.2,2,1,0
16574,0.2,1,1,1
16575,2.2,2,1,1
16576,1.0,3,0,1
16577,0.2,3,0,0
16578,0.2,3,0,0
16579,1.0,3,0,0
16580,0.2,3,0,0
16581,1.0,1,1,1
16582,1.0,3,0,1
16583,0.2,3,0,0
16584,1.0,1,1,1
16585,0.2,3,1,0
16586,0.2,2,1,1
16587,0.2,2,1,0
16588,0.2,3,0,0
16589,0.2,3,0,0
16590,0.2,3,1,0
16591,0.2,1,1,1
16592,1.0,3,0,0
16593,0.2,3,0,0
16594,0.2,1,1,1
16595,1.0,1,1,1
16596,0.2,1,1,1
16597,2.2,2,1,1
16598,0.2,2,1,0
16599,0.2,3,0,0
16600,0.2,2,1,0
16601,0.2,2,1,0
16602,0.2,2,1,1
16603,0.2,1,1,1
16604,0.2,3,1,0
16605,0.2,1,1,1
16606,0.2,1,1,1
16607,0.2,3,1,0
16608,0.2,0,1,1
16609,0.2,2,1,1
16610,0.2,3,0,0
16611,0.2,3,0,0
16612,0.2,2,1,0
16613,0.2,1,1,1
16614,0.2,3,0,0
16615,0.2,3,0,0
16616,0.2,3,1,0
16617,0.2,3,0,0
16618,0.2,2,1,0
16619,0.2,3,0,0
16620,0.2,3,0,0
16621,0.2,1,1,1
16622,1.0,3,0,0
16623,0.2,2,1,0
16624,0.2,2,1,0
16625,0.2,3,0,0
16626,0.2,3,0,0
16627,0.2,2,1,0
16628,1.0,1,1,1
16629,0.2,3,1,0
16630,0.2,3,0,0
16631,0.2,3,0,0
16632,0.2,3,0,0
16633,0.2,1,1,1
16634,0.2,3,0,0
16635,0.2,1,1,1
16636,0.2,3,0,0
16637,0.2,3,0,0
16638,0.2,0,1,1
16639,3.8,0,1,0
16640,1.0,3,0,0
16641,0.2,2,1,1
16642,2.2,1,1,1
16643,0.2,3,1,0
16644,0.2,2,1,1
16645,0.2,3,0,0
16646,0.2,3,0,0
16647,0.2,3,0,0
16648,0.2,1,1,1
16649,0.2,3,0,0
16650,0.2,3,0,0
16651,0.2,3,1,0
16652,0.2,3,0,0
16653,0.2,1,1,1
16654,0.2,3,0,0
16655,1.0,3,0,1
16656,0.2,2,1,1
16657,0.2,3,0,0
16658,0.2,2,1,1
16659,1.0,1,1,1
16660,0.2,2,1,1
16661,0.2,1,1,1
16662,1.0,3,0,0
16663,0.2,2,1,1
16664,0.2,2,1,0
16665,0.2,2,1,0
16666,0.2,3,0,0
16667,0.2,3,0,0
16668,0.2,2,1,0
16669,0.2,1,1,1
16670,0.2,1,1,1
16671,0.2,0,1,1
16672,1.0,2,1,1
16673,0.2,3,0,0
16674,1.0,3,0,0
16675,1.0,3,0,1
16676,0.2,3,1,0
16677,0.2,1,1,1
16678,1.0,3,0,1
16679,0.2,2,1,1
16680,0.2,3,0,0
16681,0.2,3,0,0
16682,0.2,3,0,0
16683,0.2,3,0,1
16684,0.2,3,0,0
16685,1.0,3,0,1
16686,1.0,3,0,0
16687,0.2,3,0,0
16688,0.2,3,0,0
16689,0.2,1,1,1
16690,0.2,2,1,1
16691,0.2,3,0,0
16692,0.2,3,0,0
16693,1.0,3,0,1
16694,0.2,2,1,0
16695,0.2,1,1,1
16696,0.2,3,0,0
16697,0.2,3,0,0
16698,1.0,0,1,1
16699,1.0,3,0,1
16700,1.0,1,1,1
16701,0.2,1,1,1
16702,1.0,3,0,0
16703,0.2,0,1,1
16704,0.2,3,0,0
16705,1.0,3,0,0
16706,0.2,3,0,0
16707,1.0,3,0,0
16708,0.2,2,1,0
16709,1.0,3,0,0
16710,3.0,3,0,0
16711,0.2,2,1,0
16712,0.2,1,1,1
16713,0.2,3,0,0
16714,1.0,3,0,1
16715,0.2,3,0,0
16716,1.0,2,1,1
16717,0.2,3,0,0
16718,1.0,3,0,0
16719,0.2,1,1,1
16720,0.2,2,1,1
16721,0.2,3,0,0
16722,0.2,2,1,1
16723,0.2,2,1,1
16724,0.2,2,1,1
16725,1.0,2,1,1
16726,0.2,3,1,0
16727,0.2,3,0,0
16728,2.2,1,1,1
16729,0.2,3,0,0
16730,0.2,3,0,0
16731,1.0,2,1,1
16732,2.2,2,1,1
16733,1.0,3,0,1
16734,0.2,1,1,1
16735,0.2,2,1,1
16736,0.2,1,1,1
16737,1.0,2,1,1
16738,0.2,1,1,1
16739,0.2,3,0,0
16740,2.2,3,0,1
16741,0.2,3,0,0
16742,0.2,3,0,0
16743,1.0,3,0,0
16744,0.2,3,0,0
16745,1.0,3,0,1
16746,0.2,2,1,1
16747,1.0,3,0,1
16748,0.2,2,1,0
16749,0.2,3,0,0
16750,1.0,3,0,0
16751,1.0,2,1,1
16752,0.2,3,0,0
16753,0.2,3,0,0
16754,0.2,3,0,0
16755,1.0,2,1,1
16756,0.2,3,0,0
16757,1.0,2,1,1
16758,0.2,3,0,0
16759,0.2,3,0,0
16760,0.2,2,1,0
16761,1.0,3,0,0
16762,0.2,1,1,1
16763,2.2,3,0,1
16764,0.2,0,1,1
16765,0.2,3,0,0
16766,0.2,3,0,0
16767,0.2,3,0,0
16768,1.0,1,1,1
16769,0.2,3,0,0
16770,0.2,1,1,1
16771,0.2,3,0,0
16772,1.0,2,1,1
16773,0.2,3,0,0
16774,0.2,3,1,0
16775,1.0,3,0,0
16776,0.2,1,1,1
16777,0.2,3,0,0
16778,0.2,2,1,0
16779,0.2,3,1,0
16780,0.2,0,1,1
16781,0.2,3,0,0
16782,0.2,2,1,1
16783,1.0,2,1,1
16784,1.0,3,0,0
16785,0.2,1,1,1
16786,0.2,2,1,1
16787,0.2,1,1,1
16788,0.2,3,0,0
16789,2.2,3,0,0
16790,1.0,3,0,0
16791,0.2,2,1,1
16792,0.2,1,1,1
16793,0.2,3,0,0
16794,1.0,3,0,0
16795,0.2,3,0,0
16796,0.2,2,1,0
16797,1.8,3,0,0
16798,1.0,2,1,1
16799,0.2,3,0,0
16800,0.2,3,1,0
16801,0.2,3,0,0
16802,0.2,2,1,1
16803,0.2,2,1,1
16804,0.2,3,0,0
16805,1.0,1,1,1
16806,0.2,1,1,1
16807,0.2,3,0,0
16808,0.2,1,1,1
16809,0.2,3,0,0
16810,0.2,3,0,0
16811,0.2,0,1,1
16812,0.2,3,0,0
16813,2.2,2,1,1
16814,0.2,2,1,0
16815,0.2,3,0,0
16816,0.2,3,0,0
16817,0.2,2,1,0
16818,0.2,3,0,0
16819,0.2,1,1,0
16820,0.2,0,1,1
16821,0.2,3,0,0
16822,0.2,3,0,0
16823,0.2,2,1,1
16824,0.2,1,1,1
16825,0.2,0,1,1
16826,0.2,3,0,0
16827,0.2,3,0,0
16828,0.2,1,1,1
16829,0.2,1,1,1
16830,0.2,3,0,0
16831,0.2,0,1,1
16832,1.0,3,0,0
16833,0.2,3,1,0
16834,1.0,3,0,0
16835,1.0,1,1,1
16836,0.2,2,1,1
16837,0.2,2,1,0
16838,2.2,2,1,1
16839,0.2,1,1,1
16840,2.2,3,0,1
16841,0.2,0,1,1
16842,0.2,3,1,0
16843,0.2,3,0,0
16844,0.2,1,1,1
16845,0.2,3,0,0
16846,1.0,3,0,0
16847,2.2,3,0,0
16848,0.2,3,0,0
16849,0.2,3,0,0
16850,0.2,3,0,0
16851,0.2,2,1,1
16852,0.2,1,1,1
16853,0.2,2,1,1
16854,0.2,2,1,0
16855,0.2,1,1,1
16856,0.2,3,0,0
16857,0.2,3,1,0
16858,0.2,1,1,1
16859,0.2,3,0,0
16860,1.0,3,1,0
16861,0.2,0,1,1
16862,0.2,2,1,1
16863,0.2,3,0,0
16864,0.2,3,0,0
16865,0.2,3,0,0
16866,0.2,1,1,1
16867,0.2,3,0,0
16868,0.2,3,0,0
16869,0.2,1,1,1
16870,0.2,3,0,0
16871,0.2,3,0,0
16872,1.0,2,1,1
16873,1.0,3,1,1
16874,0.2,3,0,0
16875,0.2,3,0,0
16876,1.0,3,0,0
16877,0.2,3,0,0
16878,1.0,1,1,1
16879,1.0,2,1,1
16880,2.2,3,0,1
16881,0.2,2,1,1
16882,1.0,2,1,1
16883,0.2,2,1,1
16884,1.0,3,0,1
16885,0.2,3,0,0
16886,0.2,1,1,1
16887,1.0,3,0,0
16888,1.0,0,1,1
16889,0.2,3,0,0
16890,1.0,1,1,1
16891,0.2,3,0,0
16892,0.2,2,1,0
16893,0.2,3,0,0
16894,1.0,3,0,0
16895,0.2,1,1,1
16896,1.0,3,0,0
16897,1.0,0,1,1
16898,0.2,3,1,0
16899,0.2,3,0,0
16900,0.2,2,1,1
16901,0.2,0,1,1
16902,0.2,3,0,0
16903,1.0,3,0,0
16904,0.2,3,0,0
16905,0.2,3,0,0
16906,0.2,3,0,0
16907,0.2,1,1,1
16908,1.0,1,1,1
16909,0.2,3,0,1
16910,1.0,3,0,0
16911,0.2,1,1,1
16912,0.2,2,1,0
16913,1.0,3,0,1
16914,1.0,3,0,1
16915,0.2,3,0,0
16916,0.2,3,0,0
16917,1.0,3,0,0
16918,1.0,3,0,0
16919,0.2,3,0,0
16920,0.2,0,1,1
16921,0.2,2,1,0
16922,0.2,0,1,1
16923,1.0,3,0,0
16924,1.0,3,0,1
16925,0.2,1,1,1
16926,0.2,3,0,0
16927,0.2,3,0,0
16928,0.2,2,1,1
16929,0.2,1,1,1
16930,2.2,3,0,1
16931,0.2,3,0,0
16932,1.0,3,0,1
16933,0.2,1,1,1
16934,0.2,3,0,0
16935,1.0,3,0,1
16936,0.2,3,0,0
16937,0.2,3,1,0
16938,0.2,3,0,0
16939,0.2,3,1,0
16940,0.2,1,1,1
16941,0.2,3,0,0
16942,1.0,1,1,1
16943,1.0,3,0,0
16944,0.2,2,1,0
16945,0.2,3,0,0
16946,0.2,3,0,0
16947,0.2,3,0,0
16948,0.2,3,1,0
16949,0.2,3,0,0
16950,1.0,3,0,0
16951,0.2,1,1,1
16952,0.2,3,1,0
16953,1.0,1,1,1
16954,0.2,3,0,0
16955,1.0,3,0,1
16956,0.2,3,1,0
16957,0.2,3,0,0
16958,0.2,3,0,0
16959,0.2,0,1,1
16960,0.2,3,0,0
16961,0.2,3,1,0
16962,2.2,1,1,1
16963,0.2,3,0,0
16964,0.2,1,1,1
16965,0.2,2,1,1
16966,0.2,3,0,0
16967,0.2,2,1,0
16968,0.2,0,1,1
16969,1.0,3,0,1
16970,1.0,3,1,0
16971,1.0,3,0,1
16972,0.2,3,1,0
16973,0.2,3,0,0
16974,0.2,3,1,0
16975,0.2,3,0,0
16976,0.2,1,1,1
16977,0.2,3,0,0
16978,0.2,2,1,0
16979,0.2,3,0,0
16980,0.2,2,1,1
16981,0.2,3,0,0
16982,0.2,0,1,1
16983,0.2,3,0,0
16984,0.2,3,0,0
16985,1.0,1,1,1
16986,0.2,2,1,1
16987,0.2,1,1,1
16988,0.2,2,1,0
16989,0.2,1,1,1
16990,0.2,1,1,1
16991,0.2,3,0,0
16992,0.2,1,1,1
16993,0.2,3,0,0
16994,0.2,3,0,0
16995,1.0,3,0,0
16996,0.2,3,0,0
16997,1.0,3,0,0
16998,0.2,3,0,0
16999,0.2,3,1,0
17000,1.0,3,0,0
17001,0.2,2,1,1
17002,1.0,3,0,0
17003,0.2,2,1,1
17004,0.2,3,0,0
17005,0.2,1,1,1
17006,0.2,2,1,0
17007,0.2,1,1,1
17008,0.2,3,1,0
17009,0.2,0,1,1
17010,1.0,3,0,0
17011,1.0,0,1,1
17012,0.2,1,1,1
17013,0.2,3,0,0
17014,0.2,2,1,0
17015,0.2,3,0,0
17016,0.2,3,0,0
17017,1.0,1,1,1
17018,0.2,3,0,0
17019,0.2,2,1,1
17020,0.2,3,1,0
17021,0.2,0,1,1
17022,0.2,3,0,0
17023,1.0,3,0,0
17024,0.2,3,0,0
17025,0.2,1,1,1
17026,1.0,3,0,0
17027,0.2,3,0,0
17028,0.2,3,0,0
17029,0.2,1,1,1
17030,0.2,3,0,0
17031,0.2,3,0,0
17032,0.2,3,1,0
17033,0.2,3,0,0
17034,0.2,2,1,0
17035,1.0,2,1,1
17036,0.2,3,1,0
17037,2.2,3,0,1
17038,0.2,3,0,0
17039,1.0,3,0,1
17040,0.2,2,1,1
17041,0.2,0,1,1
17042,0.2,3,0,0
17043,0.2,0,1,1
17044,1.0,3,0,0
17045,0.2,3,1,0
17046,0.2,3,0,0
17047,0.2,3,0,0
17048,0.2,3,0,0
17049,0.2,1,1,1
17050,0.2,1,1,1
17051,0.2,3,0,0
17052,0.2,3,0,0
17053,0.2,1,1,1
17054,1.0,1,1,1
17055,0.2,3,0,0
17056,1.0,3,0,0
17057,0.2,3,0,0
17058,0.2,3,0,0
17059,0.2,2,1,1
17060,0.2,3,0,0
17061,0.2,3,0,0
17062,1.0,1,1,1
17063,1.0,3,0,0
17064,0.2,3,0,0
17065,0.2,2,1,1
17066,0.2,1,1,1
17067,0.2,3,0,0
17068,0.2,3,0,0
17069,0.2,1,1,1
17070,0.2,0,1,1
17071,0.2,3,0,0
17072,0.2,2,1,1
17073,1.0,3,0,1
17074,0.2,2,1,0
17075,0.2,3,1,0
17076,0.2,0,1,1
17077,0.2,2,1,1
17078,0.2,1,1,0
17079,0.2,3,0,0
17080,0.2,3,0,0
17081,0.2,3,0,1
17082,0.2,3,0,0
17083,1.0,3,0,0
17084,1.0,3,0,0
17085,0.2,2,1,1
17086,0.2,3,0,0
17087,0.2,3,0,0
17088,0.2,2,1,1
17089,0.2,2,1,0
17090,1.0,3,0,1
17091,0.2,2,1,1
17092,1.0,3,0,1
17093,0.2,3,0,0
17094,0.2,2,1,1
17095,0.2,3,0,0
17096,0.2,3,0,0
17097,1.0,3,0,1
17098,0.2,3,0,0
17099,1.0,3,0,0
17100,0.2,0,1,1
17101,0.2,1,1,1
17102,2.2,1,1,1
17103,0.2,1,1,1
17104,0.2,2,1,0
17105,0.2,1,1,1
17106,0.2,2,1,1
17107,0.2,3,1,0
17108,0.2,1,1,1
17109,0.2,2,1,1
17110,0.2,2,1,0
17111,0.2,1,1,1
17112,0.2,3,1,0
17113,1.0,3,0,0
17114,0.2,3,0,0
17115,0.2,0,1,1
17116,0.2,1,1,1
17117,1.0,1,1,1
17118,0.2,2,1,1
17119,1.0,2,1,1
17120,0.2,3,0,0
17121,0.2,1,1,1
17122,0.2,3,0,0
17123,0.2,1,1,1
17124,0.2,2,1,1
17125,0.2,3,0,0
17126,0.2,3,0,0
17127,0.2,3,0,0
17128,0.2,3,0,0
17129,0.2,2,1,1
17130,0.2,3,0,0
17131,0.2,2,1,1
17132,0.2,1,1,1
17133,0.2,3,0,0
17134,0.2,1,1,1
17135,0.2,2,1,1
17136,0.2,2,1,0
17137,1.0,1,1,1
17138,0.2,3,1,0
17139,0.2,3,0,0
17140,0.2,1,1,1
17141,1.0,3,1,0
17142,3.0,1,1,1
17143,0.2,3,0,0
17144,0.2,1,1,1
17145,2.2,3,0,0
17146,0.2,3,0,0
17147,1.0,3,0,1
17148,1.0,3,0,0
17149,0.2,3,0,0
17150,1.0,2,1,1
17151,1.0,2,1,1
17152,1.0,1,1,1
17153,0.2,3,0,0
17154,0.2,0,1,1
17155,0.2,2,1,0
17156,0.2,3,0,0
17157,0.2,1,1,1
17158,0.2,1,1,1
17159,1.0,3,0,1
17160,1.0,1,1,1
17161,0.2,3,0,0
17162,1.0,3,0,0
17163,1.0,3,0,0
17164,1.0,3,0,0
17165,0.2,3,0,0
17166,0.2,3,0,0
17167,0.2,3,0,0
17168,1.0,3,0,1
17169,0.2,3,0,0
17170,2.2,1,1,1
17171,0.2,3,0,0
17172,1.0,3,0,0
17173,0.2,3,0,0
17174,0.2,1,1,1
17175,0.2,3,0,0
17176,0.2,0,1,1
17177,0.2,3,0,0
17178,0.2,3,0,0
17179,1.0,3,1,0
17180,0.2,3,0,0
17181,1.0,3,0,0
17182,0.2,0,1,1
17183,0.2,1,1,1
17184,3.8,1,1,1
17185,0.2,3,1,0
17186,1.0,1,1,1
17187,1.0,3,0,0
17188,1.0,3,0,0
17189,1.0,1,1,1
17190,0.2,3,0,0
17191,1.0,2,1,1
17192,0.2,2,1,1
17193,1.0,3,0,0
17194,0.2,1,1,1
17195,0.2,2,1,1
17196,1.0,3,1,1
17197,0.2,3,1,0
17198,1.0,3,0,0
17199,0.2,3,1,0
17200,0.2,2,1,0
17201,0.2,2,1,1
17202,0.2,3,0,0
17203,0.2,3,0,0
17204,0.2,3,0,0
17205,1.0,2,1,0
17206,0.2,3,0,0
17207,0.2,3,0,0
17208,0.2,3,0,0
17209,0.2,3,0,0
17210,1.0,3,0,0
17211,0.2,1,1,1
17212,1.0,3,0,0
17213,0.2,2,1,1
17214,0.2,1,1,1
17215,1.0,3,0,0
17216,2.2,3,0,1
17217,1.0,2,1,1
17218,1.0,3,0,1
17219,0.2,3,0,1
17220,0.2,2,1,0
17221,0.2,3,0,0
17222,1.0,3,0,0
17223,0.2,3,0,0
17224,0.2,2,1,1
17225,1.0,3,0,0
17226,0.2,3,0,0
17227,0.2,3,0,0
17228,0.2,3,0,0
17229,0.2,3,0,0
17230,0.2,3,0,0
17231,0.2,3,0,0
17232,1.0,3,0,0
17233,0.2,3,0,0
17234,2.2,3,0,1
17235,0.2,3,0,1
17236,1.0,3,0,1
17237,0.2,3,0,0
17238,0.2,3,0,0
17239,0.2,3,0,0
17240,1.0,0,1,1
17241,1.0,2,1,1
17242,0.2,3,0,0
17243,0.2,2,1,0
17244,1.0,3,0,0
17245,0.2,3,0,0
17246,3.0,1,1,1
17247,0.2,3,0,0
17248,0.2,1,1,0
17249,0.2,2,1,0
17250,0.2,3,0,0
17251,1.0,3,0,0
17252,0.2,1,1,1
17253,0.2,3,0,0
17254,0.2,3,0,0
17255,0.2,1,1,1
17256,1.0,2,1,1
17257,0.2,3,0,0
17258,0.2,1,1,1
17259,0.2,0,1,1
17260,0.2,1,1,1
17261,0.2,3,0,0
17262,1.0,3,0,0
17263,0.2,3,0,0
17264,0.2,2,1,1
17265,0.2,3,0,0
17266,0.2,3,0,1
17267,3.8,0,1,1
17268,0.2,1,1,1
17269,0.2,3,0,0
17270,0.2,1,1,1
17271,0.2,2,1,0
17272,0.2,1,1,1
17273,0.2,1,1,1
17274,0.2,3,0,0
17275,0.2,3,0,0
17276,0.2,3,1,0
17277,0.2,2,1,0
17278,0.2,1,1,1
17279,1.0,3,0,1
17280,1.0,3,0,1
17281,1.0,2,1,1
17282,0.2,2,1,1
17283,0.2,3,0,0
17284,0.2,3,0,0
17285,1.0,0,1,1
17286,0.2,3,0,0
17287,0.2,3,0,0
17288,2.2,2,1,1
17289,3.4000000000000004,3,0,1
17290,1.0,0,1,1
17291,0.2,3,0,0
17292,1.0,3,0,0
17293,1.0,1,1,1
17294,0.2,2,1,1
17295,0.2,0,1,1
17296,0.2,2,1,1
17297,0.2,3,0,0
17298,0.2,3,1,0
17299,0.2,3,1,0
17300,0.2,2,1,1
17301,0.2,3,0,0
17302,0.2,3,0,0
17303,1.0,2,1,1
17304,0.2,2,1,0
17305,1.0,2,1,1
17306,0.2,3,0,0
17307,0.2,0,1,1
17308,0.2,1,1,1
17309,1.0,3,1,1
17310,1.0,1,1,1
17311,1.0,3,0,1
17312,0.2,3,0,0
17313,0.2,1,1,1
17314,0.2,3,0,0
17315,2.2,3,0,1
17316,0.2,3,0,0
17317,0.2,3,0,0
17318,2.2,2,1,1
17319,0.2,3,0,0
17320,0.2,2,1,0
17321,0.2,3,1,0
17322,0.2,1,1,0
17323,0.2,1,1,1
17324,0.2,3,0,1
17325,0.2,3,0,0
17326,0.2,3,0,0
17327,0.2,2,1,1
17328,1.0,3,0,0
17329,0.2,1,1,1
17330,0.2,3,0,0
17331,0.2,1,1,1
17332,0.2,1,1,1
17333,1.0,3,1,0
17334,0.2,1,1,1
17335,1.0,3,0,0
17336,0.2,1,1,1
17337,0.2,0,1,1
17338,1.0,1,1,1
17339,1.0,3,0,0
17340,0.2,3,0,0
17341,0.2,3,0,0
17342,0.2,3,1,0
17343,0.2,3,0,0
17344,0.2,2,1,1
17345,0.2,3,0,0
17346,0.2,2,1,0
17347,0.2,3,0,0
17348,0.2,0,1,1
17349,0.2,3,0,0
17350,0.2,3,0,1
17351,0.2,2,1,1
17352,0.2,2,1,0
17353,0.2,3,1,0
17354,0.2,3,0,0
17355,0.2,3,0,0
17356,0.2,2,1,0
17357,0.2,1,1,1
17358,0.2,3,0,0
17359,0.2,1,1,1
17360,0.2,3,0,0
17361,0.2,3,0,0
17362,1.0,1,1,1
17363,1.0,3,1,0
17364,1.0,3,0,0
17365,1.0,3,0,0
17366,1.0,2,1,1
17367,0.2,3,0,0
17368,0.2,3,1,0
17369,0.2,0,1,1
17370,0.2,3,0,0
17371,1.0,3,0,0
17372,0.2,2,1,0
17373,0.2,1,1,1
17374,0.2,3,0,0
17375,1.0,3,0,1
17376,1.0,3,0,0
17377,0.2,1,1,1
17378,0.2,3,0,0
17379,0.2,1,1,1
17380,0.2,1,1,1
17381,0.2,2,1,0
17382,2.2,1,1,1
17383,0.2,3,0,0
17384,0.2,3,1,0
17385,1.0,0,1,1
17386,1.0,3,0,0
17387,0.2,3,0,1
17388,0.2,1,1,1
17389,0.2,0,1,1
17390,0.2,2,1,1
17391,0.2,3,0,0
17392,0.2,3,0,0
17393,0.2,3,0,0
17394,1.0,0,1,1
17395,0.2,3,0,0
17396,0.2,3,0,0
17397,0.2,0,1,1
17398,0.2,3,0,0
17399,0.2,3,0,0
17400,0.2,2,1,0
17401,0.2,0,1,1
17402,0.2,3,0,0
17403,0.2,3,0,0
17404,0.2,3,0,0
17405,0.2,3,1,0
17406,0.2,1,1,1
17407,1.0,2,1,1
17408,0.2,2,1,1
17409,0.2,1,1,1
17410,1.0,1,1,1
17411,0.2,3,0,0
17412,0.2,2,1,1
17413,1.0,3,0,0
17414,1.8,3,0,0
17415,0.2,3,0,0
17416,0.2,3,0,0
17417,0.2,0,1,1
17418,0.2,1,1,1
17419,0.2,3,0,0
17420,0.2,3,0,0
17421,0.2,3,0,0
17422,0.2,3,0,0
17423,1.0,3,0,0
17424,0.2,3,0,0
17425,1.0,1,1,1
17426,0.2,3,0,1
17427,0.2,3,0,0
17428,0.2,3,0,0
17429,1.0,3,0,0
17430,0.2,2,1,0
17431,0.2,3,0,0
17432,0.2,3,0,0
17433,1.0,3,0,1
17434,0.2,1,1,1
17435,0.2,1,1,1
17436,0.2,3,0,0
17437,0.2,1,1,1
17438,0.2,0,1,1
17439,0.2,1,1,1
17440,1.0,3,0,1
17441,1.0,3,0,1
17442,0.2,3,0,0
17443,3.0,3,0,0
17444,0.2,2,1,0
17445,0.2,2,1,1
17446,1.0,3,0,1
17447,0.2,3,0,0
17448,0.2,1,1,1
17449,0.2,1,1,1
17450,0.2,3,0,0
17451,0.2,2,1,1
17452,0.2,3,1,0
17453,0.2,3,0,0
17454,1.0,1,1,1
17455,1.0,3,0,0
17456,0.2,3,0,0
17457,1.0,1,1,1
17458,0.2,1,1,1
17459,0.2,2,1,0
17460,0.2,2,1,1
17461,0.2,2,1,0
17462,1.0,0,1,1
17463,0.2,3,0,0
17464,0.2,2,1,1
17465,0.2,3,0,0
17466,0.2,3,0,0
17467,0.2,3,0,0
17468,0.2,2,1,0
17469,3.8,2,1,0
17470,0.2,3,0,0
17471,1.0,1,1,1
17472,0.2,3,0,0
17473,0.2,3,0,0
17474,0.2,3,0,0
17475,0.2,3,0,1
17476,1.0,3,0,0
17477,0.2,3,0,0
17478,0.2,3,0,0
17479,0.2,3,0,0
17480,1.0,3,0,0
17481,0.2,2,1,0
17482,0.2,1,1,1
17483,0.2,1,1,0
17484,0.2,3,0,0
17485,0.2,3,0,0
17486,1.0,2,1,1
17487,0.2,3,0,0
17488,1.0,3,0,1
17489,0.2,3,0,0
17490,0.2,3,0,0
17491,0.2,1,1,1
17492,0.2,2,1,0
17493,0.2,1,1,1
17494,0.2,2,1,1
17495,0.2,3,0,0
17496,1.0,2,1,1
17497,1.0,3,0,1
17498,0.2,3,0,0
17499,0.2,3,0,0
17500,0.2,1,1,1
17501,0.2,3,0,0
17502,0.2,3,0,0
17503,1.0,3,0,0
17504,0.2,1,1,1
17505,0.2,3,0,0
17506,0.2,3,0,0
17507,0.2,2,1,0
17508,0.2,1,1,1
17509,0.2,3,0,0
17510,0.2,3,0,0
17511,1.0,2,1,1
17512,0.2,1,1,1
17513,0.2,3,0,0
17514,0.2,2,1,1
17515,0.2,3,0,0
17516,0.2,1,1,1
17517,0.2,2,1,1
17518,0.2,3,0,0
17519,0.2,3,0,0
17520,0.2,0,1,1
17521,0.2,2,1,1
17522,0.2,1,1,1
17523,3.4000000000000004,1,1,1
17524,0.2,2,1,0
17525,1.0,3,0,0
17526,1.0,2,1,1
17527,0.2,2,1,0
17528,1.0,3,0,0
17529,1.0,2,1,1
17530,0.2,3,0,0
17531,0.2,0,1,1
17532,0.2,3,0,1
17533,0.2,3,0,0
17534,0.2,3,0,0
17535,0.2,3,0,0
17536,0.2,3,1,0
17537,0.2,3,0,0
17538,2.2,2,1,1
17539,1.0,3,0,0
17540,0.2,3,0,0
17541,0.2,2,1,0
17542,1.0,3,0,0
17543,0.2,3,0,0
17544,0.2,1,1,1
17545,0.2,1,1,1
17546,0.2,1,1,1
17547,0.2,1,1,1
17548,0.2,0,1,1
17549,1.0,1,1,1
17550,0.2,2,1,1
17551,0.2,3,0,0
17552,1.0,2,1,1
17553,0.2,1,1,1
17554,0.2,3,0,0
17555,0.2,3,0,0
17556,1.0,1,1,1
17557,0.2,3,1,0
17558,0.2,3,1,0
17559,0.2,3,0,0
17560,0.2,3,0,0
17561,0.2,3,0,0
17562,0.2,2,1,1
17563,1.0,3,1,1
17564,0.2,3,1,0
17565,0.2,3,0,0
17566,1.0,1,1,1
17567,0.2,3,0,0
17568,0.2,3,0,0
17569,0.2,3,0,0
17570,0.2,1,1,1
17571,1.0,3,0,0
17572,0.2,2,1,1
17573,0.2,3,0,0
17574,0.2,2,1,0
17575,0.2,2,1,1
17576,0.2,3,0,0
17577,0.2,3,0,0
17578,0.2,3,0,0
17579,0.2,3,0,0
17580,0.2,2,1,1
17581,0.2,3,0,0
17582,0.2,3,0,0
17583,0.2,1,1,1
17584,1.0,3,0,0
17585,1.0,1,1,1
17586,0.2,1,1,1
17587,0.2,3,0,1
17588,0.2,3,0,0
17589,0.2,3,0,0
17590,0.2,2,1,1
17591,0.2,2,1,1
17592,0.2,3,0,0
17593,0.2,2,1,1
17594,0.2,2,1,0
17595,2.2,1,1,1
17596,0.2,3,1,0
17597,1.0,3,0,0
17598,0.2,3,0,0
17599,0.2,3,0,0
17600,1.0,1,1,1
17601,1.0,1,1,1
17602,1.0,1,1,1
17603,0.2,3,0,0
17604,0.2,3,0,0
17605,0.2,3,0,0
17606,0.2,1,1,1
17607,0.2,3,0,0
17608,0.2,3,0,0
17609,0.2,3,0,0
17610,0.2,2,1,1
17611,0.2,3,0,0
17612,1.0,3,0,0
17613,0.2,1,1,1
17614,0.2,3,0,0
17615,0.2,1,1,1
17616,1.0,3,0,0
17617,0.2,3,0,0
17618,0.2,2,1,0
17619,0.2,3,0,0
17620,1.0,2,1,1
17621,1.0,2,1,1
17622,1.0,3,0,0
17623,0.2,2,1,0
17624,0.2,2,1,0
17625,0.2,2,1,1
17626,0.2,3,0,0
17627,0.2,3,0,0
17628,1.0,3,0,0
17629,0.2,1,1,1
17630,0.2,3,0,0
17631,0.2,1,1,1
17632,1.0,3,0,1
17633,1.0,1,1,1
17634,0.2,2,1,1
17635,0.2,1,1,1
17636,0.2,3,0,0
17637,1.0,1,1,1
17638,0.2,3,0,0
17639,1.0,3,0,0
17640,0.2,3,1,0
17641,0.2,3,1,0
17642,2.2,2,1,1
17643,0.2,3,0,0
17644,0.2,3,0,0
17645,0.2,2,1,1
17646,0.2,0,1,1
17647,0.2,3,0,0
17648,0.2,2,1,1
17649,1.0,1,1,1
17650,0.2,3,0,0
17651,0.2,3,0,0
17652,0.2,3,0,0
17653,1.0,3,0,1
17654,0.2,3,0,0
17655,0.2,3,0,0
17656,2.2,3,0,1
17657,0.2,2,1,0
17658,1.0,2,1,1
17659,0.2,0,1,1
17660,0.2,1,1,1
17661,0.2,3,0,0
17662,0.2,3,0,0
17663,0.2,3,0,1
17664,0.2,3,0,0
17665,0.2,3,0,0
17666,0.2,1,1,1
17667,3.4000000000000004,1,1,1
17668,0.2,3,0,0
17669,0.2,3,0,1
17670,1.0,0,1,1
17671,0.2,2,1,1
17672,1.0,3,0,1
17673,0.2,3,0,0
17674,0.2,3,0,0
17675,0.2,3,0,0
17676,0.2,1,1,1
17677,0.2,2,1,1
17678,0.2,3,0,0
17679,0.2,3,0,0
17680,2.2,3,0,0
17681,0.2,3,0,1
17682,0.2,3,0,0
17683,0.2,1,1,1
17684,0.2,1,1,1
17685,0.2,3,0,0
17686,1.0,2,1,1
17687,0.2,3,0,0
17688,1.0,3,0,1
17689,0.2,1,1,1
17690,1.0,3,0,1
17691,0.2,3,0,0
17692,1.0,3,0,1
17693,0.2,3,0,0
17694,0.2,2,1,0
17695,0.2,1,1,1
17696,0.2,3,0,0
17697,1.0,3,0,0
17698,3.4000000000000004,1,1,1
17699,1.0,1,1,1
17700,1.0,3,0,1
17701,0.2,3,0,0
17702,0.2,3,0,0
17703,0.2,3,0,0
17704,0.2,2,1,1
17705,0.2,3,0,0
17706,0.2,3,1,0
17707,0.2,3,0,0
17708,0.2,1,1,1
17709,1.0,3,0,1
17710,0.2,2,1,1
17711,0.2,3,0,0
17712,0.2,3,0,0
17713,0.2,1,1,1
17714,0.2,1,1,1
17715,0.2,0,1,1
17716,0.2,1,1,1
17717,1.0,1,1,1
17718,0.2,3,0,0
17719,0.2,3,0,0
17720,0.2,3,0,0
17721,0.2,1,1,1
17722,0.2,2,1,0
17723,0.2,3,0,0
17724,1.0,1,1,1
17725,0.2,2,1,1
17726,0.2,0,1,1
17727,0.2,3,0,0
17728,0.2,3,0,0
17729,0.2,3,0,0
17730,0.2,1,1,1
17731,1.0,2,1,1
17732,0.2,3,0,0
17733,1.0,2,1,1
17734,1.0,3,0,0
17735,0.2,3,0,0
17736,1.0,3,1,1
17737,0.2,3,0,0
17738,0.2,3,0,0
17739,0.2,2,1,0
17740,0.2,2,1,0
17741,1.0,1,1,1
17742,0.2,3,1,0
17743,2.2,2,1,1
17744,0.2,3,0,0
17745,1.0,3,0,0
17746,1.0,1,1,1
17747,1.0,3,0,0
17748,1.0,3,0,1
17749,1.0,2,1,1
17750,1.0,1,1,1
17751,0.2,3,0,0
17752,1.0,3,0,0
17753,1.0,2,1,1
17754,0.2,3,0,0
17755,0.2,3,0,0
17756,1.0,2,1,1
17757,0.2,3,0,0
17758,2.2,2,1,1
17759,0.2,1,1,1
17760,0.2,3,0,0
17761,1.0,3,0,1
17762,0.2,3,0,0
17763,3.0,3,0,0
17764,0.2,3,0,1
17765,0.2,3,0,1
17766,1.0,2,1,1
17767,0.2,3,0,0
17768,0.2,3,0,0
17769,1.0,0,1,1
17770,0.2,1,1,1
17771,1.0,1,1,1
17772,1.0,3,0,1
17773,2.2,1,1,1
17774,1.0,2,1,1
17775,1.0,3,0,0
17776,0.2,2,1,1
17777,0.2,3,0,0
17778,0.2,3,0,0
17779,0.2,3,0,0
17780,0.2,1,1,1
17781,0.2,3,0,0
17782,0.2,3,0,0
17783,0.2,3,1,0
17784,0.2,1,1,1
17785,1.0,2,1,1
17786,0.2,3,0,0
17787,0.2,1,1,1
17788,0.2,0,1,1
17789,0.2,2,1,0
17790,2.2,3,0,0
17791,0.2,3,0,0
17792,0.2,3,0,0
17793,1.0,2,1,1
17794,0.2,3,0,0
17795,0.2,1,1,1
17796,0.2,1,1,1
17797,0.2,3,0,0
17798,0.2,3,0,0
17799,1.0,3,0,1
17800,0.2,2,1,1
17801,1.0,3,0,1
17802,0.2,1,1,1
17803,1.0,1,1,1
17804,0.2,3,0,0
17805,0.2,0,1,1
17806,0.2,3,0,0
17807,0.2,3,0,0
17808,1.0,3,0,0
17809,0.2,3,0,0
17810,0.2,3,0,0
17811,1.0,2,1,1
17812,0.2,2,1,0
17813,0.2,3,0,0
17814,0.2,3,0,0
17815,1.0,3,0,0
17816,0.2,2,1,0
17817,0.2,1,1,1
17818,1.0,2,1,1
17819,0.2,2,1,1
17820,0.2,3,0,0
17821,0.2,3,0,0
17822,0.2,3,0,0
17823,0.2,3,0,0
17824,1.0,3,0,0
17825,0.2,2,1,0
17826,0.2,0,1,1
17827,0.2,1,1,1
17828,1.0,2,1,1
17829,0.2,1,1,1
17830,1.0,1,1,1
17831,1.0,1,1,1
17832,0.2,3,0,0
17833,1.0,1,1,1
17834,0.2,3,0,0
17835,0.2,0,1,1
17836,0.2,3,0,0
17837,0.2,3,0,0
17838,1.0,3,0,0
17839,1.0,3,0,0
17840,0.2,1,1,1
17841,0.2,3,0,0
17842,1.0,3,0,0
17843,1.0,0,1,1
17844,0.2,3,0,0
17845,1.0,3,0,0
17846,0.2,3,0,0
17847,1.0,3,0,0
17848,0.2,3,0,0
17849,0.2,3,0,0
17850,0.2,1,1,1
17851,0.2,3,0,0
17852,1.0,3,0,1
17853,0.2,3,0,0
17854,0.2,2,1,0
17855,0.2,3,1,0
17856,1.0,3,0,0
17857,1.0,1,1,1
17858,0.2,1,1,1
17859,1.0,3,0,0
17860,0.2,1,1,1
17861,3.0,1,1,1
17862,0.2,3,0,0
17863,0.2,3,0,0
17864,0.2,0,1,1
17865,0.2,0,1,1
17866,0.2,3,0,0
17867,0.2,3,0,0
17868,0.2,3,0,1
17869,1.0,0,1,1
17870,0.2,1,1,1
17871,0.2,3,0,0
17872,0.2,1,1,1
17873,0.2,3,0,1
17874,0.2,2,1,0
17875,0.2,2,1,1
17876,0.2,3,0,0
17877,0.2,3,0,0
17878,1.0,3,1,0
17879,0.2,3,0,0
17880,0.2,1,1,1
17881,0.2,3,0,0
17882,1.0,3,0,0
17883,0.2,3,0,0
17884,1.0,0,1,1
17885,1.0,1,1,1
17886,0.2,3,0,0
17887,0.2,3,0,0
17888,0.2,3,0,1
17889,0.2,2,1,1
17890,1.0,1,1,1
17891,0.2,0,1,1
17892,0.2,3,0,0
17893,0.2,2,1,0
17894,0.2,3,0,0
17895,1.0,1,1,1
17896,0.2,3,1,0
17897,1.0,3,0,0
17898,0.2,3,0,0
17899,1.0,3,1,1
17900,0.2,3,0,0
17901,0.2,1,1,1
17902,0.2,3,0,0
17903,0.2,3,0,0
17904,0.2,3,0,0
17905,0.2,1,1,1
17906,1.0,3,0,0
17907,1.0,3,0,0
17908,0.2,0,1,1
17909,0.2,0,1,1
17910,1.0,2,1,1
17911,0.2,3,0,0
17912,0.2,3,0,0
17913,0.2,1,1,1
17914,0.2,1,1,1
17915,1.0,3,0,1
17916,1.0,1,1,1
17917,0.2,3,0,0
17918,0.2,2,1,0
17919,2.2,2,1,1
17920,0.2,3,0,0
17921,0.2,2,1,1
17922,0.2,3,0,0
17923,0.2,3,0,0
17924,0.2,3,0,1
17925,0.2,3,0,0
17926,0.2,2,1,1
17927,0.2,2,1,1
17928,0.2,1,1,1
17929,0.2,3,0,0
17930,0.2,3,0,0
17931,0.2,1,1,1
17932,0.2,3,0,0
17933,1.0,3,0,0
17934,0.2,3,0,0
17935,1.0,0,1,1
17936,0.2,1,1,1
17937,0.2,3,0,0
17938,0.2,2,1,0
17939,2.2,3,0,0
17940,1.0,1,1,1
17941,0.2,2,1,0
17942,1.0,3,1,0
17943,0.2,3,0,0
17944,0.2,2,1,0
17945,0.2,3,0,0
17946,0.2,2,1,0
17947,0.2,2,1,0
17948,0.2,3,0,0
17949,0.2,3,0,0
17950,0.2,3,0,0
17951,0.2,2,1,0
17952,0.2,3,1,0
17953,2.2,2,1,1
17954,3.0,3,0,0
17955,0.2,3,1,0
17956,0.2,3,0,0
17957,0.2,1,1,1
17958,0.2,3,0,0
17959,1.0,3,0,0
17960,0.2,3,0,0
17961,0.2,3,0,0
17962,0.2,3,0,0
17963,0.2,2,1,0
17964,0.2,3,0,0
17965,0.2,3,0,0
17966,0.2,1,1,1
17967,0.2,0,1,1
17968,0.2,3,0,1
17969,0.2,2,1,0
17970,0.2,0,1,1
17971,0.2,2,1,1
17972,0.2,3,0,0
17973,0.2,1,1,1
17974,0.2,3,0,0
17975,1.0,0,1,1
17976,1.0,3,0,0
17977,0.2,1,1,1
17978,0.2,1,1,1
17979,0.2,3,0,0
17980,0.2,2,1,0
17981,0.2,3,0,0
17982,1.0,3,0,0
17983,0.2,3,0,0
17984,1.0,3,0,0
17985,0.2,1,1,1
17986,0.2,2,1,0
17987,0.2,3,0,0
17988,0.2,3,0,0
17989,0.2,3,0,0
17990,1.0,1,1,1
17991,0.2,1,1,1
17992,0.2,3,0,0
17993,0.2,2,1,0
17994,0.2,2,1,0
17995,0.2,3,0,0
17996,0.2,3,0,0
17997,0.2,3,0,0
17998,0.2,3,0,0
17999,0.2,3,1,0
