,R,Q,A,Y
0,0.2,0,1,1
1,1.0,0,1,1
2,1.0,1,1,1
3,1.0,0,1,1
4,1.0,1,1,1
5,0.2,2,0,1
6,0.2,2,1,0
7,0.2,0,1,1
8,1.0,3,0,0
9,0.2,2,0,1
10,0.2,0,1,0
11,0.2,2,1,0
12,2.2,0,1,1
13,0.2,1,1,0
14,0.2,3,1,0
15,1.0,1,1,0
16,0.2,1,1,0
17,2.2,1,1,1
18,0.2,0,1,0
19,0.2,2,1,0
20,0.2,2,1,1
21,0.2,3,1,0
22,0.2,1,1,1
23,0.2,3,1,0
24,0.2,2,1,1
25,0.2,2,1,1
26,0.2,1,1,0
27,1.0,0,0,1
28,0.2,3,1,1
29,0.2,3,1,0
30,0.2,1,1,0
31,1.0,1,1,0
32,0.2,2,1,1
33,0.2,2,1,0
34,0.2,2,1,0
35,0.2,1,1,1
36,0.2,1,1,0
37,0.2,2,1,0
38,1.0,2,1,1
39,0.2,1,1,0
40,0.2,2,0,0
41,0.2,2,1,0
42,0.2,1,1,1
43,1.0,1,1,1
44,1.0,1,1,1
45,0.2,3,0,0
46,1.0,0,1,1
47,0.2,1,1,0
48,0.2,0,1,0
49,0.2,2,1,1
50,0.2,3,1,1
51,0.2,2,1,0
52,0.2,2,1,0
53,1.0,0,1,1
54,0.2,2,1,1
55,0.2,1,1,0
56,0.2,2,1,0
57,0.2,2,1,0
58,0.2,3,0,0
59,0.2,2,1,1
60,0.2,2,1,1
61,1.0,1,1,1
62,0.2,3,1,1
63,0.2,2,1,0
64,1.0,1,1,1
65,2.2,1,1,1
66,0.2,2,1,0
67,0.2,3,1,0
68,0.2,2,1,0
69,0.2,2,1,1
70,0.2,1,1,0
71,0.2,1,1,1
72,0.2,3,1,0
73,0.2,1,1,1
74,0.2,2,1,0
75,0.2,0,1,1
76,1.0,1,1,0
77,0.2,2,1,0
78,0.2,1,1,0
79,0.2,2,1,0
80,1.0,2,1,1
81,0.2,0,1,1
82,0.2,2,1,0
83,1.0,1,1,0
84,0.2,0,1,1
85,0.2,2,1,1
86,1.0,1,1,0
87,0.2,2,0,0
88,0.2,2,0,0
89,0.2,2,1,1
90,0.2,0,1,1
91,0.2,1,1,1
92,0.2,1,1,1
93,0.2,0,0,1
94,0.2,2,1,0
95,0.2,0,1,0
96,1.0,3,1,1
97,0.2,1,1,0
98,1.0,1,1,0
99,0.2,1,1,0
100,0.2,0,1,0
101,0.2,2,1,1
102,0.2,3,1,0
103,0.2,1,1,1
104,0.2,3,0,0
105,0.2,0,0,0
106,1.0,1,1,1
107,0.2,0,1,0
108,0.2,0,1,1
109,0.2,2,1,0
110,0.2,1,1,0
111,0.2,2,1,0
112,2.2,2,1,1
113,0.2,0,1,0
114,1.0,3,1,0
115,0.2,2,1,0
116,0.2,1,1,0
117,0.2,0,1,1
118,1.0,1,0,1
119,0.2,0,1,0
120,0.2,1,1,1
121,0.2,2,1,0
122,1.0,1,0,0
123,0.2,2,1,0
124,0.2,2,0,0
125,0.2,2,1,0
126,0.2,1,1,1
127,0.2,2,1,0
128,0.2,1,1,0
129,1.0,1,1,1
130,0.2,1,0,0
131,0.2,2,1,0
132,1.0,0,0,1
133,0.2,3,1,0
134,0.2,1,0,0
135,0.2,0,1,1
136,0.2,2,1,1
137,0.2,2,0,1
138,0.2,2,1,0
139,1.0,1,1,1
140,1.0,0,0,1
141,0.2,1,1,1
142,1.0,1,1,0
143,0.2,2,1,0
144,0.2,0,1,0
145,0.2,1,0,1
146,0.2,1,1,0
147,0.2,0,1,0
148,0.2,2,1,0
149,0.2,0,0,0
150,0.2,2,1,0
151,1.0,1,0,1
152,1.0,0,1,1
153,1.0,2,1,1
154,0.2,2,0,1
155,1.0,1,1,1
156,2.2,0,1,1
157,0.2,3,1,0
158,1.0,1,1,1
159,0.2,2,1,0
160,0.2,2,1,0
161,0.2,3,0,0
162,0.2,2,1,0
163,0.2,3,1,0
164,0.2,1,1,1
165,0.2,1,1,0
166,1.0,3,1,0
167,0.2,2,0,0
168,0.2,1,0,1
169,0.2,1,1,1
170,0.2,1,1,1
171,1.0,3,1,1
172,0.2,2,1,0
173,0.2,1,1,1
174,0.2,2,1,1
175,0.2,3,1,0
176,0.2,1,1,0
177,1.0,2,1,1
178,0.2,3,0,1
179,0.2,2,1,1
180,1.0,0,1,0
181,0.2,3,1,0
182,2.2,3,1,1
183,2.2,1,1,1
184,0.2,1,1,0
185,0.2,2,1,1
186,0.2,1,1,1
187,1.0,0,1,1
188,1.0,2,1,1
189,0.2,0,1,1
190,1.0,1,1,1
191,0.2,2,1,1
192,1.0,1,1,1
193,0.2,0,0,0
194,0.2,2,1,0
195,1.0,2,1,1
196,0.2,1,1,1
197,0.2,2,1,0
198,0.2,2,1,1
199,0.2,2,0,1
200,0.2,1,0,1
201,1.0,0,1,1
202,1.0,3,0,0
203,0.2,1,1,1
204,0.2,2,1,1
205,0.2,0,1,1
206,1.0,2,1,1
207,0.2,2,0,1
208,0.2,2,0,1
209,2.2,0,1,1
210,0.2,3,1,0
211,1.0,2,1,1
212,0.2,1,1,1
213,0.2,1,1,1
214,1.0,1,1,1
215,1.0,0,1,1
216,0.2,0,0,0
217,0.2,1,1,0
218,0.2,3,1,0
219,0.2,1,1,1
220,0.2,0,1,0
221,0.2,2,1,0
222,0.2,2,1,1
223,1.0,1,1,1
224,0.2,2,1,0
225,0.2,2,1,1
226,0.2,0,1,1
227,1.0,1,1,1
228,1.0,0,1,1
229,0.2,3,1,1
230,0.2,2,1,1
231,0.2,2,1,0
232,0.2,1,1,0
233,0.2,1,1,0
234,0.2,1,1,1
235,0.2,2,1,1
236,0.2,1,1,0
237,0.2,2,0,0
238,1.0,0,1,1
239,0.2,2,1,1
240,1.0,2,1,1
241,0.2,2,1,0
242,0.2,1,1,1
243,1.0,0,1,1
244,0.2,1,1,0
245,1.0,1,1,0
246,0.2,1,1,0
247,0.2,1,1,1
248,1.0,3,0,1
249,0.2,2,0,0
250,1.0,3,1,1
251,2.2,1,1,1
252,0.2,2,0,1
253,0.2,1,0,1
254,0.2,2,1,0
255,0.2,1,1,0
256,0.2,3,0,0
257,0.2,3,1,1
258,1.0,1,0,1
259,1.0,1,1,1
260,1.0,1,1,0
261,0.2,3,1,1
262,0.2,1,1,1
263,0.2,1,1,0
264,0.2,2,1,0
265,1.0,2,0,0
266,0.2,2,1,0
267,0.2,1,1,1
268,1.0,1,1,1
269,0.2,1,1,1
270,0.2,3,1,0
271,0.2,2,1,1
272,0.2,1,1,0
273,1.0,1,1,0
274,1.0,2,1,1
275,0.2,3,1,1
276,0.2,3,0,0
277,0.2,3,1,0
278,0.2,1,1,0
279,0.2,2,1,0
280,0.2,3,1,0
281,0.2,1,1,1
282,0.2,3,1,1
283,0.2,2,1,1
284,0.2,1,1,1
285,0.2,0,0,1
286,1.0,0,0,1
287,0.2,1,1,1
288,0.2,1,1,0
289,1.0,2,0,1
290,0.2,2,1,0
291,0.2,2,1,1
292,1.0,1,1,1
293,0.2,0,1,1
294,0.2,3,1,0
295,1.0,1,0,1
296,0.2,3,1,0
297,1.0,2,0,1
298,0.2,1,1,0
299,0.2,2,1,0
300,1.0,1,1,1
301,0.2,0,1,1
302,0.2,0,0,1
303,2.2,2,1,1
304,0.2,1,1,0
305,0.2,2,1,0
306,1.0,2,0,1
307,0.2,1,1,1
308,1.0,2,1,1
309,0.2,3,1,0
310,1.0,2,1,1
311,1.0,0,1,1
312,0.2,2,0,0
313,0.2,3,1,1
314,0.2,2,1,0
315,1.0,0,0,1
316,1.0,3,1,1
317,1.0,2,1,0
318,0.2,2,1,1
319,0.2,2,0,0
320,1.0,3,1,1
321,1.0,1,0,1
322,0.2,1,1,0
323,1.0,2,1,1
324,0.2,2,0,0
325,0.2,3,1,1
326,0.2,1,1,1
327,0.2,3,1,0
328,0.2,3,1,0
329,0.2,2,1,1
330,0.2,3,1,0
331,1.0,1,1,1
332,0.2,0,0,1
333,0.2,1,1,0
334,1.0,1,1,1
335,0.2,1,1,1
336,0.2,3,0,0
337,0.2,3,1,0
338,0.2,3,1,0
339,0.2,2,1,0
340,0.2,1,1,0
341,0.2,2,1,0
342,0.2,2,1,0
343,2.2,0,1,1
344,0.2,2,1,0
345,0.2,2,0,0
346,2.5999999999999996,2,1,0
347,0.2,1,1,1
348,0.2,1,0,0
349,0.2,0,0,1
350,1.0,0,1,1
351,0.2,3,1,0
352,0.2,0,0,0
353,0.2,1,1,0
354,1.0,0,1,1
355,0.2,2,1,1
356,1.0,3,1,1
357,0.2,2,1,0
358,0.2,1,0,0
359,0.2,1,1,0
360,0.2,2,1,0
361,0.2,2,1,0
362,0.2,2,1,1
363,0.2,2,1,0
364,0.2,1,0,0
365,0.2,1,0,0
366,0.2,2,1,0
367,0.2,3,1,0
368,1.0,1,0,1
369,0.2,2,1,0
370,1.0,3,1,0
371,1.0,2,0,1
372,0.2,3,1,0
373,0.2,2,1,0
374,0.2,2,1,0
375,0.2,1,0,0
376,0.2,2,0,1
377,0.2,1,1,1
378,0.2,1,1,0
379,1.0,1,1,1
380,0.2,2,1,0
381,0.2,2,1,0
382,1.0,1,0,1
383,0.2,2,1,0
384,0.2,2,1,0
385,0.2,2,1,0
386,0.2,1,1,0
387,0.2,2,1,0
388,0.2,3,1,0
389,0.2,3,1,0
390,0.2,1,1,0
391,0.2,1,1,0
392,1.0,0,1,0
393,0.2,1,1,0
394,0.2,2,1,0
395,0.2,3,1,0
396,0.2,1,1,1
397,0.2,2,1,0
398,0.2,1,1,1
399,1.0,2,1,1
400,0.2,2,0,0
401,0.2,1,0,1
402,0.2,2,1,1
403,0.2,2,1,1
404,1.0,1,0,1
405,0.2,1,1,0
406,0.2,3,1,1
407,0.2,1,1,0
408,1.0,2,1,0
409,0.2,1,1,0
410,0.2,2,1,0
411,0.2,2,0,0
412,0.2,1,1,1
413,0.2,0,1,0
414,0.2,1,0,0
415,0.2,1,1,1
416,0.2,1,1,1
417,0.2,1,1,0
418,0.2,1,0,0
419,1.0,1,1,0
420,1.0,1,1,1
421,0.2,1,1,0
422,0.2,1,1,0
423,0.2,1,1,0
424,0.2,3,1,1
425,2.2,3,1,1
426,0.2,1,1,0
427,1.0,1,0,1
428,0.2,1,1,0
429,0.2,1,1,0
430,0.2,1,0,0
431,1.0,2,1,1
432,1.0,1,1,1
433,0.2,1,1,1
434,0.2,3,1,0
435,0.2,0,1,1
436,1.0,3,1,0
437,0.2,0,1,0
438,1.0,3,1,0
439,0.2,1,1,1
440,1.0,3,1,1
441,0.2,1,1,1
442,1.0,1,1,1
443,1.0,1,1,1
444,0.2,3,1,0
445,0.2,0,1,0
446,0.2,1,1,0
447,0.2,1,1,0
448,0.2,2,1,0
449,0.2,0,1,1
450,0.2,2,1,0
451,0.2,1,1,0
452,0.2,1,1,0
453,0.2,1,1,0
454,1.0,1,1,1
455,0.2,2,1,0
456,0.2,1,1,1
457,0.2,1,1,0
458,0.2,1,1,1
459,0.2,3,1,0
460,0.2,0,1,0
461,1.0,3,1,0
462,0.2,2,1,1
463,0.2,0,1,0
464,0.2,1,1,0
465,0.2,2,1,0
466,0.2,1,0,1
467,0.2,1,1,0
468,2.2,1,0,1
469,0.2,3,1,0
470,1.0,0,1,1
471,0.2,1,1,0
472,0.2,0,1,1
473,0.2,1,1,0
474,0.2,2,1,0
475,1.0,1,1,1
476,0.2,2,1,0
477,0.2,2,1,1
478,0.2,3,1,0
479,0.2,2,0,1
480,0.2,2,1,0
481,1.0,1,1,1
482,0.2,1,1,1
483,0.2,2,1,1
484,0.2,1,1,1
485,0.2,1,0,0
486,0.2,1,1,1
487,0.2,2,0,0
488,0.2,1,1,1
489,0.2,1,1,0
490,0.2,0,1,1
491,0.2,0,1,1
492,0.2,3,1,0
493,0.2,0,1,1
494,1.0,1,1,1
495,1.0,1,1,1
496,0.2,3,1,0
497,0.2,2,0,1
498,0.2,1,1,0
499,0.2,2,1,0
500,0.2,2,1,1
501,0.2,2,1,1
502,1.0,1,1,1
503,0.2,1,1,0
504,1.0,1,1,1
505,1.0,2,1,1
506,0.2,2,1,1
507,0.2,1,1,1
508,0.2,1,1,0
509,0.2,2,1,0
510,2.2,3,0,1
511,0.2,1,0,0
512,0.2,1,0,1
513,0.2,2,1,0
514,1.0,0,1,1
515,0.2,2,1,0
516,0.2,1,1,0
517,0.2,0,1,1
518,1.0,2,1,1
519,0.2,2,1,0
520,0.2,1,0,1
521,0.2,1,1,0
522,1.0,2,1,0
523,0.2,1,1,1
524,0.2,2,1,0
525,1.0,2,1,1
526,1.0,1,1,1
527,0.2,2,1,0
528,0.2,1,0,0
529,0.2,0,0,0
530,0.2,2,1,0
531,0.2,2,1,0
532,0.2,1,1,1
533,0.2,0,1,0
534,0.2,1,1,0
535,0.2,2,1,1
536,0.2,2,0,1
537,0.2,3,1,0
538,1.0,3,1,1
539,0.2,1,1,0
540,0.2,2,0,0
541,1.0,1,1,0
542,0.2,2,1,0
543,0.2,1,1,1
544,2.2,3,1,1
545,0.2,3,1,1
546,0.2,3,1,0
547,0.2,1,1,0
548,0.2,1,1,1
549,0.2,1,1,1
550,1.0,2,1,1
551,0.2,2,1,0
552,0.2,2,1,0
553,0.2,1,1,1
554,0.2,1,0,0
555,0.2,2,1,0
556,0.2,2,1,0
557,0.2,2,1,1
558,0.2,2,1,0
559,0.2,1,1,0
560,0.2,2,1,0
561,0.2,2,1,0
562,0.2,2,1,0
563,0.2,1,1,0
564,2.2,2,0,1
565,0.2,3,1,0
566,0.2,0,1,0
567,0.2,1,1,0
568,0.2,1,0,1
569,0.2,2,1,0
570,0.2,1,1,0
571,0.2,2,1,0
572,0.2,3,1,1
573,0.2,0,0,1
574,0.2,0,0,0
575,0.2,3,0,0
576,1.0,1,1,1
577,0.2,1,0,0
578,0.2,1,1,0
579,0.2,2,1,0
580,0.2,3,1,0
581,0.2,2,1,0
582,1.0,1,1,1
583,0.2,2,0,0
584,0.2,1,1,0
585,1.0,1,1,1
586,1.0,2,1,1
587,0.2,1,1,1
588,0.2,1,1,1
589,0.2,1,0,0
590,1.0,2,1,0
591,1.0,2,1,1
592,0.2,1,1,0
593,0.2,2,1,0
594,0.2,0,1,0
595,1.0,0,1,1
596,0.2,0,0,0
597,0.2,2,1,0
598,0.2,2,1,0
599,1.0,1,1,1
600,0.2,3,1,0
601,1.0,1,1,0
602,0.2,2,1,0
603,0.2,2,1,0
604,1.0,1,1,1
605,1.0,1,1,1
606,0.2,1,1,0
607,1.0,0,1,1
608,1.0,1,1,0
609,1.0,2,1,0
610,0.2,2,1,1
611,0.2,2,1,0
612,0.2,1,1,0
613,0.2,2,1,1
614,0.2,3,1,0
615,0.2,3,1,0
616,0.2,0,1,0
617,0.2,0,1,0
618,0.2,0,1,0
619,0.2,2,1,0
620,0.2,1,0,1
621,0.2,1,1,0
622,1.0,2,1,1
623,0.2,2,1,0
624,0.2,2,0,0
625,0.2,1,1,1
626,1.0,1,1,0
627,0.2,2,1,0
628,0.2,2,1,0
629,0.2,1,1,1
630,1.0,1,1,1
631,0.2,2,1,0
632,0.2,3,1,0
633,0.2,2,0,0
634,1.0,1,1,1
635,0.2,1,1,0
636,2.2,2,1,1
637,0.2,0,1,0
638,1.0,0,0,1
639,0.2,0,1,1
640,1.0,0,1,1
641,0.2,2,1,0
642,0.2,1,1,1
643,0.2,3,1,0
644,0.2,2,0,0
645,1.0,2,1,1
646,0.2,2,1,0
647,0.2,2,1,0
648,0.2,1,1,0
649,0.2,2,1,0
650,1.0,1,1,1
651,0.2,2,1,0
652,0.2,1,1,0
653,1.0,0,1,1
654,0.2,1,1,1
655,0.2,1,0,1
656,0.2,2,1,0
657,0.2,2,1,1
658,0.2,1,1,1
659,0.2,2,1,0
660,1.0,2,0,1
661,0.2,2,1,0
662,0.2,1,1,1
663,2.2,1,0,1
664,0.2,0,1,1
665,0.2,1,1,0
666,0.2,2,1,1
667,1.0,2,1,1
668,0.2,0,1,0
669,1.0,1,1,1
670,0.2,2,1,0
671,0.2,2,1,0
672,1.0,2,1,1
673,0.2,1,1,1
674,1.0,1,1,1
675,0.2,2,1,0
676,0.2,2,1,0
677,2.2,1,0,1
678,0.2,1,1,1
679,0.2,2,1,0
680,0.2,2,1,1
681,0.2,2,1,0
682,0.2,1,1,0
683,0.2,0,1,1
684,1.0,1,1,0
685,0.2,2,1,0
686,0.2,2,1,1
687,0.2,2,1,1
688,0.2,1,1,0
689,0.2,3,0,0
690,0.2,1,1,0
691,0.2,0,1,0
692,0.2,1,1,1
693,0.2,1,1,0
694,0.2,2,1,0
695,0.2,2,1,1
696,0.2,1,1,0
697,0.2,1,0,0
698,1.0,2,1,1
699,0.2,2,1,0
700,0.2,2,1,0
701,0.2,3,1,0
702,0.2,3,1,0
703,0.2,1,1,1
704,0.2,2,0,0
705,0.2,1,1,1
706,0.2,1,0,0
707,0.2,2,1,0
708,1.0,0,1,1
709,0.2,1,1,0
710,0.2,1,0,1
711,0.2,1,1,1
712,0.2,2,1,0
713,1.0,1,1,1
714,0.2,2,1,0
715,0.2,3,1,0
716,0.2,0,1,0
717,0.2,2,1,0
718,1.0,2,1,0
719,0.2,3,1,0
720,0.2,1,1,1
721,0.2,2,1,0
722,0.2,2,0,1
723,1.0,1,0,1
724,0.2,1,1,0
725,0.2,2,1,1
726,0.2,2,1,0
727,0.2,3,1,0
728,0.2,1,1,0
729,0.2,2,1,0
730,1.0,3,1,1
731,0.2,2,1,0
732,1.0,1,1,1
733,0.2,1,1,1
734,2.2,1,1,1
735,0.2,1,1,0
736,0.2,1,1,0
737,0.2,1,1,1
738,0.2,3,0,1
739,1.0,2,1,1
740,0.2,1,0,0
741,1.0,1,1,1
742,1.0,2,1,1
743,0.2,0,0,0
744,0.2,1,1,1
745,0.2,2,1,0
746,1.0,0,1,1
747,1.0,2,1,1
748,0.2,1,0,0
749,0.2,1,1,1
750,0.2,1,1,0
751,1.0,0,0,0
752,1.0,3,1,1
753,0.2,2,1,0
754,0.2,2,1,1
755,1.0,2,1,1
756,0.2,2,1,0
757,0.2,1,0,1
758,0.2,2,1,0
759,1.0,2,0,0
760,0.2,2,1,1
761,0.2,2,1,1
762,1.0,1,1,1
763,0.2,2,1,0
764,0.2,1,1,1
765,0.2,2,1,0
766,0.2,3,0,0
767,0.2,3,1,0
768,0.2,2,1,0
769,0.2,3,1,1
770,0.2,1,1,0
771,0.2,2,1,0
772,0.2,1,1,1
773,0.2,2,1,0
774,0.2,2,0,1
775,0.2,2,1,0
776,0.2,3,0,0
777,0.2,2,1,0
778,1.0,1,1,1
779,2.2,1,1,1
780,0.2,1,1,0
781,0.2,1,0,1
782,0.2,0,1,0
783,0.2,2,1,0
784,0.2,2,1,1
785,0.2,2,0,1
786,1.0,2,0,1
787,0.2,1,1,0
788,0.2,1,0,0
789,0.2,1,1,0
790,0.2,2,0,0
791,0.2,3,1,0
792,0.2,0,1,1
793,1.0,2,1,1
794,0.2,2,1,0
795,1.0,0,1,1
796,1.0,1,1,1
797,0.2,2,1,0
798,0.2,1,1,1
799,0.2,3,1,1
800,0.2,1,1,0
801,0.2,1,1,1
802,0.2,2,0,0
803,0.2,0,1,1
804,0.2,2,1,0
805,0.2,3,1,0
806,0.2,1,1,0
807,0.2,1,1,0
808,0.2,2,1,0
809,0.2,1,0,0
810,0.2,1,1,0
811,0.2,1,1,1
812,0.2,2,1,0
813,1.0,2,1,1
814,0.2,0,1,1
815,1.0,3,1,0
816,0.2,1,1,1
817,1.0,2,1,1
818,0.2,2,1,1
819,0.2,2,1,0
820,1.0,2,1,1
821,1.0,1,1,1
822,0.2,3,1,0
823,1.0,1,1,1
824,0.2,1,1,0
825,0.2,2,1,1
826,0.2,2,1,0
827,0.2,0,1,0
828,1.0,2,0,1
829,0.2,1,0,0
830,0.2,1,1,1
831,0.2,0,1,0
832,1.0,2,1,0
833,1.0,0,1,1
834,0.2,2,1,0
835,0.2,3,1,1
836,1.0,0,1,0
837,0.2,2,0,0
838,0.2,2,1,0
839,0.2,3,1,0
840,0.2,1,1,0
841,0.2,2,1,0
842,0.2,2,1,0
843,0.2,1,0,1
844,1.0,1,1,0
845,0.2,0,1,1
846,0.2,2,1,1
847,0.2,0,1,1
848,0.2,1,1,1
849,0.2,1,0,1
850,1.0,1,1,1
851,0.2,1,1,0
852,0.2,2,0,0
853,0.2,2,1,0
854,0.2,3,0,0
855,0.2,2,1,1
856,1.0,1,1,1
857,0.2,3,1,0
858,1.0,2,1,1
859,1.0,2,1,1
860,1.0,3,1,1
861,0.2,1,0,0
862,0.2,2,1,0
863,0.2,1,0,1
864,0.2,2,0,1
865,1.0,2,1,1
866,1.0,1,1,1
867,0.2,1,1,1
868,0.2,2,1,0
869,0.2,3,1,0
870,0.2,1,1,0
871,0.2,0,1,0
872,0.2,1,0,1
873,0.2,0,1,1
874,0.2,2,1,0
875,1.0,1,1,0
876,1.0,1,1,1
877,1.0,1,1,1
878,0.2,3,1,0
879,0.2,3,0,0
880,1.0,1,1,1
881,0.2,3,0,0
882,0.2,3,0,0
883,0.2,1,1,1
884,0.2,1,1,0
885,0.2,1,1,0
886,0.2,2,1,1
887,0.2,0,1,0
888,0.2,1,1,0
889,0.2,2,1,0
890,0.2,1,1,0
891,0.2,2,1,0
892,0.2,2,0,0
893,0.2,1,0,1
894,0.2,2,1,1
895,0.2,0,1,0
896,0.2,3,1,0
897,0.2,3,1,0
898,0.2,1,1,1
899,0.2,0,1,1
900,1.0,2,0,0
901,1.0,3,1,0
902,0.2,2,1,0
903,0.2,2,0,0
904,0.2,1,1,1
905,0.2,1,1,1
906,0.2,1,1,0
907,0.2,3,0,1
908,0.2,2,1,0
909,0.2,2,1,0
910,1.0,1,1,1
911,0.2,1,1,1
912,0.2,1,0,0
913,0.2,2,0,1
914,0.2,2,1,0
915,0.2,2,1,1
916,0.2,1,1,1
917,0.2,1,1,0
918,0.2,3,1,0
919,0.2,1,1,1
920,0.2,2,0,0
921,0.2,2,1,0
922,0.2,2,1,0
923,0.2,0,0,1
924,1.0,1,1,0
925,0.2,2,0,0
926,1.0,0,1,1
927,0.2,1,1,1
928,1.0,0,1,1
929,0.2,3,1,0
930,1.0,2,1,1
931,0.2,3,1,0
932,0.2,2,0,0
933,0.2,1,0,0
934,0.2,2,0,0
935,0.2,2,1,0
936,0.2,2,1,0
937,0.2,2,1,0
938,0.2,1,1,0
939,0.2,2,1,0
940,0.2,2,1,0
941,0.2,2,1,0
942,0.2,0,0,1
943,0.2,2,1,0
944,0.2,2,1,0
945,0.2,1,1,0
946,0.2,3,1,1
947,0.2,1,1,1
948,0.2,2,1,0
949,0.2,0,0,1
950,0.2,3,1,1
951,0.2,1,1,1
952,1.0,0,1,1
953,0.2,3,1,0
954,1.0,3,1,1
955,0.2,2,1,0
956,0.2,2,1,1
957,0.2,2,1,0
958,1.0,2,1,0
959,0.2,2,0,0
960,0.2,1,1,0
961,0.2,0,1,0
962,0.2,1,1,0
963,0.2,1,1,0
964,0.2,2,1,0
965,0.2,2,1,0
966,0.2,2,1,0
967,0.2,1,1,1
968,0.2,1,1,0
969,0.2,2,0,0
970,0.2,3,1,0
971,0.2,2,0,1
972,1.0,2,1,1
973,1.0,2,0,0
974,0.2,1,1,0
975,1.0,1,1,1
976,0.2,1,1,0
977,0.2,2,1,0
978,0.2,1,1,0
979,0.2,3,1,0
980,0.2,1,1,1
981,0.2,0,1,0
982,0.2,1,1,0
983,0.2,1,1,0
984,0.2,2,1,0
985,0.2,1,1,0
986,0.2,2,1,0
987,0.2,0,0,1
988,0.2,2,1,0
989,0.2,3,1,1
990,0.2,2,1,0
991,0.2,1,1,0
992,0.2,1,1,1
993,0.2,2,1,1
994,1.0,2,1,1
995,0.2,1,0,0
996,0.2,1,1,0
997,0.2,1,1,1
998,1.0,2,1,1
999,0.2,0,1,1
1000,0.2,1,1,0
1001,0.2,2,1,0
1002,0.2,1,1,0
1003,0.2,2,1,1
1004,0.2,2,1,0
1005,0.2,2,1,0
1006,0.2,3,1,0
1007,1.0,1,1,1
1008,2.2,0,0,1
1009,1.0,2,1,1
1010,1.0,0,1,1
1011,1.0,1,1,1
1012,1.0,0,1,1
1013,0.2,3,1,0
1014,0.2,0,0,0
1015,0.2,1,1,1
1016,1.0,2,1,1
1017,1.0,2,1,0
1018,2.2,1,1,1
1019,1.0,0,1,1
1020,1.0,0,1,1
1021,0.2,1,1,0
1022,0.2,2,1,0
1023,0.2,2,1,0
1024,0.2,1,1,0
1025,2.2,2,0,1
1026,0.2,1,0,0
1027,0.2,1,1,1
1028,0.2,1,1,0
1029,1.0,2,1,0
1030,0.2,2,0,0
1031,0.2,1,1,1
1032,0.2,2,1,0
1033,0.2,3,0,0
1034,1.0,1,1,1
1035,0.2,2,1,0
1036,0.2,1,1,0
1037,1.0,1,1,1
1038,0.2,3,1,0
1039,0.2,1,0,1
1040,0.2,2,1,0
1041,0.2,2,1,0
1042,0.2,0,1,0
1043,1.0,2,1,1
1044,0.2,2,1,0
1045,1.0,0,1,1
1046,0.2,1,1,0
1047,0.2,3,1,0
1048,0.2,2,1,0
1049,0.2,2,1,0
1050,0.2,0,0,1
1051,1.0,2,1,1
1052,0.2,2,1,0
1053,0.2,0,1,0
1054,0.2,3,1,1
1055,2.2,2,1,1
1056,1.0,3,1,0
1057,0.2,0,1,0
1058,0.2,2,1,0
1059,1.0,0,1,0
1060,0.2,1,1,0
1061,0.2,0,1,0
1062,0.2,3,1,0
1063,0.2,2,1,0
1064,0.2,0,0,1
1065,0.2,3,0,1
1066,0.2,1,1,0
1067,0.2,2,1,0
1068,1.0,2,1,0
1069,0.2,0,1,1
1070,1.0,1,0,1
1071,1.0,2,1,1
1072,1.0,2,1,1
1073,0.2,1,1,0
1074,1.0,2,1,1
1075,2.2,2,1,1
1076,0.2,2,1,0
1077,0.2,2,1,1
1078,0.2,3,1,0
1079,0.2,2,0,0
1080,0.2,1,1,0
1081,0.2,2,1,0
1082,0.2,2,1,0
1083,0.2,2,1,0
1084,0.2,1,1,1
1085,0.2,1,1,1
1086,0.2,1,1,1
1087,0.2,0,1,1
1088,0.2,0,1,1
1089,0.2,2,1,0
1090,0.2,0,0,1
1091,0.2,0,1,0
1092,1.0,2,0,0
1093,0.2,1,1,1
1094,1.0,1,1,1
1095,0.2,3,1,0
1096,2.2,2,1,1
1097,0.2,1,1,1
1098,0.2,2,1,0
1099,0.2,2,1,0
1100,0.2,2,1,0
1101,0.2,1,1,1
1102,1.0,3,1,1
1103,1.0,3,0,0
1104,1.0,1,1,0
1105,1.0,1,1,0
1106,0.2,1,0,1
1107,0.2,1,1,1
1108,0.2,2,1,1
1109,0.2,2,1,0
1110,0.2,2,1,0
1111,1.0,0,1,1
1112,0.2,1,1,1
1113,1.0,1,1,1
1114,1.0,2,0,1
1115,0.2,1,1,0
1116,0.2,2,1,0
1117,1.0,1,1,1
1118,0.2,0,1,0
1119,0.2,1,1,1
1120,0.2,2,0,1
1121,1.0,1,1,1
1122,0.2,0,1,0
1123,0.2,0,1,1
1124,1.0,2,1,1
1125,1.0,2,1,1
1126,0.2,3,1,0
1127,0.2,1,1,1
1128,0.2,3,0,0
1129,0.2,1,1,1
1130,1.0,1,1,1
1131,0.2,2,1,1
1132,0.2,1,1,1
1133,0.2,0,1,0
1134,1.0,1,1,1
1135,0.2,2,1,1
1136,0.2,0,0,1
1137,0.2,1,1,1
1138,0.2,1,0,0
1139,1.0,1,1,1
1140,0.2,1,1,0
1141,0.2,1,1,1
1142,1.0,1,1,1
1143,1.0,2,1,1
1144,0.2,1,1,1
1145,0.2,3,0,0
1146,0.2,3,1,0
1147,0.2,2,1,0
1148,0.2,0,1,1
1149,0.2,0,1,1
1150,0.2,2,1,0
1151,1.0,0,1,1
1152,0.2,2,1,0
1153,0.2,2,1,0
1154,0.2,2,1,0
1155,0.2,2,1,0
1156,0.2,3,1,1
1157,0.2,1,1,1
1158,0.2,2,1,0
1159,0.2,3,1,0
1160,0.2,0,1,0
1161,1.0,2,1,1
1162,0.2,1,1,0
1163,0.2,2,1,0
1164,0.2,2,1,0
1165,2.2,2,1,1
1166,0.2,1,1,1
1167,0.2,0,1,1
1168,1.0,1,1,1
1169,0.2,0,1,1
1170,0.2,1,1,1
1171,1.0,0,1,0
1172,0.2,1,1,1
1173,1.0,2,1,1
1174,0.2,3,1,0
1175,0.2,1,1,1
1176,1.0,0,1,1
1177,1.0,1,1,1
1178,0.2,3,1,1
1179,1.0,2,1,1
1180,0.2,2,1,0
1181,0.2,2,1,0
1182,0.2,2,1,0
1183,0.2,2,1,0
1184,0.2,2,1,0
1185,0.2,1,1,0
1186,1.0,0,0,1
1187,0.2,2,0,0
1188,0.2,1,1,0
1189,0.2,2,1,1
1190,0.2,2,1,0
1191,0.2,1,0,0
1192,1.0,2,1,1
1193,1.0,1,1,1
1194,0.2,1,0,0
1195,0.2,1,1,1
1196,0.2,3,1,1
1197,0.2,1,1,1
1198,0.2,1,1,0
1199,0.2,1,1,0
1200,0.2,2,1,0
1201,1.0,1,1,1
1202,0.2,3,1,0
1203,2.2,1,1,1
1204,0.2,1,1,1
1205,1.0,2,1,1
1206,1.0,1,1,1
1207,0.2,0,1,1
1208,0.2,2,0,0
1209,1.0,1,0,1
1210,0.2,1,1,0
1211,0.2,2,1,0
1212,0.2,1,1,0
1213,0.2,2,1,0
1214,1.0,2,0,1
1215,0.2,1,1,1
1216,0.2,0,0,1
1217,0.2,1,1,1
1218,0.2,2,1,1
1219,0.2,2,1,1
1220,0.2,3,1,0
1221,0.2,1,1,0
1222,0.2,2,1,1
1223,0.2,1,1,0
1224,0.2,1,1,0
1225,0.2,1,1,1
1226,0.2,2,1,1
1227,0.2,2,1,0
1228,0.2,1,1,1
1229,0.2,3,1,1
1230,0.2,2,1,1
1231,0.2,0,1,0
1232,0.2,1,1,1
1233,0.2,1,1,0
1234,1.0,2,1,1
1235,0.2,2,1,0
1236,1.0,2,1,0
1237,0.2,2,0,1
1238,1.0,3,1,0
1239,1.0,3,1,1
1240,1.0,1,1,1
1241,0.2,1,1,0
1242,1.0,1,1,1
1243,0.2,0,1,0
1244,0.2,0,1,0
1245,0.2,3,1,0
1246,1.0,1,1,0
1247,0.2,2,1,0
1248,2.2,1,1,1
1249,1.0,3,1,1
1250,0.2,1,1,0
1251,0.2,3,1,1
1252,0.2,1,0,0
1253,1.0,0,1,1
1254,0.2,1,1,1
1255,1.0,1,1,0
1256,0.2,0,1,1
1257,0.2,1,1,1
1258,0.2,1,1,1
1259,0.2,1,1,1
1260,0.2,3,1,1
1261,0.2,2,1,0
1262,0.2,1,1,1
1263,0.2,1,1,0
1264,1.0,1,1,1
1265,0.2,2,1,0
1266,2.2,2,0,1
1267,1.0,1,1,0
1268,0.2,1,1,0
1269,0.2,2,0,1
1270,0.2,2,1,0
1271,1.0,2,1,1
1272,0.2,2,1,0
1273,0.2,3,1,0
1274,0.2,1,1,1
1275,0.2,1,0,1
1276,0.2,1,0,1
1277,0.2,3,1,0
1278,0.2,1,1,1
1279,0.2,0,1,1
1280,0.2,1,1,0
1281,0.2,3,1,0
1282,0.2,2,1,0
1283,0.2,2,1,1
1284,0.2,2,1,0
1285,0.2,1,1,0
1286,0.2,2,1,0
1287,1.0,2,1,1
1288,0.2,1,1,1
1289,1.0,1,1,1
1290,0.2,2,1,0
1291,2.2,2,1,1
1292,1.0,1,1,0
1293,0.2,0,1,1
1294,0.2,3,1,0
1295,0.2,2,0,0
1296,0.2,2,1,0
1297,0.2,1,1,1
1298,0.2,2,1,0
1299,0.2,1,1,1
1300,1.0,0,1,1
1301,2.2,3,1,1
1302,1.0,2,0,1
1303,0.2,2,1,1
1304,0.2,2,1,1
1305,1.0,2,1,0
1306,1.0,2,1,1
1307,0.2,3,1,0
1308,1.0,1,1,1
1309,0.2,1,1,1
1310,0.2,1,1,1
1311,0.2,0,1,0
1312,0.2,1,1,0
1313,1.0,2,1,0
1314,0.2,2,1,0
1315,1.0,0,1,1
1316,2.2,2,1,1
1317,0.2,0,1,1
1318,1.0,3,0,1
1319,0.2,2,0,1
1320,0.2,3,1,0
1321,0.2,1,1,0
1322,0.2,1,1,0
1323,0.2,3,1,0
1324,0.2,0,1,0
1325,0.2,3,0,0
1326,0.2,3,1,0
1327,0.2,2,1,0
1328,0.2,2,0,1
1329,1.0,3,1,1
1330,0.2,2,1,0
1331,0.2,1,0,1
1332,0.2,3,0,0
1333,0.2,1,0,1
1334,0.2,0,1,1
1335,0.2,2,1,0
1336,0.2,2,0,0
1337,0.2,2,1,0
1338,0.2,1,1,0
1339,2.2,1,1,1
1340,0.2,1,1,0
1341,0.2,2,1,1
1342,0.2,2,1,0
1343,0.2,2,1,0
1344,0.2,1,1,0
1345,0.2,2,1,0
1346,0.2,2,1,0
1347,0.2,2,1,0
1348,0.2,3,1,1
1349,1.0,2,0,1
1350,2.2,1,1,1
1351,0.2,1,1,1
1352,0.2,2,1,0
1353,0.2,3,1,0
1354,0.2,1,1,0
1355,0.2,1,0,0
1356,1.0,1,1,1
1357,0.2,1,1,0
1358,0.2,1,0,1
1359,0.2,2,0,0
1360,0.2,2,1,0
1361,0.2,3,0,0
1362,0.2,2,1,1
1363,0.2,3,1,0
1364,1.0,0,1,1
1365,1.0,2,1,0
1366,1.0,1,1,0
1367,0.2,0,1,0
1368,1.0,2,1,1
1369,0.2,2,1,1
1370,0.2,2,1,0
1371,0.2,2,0,1
1372,1.0,1,1,1
1373,0.2,0,1,1
1374,0.2,0,1,1
1375,1.0,0,1,1
1376,1.0,0,1,1
1377,1.0,2,0,1
1378,1.0,3,1,1
1379,0.2,3,1,0
1380,0.2,2,1,0
1381,0.2,0,1,1
1382,1.0,1,1,1
1383,1.0,1,0,0
1384,0.2,1,1,1
1385,0.2,1,1,0
1386,0.2,0,1,1
1387,0.2,3,1,1
1388,0.2,2,1,0
1389,0.2,2,1,1
1390,0.2,1,0,1
1391,0.2,2,1,1
1392,0.2,1,1,0
1393,1.0,1,1,1
1394,0.2,2,1,0
1395,0.2,1,1,1
1396,1.0,0,1,1
1397,1.0,1,0,1
1398,1.0,2,1,1
1399,0.2,2,1,0
1400,1.0,2,1,0
1401,1.0,0,1,0
1402,1.0,1,1,1
1403,0.2,2,1,0
1404,0.2,2,1,0
1405,0.2,1,1,1
1406,1.0,1,1,1
1407,0.2,1,1,0
1408,0.2,2,1,0
1409,0.2,2,1,1
1410,0.2,3,1,1
1411,0.2,1,1,0
1412,0.2,2,0,0
1413,0.2,2,1,0
1414,1.0,1,1,0
1415,1.0,0,1,1
1416,0.2,2,1,1
1417,0.2,1,1,1
1418,0.2,1,1,0
1419,0.2,2,1,1
1420,0.2,2,1,0
1421,0.2,1,1,0
1422,0.2,1,0,0
1423,0.2,2,1,0
1424,1.0,1,1,1
1425,1.0,2,1,1
1426,0.2,1,1,1
1427,0.2,1,1,0
1428,0.2,3,0,0
1429,0.2,1,0,1
1430,0.2,0,0,1
1431,0.2,3,0,0
1432,0.2,2,0,0
1433,1.0,0,1,1
1434,0.2,1,1,1
1435,0.2,2,1,1
1436,2.2,3,1,1
1437,0.2,0,1,0
1438,0.2,1,1,0
1439,0.2,2,0,1
1440,1.0,0,1,1
1441,0.2,2,1,1
1442,0.2,1,1,0
1443,1.0,1,1,1
1444,0.2,3,1,0
1445,0.2,3,1,1
1446,0.2,0,1,0
1447,0.2,2,1,0
1448,0.2,1,1,0
1449,0.2,2,0,0
1450,1.0,3,0,1
1451,0.2,2,0,1
1452,0.2,2,1,1
1453,0.2,2,1,0
1454,0.2,0,1,0
1455,0.2,0,1,1
1456,1.0,3,1,0
1457,0.2,1,1,1
1458,1.0,3,1,1
1459,0.2,1,1,1
1460,0.2,2,0,0
1461,1.0,2,1,1
1462,1.0,1,1,1
1463,1.0,0,1,1
1464,0.2,2,1,0
1465,0.2,2,1,1
1466,1.0,1,1,1
1467,0.2,3,1,0
1468,1.0,2,1,1
1469,0.2,3,1,0
1470,0.2,0,1,1
1471,0.2,0,0,1
1472,0.2,1,1,0
1473,0.2,2,1,0
1474,0.2,2,1,0
1475,0.2,1,1,1
1476,0.2,1,1,1
1477,0.2,1,1,0
1478,0.2,1,1,0
1479,0.2,3,0,1
1480,0.2,2,1,0
1481,0.2,1,1,0
1482,0.2,0,1,0
1483,0.2,1,1,1
1484,0.2,2,1,0
1485,0.2,1,1,0
1486,1.0,0,1,1
1487,0.2,3,0,0
1488,0.2,1,1,0
1489,0.2,1,1,1
1490,1.0,1,0,1
1491,0.2,2,1,0
1492,0.2,3,1,0
1493,1.0,1,1,1
1494,0.2,2,1,0
1495,0.2,2,0,0
1496,0.2,1,1,0
1497,0.2,0,1,1
1498,0.2,1,1,1
1499,0.2,3,1,0
1500,0.2,2,1,0
1501,0.2,2,1,1
1502,0.2,2,1,0
1503,1.0,2,1,0
1504,0.2,3,1,0
1505,0.2,1,0,0
1506,0.2,2,1,1
1507,0.2,2,1,0
1508,0.2,2,1,1
1509,0.2,0,1,1
1510,0.2,3,0,0
1511,0.2,1,1,0
1512,2.2,1,1,1
1513,0.2,2,1,0
1514,0.2,3,1,1
1515,1.0,1,1,1
1516,0.2,3,1,0
1517,0.2,1,1,1
1518,0.2,1,1,1
1519,1.0,2,1,0
1520,0.2,2,1,0
1521,0.2,2,1,0
1522,1.0,2,1,0
1523,0.2,1,0,0
1524,0.2,0,0,1
1525,0.2,2,1,0
1526,0.2,2,1,0
1527,0.2,1,0,1
1528,0.2,2,1,0
1529,0.2,1,0,0
1530,0.2,1,0,1
1531,0.2,2,0,0
1532,0.2,2,1,0
1533,0.2,2,1,0
1534,0.2,2,1,1
1535,0.2,2,1,0
1536,1.0,2,0,1
1537,0.2,1,1,0
1538,1.0,2,1,1
1539,0.2,1,1,1
1540,0.2,3,1,1
1541,0.2,2,1,0
1542,0.2,2,1,1
1543,0.2,3,1,0
1544,0.2,2,1,1
1545,0.2,1,1,1
1546,0.2,1,1,0
1547,0.2,1,1,1
1548,0.2,1,1,0
1549,0.2,2,1,1
1550,0.2,1,1,0
1551,1.0,1,1,1
1552,0.2,0,1,1
1553,0.2,0,0,0
1554,0.2,1,1,1
1555,0.2,3,1,0
1556,0.2,1,0,1
1557,0.2,2,1,0
1558,0.2,1,1,0
1559,0.2,1,1,0
1560,0.2,1,1,1
1561,0.2,1,1,0
1562,1.0,0,1,1
1563,0.2,1,1,0
1564,0.2,2,1,0
1565,0.2,1,1,0
1566,0.2,3,1,0
1567,0.2,0,0,1
1568,0.2,2,1,0
1569,0.2,3,0,1
1570,0.2,3,0,0
1571,0.2,2,1,0
1572,0.2,0,1,1
1573,1.0,1,1,0
1574,0.2,3,0,0
1575,0.2,1,1,1
1576,0.2,3,1,0
1577,1.0,1,1,1
1578,0.2,2,1,0
1579,0.2,2,1,0
1580,0.2,3,1,0
1581,0.2,2,1,0
1582,0.2,3,1,0
1583,0.2,2,1,0
1584,0.2,2,1,0
1585,0.2,1,1,1
1586,0.2,2,1,0
1587,0.2,0,0,0
1588,0.2,2,0,1
1589,0.2,2,1,0
1590,1.0,1,1,1
1591,0.2,3,1,1
1592,0.2,0,1,0
1593,0.2,3,0,0
1594,0.2,2,1,1
1595,0.2,2,0,0
1596,0.2,2,1,0
1597,1.0,2,1,1
1598,0.2,1,1,0
1599,0.2,0,1,1
1600,0.2,1,1,0
1601,0.2,1,1,1
1602,0.2,2,1,0
1603,0.2,1,1,1
1604,0.2,0,1,0
1605,0.2,1,0,0
1606,1.0,2,1,1
1607,0.2,1,1,0
1608,0.2,1,1,0
1609,0.2,2,1,0
1610,0.2,1,1,1
1611,1.0,3,1,1
1612,0.2,1,0,1
1613,1.0,1,1,0
1614,0.2,2,1,0
1615,0.2,2,1,0
1616,0.2,3,1,1
1617,0.2,0,0,0
1618,3.4000000000000004,3,0,0
1619,0.2,2,1,1
1620,0.2,2,1,1
1621,0.2,3,1,0
1622,0.2,2,1,1
1623,0.2,2,0,0
1624,1.0,2,1,1
1625,0.2,1,1,1
1626,0.2,2,1,0
1627,0.2,3,0,0
1628,0.2,3,0,0
1629,0.2,2,1,0
1630,0.2,1,1,0
1631,0.2,1,1,1
1632,1.0,3,1,0
1633,0.2,1,0,0
1634,0.2,1,1,0
1635,0.2,3,0,0
1636,2.2,0,1,1
1637,0.2,3,1,0
1638,1.0,1,1,0
1639,1.0,1,0,1
1640,0.2,0,1,0
1641,1.0,2,1,0
1642,1.0,2,1,1
1643,0.2,1,1,0
1644,0.2,1,1,1
1645,0.2,1,1,1
1646,0.2,1,1,0
1647,1.0,1,1,0
1648,0.2,2,1,0
1649,0.2,1,1,0
1650,0.2,1,1,0
1651,0.2,0,1,1
1652,0.2,1,1,1
1653,1.0,1,1,1
1654,0.2,3,0,1
1655,0.2,0,0,0
1656,0.2,1,1,0
1657,1.0,3,0,1
1658,1.0,1,1,1
1659,1.0,2,1,0
1660,2.2,2,1,1
1661,0.2,2,1,0
1662,0.2,3,1,1
1663,1.0,0,1,1
1664,0.2,1,1,0
1665,1.0,0,0,1
1666,0.2,3,0,1
1667,0.2,2,0,1
1668,0.2,3,1,0
1669,0.2,0,1,1
1670,0.2,2,1,0
1671,0.2,3,1,0
1672,0.2,2,1,1
1673,0.2,1,1,1
1674,0.2,2,1,0
1675,0.2,3,1,0
1676,0.2,0,1,0
1677,0.2,1,1,0
1678,1.0,2,0,1
1679,0.2,2,1,0
1680,0.2,1,1,0
1681,1.0,0,1,1
1682,0.2,1,1,1
1683,0.2,1,0,0
1684,0.2,1,1,1
1685,0.2,1,1,1
1686,0.2,1,1,0
1687,1.0,1,1,0
1688,0.2,1,1,0
1689,0.2,3,1,0
1690,0.2,1,1,0
1691,0.2,1,1,0
1692,0.2,1,0,0
1693,1.0,0,0,1
1694,0.2,2,1,0
1695,0.2,3,1,0
1696,0.2,1,1,0
1697,1.0,0,1,1
1698,0.2,2,1,0
1699,0.2,2,1,0
1700,0.2,1,0,1
1701,0.2,1,1,0
1702,0.2,2,1,0
1703,0.2,1,1,1
1704,0.2,2,0,0
1705,0.2,1,1,1
1706,1.0,1,1,1
1707,0.2,1,1,0
1708,0.2,1,1,0
1709,0.2,0,0,1
1710,0.2,1,0,0
1711,0.2,2,0,0
1712,0.2,1,1,1
1713,0.2,3,1,0
1714,0.2,1,1,1
1715,0.2,2,1,1
1716,0.2,2,1,0
1717,1.0,2,1,1
1718,0.2,1,1,0
1719,0.2,2,1,0
1720,0.2,2,1,0
1721,0.2,2,1,1
1722,0.2,0,1,1
1723,0.2,1,1,1
1724,0.2,1,1,1
1725,1.0,3,1,1
1726,0.2,2,1,0
1727,0.2,1,0,1
1728,0.2,2,1,0
1729,1.0,1,1,0
1730,0.2,2,1,0
1731,0.2,2,1,0
1732,1.0,1,1,0
1733,0.2,1,1,1
1734,0.2,2,0,0
1735,1.0,1,1,1
1736,0.2,3,1,0
1737,0.2,0,1,0
1738,0.2,2,1,1
1739,1.0,0,1,1
1740,0.2,1,1,0
1741,1.0,2,1,0
1742,1.0,2,1,0
1743,0.2,3,1,0
1744,0.2,2,1,0
1745,2.2,1,1,1
1746,0.2,2,1,1
1747,0.2,1,1,1
1748,0.2,2,1,1
1749,0.2,1,1,1
1750,1.0,0,1,1
1751,0.2,1,1,1
1752,0.2,3,1,0
1753,0.2,1,1,0
1754,0.2,1,1,0
1755,1.0,2,1,1
1756,0.2,3,1,0
1757,0.2,3,1,0
1758,0.2,2,0,0
1759,1.0,0,0,1
1760,1.0,0,1,1
1761,0.2,0,1,1
1762,2.2,1,1,1
1763,1.0,2,1,0
1764,0.2,2,1,0
1765,0.2,2,1,0
1766,1.0,2,1,1
1767,0.2,1,1,1
1768,0.2,0,1,1
1769,0.2,1,1,1
1770,0.2,2,1,0
1771,0.2,1,1,1
1772,0.2,2,0,1
1773,0.2,3,1,0
1774,2.2,2,1,1
1775,0.2,3,1,0
1776,0.2,3,1,0
1777,0.2,3,1,0
1778,0.2,1,0,1
1779,0.2,1,0,0
1780,0.2,1,1,0
1781,1.0,2,1,1
1782,0.2,1,0,1
1783,0.2,0,1,1
1784,1.0,2,0,1
1785,0.2,1,1,1
1786,0.2,2,0,0
1787,0.2,2,1,0
1788,1.0,3,1,0
1789,0.2,0,1,0
1790,0.2,0,0,0
1791,1.0,2,1,1
1792,2.2,0,1,1
1793,1.0,0,1,1
1794,0.2,1,1,0
1795,0.2,2,1,1
1796,0.2,3,1,1
1797,0.2,2,1,0
1798,0.2,2,1,1
1799,0.2,1,1,0
1800,0.2,1,1,0
1801,0.2,0,1,0
1802,0.2,0,1,0
1803,2.2,2,1,1
1804,0.2,2,1,0
1805,0.2,1,1,1
1806,1.0,1,1,1
1807,0.2,3,1,0
1808,0.2,3,1,1
1809,0.2,2,1,1
1810,1.0,3,1,1
1811,0.2,1,1,0
1812,0.2,2,1,1
1813,0.2,3,0,0
1814,0.2,3,1,0
1815,1.0,2,1,1
1816,0.2,1,0,0
1817,0.2,1,1,0
1818,0.2,1,1,0
1819,0.2,2,0,0
1820,0.2,0,1,0
1821,1.0,0,0,1
1822,0.2,2,1,1
1823,1.0,3,1,1
1824,0.2,1,1,0
1825,0.2,1,0,0
1826,1.0,2,1,1
1827,0.2,2,1,0
1828,0.2,2,1,0
1829,0.2,1,1,1
1830,0.2,3,1,0
1831,0.2,1,0,0
1832,1.0,2,1,1
1833,1.0,2,1,1
1834,0.2,2,0,1
1835,0.2,2,1,1
1836,0.2,2,1,1
1837,1.0,1,1,1
1838,0.2,1,1,1
1839,0.2,1,0,0
1840,0.2,1,1,1
1841,0.2,1,1,0
1842,0.2,3,1,1
1843,0.2,2,1,0
1844,0.2,0,1,1
1845,0.2,1,1,1
1846,0.2,1,1,1
1847,0.2,1,0,1
1848,1.0,2,1,0
1849,0.2,2,1,0
1850,0.2,1,1,0
1851,0.2,3,1,0
1852,0.2,3,1,0
1853,0.2,2,1,0
1854,0.2,1,1,1
1855,0.2,2,1,0
1856,2.2,1,0,1
1857,1.0,1,1,1
1858,2.2,1,1,1
1859,1.0,1,1,0
1860,1.0,1,1,1
1861,0.2,2,1,0
1862,0.2,1,1,0
1863,0.2,1,1,0
1864,0.2,2,1,0
1865,0.2,1,1,1
1866,0.2,1,1,1
1867,1.0,3,1,0
1868,0.2,1,1,1
1869,2.2,0,1,1
1870,0.2,3,1,0
1871,0.2,0,0,1
1872,0.2,0,1,1
1873,0.2,1,1,1
1874,0.2,0,1,0
1875,0.2,3,1,1
1876,0.2,2,1,0
1877,0.2,1,0,0
1878,0.2,0,1,1
1879,0.2,0,1,1
1880,1.0,1,1,1
1881,1.0,1,1,1
1882,0.2,3,1,0
1883,0.2,2,1,1
1884,0.2,3,1,0
1885,0.2,2,1,1
1886,2.2,3,1,1
1887,0.2,2,1,0
1888,1.0,1,0,1
1889,0.2,1,1,0
1890,1.0,1,1,1
1891,0.2,2,1,0
1892,1.0,0,1,1
1893,0.2,3,0,1
1894,1.0,1,1,1
1895,0.2,0,1,1
1896,1.0,1,1,1
1897,0.2,0,1,0
1898,0.2,3,0,1
1899,0.2,1,0,1
1900,1.0,2,1,1
1901,2.2,0,1,1
1902,0.2,3,1,0
1903,0.2,1,1,0
1904,0.2,2,1,0
1905,0.2,3,0,1
1906,1.0,3,1,1
1907,0.2,0,0,0
1908,0.2,2,1,1
1909,0.2,1,1,1
1910,0.2,2,1,0
1911,0.2,1,1,0
1912,0.2,1,0,0
1913,2.2,0,0,1
1914,0.2,2,1,0
1915,0.2,2,1,1
1916,1.0,2,0,1
1917,0.2,1,1,1
1918,0.2,0,1,1
1919,1.0,2,1,1
1920,0.2,1,1,1
1921,0.2,1,1,1
1922,0.2,1,0,1
1923,0.2,2,1,1
1924,0.2,2,1,1
1925,0.2,0,0,1
1926,0.2,3,0,1
1927,0.2,2,1,0
1928,0.2,2,1,0
1929,0.2,1,1,0
1930,1.0,1,1,1
1931,2.2,0,1,1
1932,1.0,2,0,1
1933,0.2,1,1,1
1934,0.2,1,1,1
1935,0.2,3,0,0
1936,0.2,1,1,0
1937,0.2,2,1,0
1938,0.2,2,0,1
1939,0.2,2,1,0
1940,0.2,1,1,1
1941,0.2,2,0,0
1942,0.2,2,1,0
1943,0.2,1,1,0
1944,0.2,2,1,0
1945,1.0,2,1,1
1946,0.2,1,1,0
1947,0.2,1,0,1
1948,0.2,2,1,0
1949,2.2,1,1,1
1950,0.2,2,1,0
1951,0.2,2,0,0
1952,1.0,1,1,1
1953,0.2,2,1,0
1954,0.2,1,1,0
1955,0.2,1,1,0
1956,0.2,0,0,1
1957,1.0,2,1,0
1958,0.2,1,1,1
1959,1.0,1,0,1
1960,1.0,2,1,0
1961,1.0,1,1,1
1962,1.0,3,1,1
1963,0.2,2,1,0
1964,0.2,1,1,0
1965,1.0,1,1,1
1966,0.2,1,1,1
1967,0.2,3,1,0
1968,1.0,2,1,1
1969,0.2,1,1,1
1970,0.2,2,1,1
1971,0.2,2,1,0
1972,0.2,2,1,1
1973,2.2,0,1,1
1974,1.0,2,0,0
1975,0.2,1,1,0
1976,0.2,3,1,0
1977,0.2,1,0,0
1978,0.2,1,1,0
1979,0.2,2,1,0
1980,1.0,0,1,1
1981,1.0,2,1,0
1982,1.0,2,1,1
1983,0.2,1,1,0
1984,0.2,2,1,0
1985,0.2,0,1,1
1986,0.2,3,1,1
1987,0.2,3,1,0
1988,0.2,1,1,1
1989,0.2,0,1,0
1990,0.2,1,1,0
1991,0.2,2,1,1
1992,1.0,1,1,1
1993,0.2,2,1,0
1994,1.0,2,1,1
1995,1.0,1,1,0
1996,0.2,0,1,1
1997,0.2,2,1,0
1998,1.0,0,1,1
1999,0.2,2,1,0
2000,0.2,2,1,0
2001,0.2,3,1,0
2002,0.2,0,1,0
2003,1.0,1,1,1
2004,1.0,2,1,1
2005,0.2,2,0,0
2006,0.2,1,1,1
2007,0.2,2,1,0
2008,0.2,1,0,1
2009,0.2,1,1,1
2010,0.2,2,1,0
2011,0.2,2,1,1
2012,0.2,2,0,0
2013,1.0,3,0,1
2014,2.2,2,1,1
2015,0.2,0,1,1
2016,0.2,1,1,0
2017,0.2,3,1,0
2018,0.2,1,1,0
2019,1.0,1,0,1
2020,0.2,2,1,0
2021,0.2,1,0,0
2022,1.0,1,1,1
2023,0.2,3,1,0
2024,1.0,3,1,0
2025,0.2,1,1,0
2026,0.2,2,0,1
2027,0.2,1,1,1
2028,0.2,2,1,0
2029,0.2,0,1,0
2030,0.2,1,0,0
2031,0.2,1,1,0
2032,1.0,2,1,1
2033,0.2,3,1,1
2034,0.2,0,1,1
2035,0.2,3,1,0
2036,0.2,2,1,0
2037,1.0,1,1,1
2038,0.2,3,1,0
2039,0.2,2,1,0
2040,1.0,1,0,1
2041,0.2,0,0,0
2042,1.0,0,0,1
2043,0.2,2,1,0
2044,1.0,2,1,1
2045,0.2,1,1,0
2046,2.2,2,1,1
2047,0.2,1,1,1
2048,0.2,1,1,1
2049,1.0,1,0,1
2050,1.0,2,0,1
2051,0.2,0,1,1
2052,0.2,1,1,0
2053,0.2,1,1,1
2054,2.2,1,1,1
2055,1.0,1,1,1
2056,0.2,1,1,1
2057,1.0,1,1,1
2058,0.2,1,0,1
2059,1.0,2,1,0
2060,0.2,3,1,0
2061,0.2,3,1,0
2062,0.2,1,1,0
2063,1.0,1,1,0
2064,1.0,0,1,1
2065,1.0,2,0,1
2066,0.2,2,1,0
2067,0.2,1,0,1
2068,0.2,2,1,0
2069,0.2,2,1,0
2070,0.2,3,1,1
2071,0.2,2,0,1
2072,0.2,0,1,0
2073,0.2,1,1,0
2074,0.2,1,1,0
2075,0.2,1,1,0
2076,0.2,1,1,1
2077,0.2,2,0,1
2078,2.2,2,1,1
2079,0.2,1,1,0
2080,0.2,3,1,0
2081,0.2,2,1,0
2082,0.2,3,1,1
2083,0.2,2,1,0
2084,2.2,0,1,1
2085,1.0,3,1,1
2086,1.0,2,1,0
2087,0.2,2,1,1
2088,0.2,1,1,1
2089,1.0,2,1,0
2090,0.2,2,1,0
2091,0.2,1,1,0
2092,0.2,1,1,0
2093,0.2,1,1,1
2094,1.0,1,0,1
2095,0.2,1,0,1
2096,0.2,0,1,1
2097,0.2,2,1,0
2098,0.2,0,1,0
2099,1.0,0,1,1
2100,0.2,1,1,0
2101,0.2,1,0,0
2102,0.2,2,1,0
2103,0.2,1,1,0
2104,2.2,1,1,1
2105,1.0,2,1,1
2106,0.2,3,1,0
2107,0.2,2,1,0
2108,0.2,1,1,0
2109,0.2,2,1,1
2110,0.2,1,1,1
2111,1.0,2,1,1
2112,0.2,2,1,0
2113,0.2,2,1,0
2114,0.2,1,1,1
2115,0.2,0,1,1
2116,0.2,1,1,0
2117,0.2,2,1,0
2118,0.2,3,0,0
2119,1.0,1,1,1
2120,0.2,1,1,1
2121,0.2,2,1,0
2122,0.2,1,1,1
2123,0.2,1,1,0
2124,1.0,1,1,1
2125,0.2,2,1,0
2126,0.2,2,1,0
2127,2.2,2,1,1
2128,2.2,2,1,1
2129,0.2,2,1,1
2130,0.2,1,1,0
2131,0.2,1,1,1
2132,0.2,2,1,0
2133,1.0,1,1,1
2134,0.2,1,1,0
2135,2.2,2,1,1
2136,0.2,1,0,1
2137,0.2,2,1,1
2138,0.2,0,1,0
2139,1.0,1,1,1
2140,0.2,3,0,0
2141,0.2,1,1,1
2142,0.2,2,1,0
2143,0.2,1,0,1
2144,0.2,2,1,0
2145,0.2,2,1,0
2146,0.2,1,1,1
2147,1.0,1,1,1
2148,1.0,0,1,1
2149,0.2,1,1,0
2150,0.2,0,1,0
2151,0.2,0,1,1
2152,1.0,1,1,1
2153,0.2,3,1,0
2154,0.2,3,1,0
2155,0.2,2,1,1
2156,0.2,2,1,0
2157,0.2,2,1,1
2158,0.2,2,1,1
2159,0.2,2,1,0
2160,1.0,2,1,0
2161,0.2,2,1,1
2162,0.2,1,1,0
2163,1.0,3,0,1
2164,1.0,1,1,1
2165,0.2,0,1,1
2166,0.2,2,1,0
2167,0.2,0,1,1
2168,0.2,1,1,0
2169,1.0,1,1,1
2170,0.2,0,1,0
2171,0.2,3,1,0
2172,0.2,1,1,0
2173,0.2,2,1,0
2174,0.2,1,1,0
2175,0.2,3,1,1
2176,0.2,2,1,0
2177,1.0,1,1,0
2178,1.0,1,0,1
2179,1.0,3,1,1
2180,0.2,1,1,0
2181,0.2,1,1,0
2182,0.2,2,1,0
2183,1.0,2,1,1
2184,1.0,2,1,0
2185,1.0,1,0,1
2186,0.2,0,1,0
2187,0.2,1,1,0
2188,0.2,2,1,1
2189,0.2,2,1,0
2190,1.0,2,1,1
2191,0.2,1,1,0
2192,0.2,1,1,0
2193,1.0,2,1,0
2194,0.2,2,1,0
2195,0.2,0,1,1
2196,0.2,1,0,1
2197,0.2,0,1,0
2198,1.0,1,1,1
2199,0.2,3,1,0
2200,1.0,3,1,1
2201,0.2,3,1,1
2202,0.2,1,1,0
2203,0.2,3,1,0
2204,1.0,2,1,0
2205,0.2,2,1,0
2206,0.2,2,1,0
2207,0.2,1,0,0
2208,0.2,1,1,1
2209,0.2,1,1,0
2210,0.2,1,1,1
2211,1.0,3,1,0
2212,0.2,0,0,0
2213,0.2,3,1,1
2214,0.2,2,1,0
2215,0.2,2,1,0
2216,0.2,3,1,0
2217,0.2,2,1,1
2218,0.2,3,1,1
2219,0.2,3,1,1
2220,0.2,2,1,1
2221,1.0,1,1,1
2222,0.2,2,1,1
2223,0.2,2,1,0
2224,0.2,3,1,1
2225,0.2,3,1,0
2226,0.2,1,1,0
2227,2.2,1,1,1
2228,0.2,2,1,0
2229,1.0,1,1,0
2230,1.0,0,1,1
2231,1.0,1,1,0
2232,1.0,3,1,1
2233,0.2,1,1,1
2234,0.2,1,1,0
2235,0.2,1,1,0
2236,0.2,2,1,0
2237,0.2,2,1,1
2238,0.2,2,1,0
2239,0.2,3,1,0
2240,1.0,0,1,1
2241,2.2,1,1,1
2242,0.2,1,0,0
2243,0.2,1,0,0
2244,1.0,1,1,1
2245,0.2,1,1,0
2246,0.2,1,0,0
2247,0.2,1,1,0
2248,0.2,3,1,0
2249,0.2,2,1,1
2250,2.2,1,1,1
2251,0.2,1,1,1
2252,0.2,2,1,0
2253,1.0,2,0,0
2254,0.2,2,1,0
2255,0.2,1,1,1
2256,1.0,3,0,1
2257,2.2,0,1,1
2258,0.2,3,1,1
2259,0.2,2,1,0
2260,1.0,0,0,1
2261,0.2,1,1,0
2262,1.0,2,1,1
2263,2.2,0,1,1
2264,1.0,1,0,1
2265,0.2,1,1,1
2266,0.2,0,1,0
2267,1.0,1,0,1
2268,1.0,2,1,1
2269,0.2,2,1,0
2270,0.2,2,1,0
2271,0.2,0,1,1
2272,0.2,2,1,1
2273,0.2,2,1,0
2274,1.0,0,1,1
2275,0.2,2,1,1
2276,1.0,1,1,0
2277,0.2,1,1,0
2278,0.2,2,1,0
2279,1.0,1,1,1
2280,0.2,2,1,0
2281,0.2,1,1,0
2282,0.2,0,1,0
2283,0.2,2,1,0
2284,0.2,1,1,0
2285,2.2,0,1,1
2286,0.2,1,0,1
2287,2.2,1,0,1
2288,0.2,1,1,1
2289,1.0,1,0,1
2290,0.2,2,1,0
2291,1.0,3,1,0
2292,0.2,2,1,0
2293,0.2,2,0,1
2294,0.2,1,1,0
2295,0.2,2,1,1
2296,0.2,2,1,0
2297,0.2,3,1,1
2298,0.2,2,0,0
2299,1.0,2,1,1
2300,0.2,0,1,1
2301,0.2,2,0,0
2302,0.2,2,1,1
2303,0.2,0,1,1
2304,1.0,3,1,0
2305,0.2,1,1,0
2306,0.2,0,1,1
2307,1.0,2,1,1
2308,1.0,0,1,1
2309,0.2,2,0,1
2310,0.2,1,1,0
2311,0.2,2,1,0
2312,0.2,2,1,0
2313,2.2,1,0,1
2314,0.2,3,1,0
2315,1.0,2,1,1
2316,0.2,2,1,1
2317,0.2,1,1,1
2318,0.2,2,1,0
2319,0.2,2,1,0
2320,0.2,1,0,1
2321,0.2,1,1,0
2322,1.0,1,1,1
2323,0.2,1,1,0
2324,0.2,2,1,1
2325,0.2,0,1,1
2326,0.2,2,1,1
2327,0.2,1,1,1
2328,0.2,2,1,0
2329,0.2,2,0,0
2330,1.0,2,1,1
2331,0.2,0,0,1
2332,1.0,2,1,1
2333,1.0,3,1,1
2334,0.2,0,1,1
2335,0.2,2,1,0
2336,1.0,0,1,1
2337,0.2,2,1,0
2338,0.2,0,1,0
2339,0.2,2,1,1
2340,0.2,2,1,1
2341,0.2,1,1,1
2342,0.2,1,1,1
2343,1.0,2,0,1
2344,1.0,3,0,0
2345,1.0,0,1,1
2346,0.2,1,1,1
2347,0.2,2,1,1
2348,1.0,1,0,1
2349,0.2,2,0,1
2350,0.2,2,1,1
2351,1.0,3,1,1
2352,0.2,2,1,0
2353,0.2,1,1,0
2354,0.2,1,1,0
2355,0.2,2,1,0
2356,1.0,2,1,1
2357,0.2,2,1,1
2358,0.2,1,0,0
2359,0.2,2,1,0
2360,0.2,1,1,0
2361,0.2,0,1,1
2362,1.0,1,1,1
2363,0.2,1,1,0
2364,0.2,2,0,0
2365,1.0,1,1,1
2366,0.2,2,1,0
2367,1.0,2,1,1
2368,0.2,2,1,0
2369,0.2,2,1,0
2370,0.2,1,1,1
2371,1.0,1,1,1
2372,0.2,1,1,1
2373,0.2,1,1,0
2374,1.0,3,1,1
2375,0.2,1,0,0
2376,0.2,2,1,0
2377,0.2,1,1,1
2378,0.2,2,1,1
2379,0.2,1,0,1
2380,0.2,3,0,0
2381,0.2,1,1,0
2382,1.0,1,1,0
2383,0.2,2,1,1
2384,0.2,3,1,0
2385,0.2,2,1,0
2386,0.2,2,0,0
2387,0.2,2,1,0
2388,0.2,1,1,0
2389,0.2,2,1,1
2390,0.2,3,1,1
2391,0.2,0,0,1
2392,0.2,1,0,1
2393,0.2,1,1,1
2394,0.2,2,1,1
2395,1.0,1,1,0
2396,0.2,2,0,1
2397,1.0,1,1,0
2398,0.2,3,1,0
2399,0.2,2,1,0
2400,0.2,3,1,0
2401,0.2,2,0,0
2402,0.2,1,0,0
2403,0.2,1,1,1
2404,0.2,3,1,0
2405,0.2,3,1,0
2406,1.0,2,1,1
2407,1.0,1,1,0
2408,0.2,2,1,0
2409,0.2,2,0,1
2410,0.2,1,1,1
2411,1.0,1,1,1
2412,0.2,1,1,1
2413,1.0,0,1,1
2414,0.2,2,1,0
2415,0.2,3,0,0
2416,1.0,1,1,1
2417,0.2,0,1,1
2418,0.2,1,1,1
2419,1.0,1,1,1
2420,0.2,1,0,0
2421,0.2,1,1,1
2422,0.2,2,1,1
2423,0.2,2,1,0
2424,0.2,3,1,1
2425,0.2,3,1,0
2426,0.2,0,1,1
2427,0.2,3,1,0
2428,1.0,1,1,1
2429,0.2,3,0,1
2430,0.2,0,1,0
2431,0.2,2,1,0
2432,0.2,2,1,0
2433,0.2,2,1,0
2434,0.2,2,1,1
2435,1.0,1,1,1
2436,0.2,1,1,0
2437,2.2,1,1,1
2438,0.2,1,1,1
2439,0.2,2,1,0
2440,0.2,3,1,0
2441,1.0,2,0,1
2442,0.2,1,1,0
2443,0.2,1,0,1
2444,0.2,2,1,0
2445,0.2,2,1,1
2446,0.2,2,1,0
2447,1.0,3,1,1
2448,0.2,2,1,1
2449,0.2,0,1,1
2450,0.2,1,1,0
2451,0.2,2,1,1
2452,0.2,3,0,0
2453,0.2,2,1,0
2454,0.2,0,1,1
2455,0.2,3,1,1
2456,0.2,1,1,0
2457,0.2,1,1,0
2458,1.0,1,1,1
2459,0.2,3,0,0
2460,0.2,2,0,1
2461,0.2,1,1,1
2462,0.2,1,1,1
2463,1.0,0,1,0
2464,0.2,1,1,1
2465,0.2,3,1,1
2466,0.2,2,1,0
2467,0.2,2,1,0
2468,0.2,3,1,0
2469,1.0,0,0,1
2470,0.2,2,1,0
2471,2.2,1,1,1
2472,0.2,1,1,1
2473,0.2,0,1,1
2474,0.2,2,1,0
2475,0.2,2,1,0
2476,0.2,2,1,0
2477,0.2,0,0,1
2478,1.0,0,1,1
2479,1.0,1,1,1
2480,0.2,3,1,1
2481,0.2,2,1,0
2482,0.2,2,1,0
2483,0.2,3,1,1
2484,0.2,2,1,0
2485,0.2,0,0,1
2486,0.2,0,1,1
2487,1.0,1,1,0
2488,0.2,1,1,0
2489,0.2,1,1,1
2490,0.2,2,1,0
2491,0.2,1,1,0
2492,0.2,2,1,0
2493,1.0,1,0,1
2494,0.2,3,1,0
2495,0.2,1,1,0
2496,0.2,1,1,0
2497,0.2,2,1,0
2498,1.0,2,0,1
2499,0.2,1,0,0
2500,0.2,3,1,0
2501,0.2,1,1,0
2502,0.2,2,1,0
2503,0.2,1,1,1
2504,0.2,2,1,0
2505,0.2,3,1,0
2506,0.2,1,1,0
2507,1.0,1,1,0
2508,0.2,1,1,0
2509,0.2,1,1,1
2510,0.2,2,1,0
2511,0.2,1,0,1
2512,1.0,0,0,1
2513,0.2,1,1,0
2514,0.2,2,0,1
2515,1.0,0,1,1
2516,0.2,2,1,0
2517,1.0,2,1,0
2518,0.2,2,0,1
2519,0.2,2,1,1
2520,0.2,2,1,0
2521,1.0,0,1,1
2522,0.2,2,1,1
2523,0.2,2,1,0
2524,0.2,0,0,0
2525,0.2,0,1,0
2526,0.2,2,1,1
2527,0.2,1,1,0
2528,0.2,2,1,0
2529,1.0,2,1,1
2530,0.2,0,1,0
2531,1.0,1,1,1
2532,0.2,2,1,0
2533,0.2,1,1,1
2534,0.2,3,1,1
2535,0.2,2,1,0
2536,0.2,2,1,0
2537,0.2,1,0,1
2538,0.2,2,1,0
2539,1.0,2,0,1
2540,0.2,3,0,0
2541,0.2,1,1,0
2542,0.2,2,1,0
2543,0.2,2,0,1
2544,0.2,1,1,0
2545,0.2,1,1,0
2546,0.2,1,1,0
2547,1.0,3,1,0
2548,0.2,1,1,1
2549,0.2,1,1,0
2550,0.2,2,0,0
2551,0.2,1,0,1
2552,0.2,1,1,0
2553,0.2,3,1,0
2554,0.2,2,1,0
2555,0.2,2,0,1
2556,0.2,2,1,0
2557,1.0,1,1,0
2558,1.0,3,0,1
2559,0.2,3,1,0
2560,0.2,1,1,1
2561,0.2,1,1,0
2562,0.2,0,1,1
2563,0.2,3,1,0
2564,0.2,2,1,1
2565,0.2,3,0,0
2566,0.2,2,1,1
2567,0.2,0,1,1
2568,0.2,3,1,0
2569,0.2,2,1,1
2570,0.2,2,1,1
2571,0.2,1,0,0
2572,0.2,2,1,0
2573,0.2,2,0,0
2574,0.2,1,1,1
2575,1.0,3,1,0
2576,0.2,1,1,1
2577,2.2,1,1,1
2578,0.2,2,1,0
2579,0.2,0,1,0
2580,0.2,2,1,0
2581,1.0,2,1,1
2582,0.2,0,1,1
2583,0.2,1,1,1
2584,1.0,2,1,0
2585,0.2,3,1,0
2586,0.2,2,0,0
2587,2.2,1,1,1
2588,0.2,1,1,1
2589,0.2,2,1,1
2590,0.2,3,1,0
2591,1.0,0,1,1
2592,0.2,2,1,1
2593,0.2,0,1,0
2594,1.0,2,1,0
2595,0.2,1,1,0
2596,2.2,1,1,1
2597,0.2,1,1,0
2598,1.0,2,0,1
2599,1.0,1,1,1
2600,0.2,2,0,1
2601,1.0,0,1,1
2602,0.2,3,1,0
2603,1.0,3,1,1
2604,0.2,1,1,1
2605,0.2,0,1,0
2606,0.2,1,1,1
2607,0.2,2,1,0
2608,0.2,1,0,0
2609,0.2,1,1,1
2610,0.2,1,1,0
2611,0.2,1,1,0
2612,0.2,1,1,0
2613,0.2,2,1,0
2614,0.2,1,0,0
2615,0.2,1,1,0
2616,0.2,1,1,1
2617,0.2,3,1,0
2618,0.2,2,1,0
2619,0.2,3,0,0
2620,0.2,2,1,1
2621,0.2,1,1,1
2622,1.0,0,1,1
2623,0.2,0,1,0
2624,0.2,0,0,1
2625,0.2,3,1,0
2626,0.2,1,1,1
2627,1.0,1,1,1
2628,1.0,3,1,0
2629,0.2,1,1,0
2630,0.2,0,1,1
2631,0.2,1,1,0
2632,1.0,2,1,1
2633,0.2,2,1,0
2634,0.2,2,1,0
2635,2.2,1,1,1
2636,0.2,3,1,1
2637,0.2,2,1,0
2638,1.0,2,1,1
2639,0.2,2,1,0
2640,0.2,3,1,0
2641,1.0,1,1,1
2642,0.2,2,1,0
2643,0.2,1,1,0
2644,1.0,1,1,1
2645,0.2,2,1,0
2646,0.2,3,1,0
2647,1.0,2,1,0
2648,2.2,1,1,1
2649,0.2,1,1,0
2650,1.0,2,1,1
2651,2.2,2,0,1
2652,0.2,1,1,0
2653,0.2,0,1,0
2654,0.2,1,1,1
2655,0.2,3,1,0
2656,1.0,1,1,1
2657,0.2,1,1,0
2658,0.2,2,1,0
2659,0.2,2,1,0
2660,1.0,1,1,1
2661,0.2,3,1,0
2662,0.2,1,1,0
2663,1.0,1,1,1
2664,1.0,2,1,1
2665,1.0,3,1,1
2666,1.0,2,1,1
2667,1.0,2,1,1
2668,0.2,1,0,0
2669,1.0,1,0,1
2670,0.2,2,1,0
2671,0.2,1,0,0
2672,0.2,1,1,1
2673,0.2,2,1,1
2674,0.2,1,1,0
2675,0.2,3,1,0
2676,0.2,2,0,0
2677,0.2,2,1,1
2678,0.2,2,1,0
2679,0.2,2,1,0
2680,0.2,1,1,0
2681,0.2,0,0,0
2682,0.2,2,1,0
2683,0.2,2,0,0
2684,0.2,1,1,0
2685,0.2,0,0,1
2686,1.0,1,1,1
2687,0.2,1,1,0
2688,1.0,0,1,1
2689,0.2,3,1,1
2690,1.0,1,1,1
2691,0.2,0,1,0
2692,0.2,1,1,1
2693,0.2,1,1,0
2694,0.2,2,1,0
2695,1.0,2,1,1
2696,0.2,1,1,0
2697,1.0,0,1,1
2698,1.0,0,1,1
2699,0.2,1,1,1
2700,0.2,1,1,1
2701,0.2,2,1,0
2702,0.2,1,1,0
2703,0.2,2,1,1
2704,0.2,3,1,1
2705,2.2,2,1,1
2706,0.2,1,1,1
2707,1.0,3,1,1
2708,0.2,1,1,0
2709,1.0,1,1,0
2710,0.2,2,0,0
2711,0.2,2,1,0
2712,1.0,2,1,0
2713,0.2,2,1,0
2714,0.2,0,1,1
2715,0.2,1,0,1
2716,0.2,1,1,0
2717,0.2,2,1,0
2718,0.2,1,0,1
2719,0.2,1,1,1
2720,1.0,1,1,1
2721,0.2,2,1,0
2722,1.0,3,1,0
2723,0.2,1,1,0
2724,0.2,2,1,0
2725,0.2,2,1,0
2726,0.2,3,1,0
2727,0.2,2,0,0
2728,0.2,1,0,0
2729,1.0,2,0,1
2730,1.0,1,1,1
2731,0.2,2,1,1
2732,0.2,1,1,1
2733,0.2,3,1,0
2734,0.2,2,0,0
2735,0.2,1,1,1
2736,0.2,3,1,0
2737,0.2,3,0,0
2738,0.2,0,1,1
2739,0.2,3,1,0
2740,1.0,1,1,1
2741,1.0,1,1,0
2742,1.0,2,1,1
2743,0.2,2,0,0
2744,1.0,2,1,1
2745,1.0,1,1,1
2746,0.2,2,1,0
2747,0.2,2,1,1
2748,0.2,1,1,1
2749,0.2,3,1,0
2750,1.0,1,1,1
2751,0.2,1,1,1
2752,0.2,3,1,0
2753,0.2,3,1,0
2754,0.2,2,1,1
2755,0.2,0,1,1
2756,0.2,2,1,1
2757,0.2,1,1,0
2758,0.2,2,0,0
2759,0.2,1,1,0
2760,0.2,3,1,0
2761,0.2,1,1,0
2762,0.2,1,1,0
2763,0.2,1,1,1
2764,0.2,2,1,0
2765,0.2,1,1,0
2766,0.2,1,1,1
2767,0.2,2,1,0
2768,0.2,1,1,0
2769,0.2,1,1,1
2770,0.2,2,1,1
2771,0.2,3,0,0
2772,1.0,3,1,0
2773,0.2,0,1,1
2774,0.2,1,1,0
2775,0.2,1,0,1
2776,0.2,1,1,0
2777,1.0,1,1,1
2778,0.2,1,1,0
2779,0.2,2,1,0
2780,0.2,1,1,0
2781,0.2,3,1,0
2782,0.2,3,1,0
2783,1.0,0,0,1
2784,0.2,1,0,0
2785,1.0,2,1,1
2786,0.2,0,1,1
2787,0.2,2,1,0
2788,1.0,1,0,1
2789,0.2,1,1,1
2790,0.2,1,1,0
2791,0.2,1,1,1
2792,0.2,0,1,0
2793,1.0,0,1,1
2794,0.2,3,1,0
2795,0.2,0,1,1
2796,0.2,1,1,0
2797,2.2,1,1,1
2798,2.2,2,1,1
2799,0.2,2,1,1
2800,0.2,2,1,0
2801,0.2,1,1,1
2802,2.2,1,1,1
2803,0.2,3,1,0
2804,1.0,0,0,1
2805,1.0,1,1,1
2806,0.2,2,1,0
2807,1.0,1,1,1
2808,0.2,1,1,1
2809,0.2,3,0,0
2810,0.2,2,0,0
2811,0.2,3,0,0
2812,1.0,1,1,1
2813,0.2,1,1,0
2814,0.2,3,0,0
2815,1.0,3,1,1
2816,1.0,2,0,1
2817,0.2,1,1,1
2818,0.2,2,1,0
2819,0.2,2,1,0
2820,0.2,2,1,0
2821,0.2,1,1,1
2822,1.0,2,1,0
2823,0.2,2,1,0
2824,0.2,1,1,0
2825,0.2,3,1,0
2826,0.2,2,1,0
2827,0.2,3,1,0
2828,0.2,0,1,0
2829,0.2,1,0,0
2830,0.2,2,1,1
2831,0.2,1,1,0
2832,0.2,2,1,0
2833,0.2,2,1,1
2834,0.2,2,1,0
2835,0.2,1,1,0
2836,0.2,3,0,0
2837,0.2,2,1,0
2838,1.0,1,1,1
2839,0.2,2,1,0
2840,0.2,2,1,0
2841,0.2,1,1,0
2842,1.0,3,0,1
2843,0.2,2,1,0
2844,2.2,1,1,1
2845,0.2,1,1,1
2846,0.2,2,1,0
2847,0.2,2,1,0
2848,0.2,3,1,0
2849,0.2,1,1,0
2850,1.0,3,1,1
2851,0.2,2,1,1
2852,0.2,3,0,0
2853,0.2,2,1,1
2854,0.2,3,1,0
2855,1.0,2,1,1
2856,0.2,1,1,0
2857,1.0,2,1,0
2858,1.0,0,1,0
2859,0.2,3,0,1
2860,0.2,2,1,0
2861,0.2,1,1,1
2862,0.2,0,1,0
2863,0.2,0,1,0
2864,1.0,3,1,1
2865,0.2,1,1,1
2866,0.2,1,1,1
2867,0.2,2,1,0
2868,0.2,1,1,0
2869,0.2,2,1,1
2870,0.2,3,1,0
2871,0.2,1,1,1
2872,0.2,1,1,1
2873,0.2,1,1,0
2874,0.2,2,1,0
2875,0.2,1,0,0
2876,0.2,2,1,0
2877,0.2,0,1,0
2878,0.2,2,0,1
2879,0.2,2,1,0
2880,0.2,2,1,0
2881,1.0,2,1,0
2882,0.2,2,1,0
2883,0.2,3,0,0
2884,0.2,1,1,0
2885,0.2,2,1,0
2886,0.2,1,1,1
2887,0.2,2,1,0
2888,0.2,2,1,0
2889,0.2,3,1,0
2890,0.2,2,1,0
2891,0.2,2,1,0
2892,0.2,0,1,1
2893,0.2,1,1,0
2894,0.2,1,1,0
2895,0.2,3,1,1
2896,0.2,3,1,0
2897,1.0,1,1,1
2898,0.2,0,1,0
2899,0.2,2,1,0
2900,0.2,2,1,0
2901,0.2,3,1,0
2902,0.2,2,1,0
2903,0.2,2,1,0
2904,0.2,1,1,0
2905,0.2,1,1,1
2906,1.0,1,0,1
2907,0.2,2,1,0
2908,0.2,2,0,0
2909,0.2,1,1,0
2910,0.2,1,1,0
2911,0.2,1,1,0
2912,0.2,0,0,0
2913,1.0,2,0,1
2914,0.2,2,0,0
2915,1.0,0,1,0
2916,0.2,1,1,1
2917,0.2,0,1,0
2918,0.2,0,0,1
2919,0.2,0,1,1
2920,0.2,3,1,0
2921,0.2,2,0,0
2922,0.2,1,1,0
2923,0.2,1,1,0
2924,1.0,1,1,0
2925,0.2,1,1,0
2926,0.2,2,1,1
2927,0.2,2,1,0
2928,1.0,2,1,1
2929,1.0,2,1,1
2930,0.2,1,1,1
2931,0.2,1,1,0
2932,0.2,1,1,1
2933,1.0,0,0,1
2934,1.0,0,1,1
2935,0.2,2,1,1
2936,0.2,1,1,1
2937,2.2,1,1,1
2938,0.2,3,1,0
2939,0.2,0,1,1
2940,0.2,2,1,0
2941,0.2,1,1,0
2942,1.0,1,0,1
2943,1.0,2,1,1
2944,1.0,1,1,0
2945,0.2,1,1,1
2946,0.2,2,1,1
2947,0.2,1,1,0
2948,0.2,1,1,1
2949,0.2,2,1,0
2950,0.2,1,1,0
2951,0.2,1,1,0
2952,0.2,3,1,0
2953,0.2,3,1,0
2954,1.0,2,1,1
2955,1.0,1,1,0
2956,0.2,1,0,1
2957,0.2,1,1,0
2958,0.2,1,1,0
2959,0.2,1,1,1
2960,0.2,1,1,1
2961,0.2,2,1,1
2962,1.0,2,1,1
2963,1.0,2,0,1
2964,1.0,2,1,1
2965,1.0,1,1,1
2966,0.2,1,1,0
2967,0.2,2,1,0
2968,1.0,1,1,0
2969,0.2,0,1,1
2970,0.2,2,1,0
2971,1.0,1,0,1
2972,0.2,2,1,1
2973,0.2,2,1,0
2974,0.2,3,1,1
2975,1.0,1,1,1
2976,0.2,2,1,1
2977,0.2,0,1,0
2978,0.2,2,1,1
2979,0.2,2,1,1
2980,0.2,1,1,0
2981,1.0,1,1,1
2982,1.0,2,1,1
2983,0.2,0,1,1
2984,1.0,0,1,1
2985,0.2,3,1,0
2986,0.2,2,1,1
2987,0.2,1,1,1
2988,0.2,0,1,1
2989,0.2,2,1,0
2990,0.2,3,1,0
2991,0.2,0,1,0
2992,0.2,1,1,0
2993,1.0,2,0,1
2994,0.2,2,1,0
2995,0.2,1,1,0
2996,0.2,1,1,1
2997,1.0,2,1,1
2998,0.2,1,1,1
2999,0.2,3,1,0
3000,1.0,2,1,0
3001,0.2,2,1,0
3002,0.2,1,1,1
3003,1.0,0,0,1
3004,0.2,3,1,0
3005,0.2,2,1,0
3006,0.2,2,1,0
3007,0.2,0,1,1
3008,0.2,0,1,1
3009,1.0,1,0,1
3010,1.0,0,1,1
3011,0.2,2,1,1
3012,1.0,2,0,1
3013,0.2,0,1,0
3014,0.2,2,1,1
3015,0.2,0,1,0
3016,0.2,1,1,0
3017,0.2,2,1,0
3018,1.0,3,1,1
3019,1.0,1,1,1
3020,1.0,1,1,1
3021,1.0,1,1,1
3022,0.2,1,1,0
3023,0.2,0,0,0
3024,0.2,2,1,0
3025,0.2,1,1,0
3026,2.2,2,1,1
3027,0.2,2,1,0
3028,0.2,2,0,0
3029,0.2,2,1,1
3030,0.2,2,1,0
3031,0.2,3,0,0
3032,2.2,1,1,1
3033,2.2,1,1,1
3034,0.2,0,1,0
3035,0.2,2,1,1
3036,1.0,2,1,1
3037,0.2,2,1,1
3038,0.2,2,1,0
3039,0.2,1,1,0
3040,0.2,1,1,1
3041,1.0,0,1,1
3042,0.2,0,1,0
3043,0.2,2,1,0
3044,0.2,1,1,0
3045,1.0,1,1,1
3046,0.2,2,1,0
3047,0.2,2,1,0
3048,1.0,2,1,1
3049,0.2,2,1,1
3050,0.2,2,1,0
3051,1.0,1,1,0
3052,1.0,0,1,1
3053,0.2,2,1,0
3054,0.2,1,1,1
3055,1.0,1,1,1
3056,0.2,3,1,0
3057,1.0,0,0,1
3058,0.2,2,1,0
3059,1.0,1,1,1
3060,0.2,2,1,0
3061,0.2,2,0,1
3062,0.2,1,1,0
3063,0.2,1,1,0
3064,0.2,1,1,1
3065,0.2,0,1,0
3066,0.2,3,1,1
3067,1.0,3,1,1
3068,0.2,1,1,0
3069,0.2,1,0,1
3070,0.2,2,1,1
3071,1.0,2,1,1
3072,0.2,2,1,0
3073,0.2,1,1,0
3074,0.2,2,1,0
3075,0.2,0,1,0
3076,0.2,1,1,1
3077,0.2,0,0,1
3078,0.2,3,1,0
3079,1.0,2,0,0
3080,0.2,3,1,0
3081,1.0,0,0,0
3082,0.2,0,1,1
3083,1.0,2,1,1
3084,0.2,2,1,1
3085,0.2,0,0,1
3086,0.2,2,1,0
3087,1.0,0,1,0
3088,0.2,2,1,0
3089,1.0,2,1,1
3090,0.2,2,1,1
3091,0.2,1,1,1
3092,0.2,0,1,1
3093,0.2,3,1,0
3094,0.2,2,0,0
3095,0.2,2,1,1
3096,1.0,1,1,0
3097,0.2,1,1,1
3098,1.0,2,1,1
3099,0.2,2,1,0
3100,0.2,3,0,1
3101,0.2,2,1,0
3102,0.2,0,1,1
3103,0.2,1,0,1
3104,0.2,1,1,0
3105,1.0,2,1,1
3106,0.2,2,1,0
3107,0.2,1,1,1
3108,0.2,3,1,0
3109,0.2,2,1,0
3110,1.0,2,1,1
3111,0.2,0,0,0
3112,1.0,0,1,1
3113,1.0,1,1,1
3114,1.0,1,1,1
3115,1.0,1,0,1
3116,1.0,0,0,1
3117,0.2,3,1,1
3118,0.2,1,1,0
3119,0.2,2,0,0
3120,0.2,2,0,1
3121,1.0,2,0,1
3122,1.0,2,1,0
3123,0.2,2,1,0
3124,1.0,2,1,1
3125,1.0,2,1,1
3126,0.2,2,0,0
3127,0.2,1,1,1
3128,1.0,1,1,1
3129,0.2,2,1,0
3130,0.2,1,1,1
3131,0.2,1,0,1
3132,0.2,0,1,1
3133,0.2,2,1,0
3134,0.2,0,1,1
3135,0.2,2,1,0
3136,0.2,1,1,1
3137,1.0,1,1,1
3138,0.2,1,1,0
3139,0.2,2,1,1
3140,0.2,0,1,1
3141,2.2,0,1,1
3142,1.0,1,1,1
3143,0.2,3,1,1
3144,0.2,3,0,0
3145,0.2,1,1,0
3146,0.2,2,1,0
3147,0.2,2,1,0
3148,0.2,2,1,1
3149,0.2,1,1,1
3150,2.2,1,1,1
3151,0.2,2,1,1
3152,0.2,2,1,1
3153,0.2,1,0,1
3154,0.2,2,1,1
3155,0.2,1,1,0
3156,0.2,2,1,0
3157,0.2,1,1,0
3158,0.2,3,1,1
3159,0.2,2,1,0
3160,1.0,1,1,1
3161,1.0,1,0,1
3162,0.2,0,1,1
3163,0.2,3,1,0
3164,1.0,0,0,1
3165,0.2,2,0,0
3166,0.2,2,1,1
3167,0.2,1,1,1
3168,0.2,1,1,0
3169,2.2,2,1,1
3170,0.2,1,1,1
3171,0.2,3,0,1
3172,1.0,1,1,1
3173,0.2,3,1,1
3174,0.2,2,0,0
3175,0.2,2,0,1
3176,1.0,1,1,1
3177,0.2,1,1,1
3178,0.2,2,0,0
3179,0.2,1,1,1
3180,0.2,0,1,1
3181,1.0,1,1,0
3182,1.0,2,1,0
3183,0.2,3,1,0
3184,1.0,1,1,1
3185,0.2,0,1,0
3186,0.2,1,1,1
3187,1.0,1,1,1
3188,1.0,2,1,1
3189,0.2,2,1,0
3190,0.2,1,1,1
3191,0.2,1,1,0
3192,1.0,0,1,1
3193,1.0,1,1,1
3194,0.2,3,1,0
3195,0.2,2,1,0
3196,0.2,2,1,1
3197,0.2,1,1,1
3198,1.0,1,1,0
3199,1.0,2,1,1
3200,0.2,3,1,0
3201,0.2,1,1,0
3202,0.2,1,1,1
3203,1.0,2,1,0
3204,0.2,1,1,1
3205,0.2,3,1,0
3206,0.2,1,1,0
3207,0.2,3,0,0
3208,0.2,2,1,0
3209,1.0,1,1,1
3210,0.2,0,1,0
3211,0.2,2,1,0
3212,1.0,2,1,1
3213,0.2,1,1,1
3214,1.0,1,1,1
3215,0.2,1,1,0
3216,0.2,3,0,1
3217,2.2,0,1,1
3218,0.2,2,1,1
3219,0.2,3,1,0
3220,0.2,0,1,0
3221,0.2,3,1,0
3222,0.2,1,0,0
3223,0.2,3,1,1
3224,2.2,2,1,1
3225,1.0,0,1,1
3226,1.0,0,1,1
3227,0.2,2,1,0
3228,0.2,2,0,0
3229,2.2,2,1,1
3230,0.2,2,1,1
3231,0.2,2,1,0
3232,0.2,1,1,1
3233,0.2,0,1,1
3234,0.2,3,0,0
3235,0.2,2,1,0
3236,1.0,2,1,0
3237,0.2,3,1,0
3238,0.2,1,1,0
3239,1.0,2,1,0
3240,1.0,2,1,0
3241,0.2,3,1,1
3242,0.2,1,1,1
3243,0.2,2,1,0
3244,0.2,2,1,0
3245,0.2,1,1,1
3246,0.2,3,1,0
3247,0.2,0,1,1
3248,0.2,2,1,1
3249,0.2,2,0,1
3250,0.2,3,1,1
3251,0.2,2,1,1
3252,0.2,1,1,0
3253,0.2,2,1,0
3254,1.0,1,1,1
3255,0.2,3,1,0
3256,0.2,3,1,0
3257,1.0,0,1,1
3258,0.2,2,1,1
3259,0.2,2,0,1
3260,1.0,2,1,0
3261,0.2,1,0,1
3262,0.2,3,1,0
3263,0.2,2,1,1
3264,0.2,2,1,0
3265,0.2,1,1,1
3266,0.2,2,1,0
3267,0.2,2,1,1
3268,0.2,2,0,0
3269,0.2,1,0,1
3270,0.2,1,1,1
3271,0.2,2,1,0
3272,0.2,1,1,1
3273,0.2,2,1,0
3274,0.2,1,1,0
3275,0.2,1,1,1
3276,0.2,2,1,0
3277,0.2,1,1,0
3278,0.2,2,1,1
3279,0.2,2,1,1
3280,1.0,1,1,0
3281,0.2,0,1,0
3282,1.0,0,1,1
3283,1.0,2,1,1
3284,1.0,1,0,1
3285,0.2,2,1,0
3286,0.2,2,1,1
3287,0.2,2,1,1
3288,1.0,3,1,0
3289,0.2,3,1,1
3290,0.2,3,1,0
3291,1.0,0,0,1
3292,0.2,0,0,0
3293,0.2,1,1,1
3294,0.2,1,1,1
3295,0.2,1,1,1
3296,2.2,1,1,1
3297,0.2,3,1,1
3298,2.2,1,1,1
3299,0.2,2,1,0
3300,1.0,2,1,1
3301,0.2,1,1,1
3302,0.2,1,1,1
3303,0.2,1,1,0
3304,0.2,0,1,1
3305,1.0,2,1,1
3306,0.2,2,1,0
3307,1.0,2,1,0
3308,0.2,1,0,1
3309,0.2,1,1,0
3310,0.2,3,1,1
3311,1.0,2,0,1
3312,0.2,1,1,0
3313,2.2,0,1,1
3314,0.2,1,1,0
3315,0.2,1,1,1
3316,0.2,2,1,0
3317,1.0,2,1,0
3318,0.2,2,1,0
3319,0.2,2,1,0
3320,1.0,1,0,1
3321,0.2,0,1,0
3322,0.2,2,1,0
3323,1.0,1,1,1
3324,0.2,2,1,0
3325,2.2,2,1,1
3326,2.2,2,1,1
3327,0.2,2,0,0
3328,0.2,2,1,0
3329,1.0,2,0,0
3330,0.2,3,1,0
3331,1.0,1,1,1
3332,0.2,2,0,0
3333,1.0,1,1,1
3334,0.2,1,1,0
3335,0.2,1,1,0
3336,2.2,1,0,1
3337,0.2,3,1,0
3338,0.2,3,0,0
3339,0.2,3,0,1
3340,0.2,2,1,0
3341,1.0,2,1,1
3342,1.0,3,1,1
3343,1.0,2,1,1
3344,0.2,2,0,0
3345,0.2,2,1,0
3346,0.2,2,0,1
3347,1.0,1,1,1
3348,0.2,0,1,1
3349,0.2,1,1,0
3350,0.2,1,1,0
3351,0.2,3,1,1
3352,0.2,2,1,0
3353,0.2,3,1,0
3354,0.2,0,1,0
3355,1.0,1,1,1
3356,0.2,1,0,1
3357,0.2,3,1,0
3358,0.2,2,1,0
3359,0.2,3,0,1
3360,0.2,1,0,1
3361,0.2,1,1,0
3362,1.0,2,0,0
3363,1.0,1,1,1
3364,1.0,2,0,1
3365,0.2,0,1,1
3366,1.0,3,1,0
3367,0.2,1,1,1
3368,0.2,2,1,1
3369,0.2,2,1,0
3370,0.2,1,1,0
3371,2.2,1,0,1
3372,0.2,3,1,0
3373,0.2,3,0,0
3374,1.0,0,1,1
3375,0.2,1,1,1
3376,0.2,2,1,0
3377,0.2,2,1,0
3378,0.2,0,1,1
3379,1.0,2,0,0
3380,0.2,2,0,1
3381,0.2,1,0,0
3382,0.2,1,1,1
3383,0.2,1,1,0
3384,0.2,0,0,0
3385,1.0,2,1,1
3386,0.2,3,1,0
3387,0.2,1,0,0
3388,0.2,2,1,1
3389,0.2,2,1,0
3390,0.2,0,1,1
3391,2.2,2,1,1
3392,0.2,0,1,0
3393,0.2,1,1,0
3394,0.2,2,1,0
3395,2.2,2,1,1
3396,1.0,1,1,1
3397,0.2,2,1,1
3398,1.0,1,1,1
3399,1.0,2,1,1
3400,1.0,2,1,0
3401,0.2,2,1,1
3402,0.2,1,1,0
3403,0.2,2,1,0
3404,0.2,3,1,0
3405,0.2,1,1,0
3406,0.2,3,1,1
3407,0.2,0,1,0
3408,0.2,2,1,0
3409,0.2,2,0,0
3410,0.2,3,1,1
3411,0.2,3,1,1
3412,0.2,0,0,0
3413,0.2,0,0,1
3414,0.2,0,1,1
3415,0.2,1,1,0
3416,1.0,1,1,1
3417,0.2,1,1,1
3418,0.2,0,1,0
3419,0.2,2,0,1
3420,0.2,0,1,0
3421,0.2,1,1,0
3422,0.2,2,1,1
3423,0.2,3,0,0
3424,0.2,1,0,0
3425,0.2,2,0,0
3426,1.0,2,1,1
3427,1.0,2,1,1
3428,1.0,3,1,1
3429,0.2,1,1,0
3430,0.2,2,1,0
3431,0.2,1,1,0
3432,1.0,0,0,1
3433,0.2,2,1,0
3434,0.2,2,1,0
3435,0.2,1,1,1
3436,0.2,0,1,0
3437,0.2,1,1,0
3438,0.2,3,0,0
3439,0.2,2,0,1
3440,2.2,0,0,1
3441,2.2,1,0,1
3442,1.0,0,0,0
3443,0.2,1,1,0
3444,0.2,0,1,1
3445,1.0,2,1,1
3446,1.0,1,1,1
3447,0.2,2,1,0
3448,0.2,2,1,1
3449,1.0,2,1,0
3450,1.0,2,1,1
3451,0.2,0,1,0
3452,0.2,1,1,1
3453,0.2,2,1,1
3454,0.2,1,1,1
3455,0.2,1,1,0
3456,0.2,1,1,1
3457,0.2,1,1,1
3458,0.2,0,1,1
3459,0.2,3,1,0
3460,0.2,2,0,1
3461,0.2,0,1,0
3462,0.2,1,1,0
3463,0.2,2,1,0
3464,0.2,0,1,1
3465,1.0,0,0,1
3466,0.2,1,1,0
3467,0.2,2,1,1
3468,0.2,3,1,0
3469,0.2,3,1,1
3470,0.2,1,1,0
3471,0.2,3,1,0
3472,0.2,2,1,1
3473,0.2,3,1,0
3474,0.2,1,1,0
3475,0.2,2,1,0
3476,0.2,1,1,0
3477,0.2,2,1,0
3478,0.2,1,1,0
3479,0.2,1,1,1
3480,1.0,0,1,1
3481,1.0,1,0,0
3482,0.2,2,1,1
3483,0.2,2,1,0
3484,0.2,1,1,0
3485,0.2,2,0,0
3486,0.2,1,1,0
3487,0.2,3,1,0
3488,1.0,2,1,1
3489,0.2,1,1,0
3490,0.2,1,1,0
3491,0.2,1,1,0
3492,0.2,2,1,0
3493,0.2,2,1,0
3494,0.2,2,0,0
3495,0.2,2,1,1
3496,0.2,2,1,0
3497,0.2,2,1,0
3498,2.2,1,1,1
3499,0.2,2,1,1
3500,0.2,1,1,0
3501,0.2,1,1,0
3502,1.0,0,1,1
3503,1.0,0,1,1
3504,0.2,2,1,0
3505,1.0,2,1,1
3506,1.0,3,1,1
3507,0.2,3,1,0
3508,0.2,1,1,0
3509,0.2,3,0,0
3510,0.2,1,1,0
3511,1.0,1,1,1
3512,0.2,2,1,0
3513,1.0,2,1,1
3514,0.2,1,1,1
3515,0.2,2,1,0
3516,0.2,0,1,1
3517,1.0,1,0,1
3518,0.2,2,1,0
3519,1.0,1,0,1
3520,1.0,2,1,0
3521,0.2,1,1,0
3522,1.0,2,1,1
3523,0.2,1,0,1
3524,0.2,0,0,1
3525,0.2,2,1,0
3526,0.2,1,1,0
3527,1.0,1,1,0
3528,1.0,2,1,1
3529,0.2,1,1,0
3530,1.0,1,0,1
3531,0.2,3,1,0
3532,1.0,0,0,0
3533,1.0,2,1,1
3534,0.2,2,1,0
3535,0.2,3,1,1
3536,0.2,1,0,0
3537,1.0,1,1,1
3538,2.2,0,1,1
3539,0.2,1,1,0
3540,1.0,1,1,1
3541,0.2,2,1,0
3542,1.0,2,1,1
3543,0.2,1,1,0
3544,0.2,1,0,1
3545,1.0,2,1,1
3546,1.0,2,1,1
3547,1.0,1,1,1
3548,0.2,0,1,0
3549,0.2,1,0,1
3550,0.2,2,0,1
3551,1.0,3,1,1
3552,1.0,2,1,0
3553,0.2,1,1,1
3554,1.0,0,1,1
3555,0.2,1,1,0
3556,0.2,3,1,0
3557,0.2,1,1,0
3558,0.2,2,1,1
3559,0.2,2,0,0
3560,1.0,1,1,1
3561,1.0,0,1,1
3562,1.0,0,1,1
3563,0.2,0,1,0
3564,0.2,2,1,0
3565,0.2,2,0,0
3566,1.0,1,1,1
3567,0.2,1,1,0
3568,0.2,1,1,0
3569,1.0,1,1,1
3570,1.0,1,1,1
3571,0.2,1,1,1
3572,0.2,1,1,1
3573,0.2,3,1,1
3574,1.0,1,1,1
3575,0.2,2,1,0
3576,0.2,2,1,0
3577,0.2,1,1,1
3578,0.2,2,1,0
3579,1.0,1,0,1
3580,0.2,3,1,0
3581,0.2,2,1,1
3582,0.2,3,1,1
3583,0.2,2,1,0
3584,1.0,0,0,1
3585,0.2,1,0,1
3586,0.2,0,1,0
3587,0.2,1,1,0
3588,1.0,1,1,0
3589,0.2,0,1,1
3590,1.0,3,0,1
3591,0.2,2,1,0
3592,0.2,1,1,0
3593,0.2,2,0,0
3594,1.0,0,1,1
3595,0.2,3,0,0
3596,0.2,2,1,0
3597,0.2,2,1,1
3598,0.2,1,0,1
3599,0.2,2,1,0
3600,1.0,1,1,1
3601,0.2,3,1,0
3602,1.0,2,1,1
3603,0.2,2,1,0
3604,0.2,2,1,1
3605,1.0,0,1,1
3606,0.2,2,1,0
3607,0.2,0,0,1
3608,1.0,2,1,1
3609,1.0,0,1,1
3610,0.2,0,0,1
3611,1.0,2,1,1
3612,0.2,2,1,1
3613,0.2,1,0,0
3614,0.2,0,0,0
3615,0.2,2,1,0
3616,0.2,2,0,0
3617,0.2,2,1,0
3618,0.2,1,1,1
3619,2.2,2,1,1
3620,0.2,3,1,0
3621,0.2,2,1,0
3622,2.2,1,1,1
3623,1.0,3,1,1
3624,0.2,3,1,0
3625,0.2,1,1,0
3626,0.2,2,0,0
3627,0.2,2,1,0
3628,0.2,2,0,0
3629,0.2,1,1,0
3630,0.2,3,0,0
3631,2.2,1,1,1
3632,0.2,1,1,0
3633,0.2,1,0,0
3634,0.2,2,1,0
3635,1.0,1,0,1
3636,0.2,2,1,0
3637,0.2,3,1,1
3638,0.2,0,1,1
3639,0.2,0,1,0
3640,0.2,2,1,0
3641,0.2,2,1,0
3642,1.0,2,0,0
3643,0.2,1,1,0
3644,1.0,2,1,1
3645,1.0,2,0,0
3646,0.2,1,1,0
3647,0.2,3,1,1
3648,1.0,3,1,1
3649,0.2,1,1,1
3650,0.2,1,1,1
3651,1.0,2,1,1
3652,0.2,3,0,1
3653,0.2,2,1,1
3654,0.2,2,0,0
3655,0.2,2,1,0
3656,1.0,1,1,1
3657,0.2,1,0,0
3658,0.2,2,0,1
3659,0.2,1,1,0
3660,0.2,1,1,1
3661,0.2,2,1,1
3662,0.2,0,1,1
3663,0.2,2,0,0
3664,1.0,2,1,0
3665,0.2,1,1,1
3666,1.0,0,1,1
3667,0.2,2,1,0
3668,1.0,1,1,1
3669,0.2,0,1,1
3670,0.2,2,1,0
3671,0.2,3,0,0
3672,0.2,3,1,0
3673,1.0,2,1,1
3674,0.2,1,0,1
3675,0.2,0,1,0
3676,0.2,0,1,0
3677,0.2,3,1,0
3678,0.2,0,1,1
3679,0.2,1,1,0
3680,1.0,2,1,0
3681,0.2,3,1,0
3682,1.0,1,1,1
3683,0.2,0,1,0
3684,0.2,1,1,0
3685,0.2,2,0,0
3686,0.2,1,1,0
3687,0.2,2,1,0
3688,0.2,2,1,0
3689,1.0,1,1,1
3690,0.2,2,0,0
3691,0.2,0,1,1
3692,0.2,1,1,0
3693,0.2,2,1,0
3694,0.2,2,1,0
3695,0.2,1,1,1
3696,0.2,2,1,1
3697,1.0,1,1,0
3698,0.2,0,1,0
3699,0.2,2,1,1
3700,0.2,1,0,0
3701,2.2,1,1,1
3702,1.0,3,1,0
3703,0.2,1,1,1
3704,0.2,1,0,1
3705,2.2,2,1,1
3706,0.2,2,1,0
3707,0.2,2,1,0
3708,0.2,1,0,0
3709,1.0,1,1,1
3710,0.2,2,1,0
3711,0.2,2,1,0
3712,0.2,1,0,1
3713,0.2,2,1,0
3714,0.2,0,1,0
3715,0.2,3,1,1
3716,0.2,2,1,0
3717,0.2,1,1,0
3718,0.2,1,1,0
3719,0.2,1,1,0
3720,2.2,0,1,1
3721,0.2,3,1,0
3722,0.2,1,1,0
3723,0.2,0,1,1
3724,1.0,0,1,1
3725,0.2,2,1,0
3726,0.2,3,1,1
3727,0.2,2,1,0
3728,2.2,3,1,1
3729,1.0,1,1,1
3730,0.2,1,1,1
3731,0.2,0,1,1
3732,0.2,3,1,0
3733,1.0,2,1,0
3734,0.2,2,1,0
3735,1.0,1,1,1
3736,1.0,1,1,1
3737,0.2,3,1,0
3738,1.0,0,0,1
3739,1.0,2,1,1
3740,1.0,1,1,0
3741,0.2,1,1,1
3742,0.2,1,1,0
3743,0.2,2,0,1
3744,0.2,3,1,1
3745,0.2,1,1,1
3746,0.2,2,0,0
3747,0.2,1,1,1
3748,0.2,1,1,1
3749,0.2,1,0,0
3750,0.2,1,1,0
3751,0.2,2,1,0
3752,0.2,3,1,0
3753,0.2,3,1,0
3754,0.2,0,1,1
3755,0.2,2,1,0
3756,0.2,3,0,0
3757,1.0,2,0,1
3758,0.2,3,1,0
3759,1.0,2,1,1
3760,0.2,2,0,0
3761,0.2,0,0,0
3762,0.2,1,0,0
3763,0.2,3,1,0
3764,0.2,1,1,0
3765,0.2,1,1,0
3766,0.2,1,1,1
3767,0.2,0,1,0
3768,0.2,1,1,0
3769,0.2,0,1,1
3770,0.2,1,1,0
3771,0.2,0,1,1
3772,0.2,1,1,1
3773,0.2,2,1,0
3774,0.2,1,1,0
3775,0.2,2,1,1
3776,0.2,1,1,0
3777,0.2,2,1,1
3778,0.2,1,1,0
3779,0.2,1,1,0
3780,0.2,0,1,0
3781,1.0,3,1,1
3782,1.0,2,1,1
3783,1.0,3,0,0
3784,0.2,2,1,0
3785,0.2,2,1,0
3786,1.0,2,0,1
3787,1.0,0,1,1
3788,0.2,1,1,0
3789,0.2,1,0,0
3790,0.2,0,1,1
3791,0.2,0,0,0
3792,0.2,2,1,1
3793,0.2,1,1,0
3794,2.2,2,1,1
3795,0.2,0,1,1
3796,0.2,2,1,0
3797,1.0,0,0,1
3798,0.2,3,1,0
3799,0.2,1,1,0
3800,0.2,1,1,1
3801,0.2,2,0,0
3802,0.2,2,1,0
3803,1.0,1,1,1
3804,0.2,3,1,0
3805,0.2,3,1,1
3806,0.2,1,1,0
3807,0.2,2,1,1
3808,0.2,2,1,0
3809,1.0,2,1,1
3810,0.2,0,1,1
3811,0.2,1,0,0
3812,0.2,2,1,1
3813,1.0,3,1,1
3814,0.2,0,1,1
3815,0.2,1,1,0
3816,0.2,0,1,1
3817,0.2,1,1,1
3818,1.0,0,1,1
3819,0.2,1,0,0
3820,0.2,2,1,0
3821,0.2,1,1,0
3822,1.0,0,1,1
3823,0.2,2,1,0
3824,0.2,1,1,1
3825,0.2,0,1,0
3826,0.2,3,1,0
3827,0.2,1,0,0
3828,1.0,1,1,1
3829,0.2,1,1,0
3830,1.0,1,0,1
3831,0.2,2,1,1
3832,0.2,2,1,1
3833,0.2,1,1,0
3834,0.2,0,1,0
3835,0.2,2,1,0
3836,0.2,2,0,0
3837,0.2,2,1,0
3838,1.0,0,1,0
3839,0.2,3,1,1
3840,0.2,1,1,1
3841,0.2,1,1,0
3842,0.2,3,1,1
3843,0.2,3,1,0
3844,0.2,2,1,0
3845,0.2,2,1,1
3846,0.2,1,1,0
3847,0.2,1,1,0
3848,0.2,2,1,0
3849,0.2,1,1,0
3850,0.2,0,1,0
3851,0.2,1,1,0
3852,0.2,0,1,0
3853,1.0,1,1,1
3854,0.2,2,0,0
3855,0.2,0,1,1
3856,0.2,1,1,0
3857,2.2,2,1,1
3858,0.2,0,1,1
3859,0.2,2,0,1
3860,1.0,1,1,1
3861,0.2,2,1,1
3862,0.2,3,1,0
3863,0.2,1,0,1
3864,0.2,2,1,0
3865,0.2,0,1,1
3866,0.2,1,1,0
3867,0.2,2,1,0
3868,1.0,1,1,1
3869,0.2,3,1,0
3870,1.0,2,1,0
3871,0.2,2,1,0
3872,1.0,1,1,0
3873,0.2,1,1,0
3874,0.2,1,1,0
3875,0.2,1,1,0
3876,1.0,1,1,0
3877,0.2,1,1,0
3878,0.2,1,0,0
3879,0.2,2,1,1
3880,0.2,2,1,1
3881,1.0,3,1,0
3882,0.2,3,1,0
3883,1.0,1,1,1
3884,0.2,1,1,1
3885,0.2,1,1,1
3886,0.2,2,1,1
3887,0.2,1,1,0
3888,0.2,2,1,0
3889,1.0,1,1,0
3890,0.2,2,1,1
3891,0.2,1,1,0
3892,0.2,1,1,1
3893,0.2,2,1,1
3894,0.2,2,1,1
3895,0.2,1,1,0
3896,0.2,3,1,0
3897,0.2,1,1,0
3898,0.2,2,1,0
3899,1.0,1,0,1
3900,0.2,0,1,1
3901,1.0,1,1,1
3902,0.2,1,1,0
3903,0.2,0,1,1
3904,0.2,0,1,1
3905,2.2,2,1,1
3906,0.2,1,1,0
3907,0.2,1,1,0
3908,1.0,1,1,1
3909,0.2,2,1,0
3910,0.2,2,0,1
3911,0.2,1,1,1
3912,0.2,1,1,1
3913,0.2,2,1,0
3914,1.0,2,0,1
3915,0.2,2,1,1
3916,0.2,0,1,0
3917,0.2,2,1,0
3918,0.2,1,0,0
3919,0.2,1,0,1
3920,2.2,1,1,1
3921,0.2,3,1,0
3922,0.2,2,1,0
3923,0.2,1,0,1
3924,0.2,2,1,0
3925,1.0,3,1,0
3926,0.2,3,1,0
3927,0.2,1,1,1
3928,0.2,2,0,0
3929,0.2,3,0,0
3930,1.0,2,1,0
3931,0.2,2,1,0
3932,0.2,0,1,0
3933,0.2,1,0,0
3934,2.2,1,0,1
3935,0.2,3,0,0
3936,0.2,2,1,0
3937,0.2,0,0,0
3938,0.2,2,1,0
3939,0.2,3,1,0
3940,0.2,0,1,1
3941,0.2,3,1,1
3942,0.2,2,1,0
3943,0.2,0,1,0
3944,0.2,2,1,0
3945,0.2,0,1,1
3946,0.2,1,1,1
3947,0.2,2,0,0
3948,1.0,1,1,1
3949,0.2,2,1,0
3950,0.2,0,1,0
3951,0.2,0,0,0
3952,0.2,1,1,0
3953,0.2,3,1,0
3954,0.2,3,1,0
3955,0.2,1,1,0
3956,0.2,3,1,0
3957,1.0,0,1,1
3958,1.0,1,1,0
3959,0.2,0,1,0
3960,0.2,1,1,1
3961,0.2,1,1,0
3962,0.2,2,1,0
3963,1.0,1,1,1
3964,0.2,1,1,0
3965,0.2,2,1,0
3966,1.0,3,1,1
3967,0.2,3,1,0
3968,2.2,1,1,1
3969,0.2,1,1,0
3970,0.2,2,1,0
3971,0.2,2,1,0
3972,1.0,1,1,1
3973,1.0,1,1,1
3974,0.2,1,1,1
3975,1.0,1,1,1
3976,1.0,1,1,1
3977,0.2,2,0,1
3978,2.2,1,1,1
3979,0.2,1,1,0
3980,0.2,1,1,1
3981,0.2,1,1,1
3982,0.2,1,1,0
3983,0.2,1,1,1
3984,1.0,1,1,1
3985,0.2,2,1,1
3986,0.2,3,1,1
3987,1.0,2,1,1
3988,1.0,3,0,1
3989,0.2,2,1,0
3990,0.2,2,1,0
3991,0.2,2,0,0
3992,0.2,3,1,0
3993,0.2,1,1,0
3994,0.2,3,0,0
3995,0.2,0,0,1
3996,0.2,0,1,0
3997,0.2,1,1,0
3998,1.0,1,0,0
3999,0.2,2,1,1
4000,1.0,1,1,1
4001,0.2,2,1,1
4002,1.0,1,1,1
4003,1.0,1,1,1
4004,0.2,1,1,1
4005,0.2,1,0,1
4006,0.2,3,1,0
4007,1.0,1,1,0
4008,1.0,0,0,1
4009,0.2,1,1,1
4010,1.0,1,1,1
4011,1.0,0,1,1
4012,0.2,3,0,0
4013,1.0,0,1,1
4014,0.2,0,1,0
4015,0.2,2,1,1
4016,0.2,1,1,1
4017,0.2,2,1,0
4018,1.0,0,1,1
4019,1.0,1,1,1
4020,0.2,1,0,1
4021,0.2,1,0,0
4022,0.2,2,1,0
4023,0.2,0,1,0
4024,0.2,1,1,1
4025,1.0,2,1,0
4026,0.2,1,1,0
4027,0.2,1,1,1
4028,1.0,2,1,1
4029,0.2,3,1,0
4030,0.2,2,1,0
4031,1.0,1,1,1
4032,1.0,0,1,1
4033,0.2,1,0,1
4034,0.2,1,0,1
4035,0.2,2,1,1
4036,1.0,0,1,0
4037,0.2,1,1,1
4038,0.2,3,1,1
4039,0.2,1,1,1
4040,0.2,1,1,0
4041,1.0,1,1,1
4042,0.2,3,1,1
4043,0.2,1,1,0
4044,0.2,2,1,0
4045,1.0,0,1,1
4046,0.2,1,1,0
4047,0.2,2,1,0
4048,0.2,1,1,1
4049,0.2,2,1,0
4050,1.0,0,1,0
4051,1.0,1,1,1
4052,0.2,2,1,1
4053,0.2,0,1,1
4054,0.2,3,1,1
4055,0.2,0,1,1
4056,1.0,1,1,1
4057,0.2,2,1,1
4058,0.2,1,1,0
4059,2.2,1,1,1
4060,0.2,1,1,1
4061,0.2,1,1,0
4062,1.0,1,1,0
4063,0.2,0,1,1
4064,0.2,2,1,0
4065,0.2,2,1,0
4066,0.2,3,1,0
4067,0.2,2,0,1
4068,0.2,2,1,0
4069,0.2,2,1,0
4070,0.2,1,1,1
4071,0.2,1,1,0
4072,1.0,2,0,1
4073,0.2,2,1,0
4074,0.2,1,1,0
4075,0.2,3,1,0
4076,0.2,3,1,1
4077,0.2,2,1,0
4078,0.2,3,0,1
4079,0.2,2,0,0
4080,0.2,0,1,1
4081,0.2,2,1,0
4082,0.2,3,0,1
4083,1.0,1,1,0
4084,1.0,1,0,0
4085,0.2,3,1,0
4086,0.2,1,1,0
4087,0.2,0,1,0
4088,0.2,1,1,1
4089,0.2,1,1,0
4090,0.2,2,1,0
4091,1.0,2,1,1
4092,0.2,3,1,0
4093,0.2,2,1,1
4094,0.2,1,1,1
4095,0.2,1,1,0
4096,0.2,2,1,1
4097,1.0,1,0,1
4098,1.0,1,1,0
4099,0.2,2,1,0
4100,2.2,2,1,1
4101,0.2,0,1,1
4102,1.0,1,1,0
4103,1.0,1,1,1
4104,0.2,3,1,1
4105,0.2,2,1,0
4106,0.2,2,1,1
4107,0.2,2,1,0
4108,1.0,1,1,1
4109,0.2,1,1,0
4110,1.0,2,1,0
4111,0.2,2,1,0
4112,0.2,2,1,0
4113,0.2,3,0,0
4114,1.0,1,1,1
4115,1.0,3,1,1
4116,2.2,0,0,1
4117,0.2,2,1,0
4118,0.2,2,1,1
4119,0.2,2,1,0
4120,0.2,3,1,0
4121,0.2,0,1,0
4122,0.2,2,0,0
4123,0.2,2,0,0
4124,0.2,3,0,0
4125,1.0,1,1,1
4126,0.2,1,1,0
4127,0.2,0,1,1
4128,0.2,1,0,0
4129,0.2,1,1,0
4130,1.0,1,1,1
4131,1.0,1,1,1
4132,0.2,1,1,0
4133,0.2,1,1,0
4134,0.2,0,1,0
4135,0.2,2,1,1
4136,0.2,1,1,0
4137,0.2,1,0,1
4138,0.2,2,1,0
4139,0.2,2,0,1
4140,0.2,1,1,1
4141,0.2,2,1,0
4142,0.2,2,0,0
4143,0.2,0,1,0
4144,0.2,1,1,0
4145,1.0,1,1,1
4146,1.0,2,1,1
4147,0.2,1,1,0
4148,0.2,2,1,0
4149,0.2,3,1,0
4150,1.0,1,1,1
4151,0.2,1,0,1
4152,0.2,2,1,0
4153,2.2,1,1,1
4154,1.0,1,0,0
4155,0.2,1,0,1
4156,0.2,0,1,1
4157,0.2,1,1,0
4158,0.2,3,1,0
4159,0.2,1,1,1
4160,0.2,2,1,1
4161,0.2,2,1,1
4162,0.2,1,1,0
4163,0.2,2,1,0
4164,0.2,2,1,0
4165,0.2,0,1,0
4166,0.2,1,0,0
4167,0.2,2,1,0
4168,0.2,2,1,0
4169,0.2,0,1,0
4170,1.0,0,0,1
4171,0.2,0,1,0
4172,0.2,1,1,1
4173,0.2,2,1,1
4174,0.2,1,0,0
4175,0.2,2,1,0
4176,0.2,1,1,0
4177,1.0,2,1,0
4178,1.0,0,1,1
4179,0.2,2,1,0
4180,0.2,2,1,0
4181,1.0,1,1,1
4182,0.2,0,1,0
4183,0.2,2,1,0
4184,0.2,2,0,0
4185,1.0,1,0,1
4186,0.2,3,0,0
4187,0.2,3,1,0
4188,0.2,1,1,1
4189,0.2,2,1,0
4190,0.2,0,1,0
4191,0.2,2,1,0
4192,0.2,2,1,1
4193,0.2,2,1,0
4194,0.2,1,1,0
4195,0.2,1,1,0
4196,0.2,3,1,0
4197,0.2,2,1,0
4198,0.2,2,1,1
4199,0.2,1,1,0
4200,0.2,2,0,0
4201,0.2,1,1,0
4202,0.2,2,0,1
4203,0.2,1,1,0
4204,0.2,1,1,1
4205,0.2,1,1,1
4206,1.0,2,1,1
4207,0.2,1,1,1
4208,0.2,1,1,1
4209,0.2,1,1,0
4210,0.2,1,0,1
4211,2.2,1,1,1
4212,0.2,1,1,0
4213,0.2,2,1,0
4214,0.2,2,1,0
4215,0.2,0,1,1
4216,0.2,2,0,0
4217,1.0,0,1,1
4218,0.2,1,1,1
4219,1.0,0,1,0
4220,0.2,0,1,1
4221,0.2,2,1,0
4222,0.2,1,1,1
4223,0.2,2,1,0
4224,2.2,1,1,1
4225,1.0,0,1,1
4226,0.2,3,1,0
4227,0.2,3,1,0
4228,0.2,2,1,0
4229,0.2,1,1,0
4230,0.2,1,1,0
4231,0.2,2,1,0
4232,0.2,2,1,0
4233,1.0,1,1,1
4234,1.0,1,1,0
4235,0.2,3,1,0
4236,0.2,0,1,0
4237,0.2,1,1,0
4238,0.2,1,1,0
4239,2.2,0,0,1
4240,0.2,0,0,0
4241,0.2,1,1,0
4242,1.0,2,1,1
4243,0.2,0,0,1
4244,1.0,0,1,1
4245,0.2,0,0,0
4246,0.2,3,1,1
4247,1.0,1,0,1
4248,0.2,2,1,0
4249,0.2,2,1,0
4250,0.2,1,1,0
4251,0.2,3,1,0
4252,0.2,3,0,0
4253,1.0,2,1,1
4254,1.0,2,0,1
4255,0.2,2,1,1
4256,2.2,0,1,1
4257,0.2,3,1,1
4258,0.2,1,1,1
4259,1.0,3,0,1
4260,1.0,2,1,0
4261,2.2,0,1,1
4262,0.2,2,1,1
4263,1.0,3,1,0
4264,0.2,1,1,1
4265,0.2,2,1,0
4266,0.2,0,0,1
4267,0.2,0,1,1
4268,1.0,1,1,1
4269,0.2,2,1,0
4270,0.2,1,1,1
4271,1.0,1,1,1
4272,1.0,1,1,0
4273,0.2,2,1,0
4274,0.2,1,1,0
4275,0.2,2,1,1
4276,2.2,2,1,1
4277,1.0,2,1,1
4278,2.2,2,1,1
4279,0.2,2,1,0
4280,1.0,1,1,1
4281,0.2,2,1,0
4282,0.2,2,0,0
4283,0.2,2,1,1
4284,1.0,2,1,1
4285,1.0,2,1,1
4286,0.2,0,1,0
4287,1.0,0,1,0
4288,0.2,2,0,0
4289,0.2,2,1,1
4290,0.2,0,1,1
4291,0.2,2,1,1
4292,0.2,2,1,0
4293,0.2,2,0,0
4294,0.2,1,1,0
4295,0.2,2,1,0
4296,0.2,2,1,1
4297,0.2,0,1,0
4298,1.0,0,1,1
4299,1.0,1,0,1
4300,0.2,1,1,1
4301,0.2,3,1,0
4302,1.0,2,1,1
4303,1.0,1,0,1
4304,0.2,1,0,0
4305,0.2,2,0,0
4306,1.0,2,1,1
4307,0.2,2,1,0
4308,0.2,1,0,0
4309,0.2,1,1,1
4310,0.2,1,1,0
4311,0.2,1,1,1
4312,0.2,2,1,0
4313,0.2,1,1,1
4314,0.2,2,1,0
4315,0.2,1,1,0
4316,0.2,2,1,1
4317,1.0,2,1,1
4318,0.2,1,1,0
4319,1.0,2,1,1
4320,0.2,0,1,1
4321,0.2,1,1,1
4322,0.2,1,1,0
4323,0.2,1,1,0
4324,1.0,3,1,1
4325,0.2,3,0,1
4326,0.2,1,1,0
4327,0.2,1,1,0
4328,0.2,2,1,1
4329,0.2,2,1,0
4330,0.2,1,1,0
4331,0.2,1,1,0
4332,2.2,0,1,1
4333,0.2,2,1,0
4334,0.2,2,1,1
4335,1.0,1,1,1
4336,0.2,2,1,0
4337,0.2,1,1,1
4338,0.2,2,1,0
4339,0.2,2,1,0
4340,0.2,1,1,1
4341,2.2,1,1,1
4342,1.0,1,1,1
4343,0.2,2,0,1
4344,1.0,1,1,1
4345,0.2,1,1,0
4346,0.2,3,0,1
4347,0.2,2,1,0
4348,0.2,1,1,0
4349,0.2,3,1,0
4350,1.0,1,1,1
4351,0.2,2,1,0
4352,1.0,3,1,0
4353,0.2,1,1,0
4354,0.2,1,1,1
4355,0.2,1,1,0
4356,0.2,1,1,0
4357,0.2,2,1,0
4358,0.2,1,1,0
4359,1.0,2,1,0
4360,0.2,1,1,1
4361,1.0,0,1,1
4362,0.2,1,1,0
4363,0.2,1,1,0
4364,1.0,2,1,1
4365,0.2,1,1,1
4366,0.2,2,1,1
4367,0.2,0,0,0
4368,0.2,0,1,0
4369,0.2,1,1,0
4370,0.2,1,1,0
4371,0.2,2,1,0
4372,0.2,1,1,0
4373,1.0,0,1,1
4374,1.0,1,0,1
4375,1.0,1,1,1
4376,0.2,1,1,0
4377,0.2,0,0,1
4378,0.2,1,1,1
4379,0.2,1,1,0
4380,1.0,2,1,0
4381,0.2,2,1,0
4382,0.2,3,1,0
4383,0.2,1,1,0
4384,1.0,1,1,1
4385,0.2,2,1,0
4386,1.0,3,1,1
4387,0.2,0,1,1
4388,1.0,2,1,1
4389,0.2,1,1,1
4390,0.2,2,0,1
4391,1.0,1,1,0
4392,0.2,2,1,0
4393,0.2,2,1,0
4394,0.2,1,0,0
4395,0.2,1,1,0
4396,0.2,1,1,0
4397,0.2,2,1,1
4398,0.2,1,1,1
4399,0.2,1,1,1
4400,0.2,2,1,0
4401,1.0,1,1,1
4402,0.2,0,1,1
4403,0.2,2,1,0
4404,1.0,1,1,1
4405,1.0,3,1,1
4406,0.2,0,1,0
4407,0.2,1,1,1
4408,0.2,2,1,1
4409,2.2,1,0,1
4410,1.0,1,1,1
4411,0.2,3,1,0
4412,0.2,2,1,0
4413,1.0,1,1,1
4414,0.2,1,1,0
4415,0.2,0,0,1
4416,0.2,2,1,0
4417,0.2,1,1,1
4418,1.0,1,1,1
4419,0.2,2,0,0
4420,0.2,0,0,0
4421,2.2,0,1,1
4422,1.0,1,1,0
4423,0.2,1,1,0
4424,0.2,2,1,0
4425,0.2,2,1,0
4426,1.0,2,1,0
4427,1.0,3,1,1
4428,0.2,2,1,0
4429,0.2,0,0,1
4430,0.2,2,1,0
4431,0.2,2,1,1
4432,0.2,1,1,1
4433,0.2,0,1,0
4434,0.2,1,1,0
4435,0.2,0,1,0
4436,0.2,2,1,1
4437,0.2,2,1,0
4438,1.0,1,1,1
4439,1.0,2,0,1
4440,0.2,1,1,0
4441,0.2,2,1,0
4442,0.2,3,1,0
4443,2.2,1,1,1
4444,0.2,1,1,0
4445,0.2,2,1,1
4446,0.2,1,1,0
4447,1.0,2,1,1
4448,0.2,3,1,0
4449,0.2,2,1,1
4450,0.2,2,1,0
4451,1.0,0,1,1
4452,0.2,2,0,1
4453,0.2,3,0,0
4454,0.2,1,1,0
4455,0.2,3,1,0
4456,0.2,1,1,1
4457,0.2,1,1,0
4458,1.0,1,1,1
4459,0.2,2,1,0
4460,0.2,0,1,1
4461,0.2,2,1,0
4462,0.2,1,1,0
4463,0.2,1,1,1
4464,1.0,0,1,1
4465,1.0,1,1,1
4466,0.2,1,1,0
4467,0.2,3,1,0
4468,0.2,1,1,1
4469,1.0,0,1,1
4470,1.0,2,1,1
4471,2.2,1,1,1
4472,0.2,1,0,1
4473,0.2,2,1,0
4474,0.2,1,1,0
4475,0.2,3,1,1
4476,0.2,1,0,1
4477,0.2,1,1,0
4478,0.2,2,0,0
4479,1.0,1,1,1
4480,0.2,2,1,0
4481,0.2,3,1,0
4482,0.2,1,1,0
4483,0.2,1,0,0
4484,0.2,3,1,1
4485,0.2,2,1,0
4486,1.0,3,1,1
4487,1.0,0,1,1
4488,0.2,1,1,0
4489,0.2,1,1,0
4490,0.2,2,1,0
4491,0.2,1,1,0
4492,0.2,1,0,0
4493,0.2,0,0,1
4494,0.2,2,1,1
4495,0.2,2,1,1
4496,0.2,0,1,0
4497,0.2,2,1,0
4498,0.2,2,1,0
4499,1.0,2,1,1
4500,0.2,0,1,0
4501,0.2,2,1,0
4502,0.2,2,1,1
4503,0.2,0,1,0
4504,0.2,1,1,0
4505,0.2,2,1,0
4506,0.2,0,1,0
4507,0.2,2,1,0
4508,0.2,0,1,1
4509,1.0,1,1,1
4510,0.2,2,1,0
4511,0.2,1,1,1
4512,2.2,1,1,1
4513,0.2,0,0,1
4514,0.2,2,1,0
4515,0.2,3,1,1
4516,1.0,2,1,0
4517,0.2,2,0,1
4518,0.2,1,1,0
4519,0.2,1,1,1
4520,1.0,2,1,0
4521,0.2,3,1,0
4522,0.2,1,1,0
4523,0.2,1,1,1
4524,0.2,1,1,0
4525,0.2,2,1,1
4526,0.2,0,1,0
4527,0.2,2,1,0
4528,0.2,3,1,1
4529,0.2,1,0,1
4530,0.2,3,0,0
4531,0.2,1,1,1
4532,0.2,0,0,1
4533,0.2,2,0,0
4534,0.2,0,1,0
4535,0.2,0,0,1
4536,0.2,2,0,0
4537,0.2,3,1,0
4538,1.0,1,1,0
4539,0.2,0,1,0
4540,0.2,1,1,0
4541,1.0,2,1,1
4542,0.2,1,1,0
4543,0.2,2,1,0
4544,1.0,1,1,1
4545,1.0,1,1,1
4546,0.2,1,1,1
4547,0.2,2,0,0
4548,0.2,2,1,1
4549,0.2,3,1,0
4550,0.2,3,1,0
4551,0.2,1,0,0
4552,0.2,1,1,0
4553,0.2,1,1,0
4554,0.2,2,1,1
4555,0.2,1,1,1
4556,0.2,3,0,0
4557,0.2,1,1,1
4558,1.0,2,1,1
4559,0.2,2,1,0
4560,0.2,1,1,1
4561,0.2,2,1,0
4562,1.0,1,1,1
4563,0.2,1,1,0
4564,0.2,1,1,1
4565,0.2,1,1,1
4566,1.0,1,1,1
4567,0.2,0,1,1
4568,0.2,3,1,0
4569,1.0,0,1,0
4570,0.2,0,1,0
4571,0.2,2,1,0
4572,0.2,2,1,0
4573,0.2,1,1,1
4574,0.2,1,1,1
4575,1.0,1,1,1
4576,0.2,1,1,1
4577,0.2,0,1,1
4578,2.2,3,1,1
4579,1.0,3,1,1
4580,0.2,2,1,0
4581,0.2,1,0,1
4582,0.2,2,0,0
4583,0.2,2,0,0
4584,0.2,2,1,0
4585,0.2,1,1,1
4586,0.2,1,1,1
4587,1.0,3,1,1
4588,0.2,1,1,0
4589,1.0,2,0,1
4590,1.0,0,0,1
4591,0.2,1,1,1
4592,1.0,1,1,0
4593,1.0,1,1,0
4594,1.0,1,0,1
4595,0.2,0,1,1
4596,0.2,1,1,1
4597,0.2,3,0,1
4598,0.2,1,1,1
4599,0.2,2,1,1
4600,0.2,1,1,0
4601,0.2,1,0,0
4602,0.2,3,0,0
4603,1.0,0,1,1
4604,0.2,1,1,0
4605,0.2,1,1,0
4606,0.2,1,1,1
4607,1.0,2,1,0
4608,0.2,2,1,0
4609,0.2,1,1,1
4610,0.2,1,1,1
4611,0.2,2,1,0
4612,0.2,3,1,0
4613,0.2,2,1,1
4614,0.2,2,1,1
4615,0.2,2,1,1
4616,0.2,3,1,0
4617,1.0,1,1,1
4618,0.2,2,1,0
4619,0.2,3,1,0
4620,0.2,2,0,0
4621,0.2,0,1,0
4622,0.2,1,0,0
4623,0.2,1,1,1
4624,1.0,0,1,1
4625,1.0,2,1,1
4626,0.2,2,0,0
4627,1.0,2,1,1
4628,1.0,1,1,1
4629,1.0,0,1,0
4630,0.2,1,1,1
4631,0.2,2,1,0
4632,1.0,2,1,1
4633,0.2,1,1,1
4634,1.0,1,0,0
4635,0.2,2,1,0
4636,1.0,0,0,1
4637,1.0,2,1,1
4638,0.2,2,1,0
4639,0.2,2,1,1
4640,1.0,1,1,1
4641,0.2,2,0,0
4642,0.2,3,1,0
4643,0.2,1,1,0
4644,0.2,1,0,0
4645,1.0,0,1,1
4646,0.2,2,1,1
4647,0.2,0,1,0
4648,0.2,2,1,0
4649,0.2,1,1,0
4650,1.0,0,1,1
4651,1.0,1,1,0
4652,0.2,1,0,1
4653,0.2,0,1,0
4654,0.2,0,1,0
4655,0.2,1,1,0
4656,0.2,2,1,1
4657,0.2,2,0,1
4658,0.2,2,1,0
4659,0.2,0,1,1
4660,1.0,0,1,0
4661,0.2,1,1,0
4662,0.2,2,1,0
4663,1.0,0,1,1
4664,0.2,2,1,1
4665,2.2,2,1,1
4666,1.0,3,1,1
4667,0.2,3,1,0
4668,0.2,3,1,0
4669,0.2,0,1,0
4670,0.2,3,1,0
4671,1.0,1,0,0
4672,1.0,0,1,1
4673,2.2,2,1,1
4674,0.2,1,1,0
4675,0.2,2,1,1
4676,0.2,3,0,0
4677,1.0,2,1,1
4678,0.2,1,1,1
4679,0.2,1,1,0
4680,1.0,1,1,0
4681,0.2,0,1,1
4682,0.2,3,1,0
4683,0.2,1,1,0
4684,0.2,2,1,0
4685,0.2,2,1,0
4686,0.2,1,1,0
4687,0.2,2,1,1
4688,1.0,2,1,1
4689,0.2,2,0,0
4690,0.2,2,0,0
4691,0.2,1,1,0
4692,1.0,2,1,1
4693,2.2,1,1,1
4694,0.2,2,1,0
4695,0.2,0,0,0
4696,0.2,0,1,0
4697,0.2,1,1,0
4698,0.2,2,0,0
4699,1.0,2,1,1
4700,0.2,2,1,1
4701,0.2,1,1,0
4702,0.2,1,1,1
4703,0.2,1,0,1
4704,0.2,3,1,0
4705,0.2,1,1,1
4706,0.2,2,1,1
4707,0.2,2,0,0
4708,0.2,3,1,0
4709,0.2,1,1,1
4710,0.2,0,1,1
4711,1.0,1,1,1
4712,0.2,2,1,0
4713,1.0,1,1,0
4714,0.2,2,1,0
4715,1.0,3,1,1
4716,0.2,1,0,1
4717,0.2,2,0,0
4718,0.2,1,1,0
4719,0.2,0,1,1
4720,0.2,3,1,1
4721,1.0,2,1,1
4722,0.2,2,1,1
4723,0.2,1,0,0
4724,0.2,3,0,0
4725,1.0,3,0,1
4726,0.2,1,1,0
4727,2.2,1,1,1
4728,0.2,1,1,1
4729,2.2,2,1,1
4730,0.2,2,1,1
4731,0.2,1,1,1
4732,0.2,1,1,0
4733,0.2,2,1,1
4734,0.2,1,1,0
4735,0.2,1,1,1
4736,0.2,1,1,0
4737,0.2,1,1,0
4738,0.2,3,1,0
4739,2.2,3,1,1
4740,1.4,2,0,0
4741,1.0,2,1,1
4742,1.0,2,1,1
4743,0.2,1,1,1
4744,0.2,0,1,1
4745,0.2,0,0,0
4746,0.2,1,1,0
4747,0.2,1,1,0
4748,1.0,1,1,1
4749,0.2,2,1,0
4750,0.2,0,1,1
4751,0.2,1,0,1
4752,0.2,2,1,1
4753,0.2,1,1,0
4754,0.2,1,1,0
4755,0.2,1,1,0
4756,1.0,1,1,1
4757,1.0,2,1,1
4758,0.2,3,1,1
4759,0.2,2,1,0
4760,0.2,0,0,0
4761,2.2,1,1,1
4762,0.2,2,0,0
4763,0.2,3,1,0
4764,0.2,2,1,1
4765,1.0,2,1,1
4766,0.2,0,1,1
4767,0.2,1,1,0
4768,0.2,1,1,1
4769,0.2,2,1,0
4770,0.2,0,1,1
4771,0.2,2,1,1
4772,0.2,1,1,0
4773,0.2,1,1,0
4774,0.2,2,1,0
4775,0.2,3,1,1
4776,1.0,2,1,1
4777,0.2,2,1,0
4778,0.2,2,1,0
4779,0.2,2,1,1
4780,0.2,2,0,1
4781,0.2,1,1,0
4782,0.2,1,1,0
4783,0.2,0,1,1
4784,0.2,3,1,0
4785,0.2,2,1,1
4786,0.2,2,1,1
4787,0.2,2,0,0
4788,0.2,2,1,0
4789,0.2,2,1,0
4790,0.2,2,1,1
4791,0.2,2,1,0
4792,0.2,1,1,0
4793,0.2,2,1,0
4794,0.2,1,1,1
4795,0.2,2,1,1
4796,0.2,0,1,1
4797,0.2,0,1,0
4798,0.2,1,1,1
4799,0.2,2,1,1
4800,1.0,2,1,1
4801,0.2,0,1,0
4802,0.2,1,1,1
4803,0.2,1,1,0
4804,0.2,2,0,0
4805,1.0,2,1,0
4806,0.2,1,0,0
4807,0.2,1,0,1
4808,0.2,1,0,0
4809,0.2,1,1,1
4810,0.2,1,1,0
4811,0.2,1,1,0
4812,0.2,0,1,1
4813,0.2,3,1,0
4814,2.2,1,1,1
4815,0.2,2,1,0
4816,0.2,1,1,1
4817,0.2,2,1,0
4818,1.0,2,1,1
4819,0.2,1,1,1
4820,0.2,2,1,1
4821,0.2,2,0,0
4822,1.0,0,1,1
4823,0.2,0,1,1
4824,0.2,1,1,0
4825,0.2,2,0,0
4826,0.2,2,1,0
4827,1.0,2,1,1
4828,0.2,0,1,0
4829,0.2,1,1,0
4830,0.2,1,1,1
4831,1.0,0,1,1
4832,0.2,3,1,0
4833,0.2,0,0,0
4834,1.0,2,1,1
4835,0.2,2,1,0
4836,0.2,1,1,0
4837,0.2,0,1,0
4838,1.0,2,1,1
4839,0.2,3,1,1
4840,0.2,1,0,1
4841,0.2,3,0,0
4842,0.2,2,0,0
4843,0.2,2,1,0
4844,0.2,1,1,0
4845,0.2,3,0,0
4846,0.2,1,1,0
4847,1.0,2,1,0
4848,0.2,1,1,1
4849,0.2,2,1,0
4850,0.2,0,1,1
4851,0.2,3,1,1
4852,0.2,3,0,0
4853,1.0,2,1,1
4854,0.2,1,1,0
4855,0.2,2,1,0
4856,1.0,2,1,1
4857,0.2,1,0,1
4858,0.2,1,1,1
4859,0.2,2,0,0
4860,0.2,2,1,0
4861,1.0,2,1,1
4862,0.2,2,1,1
4863,0.2,1,1,0
4864,0.2,1,1,1
4865,0.2,2,0,1
4866,0.2,1,1,1
4867,0.2,2,0,1
4868,0.2,0,1,1
4869,0.2,2,1,0
4870,0.2,1,1,1
4871,0.2,2,1,0
4872,0.2,1,1,0
4873,0.2,0,1,0
4874,1.0,2,1,0
4875,0.2,3,0,0
4876,0.2,1,0,0
4877,0.2,0,1,1
4878,1.0,2,0,0
4879,0.2,1,0,0
4880,0.2,1,1,0
4881,0.2,1,1,0
4882,0.2,3,1,0
4883,0.2,0,1,0
4884,0.2,3,0,1
4885,0.2,1,0,1
4886,0.2,1,1,0
4887,1.0,1,0,0
4888,0.2,2,1,0
4889,0.2,3,1,0
4890,0.2,1,1,0
4891,0.2,1,1,0
4892,0.2,1,1,0
4893,2.2,1,1,1
4894,0.2,2,0,0
4895,0.2,1,1,1
4896,0.2,1,1,0
4897,0.2,2,1,0
4898,0.2,3,1,0
4899,0.2,2,1,0
4900,0.2,1,1,0
4901,0.2,1,1,0
4902,0.2,2,0,0
4903,2.2,2,1,1
4904,1.0,0,0,1
4905,1.0,1,1,1
4906,1.0,1,1,1
4907,0.2,1,1,1
4908,0.2,1,1,0
4909,1.0,2,0,1
4910,0.2,2,1,1
4911,0.2,0,0,0
4912,0.2,1,0,1
4913,0.2,1,1,0
4914,0.2,3,1,0
4915,0.2,2,1,1
4916,0.2,3,1,0
4917,0.2,1,1,0
4918,0.2,3,1,0
4919,1.0,0,1,1
4920,0.2,3,1,0
4921,1.0,2,1,1
4922,0.2,1,1,0
4923,0.2,2,1,0
4924,0.2,2,1,0
4925,0.2,2,1,0
4926,1.0,3,1,1
4927,0.2,2,1,0
4928,0.2,0,1,0
4929,0.2,1,1,0
4930,0.2,2,1,1
4931,1.0,2,1,1
4932,0.2,0,1,1
4933,0.2,1,1,0
4934,0.2,0,1,0
4935,1.0,2,1,1
4936,0.2,2,1,0
4937,0.2,0,1,1
4938,1.0,0,1,1
4939,0.2,1,1,1
4940,2.2,2,1,1
4941,1.0,1,1,1
4942,0.2,1,1,0
4943,1.0,2,1,1
4944,0.2,1,1,1
4945,0.2,3,1,1
4946,1.0,1,1,1
4947,0.2,1,0,0
4948,0.2,2,1,0
4949,1.0,1,1,1
4950,0.2,1,1,0
4951,1.0,1,0,1
4952,0.2,3,1,1
4953,0.2,2,1,1
4954,2.2,2,1,1
4955,0.2,1,0,0
4956,0.2,2,1,0
4957,0.2,2,1,1
4958,0.2,2,0,0
4959,0.2,0,0,1
4960,1.0,2,1,0
4961,0.2,2,1,0
4962,1.0,0,0,1
4963,0.2,3,1,0
4964,1.0,1,1,1
4965,0.2,1,1,1
4966,0.2,2,1,1
4967,1.0,1,1,0
4968,0.2,1,1,0
4969,1.0,2,1,0
4970,0.2,1,0,0
4971,0.2,1,1,1
4972,0.2,0,1,1
4973,0.2,1,1,0
4974,0.2,3,1,0
4975,1.0,1,0,1
4976,0.2,2,1,0
4977,0.2,0,1,0
4978,1.0,1,1,1
4979,0.2,3,1,0
4980,0.2,1,1,0
4981,0.2,2,1,1
4982,0.2,2,1,1
4983,1.0,1,0,1
4984,0.2,1,1,1
4985,0.2,1,1,1
4986,0.2,1,1,1
4987,0.2,2,0,0
4988,0.2,2,0,0
4989,0.2,1,1,1
4990,0.2,1,1,1
4991,0.2,2,1,0
4992,0.2,0,1,1
4993,0.2,1,1,0
4994,0.2,2,0,0
4995,0.2,0,1,1
4996,0.2,2,1,1
4997,1.0,1,1,0
4998,0.2,1,1,1
4999,0.2,3,1,0
5000,0.2,1,1,1
5001,0.2,0,1,1
5002,1.0,0,0,1
5003,0.2,2,1,1
5004,0.2,3,1,0
5005,0.2,2,0,1
5006,0.2,3,1,0
5007,1.0,1,0,1
5008,0.2,1,0,1
5009,1.0,1,1,1
5010,0.2,2,1,1
5011,0.2,2,1,1
5012,0.2,2,1,0
5013,0.2,1,1,1
5014,0.2,2,1,0
5015,0.2,0,1,0
5016,0.2,0,1,0
5017,0.2,0,1,1
5018,0.2,1,1,1
5019,0.2,2,1,0
5020,0.2,1,1,0
5021,0.2,1,0,1
5022,0.2,0,1,1
5023,2.2,0,0,1
5024,1.0,2,1,1
5025,0.2,2,1,0
5026,0.2,2,1,1
5027,0.2,2,0,0
5028,1.0,2,1,0
5029,0.2,1,0,0
5030,0.2,2,1,1
5031,0.2,2,1,0
5032,0.2,2,1,1
5033,0.2,2,1,1
5034,1.0,1,1,1
5035,0.2,1,1,1
5036,0.2,2,1,0
5037,0.2,2,0,0
5038,0.2,2,1,1
5039,0.2,3,1,0
5040,0.2,1,1,0
5041,0.2,2,0,0
5042,0.2,2,1,1
5043,1.0,1,1,0
5044,2.2,1,1,1
5045,0.2,1,0,1
5046,1.0,2,1,1
5047,0.2,2,1,0
5048,1.0,1,1,1
5049,0.2,2,1,0
5050,0.2,1,1,0
5051,0.2,0,1,0
5052,1.0,1,1,1
5053,1.0,1,1,0
5054,2.2,2,0,1
5055,0.2,2,1,0
5056,0.2,2,1,0
5057,0.2,1,1,1
5058,0.2,1,1,0
5059,0.2,1,0,0
5060,1.0,0,1,1
5061,0.2,2,1,0
5062,0.2,2,1,0
5063,0.2,1,1,1
5064,0.2,2,0,0
5065,1.0,1,1,1
5066,0.2,2,1,1
5067,0.2,3,1,0
5068,0.2,1,1,0
5069,1.0,1,1,1
5070,0.2,1,1,1
5071,1.0,2,1,0
5072,0.2,2,1,0
5073,2.2,2,1,1
5074,0.2,1,0,0
5075,0.2,0,1,1
5076,0.2,1,1,0
5077,0.2,1,1,0
5078,0.2,3,1,0
5079,0.2,0,1,0
5080,0.2,2,1,0
5081,0.2,2,1,1
5082,0.2,1,1,0
5083,0.2,1,1,1
5084,0.2,2,1,0
5085,0.2,2,1,0
5086,0.2,2,0,0
5087,0.2,0,1,0
5088,0.2,0,1,0
5089,0.2,3,1,1
5090,0.2,2,1,0
5091,0.2,3,0,0
5092,0.2,2,1,0
5093,1.0,3,0,0
5094,1.0,3,1,0
5095,0.2,3,0,1
5096,0.2,1,0,0
5097,0.2,1,1,0
5098,0.2,1,1,1
5099,0.2,0,1,1
5100,0.2,2,1,0
5101,0.2,2,1,1
5102,0.2,2,1,1
5103,1.0,2,1,1
5104,0.2,2,1,1
5105,0.2,1,0,0
5106,0.2,2,1,1
5107,0.2,1,1,0
5108,0.2,1,1,0
5109,1.0,2,1,1
5110,0.2,1,1,1
5111,0.2,1,1,1
5112,1.0,1,1,1
5113,0.2,2,0,0
5114,0.2,1,1,1
5115,0.2,3,1,0
5116,1.0,2,1,1
5117,1.0,1,1,1
5118,1.0,2,1,1
5119,0.2,3,1,0
5120,0.2,2,1,1
5121,0.2,2,1,1
5122,1.0,2,1,1
5123,0.2,2,1,0
5124,0.2,1,1,1
5125,1.0,2,1,1
5126,0.2,1,1,1
5127,0.2,2,1,0
5128,0.2,1,0,0
5129,0.2,0,1,1
5130,0.2,2,1,0
5131,0.2,0,0,1
5132,0.2,2,1,0
5133,0.2,0,0,0
5134,0.2,1,1,0
5135,1.0,0,1,1
5136,0.2,1,1,0
5137,0.2,2,0,0
5138,1.0,2,0,1
5139,0.2,1,1,1
5140,0.2,2,1,0
5141,2.2,1,1,1
5142,2.2,2,1,1
5143,1.0,1,1,1
5144,1.0,2,1,1
5145,0.2,2,1,0
5146,0.2,1,1,0
5147,0.2,1,1,1
5148,0.2,3,1,0
5149,1.0,2,0,1
5150,1.0,2,1,1
5151,0.2,1,1,1
5152,1.0,1,1,1
5153,0.2,3,1,1
5154,0.2,1,1,0
5155,0.2,2,0,0
5156,0.2,2,0,1
5157,1.0,1,1,1
5158,1.0,2,0,1
5159,0.2,1,1,0
5160,1.0,0,0,1
5161,1.0,2,1,1
5162,1.0,1,1,1
5163,0.2,2,1,0
5164,0.2,2,0,1
5165,1.0,1,0,1
5166,1.0,1,1,1
5167,0.2,1,1,0
5168,0.2,2,1,0
5169,0.2,2,1,0
5170,0.2,2,1,0
5171,0.2,2,1,0
5172,0.2,2,1,1
5173,0.2,1,1,1
5174,0.2,3,1,1
5175,0.2,2,1,0
5176,0.2,3,1,0
5177,2.2,1,1,1
5178,0.2,3,1,0
5179,0.2,1,0,1
5180,0.2,0,1,0
5181,0.2,2,1,0
5182,0.2,2,1,0
5183,0.2,2,0,0
5184,1.0,0,0,1
5185,0.2,1,1,1
5186,0.2,1,1,1
5187,0.2,3,0,1
5188,0.2,1,1,1
5189,0.2,1,1,1
5190,1.0,3,1,0
5191,0.2,2,1,0
5192,0.2,1,0,0
5193,0.2,1,1,0
5194,0.2,3,1,0
5195,1.0,1,1,1
5196,0.2,1,1,1
5197,0.2,1,1,0
5198,1.0,3,1,1
5199,1.0,2,1,1
5200,1.0,0,1,1
5201,0.2,2,1,0
5202,0.2,2,1,0
5203,2.2,1,1,1
5204,1.0,2,1,1
5205,0.2,0,1,1
5206,0.2,2,1,0
5207,0.2,1,1,0
5208,0.2,1,1,0
5209,0.2,3,1,0
5210,0.2,1,0,1
5211,1.0,2,0,1
5212,0.2,2,1,1
5213,0.2,2,1,0
5214,0.2,3,1,0
5215,0.2,3,1,0
5216,0.2,2,1,0
5217,0.2,2,0,0
5218,0.2,0,1,0
5219,0.2,1,1,0
5220,0.2,1,1,0
5221,0.2,1,1,0
5222,0.2,1,1,0
5223,0.2,1,1,0
5224,1.0,2,0,0
5225,0.2,2,1,0
5226,0.2,3,1,0
5227,0.2,2,1,1
5228,0.2,0,1,1
5229,0.2,1,1,1
5230,0.2,3,1,1
5231,0.2,1,0,0
5232,1.0,3,0,1
5233,0.2,3,1,0
5234,0.2,2,1,1
5235,1.0,2,1,1
5236,1.0,2,1,1
5237,0.2,1,1,0
5238,0.2,2,0,1
5239,1.0,2,0,1
5240,0.2,2,1,0
5241,1.0,1,1,0
5242,0.2,3,1,0
5243,0.2,1,1,0
5244,0.2,3,1,0
5245,0.2,2,1,0
5246,1.0,2,1,0
5247,0.2,0,0,0
5248,0.2,1,1,1
5249,0.2,2,1,0
5250,0.2,1,1,1
5251,0.2,2,1,0
5252,0.2,0,1,0
5253,0.2,2,1,0
5254,0.2,2,1,0
5255,0.2,3,1,1
5256,0.2,3,1,0
5257,1.0,3,1,1
5258,0.2,1,1,1
5259,0.2,2,1,0
5260,0.2,0,0,0
5261,0.2,1,1,0
5262,0.2,2,1,0
5263,0.2,3,0,0
5264,0.2,2,0,0
5265,2.2,0,1,1
5266,0.2,2,0,0
5267,1.0,3,1,1
5268,0.2,0,0,0
5269,0.2,2,1,1
5270,0.2,2,1,1
5271,0.2,1,1,1
5272,1.0,0,1,1
5273,1.0,2,1,0
5274,0.2,1,1,0
5275,0.2,2,1,0
5276,0.2,0,0,1
5277,0.2,1,1,0
5278,0.2,1,1,1
5279,0.2,2,1,1
5280,0.2,1,1,0
5281,0.2,3,1,0
5282,0.2,2,1,0
5283,0.2,2,0,1
5284,1.0,1,0,1
5285,1.0,0,1,1
5286,0.2,1,1,0
5287,0.2,2,1,1
5288,0.2,3,0,0
5289,0.2,1,1,1
5290,0.2,1,1,0
5291,0.2,1,1,0
5292,0.2,1,0,0
5293,0.2,1,1,1
5294,1.0,1,1,1
5295,0.2,2,1,0
5296,0.2,1,1,1
5297,0.2,0,1,0
5298,2.2,1,1,1
5299,0.2,2,1,0
5300,1.0,1,1,1
5301,1.0,2,1,1
5302,0.2,0,1,0
5303,0.2,3,1,0
5304,0.2,1,1,1
5305,0.2,2,1,0
5306,0.2,1,0,0
5307,1.0,2,1,1
5308,1.0,0,1,1
5309,0.2,2,1,0
5310,0.2,1,0,0
5311,1.0,0,1,1
5312,0.2,0,1,0
5313,0.2,1,1,1
5314,0.2,3,1,0
5315,0.2,3,0,0
5316,0.2,1,1,1
5317,0.2,0,0,1
5318,0.2,2,1,0
5319,0.2,3,1,0
5320,2.2,2,1,1
5321,0.2,2,1,0
5322,0.2,1,0,1
5323,0.2,0,0,1
5324,1.0,1,1,1
5325,0.2,2,1,0
5326,0.2,2,1,0
5327,0.2,0,1,1
5328,0.2,1,1,0
5329,1.0,2,1,0
5330,0.2,2,1,0
5331,0.2,2,1,0
5332,0.2,1,1,1
5333,1.0,3,1,0
5334,0.2,3,0,0
5335,0.2,2,1,0
5336,0.2,2,1,0
5337,0.2,1,0,0
5338,0.2,2,1,0
5339,1.0,3,1,0
5340,2.2,1,1,1
5341,0.2,2,1,0
5342,1.0,1,1,1
5343,0.2,2,1,0
5344,0.2,0,1,0
5345,0.2,3,1,0
5346,0.2,1,1,1
5347,0.2,0,1,0
5348,0.2,1,0,1
5349,0.2,2,1,0
5350,0.2,1,0,0
5351,0.2,0,1,0
5352,0.2,1,1,1
5353,0.2,2,1,0
5354,1.0,1,1,0
5355,0.2,2,1,0
5356,0.2,2,1,0
5357,0.2,2,1,0
5358,0.2,3,1,0
5359,2.2,1,1,1
5360,0.2,0,1,0
5361,0.2,3,1,0
5362,0.2,0,0,0
5363,0.2,2,1,1
5364,1.0,2,1,1
5365,2.2,1,0,1
5366,0.2,1,1,0
5367,0.2,0,1,0
5368,0.2,1,1,0
5369,1.0,3,1,1
5370,0.2,1,1,0
5371,0.2,3,1,0
5372,0.2,1,1,1
5373,0.2,2,0,1
5374,0.2,2,1,0
5375,1.0,0,1,1
5376,0.2,2,1,0
5377,0.2,1,1,1
5378,0.2,0,0,1
5379,1.0,2,1,0
5380,0.2,2,1,0
5381,0.2,2,1,0
5382,0.2,2,1,1
5383,2.2,2,1,1
5384,1.0,2,1,1
5385,0.2,0,1,0
5386,0.2,1,0,0
5387,0.2,2,1,1
5388,0.2,1,1,1
5389,0.2,2,1,0
5390,1.0,2,1,1
5391,0.2,1,1,1
5392,0.2,3,1,0
5393,0.2,2,1,1
5394,1.0,1,1,1
5395,0.2,1,1,0
5396,0.2,2,1,1
5397,0.2,1,1,0
5398,0.2,2,1,0
5399,0.2,2,1,0
5400,1.0,0,1,1
5401,0.2,1,1,1
5402,1.0,1,1,1
5403,0.2,3,1,0
5404,1.0,0,1,1
5405,1.0,2,1,1
5406,0.2,3,1,0
5407,0.2,1,1,1
5408,0.2,2,0,0
5409,1.0,2,1,1
5410,0.2,2,1,0
5411,2.2,1,1,1
5412,1.0,1,1,1
5413,1.0,1,1,1
5414,0.2,1,0,0
5415,0.2,1,1,1
5416,0.2,0,1,1
5417,0.2,2,1,1
5418,1.0,1,1,1
5419,0.2,2,1,0
5420,0.2,1,1,0
5421,1.0,1,1,1
5422,0.2,1,1,1
5423,0.2,1,1,0
5424,0.2,1,1,1
5425,1.0,1,1,1
5426,0.2,3,1,0
5427,2.2,2,0,1
5428,0.2,3,1,0
5429,0.2,1,0,1
5430,1.0,3,1,1
5431,0.2,2,1,0
5432,0.2,2,1,1
5433,1.0,3,1,0
5434,0.2,2,1,0
5435,0.2,0,0,0
5436,0.2,2,0,0
5437,0.2,2,1,0
5438,0.2,3,1,0
5439,0.2,1,0,0
5440,0.2,1,0,1
5441,0.2,2,1,1
5442,1.0,2,1,0
5443,0.2,1,1,1
5444,0.2,1,1,0
5445,0.2,1,1,0
5446,0.2,1,1,0
5447,0.2,1,1,0
5448,0.2,1,1,1
5449,0.2,1,1,1
5450,0.2,2,1,0
5451,0.2,2,1,0
5452,1.0,2,1,1
5453,0.2,2,1,0
5454,1.0,1,1,1
5455,0.2,1,0,0
5456,0.2,1,1,1
5457,1.0,1,0,1
5458,0.2,1,1,0
5459,1.0,1,1,1
5460,0.2,3,1,0
5461,0.2,1,0,1
5462,0.2,3,1,0
5463,0.2,1,1,1
5464,0.2,2,1,0
5465,0.2,0,1,1
5466,0.2,2,1,0
5467,0.2,1,1,1
5468,0.2,0,1,0
5469,0.2,1,0,1
5470,0.2,3,1,0
5471,0.2,0,1,0
5472,1.0,3,1,1
5473,0.2,2,1,0
5474,0.2,0,1,1
5475,0.2,1,0,0
5476,0.2,2,0,0
5477,1.0,0,1,1
5478,0.2,2,1,0
5479,0.2,2,1,0
5480,0.2,1,0,1
5481,0.2,2,1,1
5482,0.2,2,0,0
5483,0.2,1,1,0
5484,0.2,1,0,0
5485,0.2,3,0,0
5486,0.2,3,1,0
5487,1.0,0,1,1
5488,1.0,2,1,1
5489,0.2,2,1,0
5490,0.2,2,1,0
5491,0.2,0,1,1
5492,0.2,2,0,0
5493,0.2,1,1,1
5494,0.2,1,1,0
5495,0.2,1,1,1
5496,1.0,1,0,1
5497,0.2,1,1,0
5498,0.2,1,1,0
5499,0.2,0,1,0
5500,1.0,2,1,1
5501,0.2,2,1,0
5502,1.0,2,1,1
5503,0.2,2,1,0
5504,0.2,3,0,1
5505,0.2,1,1,0
5506,0.2,2,1,1
5507,0.2,3,1,1
5508,2.2,2,0,1
5509,0.2,3,1,0
5510,0.2,2,1,0
5511,0.2,1,1,0
5512,0.2,1,1,1
5513,0.2,1,1,0
5514,0.2,2,1,0
5515,2.2,1,1,1
5516,0.2,2,1,0
5517,0.2,0,0,1
5518,1.0,0,0,1
5519,0.2,3,1,0
5520,0.2,1,1,1
5521,0.2,1,1,1
5522,1.0,3,1,1
5523,0.2,3,1,0
5524,1.0,1,1,1
5525,0.2,1,1,1
5526,0.2,1,1,0
5527,0.2,3,1,1
5528,0.2,3,0,1
5529,0.2,2,1,0
5530,0.2,2,1,0
5531,0.2,1,1,0
5532,0.2,2,1,1
5533,0.2,2,1,0
5534,0.2,2,1,1
5535,0.2,0,1,1
5536,0.2,1,1,1
5537,1.0,2,1,1
5538,0.2,2,0,0
5539,0.2,0,1,0
5540,0.2,2,1,1
5541,1.0,0,0,1
5542,0.2,1,1,0
5543,1.0,2,0,1
5544,0.2,1,0,1
5545,0.2,2,1,0
5546,1.0,1,1,1
5547,1.0,2,1,1
5548,1.0,1,1,1
5549,0.2,1,0,1
5550,0.2,2,1,0
5551,1.0,1,1,1
5552,0.2,1,1,1
5553,0.2,1,1,0
5554,0.2,2,1,0
5555,0.2,3,1,0
5556,1.0,3,1,1
5557,1.0,3,1,1
5558,0.2,3,1,0
5559,0.2,0,1,0
5560,0.2,3,1,1
5561,0.2,2,1,1
5562,0.2,2,1,0
5563,0.2,2,1,1
5564,1.0,1,1,1
5565,0.2,0,0,0
5566,1.0,2,1,1
5567,0.2,1,0,0
5568,1.0,0,1,1
5569,0.2,3,1,0
5570,0.2,2,1,1
5571,0.2,0,1,1
5572,0.2,2,1,0
5573,1.0,3,0,0
5574,1.0,1,0,0
5575,1.0,1,1,0
5576,0.2,1,0,1
5577,0.2,2,1,0
5578,0.2,2,1,0
5579,0.2,1,1,0
5580,1.0,1,1,0
5581,0.2,2,0,1
5582,0.2,2,1,1
5583,0.2,3,0,0
5584,0.2,1,1,0
5585,0.2,2,1,1
5586,0.2,1,1,1
5587,0.2,3,1,0
5588,0.2,2,1,0
5589,1.0,3,0,0
5590,1.0,1,1,1
5591,1.0,2,1,1
5592,0.2,1,1,0
5593,0.2,0,1,1
5594,1.0,2,1,1
5595,1.0,1,1,1
5596,0.2,3,1,0
5597,1.0,1,1,1
5598,0.2,0,1,0
5599,0.2,1,1,0
5600,1.0,1,1,0
5601,0.2,0,1,1
5602,1.0,1,1,1
5603,0.2,1,1,1
5604,0.2,2,0,1
5605,0.2,2,1,0
5606,0.2,1,0,0
5607,1.0,3,1,1
5608,0.2,1,1,0
5609,0.2,1,1,0
5610,0.2,2,1,1
5611,1.0,2,1,1
5612,0.2,1,1,0
5613,0.2,3,1,0
5614,0.2,2,1,1
5615,0.2,2,1,0
5616,1.0,2,0,1
5617,0.2,1,0,0
5618,0.2,2,1,0
5619,0.2,1,1,1
5620,0.2,2,1,1
5621,1.0,0,0,1
5622,0.2,1,0,0
5623,0.2,3,1,0
5624,0.2,2,1,0
5625,1.0,1,1,1
5626,1.0,2,1,0
5627,1.0,2,0,1
5628,0.2,0,0,0
5629,0.2,3,1,0
5630,1.0,0,1,1
5631,0.2,1,0,0
5632,0.2,2,0,1
5633,0.2,0,1,0
5634,0.2,2,1,0
5635,0.2,1,0,1
5636,1.0,0,1,0
5637,0.2,1,1,0
5638,0.2,3,1,0
5639,0.2,1,1,0
5640,0.2,3,1,0
5641,0.2,0,1,1
5642,0.2,1,1,1
5643,2.2,1,1,1
5644,1.0,2,0,1
5645,0.2,1,1,1
5646,0.2,3,1,0
5647,0.2,2,1,1
5648,2.2,2,1,1
5649,0.2,1,1,1
5650,1.0,1,1,1
5651,0.2,1,1,0
5652,0.2,0,1,1
5653,0.2,1,1,1
5654,0.2,1,1,0
5655,1.0,1,1,1
5656,0.2,3,1,0
5657,0.2,3,1,0
5658,0.2,1,1,0
5659,0.2,2,0,1
5660,1.0,2,1,1
5661,1.0,1,1,0
5662,0.2,1,1,1
5663,0.2,2,1,0
5664,0.2,2,1,0
5665,0.2,1,1,1
5666,0.2,1,1,0
5667,0.2,1,1,0
5668,0.2,2,1,0
5669,1.0,2,1,1
5670,0.2,1,1,1
5671,0.2,2,1,1
5672,0.2,0,1,0
5673,0.2,1,1,1
5674,0.2,3,1,0
5675,0.2,2,1,0
5676,3.0,2,1,0
5677,0.2,3,0,0
5678,0.2,2,1,0
5679,1.0,0,1,1
5680,0.2,1,0,0
5681,0.2,2,1,0
5682,0.2,3,0,0
5683,0.2,2,0,0
5684,0.2,1,0,0
5685,0.2,1,1,1
5686,0.2,2,1,0
5687,0.2,2,0,1
5688,1.0,0,1,1
5689,0.2,2,1,1
5690,0.2,3,1,0
5691,0.2,2,1,0
5692,2.2,2,1,1
5693,0.2,2,1,0
5694,0.2,1,1,0
5695,0.2,3,1,0
5696,1.0,1,1,0
5697,1.0,1,1,1
5698,0.2,1,1,0
5699,0.2,2,1,1
5700,0.2,2,0,0
5701,0.2,2,1,0
5702,0.2,0,1,0
5703,1.0,0,0,1
5704,0.2,1,1,0
5705,2.2,2,1,1
5706,0.2,2,1,0
5707,0.2,0,1,0
5708,1.0,1,0,1
5709,1.0,2,1,1
5710,0.2,1,1,0
5711,0.2,2,0,1
5712,0.2,3,1,0
5713,0.2,1,1,0
5714,0.2,1,1,1
5715,1.0,1,1,0
5716,1.0,2,1,1
5717,0.2,2,1,0
5718,0.2,3,1,0
5719,1.0,1,0,1
5720,2.2,1,1,1
5721,0.2,2,1,0
5722,0.2,2,1,1
5723,0.2,2,1,1
5724,0.2,0,1,1
5725,0.2,2,0,0
5726,0.2,0,1,0
5727,0.2,2,1,0
5728,0.2,2,0,1
5729,0.2,2,1,0
5730,1.0,1,1,1
5731,0.2,2,1,0
5732,0.2,2,1,0
5733,0.2,3,0,0
5734,0.2,1,1,0
5735,0.2,2,1,1
5736,0.2,3,1,0
5737,0.2,0,1,0
5738,0.2,0,1,0
5739,0.2,0,1,0
5740,0.2,1,1,1
5741,0.2,2,1,0
5742,0.2,1,1,0
5743,0.2,3,1,0
5744,0.2,2,0,0
5745,0.2,2,1,1
5746,0.2,1,1,1
5747,0.2,3,1,0
5748,0.2,3,1,0
5749,1.0,1,1,0
5750,1.0,2,1,1
5751,0.2,2,1,0
5752,1.0,0,1,1
5753,0.2,2,1,0
5754,0.2,1,0,1
5755,0.2,2,0,0
5756,0.2,1,1,0
5757,0.2,0,0,1
5758,0.2,2,1,0
5759,0.2,3,1,0
5760,0.2,2,1,0
5761,0.2,3,1,0
5762,1.0,1,1,1
5763,0.2,3,1,0
5764,1.0,3,1,1
5765,1.0,2,1,1
5766,0.2,2,1,0
5767,0.2,2,1,1
5768,0.2,1,1,0
5769,1.0,1,1,1
5770,0.2,3,1,0
5771,0.2,3,1,0
5772,1.0,2,1,1
5773,0.2,0,1,1
5774,1.0,3,1,1
5775,1.0,2,1,1
5776,0.2,2,1,1
5777,0.2,2,0,0
5778,0.2,3,0,0
5779,0.2,2,1,0
5780,0.2,2,0,0
5781,0.2,0,1,1
5782,1.0,2,1,1
5783,0.2,2,1,0
5784,0.2,0,1,0
5785,2.2,2,1,1
5786,1.0,1,0,1
5787,1.0,2,0,1
5788,0.2,1,1,0
5789,0.2,0,1,1
5790,0.2,0,1,0
5791,0.2,1,1,1
5792,0.2,1,1,0
5793,0.2,3,0,1
5794,0.2,2,1,0
5795,0.2,2,1,0
5796,0.2,0,1,1
5797,0.2,2,1,0
5798,1.0,1,1,1
5799,0.2,1,1,0
5800,0.2,2,1,0
5801,0.2,1,1,1
5802,1.0,2,1,1
5803,0.2,2,0,0
5804,0.2,2,0,0
5805,0.2,2,1,0
5806,0.2,0,1,1
5807,0.2,1,1,0
5808,1.0,1,1,1
5809,0.2,2,1,0
5810,0.2,3,1,0
5811,1.0,1,1,1
5812,0.2,1,1,0
5813,0.2,1,1,0
5814,1.0,2,1,0
5815,0.2,3,1,0
5816,0.2,2,1,0
5817,0.2,3,1,0
5818,0.2,2,1,1
5819,0.2,0,0,1
5820,0.2,1,1,0
5821,1.0,1,1,1
5822,1.0,0,0,1
5823,0.2,2,1,0
5824,0.2,0,0,0
5825,0.2,1,1,1
5826,0.2,2,1,1
5827,0.2,1,1,1
5828,2.2,2,1,1
5829,0.2,0,1,1
5830,0.2,0,1,1
5831,0.2,3,1,0
5832,0.2,1,1,0
5833,1.0,2,1,1
5834,0.2,0,1,0
5835,0.2,1,1,0
5836,1.0,2,1,0
5837,0.2,2,1,0
5838,1.0,1,1,0
5839,2.2,1,1,1
5840,0.2,1,1,0
5841,0.2,1,1,1
5842,0.2,2,1,0
5843,2.2,1,0,1
5844,0.2,1,0,0
5845,1.0,2,1,1
5846,0.2,2,1,0
5847,0.2,2,0,0
5848,0.2,2,0,0
5849,1.0,1,0,0
5850,0.2,1,1,1
5851,0.2,0,0,1
5852,1.0,0,0,0
5853,0.2,3,1,0
5854,0.2,1,1,0
5855,0.2,3,1,0
5856,0.2,2,1,1
5857,0.2,3,1,1
5858,1.0,3,1,1
5859,0.2,2,1,0
5860,0.2,1,1,0
5861,0.2,1,0,0
5862,0.2,1,0,0
5863,0.2,1,1,1
5864,0.2,3,1,0
5865,0.2,1,1,0
5866,0.2,2,1,1
5867,0.2,2,1,0
5868,0.2,0,1,0
5869,0.2,1,1,0
5870,0.2,1,1,1
5871,0.2,0,1,0
5872,0.2,2,1,0
5873,1.0,0,1,1
5874,1.0,2,1,0
5875,0.2,0,1,0
5876,0.2,2,0,1
5877,0.2,1,1,0
5878,0.2,1,1,0
5879,0.2,1,1,0
5880,0.2,3,1,0
5881,0.2,2,1,1
5882,0.2,1,1,1
5883,1.0,3,1,0
5884,0.2,1,1,0
5885,0.2,3,1,1
5886,0.2,2,0,0
5887,2.2,1,1,1
5888,0.2,1,1,0
5889,0.2,2,0,0
5890,1.0,1,0,1
5891,0.2,1,1,0
5892,1.0,1,1,1
5893,0.2,1,1,1
5894,0.2,2,1,1
5895,1.0,1,1,1
5896,0.2,2,1,1
5897,0.2,1,0,0
5898,0.2,2,1,0
5899,0.2,1,1,0
5900,0.2,1,1,1
5901,2.2,1,1,1
5902,0.2,2,1,0
5903,0.2,2,1,1
5904,0.2,0,1,0
5905,0.2,3,1,1
5906,0.2,2,1,1
5907,1.0,1,0,1
5908,0.2,1,1,1
5909,0.2,2,1,1
5910,0.2,0,1,0
5911,0.2,3,1,0
5912,0.2,1,1,0
5913,0.2,2,1,0
5914,0.2,0,1,0
5915,1.0,3,1,1
5916,0.2,1,1,0
5917,0.2,1,1,0
5918,0.2,1,1,0
5919,0.2,2,1,0
5920,0.2,0,0,1
5921,0.2,3,1,1
5922,0.2,2,1,0
5923,0.2,1,1,0
5924,0.2,2,1,1
5925,0.2,2,1,1
5926,0.2,1,1,0
5927,0.2,2,1,0
5928,0.2,3,0,1
5929,0.2,1,0,1
5930,0.2,1,1,0
5931,0.2,3,0,0
5932,0.2,2,1,1
5933,0.2,1,1,1
5934,1.0,0,1,1
5935,0.2,1,1,0
5936,0.2,2,1,0
5937,2.2,0,0,1
5938,0.2,3,1,0
5939,1.0,2,1,1
5940,0.2,0,0,1
5941,0.2,1,1,0
5942,0.2,0,1,1
5943,1.0,2,1,1
5944,0.2,2,0,0
5945,1.0,2,1,1
5946,0.2,3,1,0
5947,0.2,0,1,0
5948,2.2,0,1,1
5949,1.0,1,1,1
5950,1.0,1,1,1
5951,0.2,2,1,1
5952,1.0,2,1,1
5953,0.2,2,1,0
5954,0.2,2,1,1
5955,0.2,2,1,0
5956,0.2,2,1,0
5957,0.2,1,1,1
5958,1.0,1,1,1
5959,0.2,0,1,0
5960,0.2,2,1,0
5961,1.0,3,1,1
5962,1.0,1,1,0
5963,0.2,1,1,1
5964,0.2,1,1,1
5965,1.0,0,1,1
5966,0.2,2,1,0
5967,1.0,2,1,1
5968,0.2,3,1,0
5969,0.2,3,1,0
5970,0.2,3,1,0
5971,0.2,2,0,0
5972,0.2,0,1,0
5973,0.2,2,1,0
5974,0.2,1,1,0
5975,0.2,1,1,0
5976,0.2,1,1,0
5977,0.2,3,1,0
5978,0.2,2,1,0
5979,0.2,0,1,0
5980,0.2,1,1,0
5981,0.2,2,1,0
5982,0.2,3,1,0
5983,1.0,2,1,1
5984,0.2,2,1,1
5985,1.0,1,1,1
5986,2.2,3,1,1
5987,0.2,3,1,0
5988,0.2,2,1,1
5989,2.2,1,1,1
5990,1.0,2,1,1
5991,0.2,1,0,1
5992,1.0,1,1,1
5993,0.2,2,1,0
5994,0.2,0,0,1
5995,0.2,1,0,1
5996,0.2,2,0,1
5997,0.2,3,1,0
5998,0.2,3,1,1
5999,0.2,1,1,1
6000,0.2,0,1,1
6001,0.2,3,0,1
6002,0.2,0,1,1
6003,0.2,3,1,0
6004,2.2,3,1,1
6005,0.2,3,1,0
6006,0.2,1,0,0
6007,1.0,2,1,1
6008,1.0,1,1,1
6009,0.2,1,1,1
6010,1.0,2,1,1
6011,0.2,2,1,0
6012,0.2,2,1,0
6013,0.2,0,0,1
6014,0.2,0,1,0
6015,0.2,1,1,1
6016,0.2,3,1,0
6017,1.0,2,1,1
6018,0.2,2,1,1
6019,0.2,2,0,0
6020,0.2,1,1,1
6021,0.2,2,1,1
6022,0.2,1,1,0
6023,0.2,0,1,1
6024,1.0,2,1,0
6025,0.2,2,1,0
6026,1.0,2,1,0
6027,0.2,1,1,1
6028,0.2,2,1,0
6029,0.2,2,1,0
6030,1.0,1,1,1
6031,0.2,1,1,1
6032,0.2,0,0,1
6033,0.2,3,1,0
6034,1.0,2,1,1
6035,0.2,2,1,0
6036,0.2,2,1,0
6037,1.0,0,1,1
6038,1.0,2,1,1
6039,0.2,2,1,0
6040,0.2,0,1,0
6041,0.2,1,1,0
6042,0.2,2,1,0
6043,0.2,2,1,0
6044,0.2,1,0,1
6045,0.2,1,0,1
6046,0.2,0,1,0
6047,0.2,0,1,0
6048,1.0,1,1,1
6049,0.2,1,1,0
6050,0.2,1,1,0
6051,0.2,1,1,1
6052,1.0,1,1,1
6053,0.2,2,0,0
6054,0.2,3,1,0
6055,0.2,2,1,0
6056,0.2,0,1,1
6057,0.2,2,1,1
6058,2.2,0,0,1
6059,0.2,1,1,1
6060,0.2,1,1,1
6061,1.0,0,1,1
6062,0.2,1,0,1
6063,1.0,3,1,1
6064,0.2,1,1,0
6065,0.2,2,1,0
6066,0.2,2,1,0
6067,1.0,1,1,1
6068,0.2,2,1,1
6069,0.2,0,1,1
6070,0.2,1,1,0
6071,2.2,0,1,1
6072,1.0,0,1,1
6073,1.0,1,1,1
6074,1.0,1,1,1
6075,2.2,2,1,1
6076,0.2,2,1,1
6077,0.2,2,1,0
6078,2.2,1,0,1
6079,2.2,1,1,1
6080,1.0,1,1,1
6081,1.0,1,1,1
6082,1.0,1,1,1
6083,0.2,0,1,0
6084,0.2,3,1,0
6085,0.2,1,1,1
6086,0.2,2,1,0
6087,0.2,0,1,1
6088,0.2,2,1,1
6089,0.2,3,1,1
6090,0.2,2,1,1
6091,0.2,1,1,1
6092,0.2,1,0,1
6093,0.2,2,1,0
6094,1.0,2,1,1
6095,0.2,1,1,0
6096,0.2,2,1,0
6097,1.0,1,1,1
6098,0.2,1,1,0
6099,0.2,3,1,0
6100,0.2,3,1,0
6101,0.2,1,1,1
6102,0.2,1,1,1
6103,1.0,1,1,1
6104,0.2,1,1,1
6105,0.2,1,1,0
6106,0.2,2,1,0
6107,1.0,0,1,1
6108,1.0,0,0,1
6109,0.2,0,1,1
6110,0.2,1,1,0
6111,0.2,1,0,1
6112,1.0,0,0,0
6113,0.2,1,1,0
6114,0.2,1,1,1
6115,0.2,2,1,0
6116,0.2,1,1,1
6117,0.2,0,1,1
6118,0.2,1,1,0
6119,1.0,3,1,1
6120,0.2,1,0,0
6121,0.2,1,1,0
6122,1.0,2,1,1
6123,0.2,3,0,0
6124,0.2,1,1,0
6125,1.0,1,1,1
6126,0.2,3,0,0
6127,0.2,2,0,1
6128,0.2,1,1,0
6129,0.2,3,1,1
6130,0.2,1,1,0
6131,1.0,1,1,1
6132,0.2,2,1,1
6133,0.2,3,1,0
6134,0.2,3,1,1
6135,1.0,2,1,1
6136,1.0,2,0,1
6137,0.2,1,1,0
6138,1.0,0,0,1
6139,0.2,2,1,0
6140,0.2,1,1,0
6141,0.2,1,1,0
6142,0.2,2,1,0
6143,0.2,1,1,0
6144,0.2,1,1,1
6145,1.0,2,1,0
6146,1.0,3,1,1
6147,0.2,1,1,0
6148,0.2,2,1,1
6149,0.2,3,0,1
6150,0.2,0,1,0
6151,0.2,0,1,0
6152,0.2,2,1,0
6153,1.0,1,1,1
6154,0.2,1,0,0
6155,0.2,2,1,0
6156,1.0,2,1,1
6157,1.0,0,0,1
6158,0.2,3,1,0
6159,1.0,3,0,0
6160,0.2,1,1,1
6161,0.2,2,1,0
6162,0.2,2,0,0
6163,0.2,3,1,0
6164,0.2,1,1,1
6165,0.2,2,1,0
6166,0.2,2,1,0
6167,0.2,1,1,0
6168,1.0,2,1,1
6169,0.2,0,1,1
6170,0.2,0,1,1
6171,0.2,1,0,1
6172,0.2,1,0,0
6173,0.2,2,1,0
6174,1.0,0,0,1
6175,0.2,2,1,0
6176,0.2,2,1,0
6177,1.0,1,1,1
6178,0.2,3,0,1
6179,2.2,2,0,1
6180,0.2,2,1,1
6181,2.2,0,1,1
6182,0.2,2,1,1
6183,0.2,2,1,0
6184,0.2,2,1,0
6185,0.2,2,1,0
6186,0.2,1,1,1
6187,0.2,2,1,0
6188,0.2,1,1,1
6189,1.0,3,1,1
6190,0.2,1,1,1
6191,1.0,1,0,1
6192,0.2,2,1,0
6193,0.2,2,1,0
6194,0.2,1,1,0
6195,0.2,2,1,0
6196,0.2,2,1,0
6197,0.2,2,1,0
6198,0.2,2,1,0
6199,0.2,3,1,0
6200,0.2,1,1,0
6201,0.2,0,0,0
6202,0.2,3,1,1
6203,0.2,0,1,0
6204,0.2,1,1,1
6205,0.2,0,0,0
6206,1.0,1,1,1
6207,0.2,1,1,1
6208,0.2,2,1,0
6209,1.0,1,1,1
6210,0.2,2,1,1
6211,0.2,1,1,0
6212,1.0,1,0,0
6213,0.2,2,1,0
6214,1.0,1,1,1
6215,1.0,0,1,1
6216,0.2,0,1,1
6217,0.2,0,1,0
6218,0.2,1,1,0
6219,0.2,2,1,0
6220,0.2,0,1,0
6221,0.2,1,0,0
6222,0.2,2,0,0
6223,0.2,2,1,1
6224,1.0,0,1,1
6225,0.2,1,1,1
6226,0.2,0,1,0
6227,1.0,2,1,1
6228,0.2,2,1,0
6229,0.2,1,1,0
6230,0.2,3,1,0
6231,0.2,2,1,1
6232,0.2,1,1,1
6233,1.0,1,1,0
6234,1.0,1,0,1
6235,0.2,1,1,1
6236,0.2,0,1,1
6237,0.2,1,1,0
6238,0.2,1,1,0
6239,0.2,2,0,0
6240,0.2,2,1,0
6241,0.2,2,1,0
6242,0.2,2,1,1
6243,1.0,1,1,1
6244,0.2,2,1,0
6245,1.0,1,1,0
6246,0.2,2,1,1
6247,0.2,2,1,1
6248,0.2,1,1,0
6249,1.0,1,1,0
6250,0.2,1,1,0
6251,1.0,2,1,0
6252,0.2,3,1,0
6253,0.2,1,1,1
6254,0.2,0,1,1
6255,0.2,2,1,0
6256,0.2,1,1,0
6257,0.2,2,0,1
6258,0.2,1,1,0
6259,0.2,0,0,1
6260,0.2,0,0,1
6261,0.2,1,0,0
6262,0.2,2,1,1
6263,2.2,1,0,1
6264,0.2,2,1,0
6265,1.0,1,1,1
6266,1.0,0,1,1
6267,0.2,1,1,1
6268,0.2,3,1,0
6269,0.2,1,1,1
6270,0.2,3,1,0
6271,0.2,0,1,1
6272,0.2,2,1,0
6273,0.2,0,0,0
6274,1.0,2,1,1
6275,0.2,2,1,1
6276,0.2,3,0,0
6277,0.2,1,1,0
6278,0.2,2,1,1
6279,0.2,1,0,0
6280,0.2,1,1,0
6281,0.2,2,1,0
6282,1.0,3,1,1
6283,1.0,1,1,0
6284,0.2,2,1,1
6285,1.0,1,1,1
6286,0.2,0,0,1
6287,0.2,1,1,1
6288,0.2,2,1,0
6289,0.2,2,1,0
6290,0.2,2,1,0
6291,1.0,0,1,1
6292,0.2,2,1,1
6293,0.2,0,1,1
6294,0.2,2,1,0
6295,1.0,0,1,1
6296,2.2,2,1,1
6297,0.2,2,1,0
6298,0.2,0,1,0
6299,0.2,2,1,0
6300,0.2,2,1,0
6301,1.0,1,1,1
6302,0.2,0,1,1
6303,0.2,1,1,1
6304,0.2,0,1,1
6305,0.2,1,1,1
6306,0.2,1,1,0
6307,0.2,2,1,0
6308,1.0,3,1,1
6309,1.0,0,0,1
6310,0.2,2,1,1
6311,0.2,2,1,0
6312,1.0,2,1,1
6313,0.2,0,0,1
6314,1.0,3,1,0
6315,0.2,2,1,0
6316,0.2,1,1,0
6317,0.2,2,1,1
6318,0.2,1,1,1
6319,0.2,1,1,1
6320,2.2,2,1,1
6321,1.0,1,0,1
6322,1.0,1,1,1
6323,0.2,1,1,1
6324,1.0,2,0,0
6325,0.2,2,1,0
6326,0.2,0,1,0
6327,1.0,0,1,1
6328,0.2,1,1,0
6329,0.2,1,1,0
6330,2.2,1,1,1
6331,0.2,1,1,1
6332,0.2,1,0,1
6333,0.2,0,0,1
6334,0.2,1,1,0
6335,1.0,1,1,1
6336,1.0,2,1,1
6337,0.2,2,1,0
6338,1.0,1,1,1
6339,0.2,2,1,0
6340,1.0,1,1,1
6341,0.2,2,1,1
6342,0.2,2,1,1
6343,0.2,1,1,0
6344,1.0,1,1,1
6345,0.2,2,1,1
6346,0.2,0,1,0
6347,0.2,0,1,1
6348,0.2,1,0,1
6349,0.2,1,0,0
6350,0.2,2,1,0
6351,1.0,1,0,1
6352,0.2,0,1,1
6353,1.0,3,0,1
6354,0.2,3,1,0
6355,0.2,1,1,0
6356,0.2,2,1,0
6357,0.2,0,1,1
6358,0.2,1,1,0
6359,0.2,2,1,1
6360,0.2,2,1,1
6361,0.2,3,1,1
6362,1.0,0,1,1
6363,0.2,1,1,0
6364,1.0,0,1,1
6365,0.2,0,1,1
6366,0.2,3,1,0
6367,0.2,0,1,1
6368,0.2,0,1,0
6369,0.2,2,1,0
6370,0.2,2,1,1
6371,0.2,1,1,0
6372,1.0,2,1,1
6373,0.2,1,1,1
6374,0.2,2,1,0
6375,0.2,2,1,0
6376,0.2,1,1,0
6377,0.2,2,1,1
6378,0.2,2,1,1
6379,0.2,2,1,0
6380,0.2,3,1,0
6381,0.2,1,1,0
6382,1.0,2,0,1
6383,0.2,2,1,0
6384,0.2,1,1,0
6385,0.2,3,0,0
6386,0.2,1,0,0
6387,0.2,3,1,1
6388,0.2,3,1,0
6389,1.0,2,0,1
6390,1.0,1,1,1
6391,0.2,1,1,0
6392,0.2,1,1,0
6393,0.2,1,1,0
6394,0.2,2,1,0
6395,0.2,1,1,1
6396,0.2,2,1,1
6397,0.2,0,1,0
6398,0.2,3,1,0
6399,1.0,1,1,1
6400,1.0,1,1,1
6401,0.2,2,1,0
6402,0.2,2,1,0
6403,0.2,3,1,0
6404,0.2,2,1,1
6405,0.2,3,1,0
6406,0.2,2,1,0
6407,0.2,1,1,0
6408,1.0,0,1,1
6409,0.2,2,1,0
6410,0.2,1,1,0
6411,0.2,1,1,0
6412,1.0,0,1,1
6413,0.2,3,1,0
6414,0.2,2,1,1
6415,1.0,2,1,1
6416,0.2,1,1,0
6417,0.2,0,1,0
6418,2.2,1,1,1
6419,0.2,0,1,0
6420,0.2,1,0,0
6421,0.2,2,0,1
6422,0.2,0,0,0
6423,1.0,2,1,1
6424,2.2,2,1,1
6425,1.0,0,1,1
6426,0.2,1,0,0
6427,1.0,2,1,1
6428,0.2,2,1,0
6429,0.2,2,1,0
6430,0.2,2,1,1
6431,0.2,0,0,0
6432,0.2,2,1,0
6433,0.2,3,1,0
6434,0.2,2,1,0
6435,0.2,2,1,0
6436,2.2,2,1,1
6437,0.2,2,1,0
6438,0.2,3,1,1
6439,0.2,2,0,0
6440,0.2,3,1,0
6441,0.2,3,1,1
6442,0.2,1,1,0
6443,0.2,1,1,1
6444,1.0,3,1,0
6445,0.2,2,1,0
6446,0.2,1,1,1
6447,0.2,2,1,0
6448,0.2,3,1,0
6449,1.0,1,1,1
6450,0.2,1,0,1
6451,1.0,1,1,0
6452,0.2,2,1,0
6453,0.2,1,1,1
6454,1.0,1,1,1
6455,1.0,1,1,1
6456,0.2,0,1,1
6457,0.2,0,1,1
6458,1.0,2,1,1
6459,0.2,3,1,0
6460,0.2,1,1,0
6461,0.2,2,1,0
6462,0.2,1,0,0
6463,0.2,3,0,0
6464,0.2,2,1,1
6465,1.0,1,0,1
6466,0.2,2,1,1
6467,1.0,2,0,1
6468,0.2,2,1,1
6469,1.0,1,1,1
6470,1.0,2,1,1
6471,0.2,0,1,0
6472,1.0,2,1,0
6473,0.2,2,1,1
6474,1.0,1,1,1
6475,1.0,2,1,1
6476,1.0,0,0,1
6477,1.0,1,1,1
6478,0.2,2,1,0
6479,0.2,1,1,1
6480,1.0,1,1,1
6481,1.0,2,1,1
6482,0.2,1,1,1
6483,0.2,1,1,1
6484,0.2,2,0,0
6485,1.0,3,1,0
6486,2.2,1,1,1
6487,0.2,0,1,1
6488,0.2,1,1,1
6489,0.2,1,0,0
6490,1.0,2,1,1
6491,0.2,2,1,0
6492,0.2,3,0,0
6493,0.2,2,1,0
6494,0.2,3,1,0
6495,1.0,2,0,1
6496,0.2,0,1,1
6497,0.2,3,0,0
6498,0.2,2,1,0
6499,0.2,1,1,1
6500,1.0,3,1,1
6501,1.0,2,0,0
6502,0.2,2,1,0
6503,0.2,2,1,0
6504,1.0,0,1,1
6505,1.0,3,1,0
6506,1.0,0,1,1
6507,0.2,3,1,0
6508,0.2,1,1,0
6509,2.2,1,0,1
6510,0.2,2,0,1
6511,0.2,2,1,0
6512,0.2,1,1,0
6513,0.2,3,1,0
6514,0.2,2,1,0
6515,0.2,2,1,0
6516,0.2,2,1,0
6517,0.2,1,1,0
6518,0.2,2,1,1
6519,0.2,2,1,0
6520,0.2,2,1,0
6521,0.2,0,1,0
6522,0.2,3,0,1
6523,0.2,2,1,0
6524,0.2,0,1,0
6525,0.2,3,1,0
6526,0.2,1,1,0
6527,1.0,1,1,1
6528,0.2,2,1,0
6529,0.2,3,1,0
6530,0.2,0,0,1
6531,1.0,1,1,1
6532,0.2,3,0,0
6533,1.0,2,1,1
6534,1.0,2,1,0
6535,0.2,2,1,0
6536,1.0,0,0,1
6537,0.2,1,1,0
6538,0.2,2,1,1
6539,1.0,0,1,1
6540,0.2,1,1,1
6541,0.2,1,1,1
6542,2.2,2,1,1
6543,0.2,1,1,0
6544,0.2,2,1,0
6545,0.2,3,1,0
6546,0.2,1,1,1
6547,0.2,2,0,0
6548,0.2,1,1,0
6549,1.0,3,1,1
6550,1.0,3,1,1
6551,1.0,2,1,1
6552,1.0,0,0,1
6553,0.2,0,1,1
6554,0.2,2,1,0
6555,0.2,2,1,0
6556,0.2,2,1,0
6557,1.0,2,1,1
6558,0.2,1,1,1
6559,0.2,2,1,0
6560,0.2,2,1,1
6561,0.2,2,1,0
6562,0.2,0,1,1
6563,0.2,2,1,0
6564,1.0,0,1,1
6565,0.2,3,1,0
6566,0.2,2,0,0
6567,0.2,1,1,1
6568,1.0,0,0,1
6569,0.2,1,1,1
6570,0.2,2,1,1
6571,2.2,2,1,1
6572,1.0,1,0,1
6573,0.2,1,1,1
6574,1.0,2,1,1
6575,0.2,2,0,0
6576,0.2,1,1,0
6577,0.2,3,1,0
6578,0.2,1,1,1
6579,2.2,3,1,1
6580,0.2,0,1,1
6581,0.2,2,1,0
6582,0.2,2,1,0
6583,0.2,0,1,0
6584,1.0,1,0,1
6585,0.2,2,1,0
6586,0.2,2,1,0
6587,1.0,1,1,0
6588,0.2,2,1,0
6589,0.2,3,1,0
6590,1.0,1,1,1
6591,0.2,0,0,1
6592,0.2,1,0,1
6593,0.2,1,1,0
6594,1.0,1,1,1
6595,1.0,0,1,1
6596,0.2,2,1,0
6597,0.2,2,1,1
6598,1.0,1,0,0
6599,0.2,2,1,1
6600,0.2,1,1,0
6601,0.2,2,1,0
6602,1.0,2,1,0
6603,1.0,2,0,1
6604,0.2,1,1,1
6605,1.0,2,1,0
6606,0.2,1,1,1
6607,0.2,2,1,0
6608,1.0,2,1,1
6609,0.2,1,1,1
6610,0.2,2,1,0
6611,0.2,1,1,1
6612,0.2,3,1,1
6613,0.2,1,1,0
6614,0.2,1,1,0
6615,0.2,2,0,1
6616,0.2,1,1,1
6617,0.2,1,1,0
6618,0.2,2,0,0
6619,1.0,2,1,1
6620,0.2,2,1,0
6621,1.0,1,1,1
6622,0.2,2,1,0
6623,0.2,2,1,0
6624,0.2,2,1,1
6625,1.0,1,1,1
6626,0.2,3,0,1
6627,0.2,2,1,0
6628,1.0,1,0,1
6629,0.2,1,1,1
6630,1.0,3,1,0
6631,0.2,1,1,0
6632,1.0,0,1,1
6633,1.0,1,0,1
6634,0.2,1,0,0
6635,0.2,1,1,1
6636,0.2,2,0,1
6637,0.2,2,1,0
6638,1.0,3,1,1
6639,0.2,2,1,0
6640,0.2,2,1,0
6641,0.2,1,1,0
6642,0.2,1,0,0
6643,1.0,1,1,1
6644,0.2,2,1,0
6645,0.2,2,1,0
6646,0.2,1,1,0
6647,0.2,2,1,0
6648,0.2,1,0,0
6649,0.2,0,1,0
6650,0.2,1,1,1
6651,0.2,1,1,1
6652,0.2,2,1,0
6653,0.2,1,0,0
6654,0.2,2,1,1
6655,0.2,2,0,0
6656,0.2,2,1,0
6657,1.0,3,0,1
6658,0.2,1,1,0
6659,0.2,2,1,1
6660,1.0,1,1,1
6661,0.2,3,1,0
6662,0.2,2,1,0
6663,0.2,1,1,0
6664,0.2,1,1,0
6665,1.0,0,1,1
6666,0.2,1,1,1
6667,0.2,2,1,0
6668,0.2,2,1,1
6669,0.2,1,0,0
6670,0.2,2,1,0
6671,0.2,0,1,1
6672,0.2,2,1,0
6673,1.0,2,1,1
6674,0.2,0,1,0
6675,0.2,3,1,0
6676,0.2,2,0,0
6677,0.2,2,1,1
6678,0.2,2,1,0
6679,0.2,3,1,0
6680,1.0,2,1,1
6681,0.2,1,1,0
6682,0.2,2,1,0
6683,0.2,2,0,1
6684,0.2,2,0,0
6685,0.2,3,1,0
6686,0.2,2,1,0
6687,1.0,0,0,1
6688,0.2,1,1,1
6689,1.0,2,1,1
6690,0.2,0,1,1
6691,0.2,2,1,0
6692,2.2,2,1,1
6693,0.2,1,1,1
6694,0.2,2,1,0
6695,2.2,3,1,1
6696,0.2,2,0,0
6697,0.2,1,1,0
6698,1.0,1,1,1
6699,0.2,2,1,1
6700,0.2,2,1,0
6701,0.2,2,1,0
6702,0.2,2,0,0
6703,1.0,2,1,0
6704,0.2,3,1,0
6705,0.2,1,1,1
6706,0.2,1,1,0
6707,1.0,0,1,1
6708,0.2,2,1,0
6709,1.0,2,1,1
6710,0.2,2,1,1
6711,0.2,2,1,0
6712,0.2,2,1,0
6713,0.2,3,0,0
6714,0.2,3,1,1
6715,0.2,2,1,0
6716,0.2,1,1,1
6717,0.2,1,1,0
6718,0.2,2,1,1
6719,1.0,1,1,0
6720,0.2,3,0,1
6721,0.2,1,1,1
6722,0.2,1,1,1
6723,0.2,2,1,1
6724,1.0,0,1,1
6725,0.2,1,0,0
6726,0.2,2,1,0
6727,0.2,1,1,1
6728,0.2,3,0,0
6729,0.2,1,1,0
6730,0.2,2,1,0
6731,0.2,2,0,0
6732,0.2,2,1,1
6733,0.2,3,1,0
6734,0.2,1,1,0
6735,1.0,0,1,1
6736,0.2,1,1,0
6737,0.2,0,0,1
6738,0.2,0,1,0
6739,0.2,2,1,0
6740,0.2,3,1,0
6741,0.2,0,1,1
6742,0.2,1,1,1
6743,0.2,2,1,1
6744,0.2,0,1,1
6745,0.2,2,1,1
6746,1.0,1,1,1
6747,0.2,2,1,0
6748,0.2,0,1,0
6749,0.2,1,1,0
6750,1.0,1,1,0
6751,0.2,2,1,1
6752,1.0,0,1,1
6753,0.2,1,1,1
6754,2.2,1,1,1
6755,0.2,2,1,1
6756,0.2,2,1,0
6757,1.0,0,1,1
6758,2.2,2,1,1
6759,0.2,1,1,0
6760,0.2,2,1,0
6761,0.2,1,1,1
6762,1.0,1,1,1
6763,0.2,2,1,0
6764,0.2,2,1,0
6765,0.2,1,1,0
6766,1.0,2,1,1
6767,0.2,2,1,0
6768,0.2,3,1,0
6769,1.0,2,1,1
6770,0.2,2,0,0
6771,0.2,2,1,0
6772,0.2,2,1,0
6773,0.2,3,1,0
6774,0.2,0,1,0
6775,0.2,2,1,0
6776,0.2,1,1,0
6777,0.2,2,1,1
6778,1.0,2,0,0
6779,0.2,1,1,0
6780,0.2,2,1,1
6781,1.0,0,1,1
6782,0.2,1,1,0
6783,0.2,2,1,0
6784,0.2,2,1,0
6785,1.0,1,1,0
6786,1.0,3,1,0
6787,0.2,0,1,1
6788,0.2,1,1,1
6789,0.2,3,0,0
6790,0.2,1,1,1
6791,0.2,1,0,0
6792,2.2,1,1,1
6793,2.2,2,1,1
6794,0.2,2,1,0
6795,2.2,1,1,1
6796,0.2,1,1,1
6797,0.2,1,1,0
6798,0.2,1,0,0
6799,0.2,1,0,0
6800,0.2,1,1,1
6801,0.2,1,1,0
6802,1.0,2,0,1
6803,0.2,2,1,0
6804,0.2,1,0,0
6805,0.2,1,1,0
6806,1.0,1,1,1
6807,0.2,2,1,0
6808,0.2,3,0,0
6809,0.2,0,1,0
6810,2.2,2,1,1
6811,0.2,1,1,1
6812,0.2,3,1,1
6813,1.0,2,1,1
6814,0.2,2,1,0
6815,1.0,1,1,1
6816,0.2,2,1,0
6817,0.2,1,0,0
6818,1.0,2,1,1
6819,0.2,3,1,0
6820,0.2,2,1,0
6821,0.2,2,1,0
6822,0.2,2,1,0
6823,0.2,0,1,0
6824,0.2,2,1,1
6825,0.2,3,1,0
6826,0.2,2,1,0
6827,1.0,3,1,1
6828,1.0,0,1,0
6829,0.2,2,1,1
6830,0.2,0,0,0
6831,0.2,0,1,1
6832,0.2,1,1,0
6833,0.2,2,0,0
6834,1.0,0,1,1
6835,0.2,2,1,1
6836,1.0,2,1,1
6837,0.2,2,1,1
6838,0.2,1,1,0
6839,0.2,1,1,1
6840,0.2,3,1,0
6841,0.2,0,0,1
6842,1.0,2,1,1
6843,0.2,1,1,0
6844,1.0,3,1,0
6845,0.2,2,0,0
6846,0.2,0,1,1
6847,0.2,1,1,1
6848,0.2,1,1,1
6849,0.2,1,1,1
6850,0.2,1,1,0
6851,0.2,1,1,0
6852,0.2,1,1,1
6853,1.0,3,1,0
6854,0.2,1,1,0
6855,0.2,2,1,0
6856,1.0,1,1,1
6857,1.0,0,0,1
6858,1.0,1,1,1
6859,0.2,2,1,0
6860,0.2,1,0,1
6861,1.0,0,0,0
6862,0.2,3,1,1
6863,0.2,2,1,0
6864,1.0,1,1,1
6865,0.2,1,0,1
6866,0.2,1,1,0
6867,1.0,2,1,1
6868,1.0,2,1,0
6869,1.0,1,1,0
6870,0.2,1,0,1
6871,0.2,2,0,0
6872,0.2,0,1,0
6873,1.0,2,1,1
6874,0.2,1,1,1
6875,0.2,2,1,0
6876,0.2,2,1,0
6877,0.2,2,1,0
6878,0.2,2,1,0
6879,1.0,0,1,0
6880,1.0,0,1,1
6881,0.2,0,1,1
6882,0.2,3,1,0
6883,1.0,0,1,1
6884,0.2,2,1,1
6885,0.2,2,0,0
6886,1.0,3,1,1
6887,1.0,2,0,1
6888,2.2,1,1,1
6889,0.2,1,1,0
6890,0.2,2,0,1
6891,0.2,0,1,0
6892,0.2,2,1,0
6893,0.2,2,1,0
6894,0.2,2,1,0
6895,0.2,2,1,0
6896,0.2,2,1,0
6897,0.2,2,1,1
6898,0.2,3,1,0
6899,0.2,0,1,1
6900,1.0,1,1,1
6901,0.2,0,0,1
6902,0.2,1,1,0
6903,0.2,1,1,0
6904,0.2,1,1,1
6905,0.2,1,1,1
6906,0.2,1,1,1
6907,0.2,1,1,1
6908,0.2,1,1,1
6909,2.2,1,1,1
6910,0.2,3,1,0
6911,0.2,1,1,0
6912,0.2,3,1,1
6913,1.0,1,1,1
6914,0.2,1,1,1
6915,1.0,3,1,1
6916,1.0,2,1,1
6917,0.2,0,1,1
6918,1.0,2,1,0
6919,0.2,2,1,0
6920,1.0,0,1,1
6921,0.2,1,1,0
6922,0.2,0,0,0
6923,0.2,1,1,0
6924,0.2,2,1,0
6925,1.0,1,1,1
6926,0.2,2,0,0
6927,0.2,2,1,0
6928,0.2,1,1,0
6929,0.2,1,1,0
6930,0.2,2,1,0
6931,0.2,1,1,1
6932,0.2,3,0,0
6933,0.2,2,1,0
6934,0.2,2,1,0
6935,0.2,2,0,0
6936,0.2,1,1,0
6937,0.2,2,1,0
6938,0.2,1,1,1
6939,0.2,2,1,0
6940,0.2,1,1,1
6941,0.2,2,1,0
6942,1.0,0,1,1
6943,0.2,1,0,1
6944,0.2,1,1,0
6945,1.0,2,1,0
6946,0.2,1,1,0
6947,0.2,2,1,0
6948,0.2,0,1,1
6949,1.0,2,1,1
6950,2.2,0,0,1
6951,0.2,1,1,0
6952,0.2,1,1,1
6953,0.2,1,1,1
6954,0.2,1,1,1
6955,0.2,0,0,1
6956,0.2,2,0,1
6957,1.0,1,1,1
6958,0.2,1,1,0
6959,0.2,0,1,0
6960,0.2,1,0,0
6961,0.2,0,1,0
6962,0.2,3,1,0
6963,1.0,2,1,1
6964,0.2,2,1,0
6965,0.2,2,1,0
6966,0.2,0,0,1
6967,0.2,2,1,0
6968,0.2,1,1,0
6969,1.0,1,1,0
6970,0.2,1,0,1
6971,0.2,2,1,0
6972,0.2,1,0,0
6973,0.2,2,1,1
6974,0.2,1,1,1
6975,2.2,1,1,1
6976,0.2,3,1,0
6977,0.2,1,1,0
6978,0.2,1,1,0
6979,0.2,0,0,1
6980,0.2,1,1,0
6981,1.0,1,1,1
6982,0.2,2,1,0
6983,1.0,2,1,1
6984,0.2,1,1,0
6985,1.0,0,0,1
6986,0.2,0,1,1
6987,0.2,2,1,1
6988,0.2,2,1,0
6989,1.0,2,1,1
6990,1.0,1,1,1
6991,1.0,2,1,1
6992,0.2,2,0,0
6993,1.0,1,0,1
6994,0.2,1,1,1
6995,1.0,2,1,1
6996,0.2,2,1,0
6997,0.2,2,1,1
6998,1.0,3,0,0
6999,0.2,2,1,1
7000,1.0,2,1,1
7001,0.2,3,0,0
7002,1.0,0,1,1
7003,0.2,2,1,0
7004,0.2,2,1,0
7005,0.2,2,1,0
7006,0.2,3,0,0
7007,0.2,2,1,0
7008,1.0,1,1,1
7009,0.2,1,1,1
7010,0.2,3,1,0
7011,0.2,2,1,0
7012,0.2,2,1,0
7013,1.0,0,1,1
7014,0.2,1,0,1
7015,0.2,3,1,0
7016,0.2,2,0,0
7017,1.0,0,1,1
7018,1.0,2,1,1
7019,0.2,2,1,1
7020,2.2,1,1,1
7021,0.2,1,1,1
7022,0.2,2,1,0
7023,1.0,0,1,1
7024,0.2,1,1,0
7025,1.0,1,0,1
7026,0.2,2,1,1
7027,1.0,0,1,1
7028,0.2,0,1,1
7029,0.2,0,1,0
7030,1.0,0,1,0
7031,0.2,3,1,0
7032,1.0,3,1,0
7033,0.2,2,1,0
7034,0.2,2,1,0
7035,0.2,1,0,1
7036,0.2,1,1,1
7037,0.2,3,1,0
7038,0.2,3,0,0
7039,0.2,2,1,1
7040,0.2,1,1,0
7041,0.2,1,1,0
7042,1.0,2,1,1
7043,0.2,2,1,1
7044,0.2,0,1,1
7045,0.2,3,1,0
7046,0.2,1,1,0
7047,0.2,1,1,1
7048,0.2,2,1,0
7049,0.2,2,1,0
7050,0.2,1,1,1
7051,0.2,2,1,0
7052,0.2,1,1,0
7053,1.0,2,1,1
7054,0.2,0,1,1
7055,0.2,0,1,1
7056,0.2,2,1,0
7057,0.2,2,1,1
7058,0.2,3,1,0
7059,0.2,0,1,1
7060,1.0,1,1,1
7061,0.2,1,1,1
7062,1.0,1,1,1
7063,0.2,2,0,0
7064,0.2,2,1,1
7065,0.2,1,1,1
7066,1.0,3,1,1
7067,1.0,2,1,0
7068,0.2,1,1,1
7069,0.2,1,1,0
7070,0.2,1,1,1
7071,0.2,1,1,0
7072,1.0,1,1,0
7073,0.2,1,1,1
7074,1.0,1,1,1
7075,1.0,2,0,0
7076,0.2,0,1,0
7077,0.2,1,1,0
7078,0.2,3,1,1
7079,0.2,1,0,1
7080,0.2,0,0,1
7081,2.2,1,1,1
7082,1.0,2,1,1
7083,0.2,0,1,0
7084,0.2,1,1,1
7085,0.2,1,0,0
7086,0.2,2,1,1
7087,0.2,2,1,0
7088,0.2,3,0,0
7089,0.2,2,1,0
7090,0.2,1,1,0
7091,2.2,2,1,1
7092,2.2,0,1,1
7093,0.2,3,0,0
7094,0.2,2,0,0
7095,1.0,3,1,1
7096,1.0,1,1,1
7097,0.2,2,1,0
7098,1.0,2,1,1
7099,0.2,1,1,0
7100,0.2,2,1,0
7101,0.2,3,1,0
7102,0.2,2,0,0
7103,0.2,2,1,1
7104,0.2,0,1,0
7105,0.2,1,1,0
7106,0.2,0,0,1
7107,1.0,2,1,0
7108,0.2,2,1,0
7109,0.2,2,1,1
7110,0.2,2,0,0
7111,0.2,1,1,0
7112,0.2,1,1,0
7113,0.2,1,1,0
7114,0.2,3,1,1
7115,0.2,1,1,1
7116,0.2,1,0,0
7117,0.2,0,0,0
7118,0.2,2,1,0
7119,0.2,0,1,1
7120,1.0,1,1,0
7121,0.2,1,1,1
7122,0.2,1,1,1
7123,0.2,1,1,0
7124,0.2,2,1,0
7125,1.0,0,0,1
7126,0.2,2,1,1
7127,0.2,2,1,0
7128,0.2,0,1,1
7129,0.2,1,1,1
7130,0.2,1,1,0
7131,1.0,0,1,1
7132,0.2,1,1,0
7133,2.2,1,0,1
7134,0.2,0,1,1
7135,0.2,1,1,1
7136,0.2,0,1,0
7137,1.0,2,1,1
7138,0.2,1,0,1
7139,0.2,0,1,1
7140,0.2,3,0,0
7141,1.0,2,1,1
7142,1.0,0,1,1
7143,1.0,1,1,1
7144,1.0,1,1,1
7145,0.2,1,1,1
7146,0.2,0,1,1
7147,0.2,2,1,0
7148,1.0,2,1,1
7149,0.2,1,1,1
7150,0.2,3,1,0
7151,0.2,2,1,0
7152,0.2,1,1,1
7153,1.0,1,1,1
7154,0.2,2,1,1
7155,0.2,2,1,0
7156,0.2,3,1,0
7157,0.2,1,1,1
7158,0.2,0,1,0
7159,1.0,3,1,0
7160,0.2,1,1,0
7161,0.2,2,1,1
7162,0.2,2,1,1
7163,0.2,0,1,1
7164,0.2,0,1,0
7165,0.2,1,1,0
7166,0.2,2,1,0
7167,1.0,2,1,0
7168,0.2,1,1,0
7169,1.0,2,0,1
7170,0.2,2,1,0
7171,0.2,1,1,1
7172,0.2,0,1,0
7173,0.2,1,1,1
7174,0.2,1,1,1
7175,2.2,3,1,1
7176,0.2,2,1,1
7177,0.2,1,1,0
7178,0.2,2,1,0
7179,1.0,0,1,1
7180,0.2,3,1,1
7181,0.2,2,1,1
7182,1.0,3,1,1
7183,0.2,2,1,0
7184,0.2,1,0,0
7185,0.2,0,0,1
7186,0.2,2,0,1
7187,2.2,1,1,1
7188,0.2,2,1,0
7189,0.2,3,1,0
7190,0.2,1,1,1
7191,1.0,1,1,0
7192,1.0,1,1,0
7193,0.2,2,0,0
7194,0.2,0,1,0
7195,0.2,2,0,1
7196,1.0,1,1,1
7197,0.2,2,1,0
7198,1.0,2,1,1
7199,0.2,2,0,1
7200,1.0,2,1,1
7201,0.2,1,1,0
7202,0.2,1,1,1
7203,0.2,1,1,1
7204,1.0,2,1,0
7205,0.2,1,1,0
7206,1.0,1,1,1
7207,0.2,3,1,0
7208,0.2,1,1,0
7209,0.2,3,1,0
7210,0.2,2,1,0
7211,1.0,3,1,1
7212,0.2,2,1,0
7213,0.2,2,1,0
7214,0.2,0,1,1
7215,0.2,1,1,0
7216,0.2,2,1,0
7217,0.2,3,1,0
7218,0.2,2,1,0
7219,0.2,0,1,0
7220,1.0,3,1,0
7221,1.0,0,1,1
7222,0.2,0,1,0
7223,0.2,2,1,0
7224,0.2,2,1,0
7225,2.2,3,1,1
7226,0.2,1,1,0
7227,0.2,1,1,0
7228,0.2,1,1,1
7229,0.2,3,1,1
7230,1.0,2,1,1
7231,0.2,1,1,0
7232,0.2,1,1,0
7233,0.2,3,1,0
7234,0.2,1,1,0
7235,0.2,2,1,0
7236,0.2,2,1,0
7237,0.2,1,0,0
7238,0.2,1,1,0
7239,0.2,2,1,1
7240,0.2,3,1,0
7241,0.2,3,1,0
7242,0.2,2,1,1
7243,0.2,1,1,0
7244,0.2,0,1,1
7245,1.0,2,0,1
7246,1.0,0,1,1
7247,0.2,0,1,0
7248,1.0,1,0,1
7249,0.2,3,1,1
7250,0.2,2,1,1
7251,0.2,2,1,1
7252,0.2,1,1,1
7253,1.0,2,1,1
7254,0.2,2,1,0
7255,1.0,3,1,0
7256,0.2,2,1,1
7257,0.2,1,1,1
7258,0.2,1,1,0
7259,0.2,2,1,0
7260,0.2,1,1,1
7261,0.2,0,1,1
7262,0.2,2,1,0
7263,1.0,0,0,1
7264,0.2,3,1,0
7265,0.2,1,1,0
7266,1.0,0,0,1
7267,0.2,0,1,0
7268,1.0,2,1,0
7269,0.2,2,1,0
7270,1.0,1,1,1
7271,0.2,3,1,0
7272,1.0,1,1,1
7273,1.0,1,1,1
7274,0.2,3,0,0
7275,0.2,0,1,1
7276,0.2,1,1,1
7277,0.2,2,1,0
7278,0.2,3,1,0
7279,1.0,0,1,1
7280,0.2,1,0,0
7281,0.2,1,1,0
7282,0.2,2,0,0
7283,0.2,1,1,1
7284,1.0,2,1,1
7285,1.0,2,0,1
7286,0.2,3,1,0
7287,0.2,2,0,0
7288,0.2,1,1,0
7289,1.0,2,1,0
7290,0.2,2,0,1
7291,0.2,3,1,0
7292,1.0,3,0,1
7293,0.2,0,0,0
7294,0.2,1,0,0
7295,0.2,1,1,0
7296,0.2,2,1,0
7297,0.2,2,1,1
7298,1.0,1,1,1
7299,0.2,0,1,0
7300,0.2,1,0,0
7301,0.2,0,0,0
7302,0.2,2,1,0
7303,0.2,3,1,1
7304,0.2,1,1,1
7305,1.0,2,0,0
7306,0.2,3,1,0
7307,1.0,2,1,1
7308,0.2,2,1,0
7309,0.2,1,1,0
7310,0.2,0,0,0
7311,1.0,2,1,0
7312,0.2,1,1,0
7313,0.2,0,0,1
7314,1.0,0,0,1
7315,0.2,2,0,1
7316,1.0,3,1,1
7317,1.0,2,1,1
7318,1.0,2,1,0
7319,0.2,1,1,0
7320,0.2,2,1,0
7321,2.2,1,1,1
7322,0.2,1,1,0
7323,0.2,0,1,0
7324,0.2,0,1,1
7325,0.2,1,1,1
7326,0.2,0,1,1
7327,0.2,0,1,1
7328,0.2,2,1,0
7329,0.2,1,1,0
7330,0.2,3,1,0
7331,0.2,1,0,0
7332,1.0,3,0,1
7333,0.2,2,1,1
7334,1.0,1,1,1
7335,0.2,2,1,0
7336,1.0,0,1,1
7337,0.2,2,1,0
7338,1.0,0,1,0
7339,0.2,2,1,1
7340,0.2,2,1,1
7341,0.2,1,1,1
7342,0.2,2,1,0
7343,0.2,2,0,0
7344,0.2,2,1,0
7345,0.2,1,1,1
7346,1.0,0,1,1
7347,0.2,1,1,0
7348,0.2,1,1,1
7349,0.2,3,1,0
7350,0.2,0,1,0
7351,0.2,1,1,1
7352,1.0,3,1,0
7353,1.0,1,0,1
7354,0.2,1,1,1
7355,0.2,2,1,0
7356,0.2,3,1,0
7357,0.2,2,1,1
7358,1.0,2,1,1
7359,0.2,1,1,0
7360,0.2,2,0,0
7361,1.0,1,1,1
7362,0.2,0,1,1
7363,0.2,2,1,0
7364,0.2,2,1,0
7365,0.2,1,1,1
7366,0.2,2,1,0
7367,0.2,2,1,0
7368,0.2,2,1,0
7369,0.2,2,1,0
7370,0.2,2,0,0
7371,0.2,1,0,1
7372,0.2,2,1,0
7373,0.2,1,1,1
7374,1.0,0,0,1
7375,0.2,2,1,0
7376,0.2,1,1,1
7377,0.2,3,1,0
7378,1.0,0,0,1
7379,0.2,1,1,0
7380,0.2,3,1,0
7381,0.2,1,1,0
7382,0.2,2,0,1
7383,0.2,0,0,0
7384,0.2,1,1,1
7385,0.2,1,1,1
7386,0.2,0,1,0
7387,0.2,2,1,0
7388,2.2,2,1,1
7389,1.0,1,0,1
7390,0.2,2,1,1
7391,1.0,2,1,0
7392,1.0,2,1,1
7393,0.2,1,1,1
7394,0.2,3,1,0
7395,0.2,0,1,0
7396,0.2,1,1,0
7397,0.2,1,1,1
7398,1.0,1,1,1
7399,0.2,1,1,0
7400,0.2,2,1,1
7401,0.2,1,0,0
7402,0.2,1,1,0
7403,1.0,1,0,1
7404,0.2,1,1,0
7405,0.2,1,1,0
7406,0.2,2,0,1
7407,0.2,0,0,0
7408,0.2,1,1,0
7409,0.2,2,1,0
7410,0.2,1,1,0
7411,0.2,1,1,0
7412,0.2,3,1,1
7413,0.2,1,1,1
7414,0.2,1,1,0
7415,0.2,3,1,0
7416,0.2,1,1,1
7417,0.2,3,1,1
7418,0.2,2,1,0
7419,0.2,2,1,0
7420,0.2,2,1,1
7421,0.2,3,1,0
7422,1.0,0,1,1
7423,0.2,2,1,1
7424,1.0,2,1,0
7425,0.2,3,1,0
7426,0.2,0,1,0
7427,0.2,1,1,0
7428,0.2,0,1,1
7429,1.0,2,1,0
7430,0.2,1,1,0
7431,0.2,2,1,0
7432,1.0,0,1,1
7433,1.0,2,0,1
7434,1.0,1,0,0
7435,0.2,3,1,0
7436,0.2,0,1,1
7437,1.0,2,0,0
7438,0.2,2,1,0
7439,0.2,2,0,0
7440,0.2,1,1,1
7441,1.0,2,1,1
7442,0.2,1,1,0
7443,0.2,1,1,0
7444,0.2,0,1,0
7445,0.2,1,1,1
7446,0.2,2,1,0
7447,0.2,3,1,0
7448,0.2,1,1,1
7449,0.2,2,1,0
7450,0.2,2,1,1
7451,1.0,2,0,1
7452,0.2,2,1,1
7453,0.2,1,0,0
7454,0.2,3,1,0
7455,0.2,1,0,1
7456,0.2,2,1,0
7457,0.2,1,1,0
7458,0.2,1,1,0
7459,0.2,0,0,0
7460,0.2,3,1,0
7461,0.2,2,0,0
7462,1.0,1,1,0
7463,0.2,0,1,1
7464,0.2,0,1,0
7465,0.2,1,1,1
7466,0.2,2,1,0
7467,0.2,2,0,1
7468,1.0,3,0,1
7469,1.0,3,1,1
7470,0.2,1,1,1
7471,0.2,1,1,0
7472,0.2,0,1,0
7473,0.2,1,1,0
7474,0.2,1,1,1
7475,0.2,2,1,0
7476,1.0,1,1,1
7477,2.2,3,1,1
7478,1.0,0,0,1
7479,0.2,1,1,1
7480,1.0,1,1,0
7481,0.2,2,1,0
7482,0.2,2,1,1
7483,0.2,1,1,0
7484,1.0,1,0,1
7485,0.2,3,1,0
7486,0.2,2,1,0
7487,0.2,2,1,1
7488,1.0,0,1,1
7489,1.0,2,1,1
7490,0.2,3,1,0
7491,1.0,1,1,1
7492,1.0,1,1,1
7493,0.2,2,1,0
7494,0.2,2,1,1
7495,0.2,0,0,0
7496,0.2,1,1,0
7497,0.2,2,1,1
7498,0.2,1,0,1
7499,0.2,1,1,1
7500,0.2,3,1,0
7501,0.2,2,0,0
7502,0.2,3,1,1
7503,1.0,1,0,1
7504,0.2,1,0,0
7505,0.2,1,1,0
7506,0.2,2,1,0
7507,0.2,2,1,1
7508,0.2,1,1,0
7509,0.2,1,1,1
7510,0.2,1,1,0
7511,0.2,2,1,0
7512,0.2,1,1,0
7513,0.2,0,1,0
7514,1.0,1,1,1
7515,0.2,1,1,0
7516,0.2,1,1,0
7517,0.2,0,1,0
7518,1.0,1,1,1
7519,1.0,1,1,1
7520,0.2,2,1,1
7521,0.2,3,1,1
7522,0.2,1,1,0
7523,1.0,1,1,1
7524,0.2,2,1,1
7525,0.2,1,0,0
7526,0.2,3,0,0
7527,0.2,0,1,0
7528,0.2,3,1,0
7529,0.2,2,1,0
7530,1.0,2,1,0
7531,0.2,0,0,0
7532,0.2,3,1,1
7533,0.2,1,1,0
7534,0.2,0,0,0
7535,1.0,2,1,1
7536,0.2,1,1,1
7537,0.2,2,1,0
7538,1.0,0,1,1
7539,2.2,3,1,1
7540,0.2,2,1,0
7541,0.2,0,1,0
7542,1.0,2,0,1
7543,0.2,1,1,0
7544,0.2,2,1,0
7545,0.2,3,1,0
7546,0.2,2,1,1
7547,0.2,0,1,0
7548,1.0,0,0,1
7549,1.0,2,1,1
7550,0.2,1,1,1
7551,0.2,0,0,0
7552,1.0,1,0,1
7553,0.2,1,1,0
7554,0.2,2,1,0
7555,2.2,1,1,1
7556,1.0,0,0,1
7557,0.2,1,1,0
7558,0.2,2,1,0
7559,0.2,2,0,0
7560,0.2,2,1,0
7561,0.2,2,1,0
7562,1.0,1,1,1
7563,1.0,1,0,1
7564,0.2,2,1,1
7565,0.2,1,1,1
7566,1.0,2,1,0
7567,0.2,2,0,0
7568,0.2,3,1,0
7569,1.0,0,1,1
7570,0.2,2,1,1
7571,0.2,2,1,0
7572,1.0,1,1,0
7573,0.2,0,1,0
7574,0.2,2,1,0
7575,0.2,2,0,0
7576,0.2,3,1,0
7577,0.2,0,0,0
7578,0.2,1,1,0
7579,0.2,1,1,0
7580,1.0,0,1,1
7581,0.2,1,1,1
7582,0.2,0,1,0
7583,2.2,1,1,1
7584,0.2,3,0,0
7585,0.2,1,1,0
7586,0.2,2,1,0
7587,0.2,2,0,0
7588,1.0,0,1,1
7589,0.2,2,0,1
7590,0.2,2,0,0
7591,0.2,2,1,0
7592,1.0,1,0,1
7593,1.0,1,0,1
7594,0.2,2,0,1
7595,0.2,1,1,0
7596,0.2,2,1,0
7597,2.2,1,1,1
7598,2.2,2,1,1
7599,1.0,2,1,1
7600,1.0,2,1,1
7601,0.2,1,1,1
7602,0.2,2,0,0
7603,0.2,2,1,0
7604,2.2,0,1,1
7605,0.2,1,1,1
7606,0.2,1,0,1
7607,0.2,2,0,0
7608,0.2,2,1,0
7609,0.2,1,1,1
7610,0.2,2,1,0
7611,0.2,0,1,0
7612,0.2,0,0,0
7613,0.2,2,1,1
7614,0.2,2,0,1
7615,2.2,1,1,1
7616,0.2,2,1,0
7617,1.0,0,1,1
7618,1.0,1,1,0
7619,0.2,0,1,0
7620,0.2,2,1,0
7621,0.2,1,0,0
7622,1.0,1,1,1
7623,1.0,1,1,1
7624,0.2,1,1,1
7625,0.2,2,1,0
7626,0.2,3,0,0
7627,0.2,2,1,0
7628,0.2,3,1,0
7629,1.0,3,1,1
7630,0.2,0,1,1
7631,0.2,1,1,0
7632,0.2,1,1,0
7633,0.2,1,1,1
7634,1.0,0,1,1
7635,0.2,3,1,0
7636,1.0,2,1,1
7637,0.2,2,1,0
7638,0.2,2,1,0
7639,0.2,3,1,0
7640,0.2,3,1,0
7641,1.0,2,1,1
7642,1.0,2,0,1
7643,0.2,2,1,0
7644,0.2,2,1,0
7645,0.2,0,1,0
7646,0.2,1,1,0
7647,1.0,2,1,1
7648,0.2,1,1,0
7649,1.0,1,0,0
7650,1.0,2,1,1
7651,0.2,2,1,0
7652,0.2,0,1,0
7653,1.0,1,1,1
7654,1.0,0,1,1
7655,0.2,1,0,1
7656,0.2,1,1,0
7657,1.0,2,0,0
7658,0.2,2,0,0
7659,0.2,1,1,0
7660,0.2,0,1,0
7661,0.2,2,1,0
7662,1.0,0,1,1
7663,1.0,2,1,1
7664,0.2,0,1,1
7665,0.2,3,1,0
7666,0.2,1,1,1
7667,1.0,1,1,1
7668,0.2,1,1,0
7669,0.2,2,1,1
7670,1.0,2,1,1
7671,0.2,3,1,0
7672,0.2,1,1,1
7673,0.2,2,1,0
7674,1.0,1,1,1
7675,0.2,1,1,1
7676,0.2,1,0,1
7677,2.2,1,1,1
7678,0.2,1,0,0
7679,0.2,1,1,0
7680,1.0,1,1,1
7681,1.0,1,1,1
7682,0.2,0,0,1
7683,0.2,2,1,0
7684,0.2,1,1,0
7685,0.2,3,0,0
7686,1.0,2,1,1
7687,0.2,3,0,0
7688,0.2,2,0,1
7689,0.2,2,1,0
7690,0.2,0,1,1
7691,0.2,3,1,1
7692,0.2,2,1,1
7693,0.2,2,1,1
7694,0.2,2,1,0
7695,0.2,2,0,0
7696,0.2,2,0,0
7697,0.2,2,1,1
7698,0.2,2,1,1
7699,0.2,2,1,1
7700,1.0,1,0,0
7701,0.2,1,1,1
7702,0.2,1,1,1
7703,0.2,3,1,0
7704,1.0,2,1,1
7705,1.0,0,1,1
7706,0.2,3,1,1
7707,0.2,1,0,0
7708,1.0,1,0,0
7709,0.2,0,1,1
7710,0.2,0,1,0
7711,0.2,2,1,1
7712,1.0,1,0,0
7713,1.0,2,1,1
7714,0.2,3,1,0
7715,1.0,3,1,1
7716,0.2,1,1,1
7717,1.0,1,1,1
7718,0.2,1,1,0
7719,2.2,1,1,1
7720,1.0,1,0,1
7721,0.2,2,1,0
7722,0.2,1,1,1
7723,0.2,3,1,0
7724,0.2,2,1,0
7725,0.2,1,0,1
7726,0.2,2,1,1
7727,0.2,2,1,0
7728,0.2,2,1,1
7729,0.2,2,1,1
7730,0.2,3,1,0
7731,1.0,2,1,1
7732,0.2,2,1,0
7733,0.2,2,1,1
7734,0.2,1,1,0
7735,0.2,3,1,1
7736,1.0,3,1,1
7737,0.2,1,1,1
7738,0.2,2,1,0
7739,0.2,1,1,0
7740,0.2,1,1,1
7741,0.2,3,1,1
7742,0.2,3,0,1
7743,0.2,1,1,0
7744,1.0,2,1,1
7745,0.2,3,1,1
7746,0.2,1,1,0
7747,0.2,1,1,1
7748,0.2,1,1,1
7749,0.2,2,1,0
7750,1.0,3,1,1
7751,0.2,1,1,0
7752,0.2,0,0,0
7753,0.2,0,1,1
7754,0.2,2,1,0
7755,2.2,3,1,1
7756,0.2,1,1,1
7757,0.2,1,0,1
7758,1.0,1,1,1
7759,0.2,1,1,1
7760,0.2,1,1,0
7761,1.0,1,0,1
7762,0.2,1,0,1
7763,0.2,2,1,1
7764,0.2,3,1,0
7765,0.2,1,1,0
7766,0.2,2,1,0
7767,0.2,3,1,0
7768,0.2,2,1,0
7769,0.2,1,1,1
7770,0.2,1,1,1
7771,0.2,0,1,1
7772,0.2,3,1,0
7773,0.2,2,1,1
7774,1.0,1,1,1
7775,0.2,2,1,0
7776,0.2,3,1,1
7777,0.2,1,1,1
7778,0.2,1,1,1
7779,0.2,2,1,0
7780,1.0,1,0,1
7781,0.2,1,1,1
7782,0.2,0,1,1
7783,0.2,3,1,0
7784,1.0,1,1,1
7785,0.2,3,0,0
7786,0.2,1,1,0
7787,0.2,2,1,0
7788,0.2,2,1,0
7789,0.2,0,1,1
7790,1.0,3,1,1
7791,0.2,2,1,0
7792,0.2,1,0,0
7793,1.0,0,1,1
7794,0.2,1,1,0
7795,0.2,2,1,0
7796,1.0,3,1,1
7797,0.2,3,1,0
7798,0.2,2,1,0
7799,1.0,1,1,1
7800,0.2,2,1,0
7801,1.0,3,0,1
7802,2.2,1,0,1
7803,0.2,2,1,1
7804,0.2,1,1,0
7805,0.2,0,1,0
7806,0.2,0,1,0
7807,1.0,1,1,1
7808,0.2,2,1,0
7809,1.0,2,1,1
7810,0.2,2,1,0
7811,0.2,2,0,0
7812,0.2,2,1,0
7813,0.2,0,1,1
7814,0.2,3,1,1
7815,0.2,2,0,0
7816,0.2,1,1,1
7817,0.2,3,0,0
7818,1.0,1,0,1
7819,1.0,2,0,1
7820,0.2,2,0,0
7821,0.2,3,0,0
7822,1.0,3,1,1
7823,0.2,0,1,0
7824,0.2,1,1,0
7825,0.2,1,1,1
7826,0.2,2,1,1
7827,0.2,2,1,0
7828,0.2,2,0,1
7829,1.0,1,1,1
7830,1.0,3,0,0
7831,1.0,1,1,1
7832,0.2,1,1,1
7833,0.2,1,1,0
7834,0.2,1,1,1
7835,0.2,1,1,1
7836,1.0,2,1,1
7837,0.2,1,1,0
7838,0.2,2,1,1
7839,1.0,2,1,0
7840,0.2,1,1,0
7841,1.0,1,1,1
7842,2.2,2,1,1
7843,0.2,2,1,0
7844,1.0,1,0,1
7845,1.0,2,1,1
7846,0.2,0,1,1
7847,0.2,0,1,0
7848,0.2,0,1,0
7849,1.0,1,1,1
7850,0.2,1,1,1
7851,0.2,2,1,0
7852,0.2,1,1,0
7853,0.2,2,1,0
7854,0.2,2,1,0
7855,0.2,0,1,0
7856,0.2,2,0,1
7857,1.0,2,1,0
7858,0.2,1,1,1
7859,2.2,1,1,1
7860,1.0,1,1,1
7861,0.2,1,1,0
7862,0.2,2,1,0
7863,0.2,1,1,1
7864,0.2,1,0,0
7865,0.2,2,1,1
7866,0.2,1,0,0
7867,1.0,1,1,1
7868,1.0,0,0,1
7869,0.2,2,0,1
7870,0.2,1,1,0
7871,0.2,1,0,1
7872,0.2,1,1,1
7873,1.0,2,1,1
7874,0.2,1,1,1
7875,0.2,1,1,1
7876,0.2,2,1,0
7877,0.2,2,1,1
7878,0.2,3,1,1
7879,0.2,2,1,0
7880,0.2,0,1,0
7881,0.2,0,1,0
7882,0.2,2,1,1
7883,1.0,2,1,0
7884,0.2,2,1,1
7885,0.2,1,1,0
7886,0.2,3,1,0
7887,0.2,2,1,1
7888,0.2,1,1,0
7889,0.2,1,1,0
7890,0.2,2,1,0
7891,0.2,1,1,0
7892,0.2,3,1,0
7893,0.2,1,1,1
7894,0.2,1,1,0
7895,1.0,0,1,1
7896,1.0,1,1,1
7897,1.0,2,0,0
7898,0.2,2,1,1
7899,0.2,0,1,1
7900,0.2,2,1,0
7901,0.2,2,1,1
7902,1.0,2,1,1
7903,0.2,2,1,0
7904,0.2,1,1,0
7905,0.2,2,1,0
7906,0.2,0,1,0
7907,0.2,1,1,0
7908,0.2,3,1,0
7909,0.2,1,1,0
7910,0.2,2,1,0
7911,0.2,1,1,0
7912,0.2,1,1,1
7913,1.0,2,1,1
7914,1.0,2,1,0
7915,0.2,1,1,1
7916,0.2,1,0,1
7917,0.2,2,1,0
7918,0.2,0,1,1
7919,0.2,1,1,0
7920,0.2,3,0,0
7921,0.2,2,1,0
7922,0.2,0,0,1
7923,0.2,3,1,0
7924,1.0,1,1,1
7925,0.2,1,1,1
7926,0.2,2,1,0
7927,0.2,2,1,0
7928,1.0,1,1,1
7929,0.2,1,1,0
7930,0.2,3,1,0
7931,0.2,1,1,0
7932,0.2,1,1,0
7933,0.2,2,1,0
7934,0.2,2,1,0
7935,0.2,1,1,1
7936,0.2,1,1,1
7937,1.0,2,1,0
7938,0.2,1,1,0
7939,0.2,0,1,0
7940,0.2,2,1,0
7941,0.2,1,1,1
7942,1.0,2,0,0
7943,0.2,3,1,0
7944,0.2,1,1,1
7945,0.2,1,1,0
7946,0.2,1,1,0
7947,0.2,0,1,0
7948,0.2,2,1,0
7949,0.2,2,1,1
7950,0.2,2,1,1
7951,0.2,2,1,0
7952,0.2,1,1,1
7953,0.2,1,1,0
7954,1.0,1,1,1
7955,0.2,2,1,1
7956,0.2,2,1,0
7957,0.2,2,1,0
7958,2.2,2,1,1
7959,0.2,3,1,0
7960,0.2,3,1,0
7961,1.0,2,1,0
7962,0.2,0,1,1
7963,0.2,3,1,0
7964,0.2,1,1,1
7965,0.2,2,1,0
7966,0.2,1,1,1
7967,0.2,2,1,0
7968,2.2,1,1,1
7969,1.0,0,0,1
7970,0.2,2,1,1
7971,0.2,0,1,1
7972,0.2,2,1,0
7973,0.2,1,1,1
7974,0.2,1,1,1
7975,0.2,0,1,1
7976,0.2,0,1,1
7977,0.2,1,1,1
7978,1.0,2,1,1
7979,1.0,2,1,1
7980,0.2,0,1,0
7981,1.0,2,1,0
7982,0.2,1,1,0
7983,0.2,1,1,1
7984,1.0,1,1,1
7985,0.2,1,1,1
7986,0.2,2,1,0
7987,0.2,0,1,0
7988,1.0,2,1,0
7989,0.2,3,1,0
7990,0.2,3,0,0
7991,0.2,1,1,1
7992,1.0,2,1,1
7993,0.2,3,1,0
7994,0.2,2,1,0
7995,0.2,1,1,1
7996,2.2,1,1,1
7997,2.2,2,1,1
7998,1.0,1,1,1
7999,0.2,2,1,0
8000,0.2,1,1,1
8001,0.2,1,1,1
8002,0.2,2,1,0
8003,0.2,1,1,0
8004,0.2,2,1,0
8005,0.2,0,1,0
8006,0.2,2,0,1
8007,1.0,2,0,0
8008,0.2,1,0,0
8009,0.2,2,0,0
8010,0.2,1,0,1
8011,1.0,3,1,1
8012,0.2,1,1,0
8013,0.2,2,1,1
8014,0.2,1,1,1
8015,0.2,2,1,1
8016,0.2,3,1,0
8017,0.2,2,1,1
8018,0.2,2,1,1
8019,1.0,1,1,1
8020,1.0,1,1,1
8021,0.2,3,1,0
8022,0.2,3,1,0
8023,1.0,3,1,0
8024,0.2,2,1,0
8025,0.2,1,1,1
8026,1.0,1,1,1
8027,1.0,2,1,1
8028,0.2,1,1,0
8029,0.2,1,0,1
8030,0.2,3,1,0
8031,1.0,1,1,1
8032,1.0,1,1,1
8033,0.2,2,1,0
8034,0.2,0,1,0
8035,0.2,1,1,0
8036,1.0,1,1,1
8037,0.2,1,1,0
8038,0.2,1,0,1
8039,0.2,2,1,1
8040,1.0,0,1,1
8041,0.2,2,1,0
8042,0.2,2,1,1
8043,0.2,0,1,1
8044,1.0,0,0,1
8045,1.0,1,1,1
8046,0.2,2,0,1
8047,0.2,1,1,1
8048,0.2,2,1,0
8049,0.2,3,1,0
8050,1.0,2,1,1
8051,2.2,2,1,1
8052,1.0,1,1,1
8053,0.2,1,1,1
8054,0.2,1,0,0
8055,0.2,1,1,0
8056,0.2,1,0,0
8057,0.2,2,1,1
8058,0.2,2,1,0
8059,0.2,2,0,1
8060,1.0,1,1,1
8061,0.2,3,0,0
8062,1.0,0,1,1
8063,0.2,2,1,0
8064,2.2,2,1,1
8065,0.2,0,1,0
8066,0.2,1,1,0
8067,0.2,2,1,0
8068,0.2,1,1,0
8069,1.0,1,1,1
8070,0.2,1,1,0
8071,1.0,2,1,0
8072,1.0,2,1,0
8073,0.2,1,1,1
8074,0.2,1,1,0
8075,1.0,3,1,1
8076,0.2,1,1,1
8077,0.2,1,1,0
8078,0.2,2,1,0
8079,0.2,1,1,0
8080,0.2,2,1,0
8081,1.0,1,1,1
8082,1.0,2,1,1
8083,1.0,2,1,1
8084,2.2,1,1,1
8085,0.2,2,1,0
8086,1.0,1,1,1
8087,1.0,1,1,0
8088,0.2,2,1,1
8089,0.2,2,1,1
8090,0.2,2,1,0
8091,0.2,2,1,0
8092,0.2,1,1,0
8093,0.2,2,1,1
8094,0.2,0,1,0
8095,0.2,2,1,0
8096,0.2,2,0,1
8097,0.2,2,1,0
8098,0.2,2,1,1
8099,2.2,2,1,1
8100,0.2,2,1,0
8101,0.2,1,1,1
8102,0.2,1,1,0
8103,1.0,2,1,0
8104,0.2,2,1,1
8105,0.2,2,1,0
8106,1.0,1,0,0
8107,0.2,2,1,0
8108,0.2,2,1,0
8109,0.2,3,1,0
8110,0.2,1,1,0
8111,0.2,2,1,0
8112,0.2,2,1,0
8113,0.2,3,1,0
8114,1.0,2,1,1
8115,0.2,2,1,0
8116,1.0,0,0,1
8117,0.2,2,0,0
8118,0.2,0,0,0
8119,0.2,1,1,0
8120,0.2,1,1,0
8121,0.2,2,1,1
8122,1.0,1,0,1
8123,1.0,2,1,1
8124,0.2,2,1,0
8125,0.2,2,1,0
8126,0.2,1,1,1
8127,0.2,3,0,0
8128,0.2,2,1,1
8129,0.2,1,1,0
8130,1.0,1,0,1
8131,0.2,1,1,0
8132,1.0,0,1,1
8133,1.0,3,1,1
8134,0.2,1,1,0
8135,1.0,0,1,1
8136,0.2,2,1,0
8137,0.2,2,1,0
8138,0.2,1,1,0
8139,0.2,1,1,0
8140,0.2,1,1,0
8141,1.0,1,1,1
8142,0.2,1,1,0
8143,0.2,2,1,1
8144,0.2,1,1,1
8145,0.2,2,1,1
8146,0.2,1,1,0
8147,1.0,2,1,1
8148,0.2,3,1,0
8149,1.0,1,1,1
8150,0.2,2,0,0
8151,0.2,1,1,1
8152,1.0,2,1,1
8153,0.2,1,1,0
8154,1.0,1,1,1
8155,0.2,0,1,0
8156,0.2,2,1,1
8157,1.0,1,1,1
8158,0.2,1,1,0
8159,1.0,1,1,1
8160,0.2,2,1,0
8161,0.2,2,0,1
8162,0.2,2,1,1
8163,0.2,2,1,0
8164,0.2,3,1,0
8165,0.2,1,0,1
8166,0.2,1,1,0
8167,0.2,0,1,0
8168,0.2,1,1,0
8169,1.0,0,1,1
8170,0.2,0,1,0
8171,1.0,1,0,1
8172,1.0,3,0,0
8173,0.2,1,1,0
8174,0.2,2,0,1
8175,0.2,1,1,1
8176,0.2,1,1,1
8177,1.0,2,1,1
8178,0.2,2,1,0
8179,1.0,1,1,1
8180,1.0,2,1,1
8181,0.2,1,1,1
8182,0.2,1,1,0
8183,1.0,2,1,1
8184,0.2,2,1,0
8185,0.2,2,1,0
8186,0.2,2,1,0
8187,0.2,1,1,0
8188,0.2,3,0,1
8189,0.2,1,1,1
8190,0.2,2,1,1
8191,0.2,3,1,0
8192,0.2,3,1,0
8193,0.2,2,1,0
8194,2.2,0,0,1
8195,0.2,1,1,0
8196,1.0,3,1,0
8197,0.2,2,1,0
8198,1.0,1,1,1
8199,1.0,1,0,1
8200,0.2,2,1,0
8201,1.0,2,1,1
8202,0.2,1,1,1
8203,0.2,0,1,0
8204,0.2,2,0,1
8205,0.2,3,0,0
8206,0.2,1,1,0
8207,0.2,0,1,1
8208,1.0,1,0,1
8209,0.2,2,1,1
8210,0.2,1,1,1
8211,0.2,2,1,0
8212,2.2,1,1,1
8213,0.2,1,1,0
8214,0.2,0,1,0
8215,0.2,1,1,0
8216,0.2,1,0,1
8217,1.0,2,1,1
8218,1.0,2,1,0
8219,0.2,2,1,1
8220,0.2,3,1,0
8221,0.2,2,1,1
8222,0.2,1,1,1
8223,0.2,3,1,0
8224,0.2,1,1,0
8225,0.2,1,1,0
8226,1.0,2,1,1
8227,0.2,0,1,0
8228,0.2,2,1,0
8229,0.2,0,1,1
8230,0.2,1,0,0
8231,0.2,2,1,0
8232,0.2,3,0,1
8233,0.2,1,0,0
8234,0.2,3,1,1
8235,0.2,1,1,1
8236,1.0,1,1,1
8237,0.2,2,1,1
8238,0.2,1,1,0
8239,0.2,2,1,0
8240,0.2,2,0,0
8241,0.2,2,0,0
8242,0.2,2,1,0
8243,0.2,3,1,0
8244,1.0,1,1,1
8245,0.2,1,1,0
8246,0.2,1,1,1
8247,0.2,2,1,0
8248,0.2,3,1,1
8249,0.2,1,1,1
8250,0.2,1,0,1
8251,0.2,1,1,0
8252,0.2,1,1,0
8253,1.0,0,1,1
8254,0.2,0,1,1
8255,0.2,1,0,1
8256,0.2,2,1,0
8257,0.2,2,1,1
8258,0.2,2,1,0
8259,1.0,0,1,1
8260,0.2,1,1,0
8261,1.0,1,1,0
8262,0.2,2,1,1
8263,0.2,0,1,0
8264,1.0,3,1,1
8265,0.2,1,1,0
8266,1.0,1,1,1
8267,1.0,1,1,1
8268,0.2,0,0,1
8269,0.2,0,0,1
8270,1.0,2,1,1
8271,0.2,2,1,1
8272,0.2,2,1,0
8273,1.0,1,1,0
8274,1.0,2,1,1
8275,0.2,2,0,0
8276,2.2,2,0,1
8277,1.0,0,1,1
8278,0.2,2,1,0
8279,1.0,2,1,0
8280,0.2,3,0,0
8281,0.2,1,1,1
8282,0.2,1,1,1
8283,0.2,0,1,0
8284,0.2,2,0,0
8285,0.2,3,1,0
8286,1.0,1,1,1
8287,0.2,2,1,0
8288,0.2,1,1,0
8289,1.0,1,1,1
8290,0.2,3,1,0
8291,0.2,2,1,1
8292,1.0,2,0,0
8293,1.0,0,1,1
8294,0.2,3,1,1
8295,0.2,1,1,1
8296,1.0,0,1,1
8297,0.2,2,1,0
8298,0.2,3,1,0
8299,0.2,1,1,1
8300,1.0,1,1,1
8301,0.2,2,1,0
8302,1.0,1,1,1
8303,0.2,1,1,0
8304,0.2,1,1,1
8305,0.2,0,0,1
8306,0.2,1,1,0
8307,0.2,2,1,1
8308,0.2,1,1,1
8309,1.0,2,1,1
8310,1.0,0,0,1
8311,0.2,2,1,1
8312,0.2,2,0,0
8313,0.2,1,1,1
8314,1.0,0,1,1
8315,2.2,1,1,1
8316,0.2,1,1,0
8317,0.2,1,1,0
8318,0.2,3,1,0
8319,0.2,2,1,0
8320,0.2,1,1,1
8321,0.2,1,1,0
8322,0.2,2,1,0
8323,0.2,2,0,0
8324,0.2,1,0,1
8325,0.2,0,1,0
8326,0.2,2,1,0
8327,0.2,2,1,1
8328,0.2,2,1,1
8329,0.2,1,1,0
8330,0.2,1,1,0
8331,0.2,1,1,1
8332,0.2,1,1,1
8333,0.2,2,1,1
8334,0.2,1,1,0
8335,0.2,3,1,0
8336,0.2,2,1,0
8337,1.0,1,1,1
8338,0.2,2,1,0
8339,0.2,2,1,0
8340,1.0,0,0,1
8341,0.2,2,1,0
8342,1.0,1,1,0
8343,0.2,1,0,0
8344,0.2,2,1,0
8345,0.2,2,1,0
8346,0.2,3,1,0
8347,1.0,2,1,1
8348,0.2,3,1,0
8349,0.2,0,1,0
8350,1.0,2,1,1
8351,0.2,3,0,0
8352,0.2,2,1,0
8353,0.2,2,0,0
8354,0.2,2,1,0
8355,0.2,2,1,0
8356,0.2,1,1,0
8357,1.0,2,1,0
8358,0.2,2,1,0
8359,0.2,1,0,1
8360,0.2,2,0,0
8361,0.2,1,1,0
8362,0.2,1,1,0
8363,0.2,1,1,0
8364,0.2,0,0,0
8365,1.0,3,0,0
8366,0.2,1,0,0
8367,0.2,2,1,1
8368,0.2,1,0,0
8369,0.2,2,1,1
8370,0.2,2,1,0
8371,0.2,0,1,0
8372,0.2,3,1,0
8373,0.2,2,1,0
8374,0.2,2,1,1
8375,0.2,1,1,0
8376,0.2,3,1,0
8377,1.0,1,1,0
8378,0.2,1,1,1
8379,0.2,1,1,1
8380,0.2,1,1,0
8381,1.0,0,1,1
8382,0.2,1,1,0
8383,1.0,3,1,1
8384,0.2,3,1,0
8385,0.2,1,1,1
8386,0.2,0,1,1
8387,1.0,2,0,1
8388,0.2,2,1,0
8389,0.2,3,1,0
8390,0.2,2,1,0
8391,0.2,1,1,1
8392,1.0,2,1,0
8393,1.0,3,1,1
8394,0.2,2,1,0
8395,0.2,1,1,1
8396,1.0,1,1,1
8397,0.2,2,1,0
8398,2.2,2,0,1
8399,0.2,2,1,1
8400,0.2,1,1,0
8401,0.2,1,1,0
8402,0.2,2,1,0
8403,0.2,0,1,1
8404,0.2,3,1,0
8405,0.2,1,1,0
8406,0.2,3,1,1
8407,0.2,3,1,0
8408,0.2,1,1,0
8409,1.0,2,1,1
8410,2.2,3,1,1
8411,1.0,1,1,0
8412,0.2,1,0,0
8413,1.0,1,1,1
8414,0.2,2,1,0
8415,1.0,1,1,1
8416,0.2,1,0,0
8417,1.0,1,1,1
8418,0.2,3,1,0
8419,0.2,0,1,1
8420,0.2,0,0,0
8421,0.2,2,1,1
8422,1.0,2,1,1
8423,0.2,2,1,0
8424,0.2,1,1,1
8425,0.2,3,1,0
8426,0.2,1,0,0
8427,2.2,2,1,1
8428,0.2,3,0,0
8429,0.2,2,1,0
8430,0.2,2,1,0
8431,0.2,2,1,0
8432,0.2,2,1,1
8433,0.2,2,1,0
8434,0.2,3,1,0
8435,1.0,1,1,0
8436,0.2,1,1,1
8437,1.0,2,1,1
8438,0.2,2,1,1
8439,0.2,1,1,0
8440,0.2,1,1,1
8441,0.2,1,1,0
8442,1.0,2,1,0
8443,0.2,1,1,1
8444,0.2,2,1,0
8445,0.2,0,1,1
8446,1.0,2,1,1
8447,0.2,2,1,1
8448,0.2,2,1,0
8449,1.0,1,1,1
8450,1.0,1,0,1
8451,1.0,2,1,1
8452,2.2,2,1,1
8453,0.2,1,1,1
8454,0.2,1,1,0
8455,0.2,0,1,0
8456,2.2,2,1,1
8457,0.2,1,1,1
8458,0.2,0,1,1
8459,0.2,2,1,0
8460,0.2,0,1,1
8461,0.2,1,1,1
8462,0.2,0,1,1
8463,1.0,0,1,0
8464,2.2,1,0,1
8465,1.4,3,1,0
8466,0.2,1,1,1
8467,0.2,1,1,0
8468,0.2,1,1,0
8469,0.2,1,1,1
8470,1.0,1,0,1
8471,0.2,2,1,1
8472,0.2,1,1,0
8473,0.2,2,1,0
8474,0.2,2,0,0
8475,0.2,1,1,0
8476,0.2,1,1,1
8477,1.0,3,0,0
8478,0.2,1,1,0
8479,0.2,2,1,0
8480,1.0,0,0,1
8481,0.2,1,1,0
8482,0.2,1,1,1
8483,0.2,2,1,0
8484,0.2,2,1,0
8485,0.2,0,0,0
8486,0.2,2,1,0
8487,1.0,2,0,1
8488,0.2,2,1,0
8489,0.2,0,1,0
8490,1.0,1,1,0
8491,0.2,1,1,1
8492,1.0,1,1,0
8493,0.2,1,1,0
8494,2.2,1,0,1
8495,0.2,1,1,0
8496,0.2,3,1,0
8497,2.2,3,0,1
8498,1.0,3,1,1
8499,0.2,0,1,0
8500,0.2,2,1,0
8501,0.2,2,1,1
8502,0.2,1,1,0
8503,1.0,1,1,1
8504,0.2,1,1,0
8505,1.0,2,1,1
8506,0.2,1,1,1
8507,0.2,1,1,0
8508,0.2,1,1,0
8509,1.0,2,1,1
8510,1.0,1,1,1
8511,0.2,1,1,0
8512,0.2,1,1,0
8513,0.2,0,1,1
8514,1.0,3,1,1
8515,0.2,1,0,1
8516,1.0,2,1,1
8517,0.2,0,1,0
8518,0.2,2,0,0
8519,0.2,1,1,0
8520,0.2,2,1,0
8521,0.2,1,1,0
8522,1.0,2,1,1
8523,0.2,1,1,0
8524,0.2,1,1,0
8525,0.2,1,1,1
8526,0.2,0,1,0
8527,0.2,2,1,0
8528,0.2,1,1,0
8529,0.2,1,0,0
8530,0.2,2,0,0
8531,0.2,1,1,1
8532,2.2,2,1,1
8533,1.0,2,0,1
8534,0.2,1,0,1
8535,1.0,1,1,0
8536,0.2,2,1,0
8537,1.0,1,0,0
8538,1.0,1,1,1
8539,0.2,3,0,0
8540,0.2,2,0,0
8541,0.2,1,1,0
8542,0.2,2,1,0
8543,0.2,1,1,1
8544,1.0,1,1,1
8545,0.2,0,0,1
8546,0.2,2,0,0
8547,1.0,1,1,1
8548,0.2,2,1,1
8549,0.2,1,0,1
8550,0.2,1,1,1
8551,1.0,1,1,1
8552,1.0,0,1,0
8553,1.0,2,1,1
8554,0.2,1,1,0
8555,0.2,1,1,1
8556,0.2,1,1,0
8557,0.2,2,1,0
8558,0.2,2,0,0
8559,0.2,2,0,0
8560,2.2,1,1,1
8561,0.2,1,1,0
8562,0.2,2,1,1
8563,0.2,1,1,1
8564,0.2,1,1,0
8565,0.2,2,1,1
8566,0.2,1,1,0
8567,2.2,2,0,1
8568,0.2,2,1,0
8569,2.2,2,1,1
8570,0.2,2,1,1
8571,0.2,0,1,1
8572,1.0,2,1,1
8573,0.2,2,1,0
8574,0.2,3,1,0
8575,0.2,3,1,1
8576,0.2,1,1,1
8577,1.0,0,1,1
8578,0.2,1,1,0
8579,0.2,1,1,1
8580,0.2,1,1,1
8581,0.2,0,0,1
8582,0.2,1,1,0
8583,1.0,1,0,1
8584,0.2,1,0,1
8585,0.2,2,1,0
8586,0.2,2,1,0
8587,0.2,0,0,1
8588,0.2,0,1,1
8589,0.2,2,1,1
8590,0.2,1,1,1
8591,0.2,1,1,1
8592,0.2,1,1,1
8593,0.2,1,1,1
8594,0.2,2,1,0
8595,0.2,2,1,0
8596,0.2,0,1,1
8597,1.0,3,1,1
8598,0.2,2,1,0
8599,0.2,2,1,0
8600,0.2,3,0,0
8601,0.2,2,1,1
8602,0.2,0,1,0
8603,0.2,1,0,0
8604,0.2,2,1,0
8605,0.2,2,1,0
8606,1.0,0,0,1
8607,0.2,1,1,0
8608,0.2,3,1,0
8609,0.2,1,1,1
8610,0.2,1,1,0
8611,1.0,2,1,1
8612,0.2,0,1,1
8613,1.0,2,1,1
8614,0.2,3,1,0
8615,0.2,1,0,0
8616,0.2,0,1,0
8617,0.2,1,1,1
8618,0.2,1,1,0
8619,0.2,1,1,1
8620,1.0,2,1,0
8621,1.0,2,0,1
8622,1.0,2,1,1
8623,0.2,2,1,1
8624,0.2,2,1,0
8625,1.0,1,1,1
8626,1.0,1,1,0
8627,0.2,2,1,0
8628,1.0,0,1,1
8629,0.2,0,1,0
8630,0.2,2,0,0
8631,0.2,0,0,0
8632,0.2,1,1,0
8633,0.2,1,1,1
8634,0.2,0,1,0
8635,0.2,2,1,1
8636,1.0,1,1,1
8637,0.2,1,1,1
8638,0.2,3,0,1
8639,0.2,2,1,0
8640,0.2,0,1,1
8641,0.2,1,1,0
8642,0.2,1,1,0
8643,0.2,0,1,0
8644,0.2,2,1,1
8645,0.2,2,1,0
8646,1.0,2,1,1
8647,1.0,2,1,1
8648,0.2,2,1,0
8649,0.2,2,1,1
8650,0.2,0,0,1
8651,1.0,1,1,1
8652,1.0,2,1,1
8653,0.2,2,1,0
8654,2.2,1,1,1
8655,0.2,3,1,0
8656,0.2,2,1,0
8657,0.2,1,1,0
8658,1.0,1,1,1
8659,0.2,1,1,1
8660,0.2,3,1,0
8661,1.0,1,0,0
8662,1.0,2,0,1
8663,2.2,3,1,1
8664,0.2,1,1,0
8665,1.0,2,0,1
8666,1.0,0,1,0
8667,0.2,1,0,0
8668,0.2,2,1,0
8669,0.2,0,1,1
8670,0.2,3,0,0
8671,2.2,2,0,1
8672,0.2,1,1,0
8673,0.2,2,1,0
8674,1.0,2,1,1
8675,0.2,1,1,0
8676,0.2,1,1,1
8677,0.2,3,1,0
8678,0.2,2,1,0
8679,1.0,1,0,1
8680,0.2,2,1,0
8681,0.2,2,1,1
8682,1.4,1,1,0
8683,0.2,2,1,1
8684,0.2,1,1,0
8685,1.0,2,1,1
8686,0.2,1,1,0
8687,0.2,2,1,0
8688,0.2,1,0,1
8689,0.2,2,1,0
8690,0.2,3,1,0
8691,0.2,1,1,0
8692,0.2,2,1,0
8693,0.2,3,1,1
8694,1.0,2,1,1
8695,0.2,1,0,0
8696,0.2,2,1,1
8697,0.2,1,1,0
8698,0.2,0,1,0
8699,0.2,2,1,0
8700,0.2,2,1,1
8701,0.2,2,0,0
8702,2.2,1,1,1
8703,0.2,2,1,1
8704,0.2,1,0,1
8705,2.2,0,1,1
8706,1.0,2,1,1
8707,0.2,2,1,1
8708,0.2,1,0,0
8709,0.2,2,1,1
8710,1.0,1,1,1
8711,0.2,1,1,1
8712,0.2,2,1,0
8713,0.2,0,1,0
8714,1.0,3,1,0
8715,0.2,1,1,0
8716,0.2,3,1,0
8717,0.2,1,1,0
8718,1.0,0,1,1
8719,0.2,1,1,1
8720,2.2,3,1,1
8721,0.2,3,1,0
8722,1.0,3,1,1
8723,1.0,2,0,1
8724,0.2,2,1,1
8725,0.2,2,0,0
8726,0.2,2,1,0
8727,0.2,1,1,0
8728,1.0,1,1,0
8729,1.0,1,1,1
8730,0.2,2,1,0
8731,0.2,1,1,0
8732,0.2,1,1,1
8733,0.2,3,0,1
8734,1.0,0,1,1
8735,1.0,0,0,1
8736,0.2,3,1,0
8737,0.2,2,0,0
8738,1.0,0,0,0
8739,0.2,1,1,1
8740,0.2,0,1,1
8741,0.2,1,0,1
8742,1.0,0,1,1
8743,0.2,1,1,1
8744,0.2,1,1,0
8745,2.2,2,1,1
8746,1.0,1,1,1
8747,0.2,2,1,0
8748,1.0,3,0,1
8749,0.2,1,1,1
8750,0.2,2,1,0
8751,0.2,0,0,0
8752,0.2,1,1,0
8753,1.0,2,1,1
8754,0.2,1,1,1
8755,1.0,1,1,1
8756,0.2,2,1,0
8757,0.2,1,1,0
8758,0.2,2,1,0
8759,0.2,2,1,0
8760,1.0,1,1,1
8761,1.0,1,1,1
8762,0.2,2,1,0
8763,0.2,2,1,0
8764,0.2,2,1,0
8765,0.2,3,1,0
8766,0.2,0,1,1
8767,1.0,1,1,1
8768,0.2,3,1,1
8769,0.2,2,1,1
8770,1.0,0,0,0
8771,0.2,3,1,0
8772,1.0,1,1,1
8773,0.2,1,1,1
8774,0.2,2,1,0
8775,0.2,2,1,1
8776,1.0,1,1,1
8777,1.0,0,1,1
8778,1.0,0,1,1
8779,0.2,1,1,1
8780,0.2,2,1,1
8781,0.2,2,1,0
8782,0.2,1,1,0
8783,0.2,1,1,1
8784,0.2,3,1,0
8785,0.2,1,1,1
8786,0.2,3,1,0
8787,0.2,2,1,1
8788,0.2,2,0,0
8789,0.2,3,1,0
8790,0.2,1,1,1
8791,0.2,1,1,0
8792,0.2,0,1,0
8793,1.0,0,1,1
8794,0.2,3,1,0
8795,1.0,1,1,1
8796,0.2,3,1,0
8797,0.2,1,1,0
8798,1.0,3,1,1
8799,0.2,1,1,0
8800,1.0,2,0,0
8801,0.2,2,1,1
8802,0.2,1,1,1
8803,1.0,2,1,1
8804,2.2,2,1,1
8805,0.2,2,1,0
8806,0.2,3,1,0
8807,1.0,1,0,1
8808,0.2,2,1,1
8809,0.2,1,1,0
8810,0.2,2,1,0
8811,0.2,1,1,0
8812,1.0,0,1,1
8813,0.2,3,1,0
8814,0.2,1,1,0
8815,0.2,1,1,1
8816,1.0,2,1,1
8817,0.2,2,1,1
8818,0.2,2,0,0
8819,0.2,1,0,1
8820,0.2,2,1,0
8821,2.2,1,1,1
8822,0.2,2,1,0
8823,1.0,1,1,1
8824,0.2,1,1,1
8825,0.2,3,0,0
8826,0.2,2,1,0
8827,1.0,0,1,1
8828,1.0,3,0,1
8829,0.2,0,1,1
8830,1.0,1,1,1
8831,0.2,2,0,0
8832,0.2,2,0,0
8833,1.0,2,1,1
8834,1.0,1,1,1
8835,1.0,0,1,0
8836,0.2,1,1,1
8837,0.2,2,0,0
8838,1.0,0,1,1
8839,2.2,1,1,1
8840,0.2,2,1,0
8841,0.2,2,1,0
8842,0.2,1,1,0
8843,0.2,1,1,1
8844,2.2,0,1,1
8845,0.2,2,1,0
8846,1.0,2,1,1
8847,0.2,3,1,0
8848,0.2,1,1,1
8849,1.0,2,1,1
8850,0.2,2,0,0
8851,0.2,1,1,1
8852,1.0,0,1,1
8853,1.0,1,1,1
8854,0.2,2,1,0
8855,0.2,3,0,1
8856,1.0,3,1,1
8857,0.2,2,1,0
8858,1.0,3,1,0
8859,1.0,2,0,1
8860,0.2,2,1,0
8861,0.2,1,1,0
8862,1.0,2,1,1
8863,0.2,2,1,0
8864,0.2,2,1,0
8865,0.2,2,1,0
8866,0.2,1,1,1
8867,0.2,2,0,1
8868,1.0,0,1,0
8869,0.2,2,1,1
8870,0.2,2,1,1
8871,0.2,2,1,1
8872,0.2,1,1,0
8873,1.0,1,1,0
8874,1.0,1,1,1
8875,0.2,1,1,0
8876,0.2,1,1,0
8877,0.2,1,0,0
8878,0.2,2,1,0
8879,0.2,2,1,0
8880,1.0,2,1,0
8881,0.2,2,1,0
8882,0.2,3,1,0
8883,0.2,3,1,0
8884,1.0,3,1,1
8885,0.2,1,1,1
8886,0.2,1,1,1
8887,0.2,3,1,0
8888,0.2,1,1,0
8889,0.2,2,1,0
8890,0.2,2,1,0
8891,1.0,3,1,0
8892,0.2,1,0,0
8893,1.0,1,1,1
8894,0.2,1,1,0
8895,0.2,3,1,0
8896,0.2,3,1,0
8897,0.2,2,1,0
8898,0.2,2,1,0
8899,0.2,1,1,1
8900,1.0,0,1,1
8901,1.0,1,1,1
8902,0.2,2,1,0
8903,0.2,1,1,1
8904,0.2,1,1,1
8905,0.2,1,1,1
8906,1.0,1,1,1
8907,0.2,1,1,1
8908,1.0,2,1,1
8909,1.0,2,0,1
8910,0.2,2,1,1
8911,1.0,2,1,0
8912,1.0,2,1,0
8913,0.2,3,1,1
8914,0.2,0,0,1
8915,0.2,2,1,0
8916,0.2,1,0,1
8917,0.2,2,1,0
8918,0.2,1,1,0
8919,1.0,1,0,1
8920,0.2,2,1,0
8921,2.2,1,1,1
8922,0.2,3,1,0
8923,0.2,2,0,0
8924,1.0,0,1,0
8925,0.2,3,1,0
8926,0.2,2,1,0
8927,1.0,2,1,1
8928,0.2,1,1,0
8929,1.0,0,1,1
8930,0.2,2,1,0
8931,0.2,2,0,1
8932,1.0,1,1,1
8933,0.2,1,1,1
8934,0.2,2,1,0
8935,1.0,0,0,1
8936,1.0,2,1,1
8937,0.2,2,0,1
8938,0.2,2,1,0
8939,0.2,3,1,0
8940,0.2,1,1,1
8941,0.2,1,0,1
8942,0.2,2,1,0
8943,1.0,0,1,1
8944,0.2,2,1,0
8945,1.0,1,1,1
8946,0.2,3,0,0
8947,0.2,3,1,0
8948,1.0,3,1,1
8949,2.2,2,1,1
8950,0.2,1,0,1
8951,0.2,1,0,1
8952,0.2,0,0,1
8953,2.2,1,1,1
8954,0.2,2,1,0
8955,0.2,2,0,1
8956,0.2,1,1,0
8957,0.2,1,1,0
8958,0.2,0,1,1
8959,0.2,3,1,1
8960,0.2,1,1,0
8961,1.0,3,1,0
8962,0.2,2,1,0
8963,0.2,1,0,0
8964,0.2,1,1,0
8965,0.2,1,1,0
8966,0.2,2,1,0
8967,0.2,1,1,1
8968,0.2,3,0,1
8969,0.2,1,1,0
8970,1.0,2,0,1
8971,0.2,1,1,1
8972,1.0,1,1,1
8973,0.2,2,1,1
8974,0.2,3,1,0
8975,0.2,3,1,0
8976,0.2,2,1,1
8977,0.2,2,0,1
8978,0.2,2,1,0
8979,1.0,0,1,0
8980,1.0,2,1,1
8981,0.2,3,0,0
8982,0.2,0,1,1
8983,0.2,3,1,1
8984,1.0,2,1,1
8985,0.2,2,1,0
8986,0.2,3,1,0
8987,0.2,2,1,1
8988,1.0,1,1,1
8989,0.2,2,1,0
8990,0.2,0,1,1
8991,0.2,1,1,0
8992,0.2,0,0,0
8993,0.2,2,1,0
8994,0.2,1,1,1
8995,0.2,1,1,1
8996,0.2,2,1,0
8997,0.2,2,1,0
8998,0.2,2,1,1
8999,0.2,3,1,0
9000,0.2,1,1,0
9001,0.2,1,1,1
9002,0.2,2,0,1
9003,0.2,1,1,1
9004,0.2,2,1,0
9005,0.2,1,1,1
9006,0.2,2,1,1
9007,0.2,1,1,0
9008,1.0,2,1,1
9009,1.0,2,1,1
9010,0.2,1,1,0
9011,1.0,0,1,1
9012,2.2,1,1,1
9013,1.0,2,1,0
9014,0.2,2,1,0
9015,1.0,0,1,1
9016,0.2,3,1,0
9017,0.2,1,1,0
9018,1.0,1,0,1
9019,0.2,2,1,0
9020,0.2,1,1,0
9021,0.2,1,1,1
9022,0.2,2,1,1
9023,0.2,2,1,0
9024,0.2,0,0,1
9025,0.2,1,1,0
9026,0.2,1,1,0
9027,0.2,1,1,1
9028,0.2,0,1,0
9029,0.2,2,1,0
9030,0.2,1,0,1
9031,0.2,1,1,0
9032,0.2,2,1,0
9033,0.2,2,1,0
9034,0.2,2,1,0
9035,0.2,1,1,0
9036,1.0,1,1,0
9037,0.2,1,0,0
9038,0.2,1,1,1
9039,0.2,2,1,0
9040,0.2,1,1,0
9041,1.0,2,1,1
9042,0.2,0,1,0
9043,0.2,2,1,1
9044,0.2,1,1,0
9045,0.2,2,1,0
9046,0.2,0,1,1
9047,0.2,0,1,1
9048,0.2,2,1,0
9049,0.2,2,1,1
9050,0.2,1,1,0
9051,0.2,1,1,0
9052,0.2,3,1,0
9053,0.2,1,1,0
9054,1.0,1,0,1
9055,0.2,0,1,1
9056,0.2,2,1,0
9057,0.2,1,1,0
9058,1.0,0,0,1
9059,1.0,1,1,1
9060,0.2,2,0,1
9061,0.2,0,1,0
9062,0.2,3,1,0
9063,0.2,1,1,0
9064,0.2,1,1,0
9065,0.2,1,1,1
9066,1.0,2,1,1
9067,0.2,2,1,1
9068,0.2,1,0,0
9069,0.2,1,1,1
9070,0.2,2,1,0
9071,0.2,2,1,0
9072,0.2,0,1,1
9073,0.2,1,1,0
9074,1.0,2,1,0
9075,0.2,1,1,0
9076,0.2,2,1,1
9077,0.2,3,1,0
9078,1.0,2,0,0
9079,0.2,2,1,0
9080,0.2,1,1,0
9081,0.2,3,1,1
9082,0.2,0,1,1
9083,0.2,2,1,0
9084,0.2,2,1,1
9085,0.2,1,1,1
9086,0.2,1,1,1
9087,0.2,1,1,1
9088,1.0,1,1,1
9089,0.2,1,1,0
9090,0.2,1,1,0
9091,0.2,2,1,1
9092,0.2,2,1,1
9093,1.0,1,1,1
9094,0.2,1,1,0
9095,0.2,3,1,0
9096,1.0,2,0,1
9097,1.0,1,1,1
9098,1.0,2,1,0
9099,0.2,1,1,0
9100,0.2,0,1,0
9101,1.0,1,1,0
9102,0.2,0,1,1
9103,0.2,3,1,0
9104,1.0,2,1,0
9105,0.2,2,1,0
9106,0.2,2,1,0
9107,0.2,3,1,0
9108,0.2,2,1,0
9109,0.2,0,1,0
9110,1.0,2,1,1
9111,0.2,2,1,0
9112,0.2,2,1,0
9113,1.0,2,1,1
9114,0.2,1,1,0
9115,0.2,2,1,0
9116,0.2,0,1,1
9117,0.2,2,1,0
9118,0.2,2,1,1
9119,0.2,2,1,1
9120,0.2,1,1,1
9121,1.0,1,1,0
9122,0.2,3,1,0
9123,1.0,0,1,1
9124,0.2,3,1,0
9125,0.2,2,1,1
9126,0.2,0,1,1
9127,1.0,2,1,1
9128,0.2,1,1,0
9129,0.2,3,1,0
9130,2.2,1,1,1
9131,0.2,2,1,1
9132,0.2,2,1,0
9133,1.0,2,1,1
9134,0.2,1,0,0
9135,0.2,1,1,0
9136,1.0,1,1,0
9137,1.0,0,1,1
9138,1.0,1,1,1
9139,0.2,2,1,1
9140,0.2,0,1,1
9141,1.0,2,1,0
9142,1.0,1,1,1
9143,0.2,1,1,1
9144,0.2,1,1,1
9145,0.2,2,1,1
9146,0.2,1,1,1
9147,1.0,0,1,1
9148,0.2,1,0,0
9149,1.0,1,1,1
9150,1.0,0,1,1
9151,0.2,2,1,0
9152,0.2,1,1,0
9153,0.2,1,0,0
9154,0.2,3,1,0
9155,0.2,1,1,1
9156,1.0,2,1,0
9157,0.2,0,0,1
9158,0.2,1,0,0
9159,0.2,2,1,1
9160,0.2,3,1,0
9161,0.2,1,1,0
9162,0.2,1,1,1
9163,0.2,0,0,1
9164,0.2,3,1,0
9165,0.2,1,1,1
9166,0.2,1,1,0
9167,0.2,1,1,0
9168,0.2,2,1,0
9169,0.2,1,1,1
9170,0.2,0,1,1
9171,0.2,1,1,1
9172,0.2,1,0,1
9173,0.2,1,1,1
9174,0.2,0,1,1
9175,0.2,1,1,0
9176,0.2,1,1,0
9177,0.2,0,0,1
9178,0.2,0,1,0
9179,0.2,0,1,0
9180,0.2,3,1,1
9181,0.2,1,1,1
9182,1.0,0,0,0
9183,0.2,1,0,1
9184,0.2,2,1,0
9185,0.2,3,1,0
9186,0.2,3,0,0
9187,0.2,2,0,0
9188,0.2,1,1,0
9189,2.2,1,1,1
9190,0.2,1,1,0
9191,0.2,1,0,0
9192,1.0,1,1,1
9193,0.2,2,0,1
9194,1.0,1,1,1
9195,0.2,2,0,1
9196,1.0,1,1,0
9197,0.2,2,1,0
9198,1.0,1,1,1
9199,0.2,2,1,0
9200,1.0,3,1,0
9201,0.2,0,1,1
9202,1.0,1,1,1
9203,0.2,1,1,0
9204,0.2,1,1,0
9205,0.2,1,1,0
9206,0.2,3,1,1
9207,0.2,0,1,1
9208,1.0,3,1,0
9209,1.0,2,1,0
9210,0.2,2,1,0
9211,1.0,1,1,0
9212,0.2,2,1,0
9213,0.2,2,1,0
9214,0.2,2,1,0
9215,0.2,2,1,0
9216,0.2,2,1,1
9217,0.2,1,1,0
9218,0.2,1,1,0
9219,0.2,3,1,0
9220,0.2,2,0,0
9221,0.2,2,1,0
9222,1.0,2,1,0
9223,0.2,2,1,0
9224,0.2,2,0,0
9225,1.0,2,1,1
9226,1.0,2,1,1
9227,1.0,1,1,1
9228,0.2,2,1,1
9229,1.0,1,1,1
9230,1.0,0,1,1
9231,0.2,1,1,0
9232,0.2,2,1,0
9233,0.2,1,1,0
9234,0.2,2,1,0
9235,0.2,1,0,0
9236,1.0,1,1,1
9237,2.2,1,1,1
9238,0.2,2,1,0
9239,0.2,1,1,0
9240,0.2,2,1,1
9241,1.0,1,1,1
9242,0.2,0,1,1
9243,1.0,2,1,1
9244,0.2,1,1,1
9245,0.2,1,1,1
9246,0.2,1,1,1
9247,1.0,1,1,1
9248,0.2,3,0,0
9249,0.2,2,1,1
9250,0.2,1,1,0
9251,0.2,2,1,0
9252,0.2,1,1,1
9253,0.2,2,1,0
9254,0.2,2,1,1
9255,0.2,1,1,1
9256,0.2,3,0,0
9257,1.0,0,1,0
9258,2.2,1,1,1
9259,0.2,1,1,0
9260,0.2,1,1,1
9261,0.2,2,0,0
9262,0.2,1,1,1
9263,0.2,2,1,0
9264,0.2,2,1,0
9265,0.2,2,0,1
9266,0.2,2,0,0
9267,1.0,1,1,0
9268,1.0,1,1,1
9269,0.2,0,0,1
9270,0.2,1,1,1
9271,0.2,1,1,0
9272,0.2,2,1,0
9273,0.2,1,0,0
9274,0.2,2,1,0
9275,0.2,0,1,0
9276,0.2,1,0,0
9277,0.2,0,1,0
9278,0.2,2,1,0
9279,0.2,2,1,1
9280,0.2,0,1,0
9281,0.2,1,1,1
9282,0.2,3,1,0
9283,0.2,0,1,0
9284,0.2,1,1,1
9285,0.2,1,1,0
9286,0.2,0,0,0
9287,0.2,1,1,0
9288,0.2,0,1,1
9289,0.2,2,1,0
9290,0.2,1,1,1
9291,0.2,1,1,0
9292,0.2,0,0,1
9293,0.2,3,1,0
9294,0.2,2,1,1
9295,1.0,2,1,1
9296,1.0,1,1,1
9297,1.0,2,1,1
9298,0.2,0,1,1
9299,0.2,1,1,0
9300,0.2,0,1,0
9301,1.0,1,1,1
9302,0.2,2,0,0
9303,0.2,2,1,1
9304,0.2,2,1,0
9305,0.2,2,1,1
9306,0.2,1,1,0
9307,0.2,2,1,0
9308,1.0,1,0,1
9309,0.2,2,1,0
9310,0.2,2,1,0
9311,0.2,1,1,0
9312,0.2,1,0,1
9313,0.2,3,1,0
9314,1.0,1,1,1
9315,0.2,0,1,1
9316,0.2,2,1,1
9317,0.2,3,1,1
9318,0.2,2,1,0
9319,1.0,0,1,1
9320,0.2,2,1,0
9321,0.2,1,0,0
9322,1.0,0,1,1
9323,1.0,3,1,1
9324,0.2,1,1,0
9325,0.2,2,1,0
9326,0.2,0,0,0
9327,1.0,2,1,1
9328,0.2,0,0,1
9329,0.2,0,1,0
9330,0.2,0,0,0
9331,1.0,1,1,1
9332,0.2,3,1,0
9333,2.2,2,0,1
9334,1.0,2,1,1
9335,0.2,3,1,0
9336,0.2,0,1,0
9337,0.2,2,1,0
9338,0.2,1,1,0
9339,0.2,1,0,0
9340,0.2,1,1,0
9341,0.2,1,0,0
9342,1.0,1,1,0
9343,0.2,2,1,0
9344,1.0,3,1,1
9345,0.2,2,0,0
9346,1.0,2,1,1
9347,0.2,0,0,1
9348,0.2,1,0,0
9349,1.0,2,1,0
9350,0.2,2,0,0
9351,0.2,2,1,0
9352,0.2,2,1,0
9353,0.2,2,1,0
9354,0.2,0,1,0
9355,0.2,1,1,1
9356,0.2,2,1,0
9357,0.2,3,1,0
9358,0.2,2,0,0
9359,0.2,1,1,0
9360,1.0,2,1,0
9361,0.2,2,1,0
9362,1.0,2,1,0
9363,1.0,2,0,1
9364,0.2,3,1,0
9365,0.2,0,1,1
9366,0.2,1,1,0
9367,1.0,1,1,1
9368,1.0,1,1,1
9369,0.2,1,1,1
9370,0.2,2,1,0
9371,0.2,3,0,0
9372,0.2,1,0,0
9373,0.2,1,1,0
9374,0.2,3,0,0
9375,0.2,2,1,1
9376,0.2,3,0,1
9377,0.2,1,0,0
9378,0.2,1,0,1
9379,0.2,2,1,1
9380,0.2,2,1,1
9381,0.2,2,1,0
9382,1.0,0,1,1
9383,0.2,1,1,1
9384,0.2,3,1,0
9385,1.0,0,1,1
9386,0.2,2,1,0
9387,0.2,2,1,0
9388,1.0,2,1,1
9389,0.2,2,1,0
9390,0.2,0,0,0
9391,0.2,0,1,0
9392,0.2,1,0,0
9393,0.2,2,1,0
9394,0.2,3,1,0
9395,0.2,2,1,1
9396,0.2,2,1,1
9397,1.0,2,1,1
9398,0.2,0,0,1
9399,0.2,1,1,1
9400,0.2,1,1,0
9401,2.2,1,1,1
9402,0.2,2,1,0
9403,1.0,1,1,1
9404,0.2,2,0,1
9405,1.0,0,1,1
9406,0.2,0,1,0
9407,0.2,2,1,0
9408,1.0,2,1,1
9409,0.2,2,0,0
9410,0.2,2,1,0
9411,0.2,1,1,1
9412,0.2,2,1,0
9413,0.2,2,1,0
9414,0.2,2,1,1
9415,0.2,1,1,0
9416,0.2,1,1,0
9417,1.0,1,1,1
9418,1.0,1,1,1
9419,0.2,3,1,0
9420,0.2,0,1,0
9421,0.2,1,1,0
9422,0.2,1,1,0
9423,0.2,1,1,0
9424,1.0,1,1,1
9425,0.2,2,1,0
9426,0.2,1,1,1
9427,0.2,1,0,0
9428,0.2,2,1,1
9429,0.2,2,1,0
9430,0.2,3,1,1
9431,0.2,1,1,0
9432,0.2,2,1,0
9433,0.2,1,1,0
9434,1.0,2,0,1
9435,0.2,0,1,0
9436,0.2,3,1,1
9437,0.2,2,1,0
9438,0.2,1,1,0
9439,0.2,2,1,0
9440,0.2,1,1,0
9441,0.2,2,1,0
9442,1.0,1,1,1
9443,1.0,3,1,0
9444,0.2,3,1,1
9445,0.2,1,1,0
9446,1.0,0,1,0
9447,0.2,2,1,0
9448,0.2,1,1,1
9449,0.2,1,1,1
9450,2.2,1,1,1
9451,0.2,2,1,1
9452,0.2,1,1,1
9453,0.2,2,1,0
9454,0.2,1,1,0
9455,0.2,0,1,0
9456,0.2,2,1,0
9457,1.0,1,1,1
9458,1.0,0,1,1
9459,0.2,1,1,1
9460,1.0,2,1,1
9461,0.2,1,1,0
9462,0.2,1,1,0
9463,1.0,2,1,1
9464,1.0,1,1,1
9465,1.0,1,0,1
9466,0.2,1,1,0
9467,1.0,1,0,1
9468,0.2,2,1,0
9469,1.0,2,1,1
9470,0.2,2,0,1
9471,0.2,1,1,1
9472,0.2,2,1,0
9473,0.2,1,1,1
9474,0.2,1,1,1
9475,1.0,1,1,1
9476,0.2,2,1,0
9477,2.2,1,1,1
9478,0.2,1,1,0
9479,1.0,3,1,1
9480,2.2,1,1,1
9481,0.2,1,0,1
9482,0.2,1,1,0
9483,1.0,3,1,1
9484,2.2,1,0,1
9485,1.0,2,0,0
9486,0.2,1,0,0
9487,0.2,1,1,0
9488,0.2,1,1,1
9489,1.0,1,1,1
9490,1.0,1,0,1
9491,0.2,1,1,1
9492,0.2,2,1,0
9493,0.2,1,1,1
9494,0.2,1,1,0
9495,0.2,2,1,0
9496,0.2,2,1,1
9497,1.0,1,1,1
9498,0.2,2,1,1
9499,0.2,2,0,0
9500,0.2,1,1,0
9501,1.0,0,0,1
9502,1.0,2,1,1
9503,0.2,1,1,1
9504,0.2,0,1,1
9505,0.2,2,1,0
9506,0.2,2,1,0
9507,1.0,2,1,1
9508,0.2,0,1,1
9509,0.2,2,1,0
9510,0.2,2,1,0
9511,1.0,3,1,0
9512,1.0,2,1,1
9513,2.2,1,1,1
9514,1.0,3,1,1
9515,0.2,2,1,1
9516,0.2,1,1,0
9517,0.2,0,1,1
9518,2.2,1,1,1
9519,0.2,1,1,0
9520,0.2,2,1,0
9521,1.0,1,1,1
9522,0.2,1,1,0
9523,0.2,3,1,1
9524,0.2,0,1,1
9525,1.0,0,0,1
9526,0.2,1,1,0
9527,2.2,3,1,1
9528,0.2,0,1,1
9529,0.2,2,1,1
9530,0.2,3,1,0
9531,1.0,1,0,1
9532,1.0,2,0,1
9533,1.0,1,1,1
9534,0.2,3,1,0
9535,1.0,1,1,1
9536,0.2,1,1,1
9537,1.0,1,1,0
9538,0.2,3,1,1
9539,0.2,2,1,1
9540,0.2,1,1,1
9541,0.2,2,1,1
9542,0.2,1,1,0
9543,1.0,2,1,1
9544,1.0,1,1,1
9545,0.2,1,1,1
9546,0.2,1,1,0
9547,0.2,3,1,0
9548,1.0,2,1,0
9549,0.2,2,0,1
9550,0.2,2,1,1
9551,0.2,3,1,1
9552,0.2,2,1,1
9553,0.2,1,0,0
9554,0.2,1,1,0
9555,2.2,2,0,1
9556,2.2,1,1,1
9557,0.2,3,1,0
9558,0.2,2,1,0
9559,1.0,1,1,0
9560,1.0,2,1,1
9561,1.0,0,1,1
9562,0.2,2,1,0
9563,0.2,2,1,1
9564,0.2,1,0,0
9565,0.2,0,0,0
9566,1.0,1,1,1
9567,0.2,3,1,0
9568,1.0,0,1,1
9569,0.2,1,1,0
9570,0.2,2,1,0
9571,0.2,3,1,0
9572,0.2,3,1,1
9573,1.0,1,0,1
9574,1.0,2,1,1
9575,0.2,2,1,1
9576,1.0,2,1,0
9577,0.2,3,1,0
9578,0.2,2,1,0
9579,0.2,1,1,1
9580,2.2,2,1,1
9581,0.2,1,1,0
9582,0.2,0,1,1
9583,0.2,2,1,0
9584,0.2,2,1,1
9585,0.2,1,1,0
9586,0.2,0,0,0
9587,0.2,3,1,0
9588,0.2,2,1,0
9589,0.2,2,1,1
9590,0.2,2,1,0
9591,1.0,2,1,1
9592,0.2,2,1,0
9593,0.2,2,1,0
9594,2.2,0,1,1
9595,0.2,1,1,0
9596,0.2,2,1,0
9597,0.2,1,1,0
9598,0.2,1,0,0
9599,0.2,1,1,1
9600,0.2,1,1,0
9601,1.0,2,1,0
9602,0.2,1,1,1
9603,0.2,3,1,0
9604,1.0,0,1,1
9605,0.2,1,1,0
9606,0.2,2,1,0
9607,0.2,1,1,0
9608,0.2,2,1,0
9609,0.2,3,0,0
9610,0.2,1,1,1
9611,0.2,0,1,1
9612,2.2,2,1,1
9613,1.0,2,0,1
9614,1.0,1,1,0
9615,0.2,1,0,1
9616,0.2,2,0,1
9617,0.2,2,1,0
9618,0.2,2,1,0
9619,0.2,1,1,0
9620,2.2,1,1,1
9621,0.2,3,1,0
9622,0.2,1,0,0
9623,0.2,1,1,1
9624,0.2,2,1,0
9625,0.2,0,0,1
9626,0.2,2,1,1
9627,0.2,1,1,1
9628,0.2,1,1,1
9629,0.2,1,1,1
9630,0.2,3,1,0
9631,0.2,2,1,0
9632,0.2,1,1,1
9633,0.2,1,0,1
9634,1.0,2,1,1
9635,0.2,1,1,1
9636,0.2,2,1,0
9637,0.2,3,0,0
9638,0.2,1,1,0
9639,1.0,0,0,1
9640,0.2,2,1,0
9641,1.0,1,0,1
9642,0.2,3,1,0
9643,2.2,2,1,1
9644,1.0,2,1,1
9645,1.0,3,1,1
9646,0.2,1,1,0
9647,0.2,1,1,0
9648,0.2,2,0,0
9649,0.2,1,1,1
9650,0.2,1,1,1
9651,1.0,0,1,1
9652,0.2,2,1,0
9653,2.2,1,1,1
9654,1.0,2,1,1
9655,1.0,0,0,1
9656,0.2,2,0,0
9657,1.0,1,1,1
9658,0.2,2,0,0
9659,0.2,1,1,0
9660,0.2,2,1,0
9661,1.0,0,1,1
9662,0.2,2,1,1
9663,0.2,0,1,0
9664,1.0,1,1,1
9665,0.2,2,1,0
9666,0.2,3,1,0
9667,0.2,2,1,1
9668,1.0,2,1,1
9669,0.2,1,1,0
9670,0.2,2,1,0
9671,0.2,2,0,1
9672,0.2,2,1,0
9673,0.2,1,1,0
9674,0.2,2,1,1
9675,1.0,3,1,0
9676,0.2,0,1,1
9677,1.0,0,1,1
9678,0.2,2,0,0
9679,1.0,1,1,1
9680,0.2,1,0,1
9681,0.2,1,1,0
9682,1.0,2,1,1
9683,1.0,2,1,1
9684,1.0,3,1,0
9685,0.2,0,1,0
9686,1.0,2,1,1
9687,0.2,1,1,0
9688,1.0,2,1,1
9689,0.2,2,1,0
9690,0.2,1,1,1
9691,0.2,2,0,0
9692,0.2,3,1,0
9693,0.2,2,0,1
9694,0.2,1,0,1
9695,1.0,1,1,0
9696,0.2,2,1,1
9697,0.2,1,1,0
9698,0.2,2,1,0
9699,0.2,2,1,0
9700,0.2,1,1,1
9701,0.2,1,1,1
9702,0.2,2,1,0
9703,0.2,3,1,0
9704,0.2,2,1,0
9705,0.2,2,1,0
9706,0.2,2,1,0
9707,0.2,3,1,0
9708,1.0,2,1,0
9709,0.2,1,1,1
9710,0.2,1,1,0
9711,0.2,2,1,0
9712,0.2,0,1,0
9713,0.2,0,1,1
9714,0.2,2,1,0
9715,0.2,1,0,0
9716,0.2,2,1,0
9717,0.2,1,0,1
9718,0.2,1,1,0
9719,0.2,2,1,0
9720,0.2,1,1,1
9721,0.2,2,1,1
9722,1.0,0,1,1
9723,0.2,0,1,1
9724,0.2,2,1,0
9725,0.2,0,1,0
9726,1.0,1,0,1
9727,1.0,2,0,1
9728,0.2,2,1,0
9729,0.2,2,0,0
9730,1.0,2,0,1
9731,0.2,1,1,1
9732,1.0,0,1,1
9733,0.2,3,1,0
9734,0.2,3,1,1
9735,1.0,1,1,1
9736,0.2,2,1,0
9737,0.2,1,1,1
9738,1.0,1,1,1
9739,0.2,2,1,0
9740,0.2,3,1,0
9741,0.2,1,1,0
9742,0.2,2,1,0
9743,1.0,2,1,1
9744,0.2,1,1,1
9745,1.0,2,0,1
9746,0.2,2,1,0
9747,1.0,1,0,1
9748,0.2,3,1,0
9749,0.2,0,1,0
9750,1.0,1,0,1
9751,1.0,2,1,1
9752,0.2,2,1,1
9753,0.2,2,1,0
9754,0.2,1,1,1
9755,0.2,2,0,1
9756,0.2,2,1,0
9757,0.2,1,1,0
9758,0.2,2,1,0
9759,0.2,3,1,0
9760,0.2,3,1,0
9761,0.2,2,0,0
9762,1.0,2,1,1
9763,0.2,1,1,0
9764,0.2,2,1,1
9765,0.2,2,1,0
9766,0.2,2,1,0
9767,1.0,3,1,0
9768,0.2,0,0,0
9769,1.0,0,1,1
9770,0.2,1,1,1
9771,0.2,0,1,1
9772,1.0,2,1,1
9773,0.2,1,1,0
9774,1.0,2,1,0
9775,0.2,1,1,1
9776,0.2,2,1,0
9777,1.0,1,1,1
9778,0.2,2,1,1
9779,0.2,3,1,0
9780,0.2,0,1,1
9781,0.2,1,1,0
9782,1.0,2,1,1
9783,0.2,2,1,1
9784,1.0,0,0,1
9785,0.2,2,1,0
9786,0.2,3,1,0
9787,2.2,1,1,1
9788,0.2,2,1,1
9789,0.2,2,1,0
9790,0.2,3,1,0
9791,0.2,1,0,0
9792,0.2,0,0,1
9793,0.2,0,1,0
9794,0.2,2,0,0
9795,0.2,1,1,0
9796,0.2,2,1,1
9797,0.2,2,1,1
9798,0.2,2,1,0
9799,0.2,1,0,0
9800,0.2,2,1,1
9801,0.2,1,1,0
9802,0.2,2,1,0
9803,0.2,2,1,0
9804,0.2,2,1,0
9805,0.2,2,1,0
9806,0.2,3,1,0
9807,1.0,1,1,1
9808,1.0,3,1,1
9809,0.2,2,1,0
9810,0.2,1,0,1
9811,0.2,1,1,0
9812,0.2,2,0,0
9813,1.0,1,1,1
9814,0.2,3,1,0
9815,0.2,2,1,0
9816,1.0,1,1,1
9817,1.0,1,1,1
9818,0.2,2,0,1
9819,0.2,0,1,0
9820,0.2,1,1,1
9821,0.2,1,1,0
9822,0.2,2,1,1
9823,0.2,1,1,0
9824,0.2,2,1,1
9825,1.0,2,1,1
9826,0.2,2,1,0
9827,0.2,1,0,0
9828,0.2,2,1,0
9829,0.2,2,1,0
9830,1.0,3,1,1
9831,0.2,3,1,0
9832,2.2,1,0,1
9833,0.2,2,0,0
9834,0.2,1,1,0
9835,0.2,2,1,0
9836,1.0,1,1,1
9837,0.2,2,1,1
9838,0.2,0,0,0
9839,0.2,1,0,0
9840,0.2,1,1,1
9841,0.2,2,1,0
9842,0.2,2,1,0
9843,0.2,1,1,0
9844,0.2,3,1,1
9845,0.2,2,1,0
9846,0.2,2,1,0
9847,0.2,1,1,0
9848,1.0,1,1,0
9849,0.2,2,1,0
9850,0.2,2,0,0
9851,0.2,3,1,1
9852,0.2,3,1,0
9853,1.0,3,1,0
9854,0.2,2,1,1
9855,0.2,2,1,1
9856,0.2,2,1,0
9857,0.2,2,1,0
9858,0.2,0,1,1
9859,0.2,3,1,0
9860,0.2,1,1,0
9861,0.2,2,0,1
9862,0.2,2,0,0
9863,0.2,1,1,1
9864,0.2,3,1,0
9865,0.2,1,1,1
9866,3.8,1,1,0
9867,1.0,2,1,1
9868,0.2,1,1,0
9869,0.2,1,1,0
9870,1.0,1,1,1
9871,0.2,3,1,0
9872,0.2,2,0,1
9873,0.2,0,1,0
9874,0.2,2,0,1
9875,1.0,1,1,1
9876,0.2,1,1,1
9877,1.0,3,1,1
9878,1.0,1,1,0
9879,0.2,1,1,0
9880,1.0,2,1,0
9881,0.2,0,1,1
9882,0.2,2,1,1
9883,0.2,3,0,0
9884,0.2,2,1,0
9885,1.0,1,0,0
9886,0.2,2,1,0
9887,0.2,2,1,0
9888,0.2,2,1,0
9889,1.0,1,1,1
9890,0.2,0,1,0
9891,1.0,1,0,1
9892,0.2,0,1,0
9893,0.2,1,0,1
9894,0.2,1,0,0
9895,0.2,1,1,0
9896,0.2,1,1,0
9897,1.0,2,1,1
9898,0.2,3,1,0
9899,1.0,1,1,1
9900,0.2,3,0,0
9901,0.2,1,1,0
9902,1.0,1,1,1
9903,0.2,2,1,0
9904,1.0,0,1,1
9905,0.2,3,1,0
9906,0.2,0,1,1
9907,0.2,1,1,0
9908,1.0,2,1,1
9909,0.2,1,1,0
9910,0.2,2,1,0
9911,1.0,2,1,0
9912,1.0,2,1,1
9913,2.2,0,0,1
9914,1.0,1,1,1
9915,0.2,3,1,0
9916,0.2,1,1,0
9917,0.2,1,1,0
9918,0.2,1,1,1
9919,0.2,2,1,1
9920,2.2,1,1,1
9921,1.0,1,1,1
9922,0.2,2,1,1
9923,2.2,1,1,1
9924,0.2,2,1,0
9925,0.2,2,1,1
9926,0.2,1,1,1
9927,0.2,3,1,0
9928,1.0,1,1,1
9929,0.2,2,1,0
9930,0.2,3,0,0
9931,1.0,1,0,0
9932,0.2,1,1,1
9933,1.0,1,1,1
9934,0.2,1,1,0
9935,0.2,1,1,0
9936,0.2,0,0,1
9937,0.2,1,1,1
9938,2.2,2,1,1
9939,0.2,3,1,1
9940,0.2,0,1,1
9941,1.0,1,1,1
9942,0.2,1,0,1
9943,0.2,1,1,0
9944,0.2,2,0,1
9945,0.2,1,1,1
9946,0.2,2,1,1
9947,0.2,1,1,0
9948,1.0,0,1,1
9949,1.0,2,1,1
9950,0.2,3,1,1
9951,0.2,2,0,0
9952,0.2,1,1,0
9953,0.2,1,1,0
9954,2.2,2,1,1
9955,0.2,1,1,1
9956,0.2,2,1,1
9957,0.2,2,1,0
9958,1.0,1,1,1
9959,0.2,2,1,0
9960,0.2,2,1,0
9961,0.2,2,0,0
9962,0.2,1,1,1
9963,0.2,1,0,0
9964,0.2,2,1,0
9965,0.2,1,1,1
9966,2.2,0,1,1
9967,0.2,2,1,0
9968,1.0,3,1,0
9969,0.2,0,0,0
9970,0.2,2,1,0
9971,0.2,0,0,0
9972,0.2,1,0,0
9973,0.2,2,1,0
9974,0.2,2,1,1
9975,0.2,1,1,0
9976,0.2,2,1,0
9977,0.2,3,1,0
9978,0.2,1,1,0
9979,0.2,1,1,0
9980,1.0,2,1,0
9981,0.2,2,1,1
9982,0.2,0,1,0
9983,0.2,2,1,1
9984,0.2,1,1,1
9985,0.2,1,1,1
9986,0.2,0,1,0
9987,0.2,1,1,0
9988,0.2,3,1,1
9989,2.2,2,1,1
9990,1.0,2,1,1
9991,0.2,2,1,0
9992,0.2,2,0,0
9993,0.2,1,1,1
9994,0.2,1,1,0
9995,1.0,2,1,1
9996,0.2,0,1,1
9997,0.2,3,1,0
9998,1.0,0,0,1
9999,1.0,2,1,1
10000,0.2,1,1,1
10001,0.2,2,1,0
10002,0.2,0,1,1
10003,1.0,2,1,0
10004,0.2,3,1,0
10005,0.2,2,1,0
10006,0.2,3,1,0
10007,0.2,1,0,1
10008,0.2,1,0,1
10009,0.2,1,1,1
10010,0.2,1,1,0
10011,1.0,2,1,1
10012,1.0,0,1,1
10013,0.2,2,1,0
10014,0.2,1,1,0
10015,0.2,0,1,0
10016,0.2,1,1,0
10017,1.0,1,1,1
10018,0.2,2,1,0
10019,0.2,1,1,0
10020,0.2,2,1,1
10021,0.2,2,1,0
10022,1.0,2,1,1
10023,0.2,2,0,0
10024,0.2,2,1,0
10025,0.2,1,0,0
10026,0.2,3,1,0
10027,0.2,3,0,0
10028,0.2,3,0,0
10029,0.2,1,1,0
10030,0.2,3,0,1
10031,0.2,1,0,1
10032,0.2,1,1,0
10033,1.0,3,1,0
10034,1.0,1,1,1
10035,0.2,2,1,0
10036,0.2,3,1,0
10037,0.2,1,1,0
10038,0.2,0,1,1
10039,0.2,1,0,1
10040,0.2,3,1,0
10041,0.2,2,1,0
10042,0.2,3,1,0
10043,0.2,1,0,1
10044,0.2,2,1,1
10045,0.2,1,1,0
10046,1.0,1,1,0
10047,0.2,2,1,1
10048,0.2,0,1,0
10049,1.0,0,1,0
10050,0.2,2,1,0
10051,0.2,1,1,1
10052,0.2,2,1,0
10053,0.2,2,0,1
10054,0.2,1,1,0
10055,0.2,0,1,1
10056,0.2,2,1,1
10057,0.2,2,1,0
10058,0.2,2,1,1
10059,0.2,2,1,1
10060,0.2,2,1,0
10061,0.2,2,1,0
10062,0.2,3,1,0
10063,0.2,2,1,1
10064,2.2,2,1,1
10065,1.0,2,1,0
10066,0.2,1,1,0
10067,0.2,3,0,0
10068,0.2,2,1,0
10069,0.2,0,1,1
10070,0.2,2,0,0
10071,0.2,2,0,0
10072,0.2,3,1,1
10073,0.2,0,1,0
10074,1.0,2,1,0
10075,0.2,2,0,0
10076,1.0,1,1,1
10077,0.2,1,1,1
10078,1.0,3,1,1
10079,0.2,3,1,0
10080,1.0,1,1,0
10081,0.2,3,0,1
10082,0.2,1,1,0
10083,0.2,2,0,0
10084,0.2,3,0,0
10085,0.2,1,1,0
10086,1.0,3,1,0
10087,0.2,2,1,1
10088,1.0,1,1,1
10089,0.2,2,1,0
10090,0.2,3,1,0
10091,1.0,2,1,0
10092,0.2,3,1,0
10093,0.2,1,1,1
10094,0.2,1,1,0
10095,0.2,1,1,0
10096,0.2,1,1,1
10097,0.2,2,1,1
10098,1.0,3,0,0
10099,1.0,3,1,1
10100,0.2,1,0,0
10101,2.2,1,1,1
10102,1.0,1,1,1
10103,0.2,2,0,0
10104,0.2,0,0,0
10105,1.0,2,1,1
10106,0.2,2,1,0
10107,0.2,2,1,1
10108,0.2,2,1,0
10109,0.2,2,1,0
10110,0.2,2,1,0
10111,1.0,0,0,0
10112,0.2,3,0,1
10113,1.0,0,1,1
10114,0.2,2,1,0
10115,1.0,1,0,1
10116,0.2,2,1,1
10117,0.2,2,1,1
10118,0.2,2,1,0
10119,0.2,1,1,0
10120,0.2,3,0,1
10121,0.2,3,1,0
10122,0.2,2,0,0
10123,0.2,2,1,1
10124,0.2,2,0,0
10125,0.2,2,0,1
10126,0.2,3,1,1
10127,1.0,3,1,1
10128,1.0,1,1,1
10129,0.2,1,1,1
10130,0.2,1,1,0
10131,1.0,0,1,1
10132,1.0,2,1,1
10133,0.2,2,1,1
10134,1.0,2,1,1
10135,0.2,2,1,0
10136,0.2,1,1,0
10137,0.2,1,1,1
10138,0.2,1,1,0
10139,0.2,0,1,1
10140,1.0,3,1,0
10141,0.2,3,0,0
10142,0.2,1,0,1
10143,0.2,1,1,0
10144,1.0,1,1,0
10145,0.2,0,1,0
10146,0.2,2,1,0
10147,0.2,1,1,1
10148,0.2,2,1,1
10149,0.2,2,1,0
10150,0.2,2,0,0
10151,0.2,3,1,0
10152,1.0,1,1,1
10153,1.0,2,1,1
10154,0.2,1,1,1
10155,0.2,1,0,1
10156,0.2,2,1,1
10157,0.2,1,1,0
10158,1.0,1,1,1
10159,0.2,2,1,0
10160,1.0,2,1,1
10161,0.2,1,1,1
10162,0.2,2,0,0
10163,1.0,2,1,1
10164,1.0,1,1,0
10165,1.0,1,1,1
10166,0.2,2,0,0
10167,0.2,2,1,0
10168,0.2,2,1,1
10169,0.2,2,0,0
10170,0.2,2,1,1
10171,0.2,2,0,0
10172,0.2,3,1,0
10173,0.2,2,1,1
10174,0.2,2,1,0
10175,0.2,1,1,1
10176,0.2,2,1,0
10177,0.2,2,1,1
10178,0.2,3,0,0
10179,2.2,2,1,1
10180,0.2,1,1,1
10181,0.2,3,1,0
10182,0.2,3,1,0
10183,1.0,0,1,1
10184,0.2,1,0,1
10185,0.2,1,1,0
10186,1.0,0,1,1
10187,0.2,1,1,0
10188,0.2,1,1,0
10189,0.2,2,0,0
10190,0.2,3,1,0
10191,0.2,3,1,0
10192,0.2,1,1,1
10193,0.2,2,1,1
10194,1.0,2,0,0
10195,0.2,1,1,0
10196,0.2,0,1,1
10197,0.2,1,0,0
10198,0.2,0,1,0
10199,0.2,1,1,1
10200,1.0,1,0,1
10201,1.0,1,0,1
10202,0.2,1,1,0
10203,1.0,2,1,1
10204,1.0,2,1,1
10205,1.0,1,1,1
10206,0.2,2,1,1
10207,0.2,3,0,0
10208,0.2,2,1,1
10209,0.2,1,1,0
10210,2.2,2,1,1
10211,0.2,1,1,0
10212,0.2,1,1,1
10213,0.2,1,1,0
10214,0.2,2,1,0
10215,0.2,1,1,0
10216,0.2,1,1,1
10217,0.2,2,1,0
10218,0.2,3,1,1
10219,0.2,2,1,1
10220,0.2,3,1,1
10221,0.2,0,1,1
10222,0.2,1,1,0
10223,0.2,1,0,0
10224,0.2,2,1,0
10225,0.2,1,1,0
10226,0.2,2,1,0
10227,0.2,0,0,0
10228,0.2,2,1,0
10229,0.2,2,0,0
10230,0.2,2,1,0
10231,0.2,1,1,0
10232,0.2,2,1,0
10233,0.2,1,1,0
10234,1.0,2,1,0
10235,0.2,2,1,0
10236,1.0,0,0,1
10237,0.2,1,1,0
10238,0.2,2,1,0
10239,0.2,3,1,1
10240,0.2,1,0,0
10241,0.2,2,0,1
10242,1.0,1,1,1
10243,1.0,0,1,1
10244,0.2,1,1,0
10245,0.2,1,1,0
10246,0.2,3,1,1
10247,2.2,2,1,1
10248,1.0,0,1,1
10249,0.2,1,1,1
10250,1.0,2,1,1
10251,0.2,3,1,0
10252,0.2,1,1,1
10253,0.2,3,1,0
10254,0.2,2,1,1
10255,0.2,3,1,1
10256,0.2,3,0,0
10257,0.2,1,1,1
10258,1.0,2,1,1
10259,0.2,2,1,0
10260,0.2,1,1,0
10261,0.2,2,1,1
10262,0.2,1,1,1
10263,0.2,1,1,0
10264,0.2,1,1,0
10265,1.0,0,0,1
10266,0.2,3,1,0
10267,0.2,1,1,1
10268,1.0,1,0,1
10269,1.0,1,0,1
10270,0.2,2,1,1
10271,0.2,1,1,1
10272,0.2,1,0,1
10273,0.2,2,1,0
10274,0.2,2,1,0
10275,0.2,0,0,0
10276,0.2,3,1,1
10277,0.2,2,1,1
10278,0.2,1,0,1
10279,1.0,1,1,1
10280,0.2,1,1,1
10281,0.2,2,1,0
10282,0.2,1,0,0
10283,0.2,2,1,1
10284,0.2,1,1,0
10285,0.2,0,1,0
10286,0.2,2,1,1
10287,0.2,3,1,0
10288,0.2,0,1,0
10289,1.0,2,1,1
10290,0.2,1,1,0
10291,0.2,2,1,0
10292,0.2,1,1,1
10293,1.0,2,1,1
10294,0.2,2,0,1
10295,0.2,2,1,1
10296,0.2,1,1,1
10297,0.2,2,1,0
10298,1.0,1,1,0
10299,0.2,3,1,1
10300,0.2,1,1,1
10301,0.2,2,0,0
10302,0.2,2,1,1
10303,2.2,1,1,1
10304,0.2,3,1,0
10305,0.2,1,1,0
10306,0.2,1,1,0
10307,1.0,1,1,1
10308,0.2,0,1,0
10309,0.2,2,0,1
10310,0.2,1,1,0
10311,0.2,3,1,1
10312,0.2,0,1,0
10313,0.2,2,1,1
10314,0.2,1,1,1
10315,1.0,3,1,1
10316,1.0,2,1,1
10317,0.2,3,1,0
10318,1.0,0,1,1
10319,0.2,1,1,1
10320,0.2,2,1,0
10321,1.0,2,1,1
10322,0.2,0,0,0
10323,0.2,3,1,1
10324,0.2,2,1,0
10325,0.2,1,1,0
10326,1.0,1,1,1
10327,0.2,1,1,0
10328,0.2,2,1,0
10329,0.2,2,0,0
10330,0.2,0,1,0
10331,1.0,1,1,1
10332,0.2,1,0,0
10333,0.2,1,1,0
10334,0.2,1,1,0
10335,0.2,2,1,1
10336,0.2,2,0,0
10337,0.2,3,1,0
10338,0.2,1,1,0
10339,0.2,1,1,1
10340,0.2,3,1,1
10341,0.2,3,0,0
10342,0.2,2,1,1
10343,0.2,2,1,0
10344,0.2,1,1,0
10345,1.0,1,1,1
10346,0.2,1,1,1
10347,1.0,2,1,1
10348,0.2,1,1,1
10349,0.2,2,1,1
10350,1.0,2,1,1
10351,0.2,2,1,0
10352,0.2,1,1,1
10353,0.2,1,1,0
10354,0.2,2,1,0
10355,1.0,0,1,1
10356,0.2,1,1,1
10357,0.2,3,1,1
10358,0.2,2,0,0
10359,2.2,1,1,1
10360,0.2,2,1,0
10361,0.2,1,0,0
10362,0.2,0,1,0
10363,1.0,0,1,1
10364,0.2,1,1,0
10365,1.0,3,1,0
10366,0.2,2,1,0
10367,0.2,2,1,0
10368,0.2,3,1,1
10369,1.0,2,1,1
10370,1.0,1,1,1
10371,0.2,2,1,1
10372,0.2,1,1,1
10373,0.2,2,1,1
10374,0.2,3,1,0
10375,1.0,1,1,1
10376,0.2,2,1,0
10377,0.2,2,1,0
10378,0.2,1,1,1
10379,0.2,2,1,0
10380,0.2,2,1,1
10381,1.0,2,0,0
10382,0.2,1,1,0
10383,0.2,0,0,1
10384,0.2,2,0,1
10385,0.2,1,1,1
10386,0.2,1,1,1
10387,1.0,0,1,1
10388,1.0,2,0,1
10389,0.2,1,1,1
10390,1.0,0,1,1
10391,0.2,2,0,0
10392,0.2,1,1,1
10393,1.0,3,1,0
10394,0.2,0,1,1
10395,0.2,2,1,1
10396,0.2,2,1,0
10397,1.0,1,0,1
10398,1.0,2,0,1
10399,0.2,2,1,0
10400,1.0,1,1,1
10401,0.2,2,1,0
10402,0.2,1,1,1
10403,0.2,2,1,0
10404,1.0,0,0,1
10405,1.0,1,1,1
10406,1.0,1,0,1
10407,0.2,2,1,0
10408,0.2,3,1,0
10409,0.2,2,1,1
10410,0.2,3,1,1
10411,0.2,1,1,1
10412,0.2,1,1,0
10413,0.2,0,1,0
10414,0.2,3,0,0
10415,2.2,3,1,1
10416,0.2,3,1,0
10417,0.2,2,0,0
10418,2.2,1,1,1
10419,0.2,1,1,0
10420,0.2,2,1,0
10421,0.2,2,1,0
10422,1.0,2,1,0
10423,0.2,1,1,1
10424,0.2,1,1,1
10425,0.2,2,1,0
10426,0.2,2,1,0
10427,0.2,1,1,1
10428,0.2,1,1,0
10429,0.2,2,1,0
10430,0.2,2,1,0
10431,1.0,2,1,1
10432,0.2,1,1,0
10433,0.2,2,0,1
10434,0.2,3,1,0
10435,2.2,1,0,1
10436,0.2,1,0,1
10437,1.0,3,1,1
10438,0.2,1,1,0
10439,0.2,1,1,0
10440,0.2,3,1,0
10441,0.2,2,1,0
10442,0.2,2,1,0
10443,0.2,1,1,1
10444,0.2,3,1,1
10445,0.2,1,1,1
10446,0.2,3,1,1
10447,0.2,2,1,1
10448,0.2,1,1,1
10449,2.2,1,1,1
10450,1.0,1,1,1
10451,0.2,1,1,1
10452,0.2,2,1,1
10453,0.2,2,1,0
10454,1.0,1,1,1
10455,0.2,2,0,1
10456,0.2,1,1,1
10457,0.2,2,1,0
10458,0.2,2,0,0
10459,0.2,2,1,0
10460,1.0,1,1,1
10461,0.2,2,1,0
10462,1.0,1,1,1
10463,0.2,0,1,0
10464,0.2,3,1,0
10465,0.2,3,1,0
10466,0.2,2,1,0
10467,0.2,2,1,0
10468,2.2,0,1,1
10469,0.2,3,0,0
10470,0.2,2,1,0
10471,0.2,1,1,1
10472,1.0,0,1,0
10473,1.0,1,1,1
10474,1.0,1,1,1
10475,2.2,1,0,1
10476,0.2,3,0,0
10477,0.2,1,1,1
10478,0.2,2,0,0
10479,0.2,2,1,1
10480,1.0,2,1,1
10481,0.2,3,1,0
10482,0.2,0,1,0
10483,0.2,0,1,0
10484,0.2,1,0,1
10485,0.2,0,0,1
10486,0.2,2,1,0
10487,0.2,1,0,0
10488,0.2,1,1,1
10489,1.0,1,1,1
10490,0.2,1,0,1
10491,0.2,1,1,0
10492,0.2,1,1,0
10493,0.2,0,0,0
10494,0.2,1,1,0
10495,0.2,1,1,0
10496,2.2,1,0,1
10497,0.2,2,1,0
10498,0.2,1,1,1
10499,0.2,0,1,0
10500,0.2,1,1,1
10501,0.2,2,1,0
10502,0.2,1,0,0
10503,1.0,1,1,0
10504,0.2,1,1,0
10505,1.0,2,1,1
10506,0.2,2,1,0
10507,0.2,0,1,0
10508,0.2,1,1,1
10509,0.2,2,1,0
10510,0.2,2,1,0
10511,1.0,3,0,1
10512,0.2,1,1,0
10513,0.2,2,1,1
10514,0.2,1,1,0
10515,0.2,2,1,0
10516,0.2,1,1,0
10517,1.0,2,1,1
10518,0.2,1,0,1
10519,0.2,2,0,1
10520,0.2,1,1,0
10521,1.0,2,1,1
10522,1.0,1,1,0
10523,0.2,2,1,1
10524,0.2,3,1,1
10525,0.2,3,1,1
10526,2.2,1,0,1
10527,0.2,1,0,1
10528,0.2,2,1,0
10529,0.2,1,0,1
10530,0.2,0,1,1
10531,0.2,2,1,0
10532,0.2,1,1,0
10533,0.2,3,1,0
10534,0.2,1,1,1
10535,0.2,1,1,1
10536,1.0,2,0,1
10537,0.2,1,1,0
10538,0.2,2,0,0
10539,0.2,0,1,1
10540,0.2,1,1,0
10541,0.2,1,1,0
10542,2.2,1,1,1
10543,0.2,1,1,1
10544,0.2,1,1,1
10545,1.0,3,1,1
10546,0.2,1,1,1
10547,0.2,1,1,1
10548,0.2,3,1,0
10549,1.0,0,1,1
10550,1.0,1,1,1
10551,1.0,1,0,1
10552,2.2,2,1,1
10553,0.2,2,1,1
10554,0.2,2,1,1
10555,0.2,3,0,0
10556,0.2,1,1,1
10557,0.2,0,1,1
10558,0.2,3,1,0
10559,1.0,0,1,1
10560,1.0,2,1,1
10561,0.2,2,1,0
10562,0.2,1,1,0
10563,0.2,1,1,0
10564,0.2,2,1,0
10565,0.2,2,0,0
10566,0.2,2,1,0
10567,0.2,1,1,1
10568,0.2,0,1,0
10569,1.0,1,1,1
10570,1.0,2,1,0
10571,0.2,2,1,1
10572,0.2,0,1,0
10573,1.0,1,1,1
10574,0.2,3,0,0
10575,0.2,1,0,0
10576,0.2,2,1,0
10577,0.2,1,1,0
10578,0.2,1,1,1
10579,1.0,2,1,1
10580,1.0,2,1,1
10581,0.2,3,1,0
10582,0.2,3,1,0
10583,0.2,2,1,1
10584,0.2,1,1,0
10585,0.2,2,1,0
10586,2.2,2,1,1
10587,0.2,3,1,0
10588,0.2,2,1,0
10589,1.0,1,1,1
10590,0.2,1,1,1
10591,1.0,0,1,1
10592,2.2,2,1,1
10593,1.0,1,0,0
10594,0.2,2,1,0
10595,0.2,1,0,0
10596,0.2,2,1,0
10597,0.2,1,1,0
10598,0.2,1,0,1
10599,0.2,0,1,0
10600,0.2,1,1,1
10601,0.2,1,1,1
10602,0.2,0,1,1
10603,1.0,2,1,1
10604,1.0,1,1,0
10605,1.0,3,1,1
10606,0.2,2,1,0
10607,0.2,2,1,1
10608,0.2,1,0,0
10609,0.2,1,0,1
10610,0.2,1,1,0
10611,0.2,2,1,0
10612,1.0,0,1,1
10613,0.2,1,0,1
10614,0.2,2,1,0
10615,0.2,2,0,1
10616,0.2,2,1,1
10617,0.2,2,1,0
10618,0.2,2,1,0
10619,0.2,2,0,0
10620,2.2,1,1,1
10621,0.2,2,1,0
10622,0.2,1,1,1
10623,0.2,2,1,0
10624,1.0,0,0,1
10625,0.2,0,1,1
10626,0.2,1,1,0
10627,1.0,1,1,1
10628,1.0,2,1,1
10629,0.2,1,1,0
10630,0.2,1,1,0
10631,0.2,1,1,0
10632,0.2,1,1,0
10633,0.2,3,1,1
10634,0.2,1,1,0
10635,1.0,1,1,1
10636,0.2,1,1,0
10637,0.2,0,0,1
10638,0.2,0,0,0
10639,0.2,1,0,0
10640,1.0,0,1,1
10641,0.2,2,1,0
10642,1.0,2,1,0
10643,0.2,1,1,0
10644,0.2,1,1,0
10645,0.2,0,1,1
10646,0.2,2,1,1
10647,1.0,2,1,1
10648,0.2,2,1,0
10649,0.2,1,1,1
10650,0.2,1,1,1
10651,1.0,1,1,1
10652,1.0,0,1,1
10653,0.2,2,1,0
10654,1.0,2,1,1
10655,0.2,1,1,0
10656,0.2,1,1,1
10657,1.0,0,1,1
10658,0.2,1,1,1
10659,0.2,1,1,0
10660,0.2,0,0,1
10661,0.2,2,1,0
10662,0.2,1,0,0
10663,1.0,2,1,1
10664,0.2,1,1,0
10665,1.0,2,0,1
10666,0.2,1,1,1
10667,0.2,3,1,1
10668,1.0,0,1,1
10669,0.2,2,1,0
10670,0.2,3,0,1
10671,2.2,1,0,1
10672,1.0,0,1,1
10673,1.0,1,1,0
10674,0.2,1,0,0
10675,1.0,2,0,1
10676,1.0,2,1,1
10677,0.2,3,1,0
10678,0.2,3,0,1
10679,0.2,3,1,0
10680,1.0,1,1,1
10681,0.2,3,0,0
10682,2.2,0,1,1
10683,0.2,1,1,0
10684,0.2,2,1,0
10685,1.0,2,0,1
10686,0.2,3,1,0
10687,1.0,1,0,0
10688,0.2,0,1,0
10689,1.0,1,1,1
10690,1.0,2,1,1
10691,0.2,1,1,0
10692,0.2,2,1,0
10693,2.2,2,1,1
10694,0.2,2,1,1
10695,0.2,3,1,0
10696,0.2,2,1,0
10697,0.2,2,1,1
10698,0.2,1,1,0
10699,0.2,1,1,1
10700,1.0,0,1,1
10701,0.2,1,1,1
10702,0.2,1,1,0
10703,1.0,2,0,1
10704,0.2,0,0,0
10705,0.2,0,1,0
10706,0.2,2,1,0
10707,0.2,3,1,1
10708,0.2,1,1,1
10709,0.2,3,1,0
10710,1.0,2,1,0
10711,0.2,2,1,0
10712,1.0,0,1,1
10713,1.0,3,1,1
10714,0.2,1,1,1
10715,0.2,2,1,1
10716,0.2,2,1,0
10717,0.2,2,1,0
10718,0.2,2,1,0
10719,1.0,1,1,1
10720,1.0,2,1,1
10721,1.0,3,1,1
10722,0.2,2,1,1
10723,0.2,2,1,0
10724,0.2,2,0,0
10725,2.2,0,1,1
10726,0.2,1,0,0
10727,1.0,2,1,0
10728,0.2,3,1,0
10729,0.2,1,0,1
10730,0.2,1,1,1
10731,0.2,1,1,1
10732,1.0,1,1,1
10733,0.2,2,1,0
10734,1.0,1,1,1
10735,0.2,1,1,1
10736,0.2,1,1,0
10737,0.2,3,1,0
10738,0.2,3,1,0
10739,0.2,1,0,1
10740,0.2,3,1,1
10741,1.0,0,1,1
10742,1.0,1,1,1
10743,0.2,2,1,0
10744,0.2,2,1,0
10745,0.2,1,1,1
10746,1.0,2,1,0
10747,0.2,1,1,0
10748,0.2,2,1,0
10749,0.2,2,1,0
10750,0.2,0,0,1
10751,0.2,2,1,1
10752,1.0,0,1,1
10753,0.2,1,1,1
10754,1.0,3,1,1
10755,0.2,0,0,0
10756,0.2,3,0,0
10757,0.2,1,0,1
10758,0.2,2,1,0
10759,0.2,1,1,1
10760,0.2,2,1,1
10761,1.0,2,1,1
10762,1.0,1,1,0
10763,0.2,2,1,0
10764,1.0,1,0,1
10765,1.0,1,0,1
10766,1.0,1,0,0
10767,0.2,1,1,0
10768,2.2,2,1,1
10769,0.2,1,1,0
10770,0.2,1,0,0
10771,0.2,0,0,0
10772,0.2,3,1,0
10773,0.2,1,1,0
10774,0.2,1,1,0
10775,0.2,2,0,0
10776,0.2,1,1,0
10777,1.0,1,1,0
10778,0.2,2,1,1
10779,1.0,1,1,1
10780,0.2,3,1,0
10781,0.2,0,1,1
